   8.608035e-01   0.000000e+00   3.666789e-05   2.904315e-06   2.451754e-05   0.000000e+00   2.500525e-05   9.026613e-07   0.000000e+00   4.623565e-05   1.007875e-05
   0.000000e+00   4.451805e-07   0.000000e+00   5.076556e-06   1.299352e-06   1.431830e-11   1.773237e-06   0.000000e+00   0.000000e+00   0.000000e+00   0.000000e+00
   2.525107e-01   0.000000e+00   2.254199e-05   6.726770e-06   3.276362e-06   0.000000e+00   3.600031e-06   0.000000e+00   0.000000e+00   3.063320e-06   0.000000e+00
   6.317543e-01   0.000000e+00   0.000000e+00   9.500987e-06   2.335406e-05   1.701628e-05   3.220226e-06   8.299685e-06   9.111460e-06   6.487140e-05   0.000000e+00
   7.867826e-01   0.000000e+00   6.829893e-06   4.592576e-04   1.055523e-06   7.540311e-06   6.568012e-06   5.714585e-06   4.897130e-06   6.157940e-05   0.000000e+00
   7.842206e-02   0.000000e+00   1.433457e-07   0.000000e+00   2.362095e-05   2.778768e-06   1.502558e-06   9.915934e-06   1.040380e-04   2.861017e-05   7.173471e-07
   6.671367e-02   1.341091e-05   4.893859e-05   5.859415e-06   0.000000e+00   4.776503e-10   3.470770e-04   0.000000e+00   5.862759e-04   0.000000e+00   4.515114e-04
   7.431622e-01   0.000000e+00   9.540262e-06   6.412016e-05   2.873632e-05   0.000000e+00   0.000000e+00   0.000000e+00   0.000000e+00   1.219468e-04   5.304368e-06
   7.161447e-01   1.421537e-06   8.736394e-05   5.759773e-06   2.887947e-05   9.448507e-05   1.661112e-06   5.929441e-06   2.245171e-05   0.000000e+00   1.389583e-05
   7.338140e-01   7.701288e-05   4.069288e-05   5.381532e-04   2.094529e-05   1.033871e-04   1.730620e-05   8.713025e-05   0.000000e+00   3.124035e-04   2.011870e-05
   7.935541e-01   0.000000e+00   4.194055e-05   0.000000e+00   4.791779e-05   0.000000e+00   7.212209e-07   4.026848e-08   3.973536e-05   5.625110e-05   3.144649e-07
   7.498963e-01   0.000000e+00   0.000000e+00   2.621222e-05   3.871449e-05   1.551063e-05   6.643354e-06   0.000000e+00   1.461878e-04   2.495906e-05   0.000000e+00
   7.285868e-01   7.960633e-08   3.232939e-05   4.421391e-06   2.709442e-05   1.623232e-03   2.017009e-05   1.830100e-07   2.333754e-06   3.430665e-05   0.000000e+00
   6.660253e-01   3.281715e-05   1.335388e-05   2.302047e-05   5.138033e-06   2.116977e-05   3.845335e-06   0.000000e+00   4.675895e-05   6.049197e-06   3.328397e-05
   6.528855e-01   5.152439e-06   7.662837e-06   6.958286e-07   0.000000e+00   1.333370e-04   2.397860e-06   2.429742e-07   0.000000e+00   1.179335e-04   0.000000e+00
   7.650492e-01   3.432043e-05   2.372295e-05   1.126228e-05   2.847653e-05   9.647947e-06   1.036793e-05   2.638747e-05   0.000000e+00   2.227033e-04   0.000000e+00
   4.413706e-02   2.675213e-05   3.009153e-05   2.665161e-07   5.353964e-05   5.257511e-04   1.050205e-05   3.115391e-05   5.374473e-06   6.678360e-04   0.000000e+00
   8.085782e-01   0.000000e+00   9.240732e-06   0.000000e+00   0.000000e+00   6.141920e-05   9.797286e-06   3.276734e-06   3.972311e-04   2.994371e-04   3.491346e-05
   1.716660e-02   5.097854e-05   2.076750e-04   4.640510e-06   3.232974e-05   1.449042e-05   0.000000e+00   0.000000e+00   1.213242e-04   8.008157e-05   8.878362e-07
   7.606228e-01   0.000000e+00   9.550425e-08   3.398373e-05   1.128730e-05   1.369850e-05   1.135313e-06   7.762747e-06   3.857983e-06   1.383889e-04   0.000000e+00
   6.559825e-01   2.727668e-08   0.000000e+00   3.404750e-05   1.782821e-05   1.351413e-04   1.563477e-05   0.000000e+00   0.000000e+00   5.287697e-05   3.883419e-05
   6.376205e-01   0.000000e+00   4.340394e-05   6.730487e-06   2.085765e-05   9.492719e-05   7.003752e-06   1.022299e-05   0.000000e+00   7.704972e-05   0.000000e+00
   1.546707e-01   1.375757e-05   9.157246e-05   1.825657e-07   3.967501e-07   2.466014e-06   1.068147e-05   3.755921e-06   5.950527e-05   0.000000e+00   3.947996e-05
   6.409532e-01   2.611517e-07   4.244751e-05   2.505154e-08   0.000000e+00   3.362338e-06   0.000000e+00   3.274940e-07   0.000000e+00   0.000000e+00   2.695978e-05
   1.203406e-01   3.975476e-05   1.467509e-05   9.388692e-06   1.177517e-06   1.022771e-05   2.816514e-06   1.853155e-05   0.000000e+00   1.740643e-04   2.330610e-04
   7.106354e-01   0.000000e+00   3.539610e-05   1.022703e-06   6.408022e-05   8.268671e-06   1.372876e-05   5.774154e-07   6.562972e-06   7.087681e-05   0.000000e+00
   1.915725e-01   3.559387e-05   6.394821e-05   1.238538e-05   1.066962e-05   2.794886e-05   5.752348e-06   1.164974e-05   1.736042e-04   0.000000e+00   2.834245e-07
   6.483736e-01   5.205077e-07   4.165512e-05   1.185563e-06   1.543904e-06   3.047482e-11   1.019901e-06   2.316235e-07   0.000000e+00   5.713542e-05   0.000000e+00
   6.970053e-01   2.486165e-06   4.329620e-05   1.122755e-05   0.000000e+00   0.000000e+00   2.069443e-07   0.000000e+00   1.550889e-06   0.000000e+00   8.908751e-05
   7.554589e-01   0.000000e+00   1.034170e-04   7.524241e-06   3.638777e-05   1.017964e-07   5.094576e-06   9.805943e-06   2.393478e-05   9.088631e-05   0.000000e+00
   1.112993e-01   5.629190e-07   4.817686e-05   8.122996e-06   6.460239e-04   0.000000e+00   1.859757e-05   4.796171e-07   2.728373e-07   4.064747e-04   0.000000e+00
   8.236720e-01   1.469324e-05   1.348742e-04   1.260259e-05   1.887544e-05   4.963851e-05   3.407239e-06   0.000000e+00   2.421938e-05   2.559207e-05   1.050172e-04
   6.897754e-01   0.000000e+00   2.170555e-05   6.709276e-06   6.370699e-05   9.655794e-06   2.339531e-05   9.533722e-07   0.000000e+00   2.085042e-04   8.343481e-05
   1.617737e-01   0.000000e+00   2.411627e-05   1.034952e-04   0.000000e+00   0.000000e+00   6.558800e-05   0.000000e+00   8.988688e-05   2.344603e-04   1.026735e-04
   7.211318e-01   0.000000e+00   0.000000e+00   8.876557e-05   2.294220e-05   2.451116e-03   3.144840e-06   2.855474e-05   1.421810e-05   8.402271e-05   4.814171e-06
   6.996186e-01   0.000000e+00   1.974485e-05   0.000000e+00   2.749627e-05   9.422502e-05   2.766120e-06   8.111165e-07   2.021158e-06   0.000000e+00   4.015813e-05
   5.911744e-02   0.000000e+00   4.716806e-05   3.357534e-06   1.958797e-05   5.411723e-05   2.331012e-06   0.000000e+00   8.637438e-05   1.517119e-05   5.049480e-05
   8.624626e-02   8.218428e-05   2.216493e-07   0.000000e+00   1.457742e-05   0.000000e+00   0.000000e+00   0.000000e+00   8.422031e-05   3.990255e-05   2.814611e-05
   6.344948e-01   0.000000e+00   0.000000e+00   6.414174e-05   5.314518e-06   2.370323e-03   0.000000e+00   4.432814e-05   5.161478e-05   6.074319e-05   3.500477e-06
   6.867255e-01   0.000000e+00   1.657360e-05   6.090705e-03   3.207623e-05   8.534042e-04   1.119180e-05   8.005761e-05   2.539303e-06   1.550437e-04   0.000000e+00
   7.511985e-01   0.000000e+00   7.463430e-05   2.571580e-05   1.115257e-04   4.468411e-07   7.333676e-06   1.224823e-06   5.375594e-05   1.658881e-05   9.427853e-05
   6.596646e-01   5.458903e-07   9.276530e-05   6.383154e-06   2.742119e-05   2.041407e-04   1.609181e-05   0.000000e+00   0.000000e+00   1.051953e-04   2.209055e-05
   1.993084e-01   0.000000e+00   1.727413e-06   2.543604e-05   1.040559e-05   3.354905e-07   5.570363e-06   7.101581e-06   3.915150e-06   0.000000e+00   1.959995e-05
   8.167581e-01   7.495102e-07   0.000000e+00   0.000000e+00   2.966630e-05   1.914077e-05   1.580890e-06   4.583621e-05   1.479379e-05   0.000000e+00   1.578276e-05
   6.708632e-01   8.943737e-04   1.386900e-05   0.000000e+00   2.120550e-05   0.000000e+00   0.000000e+00   1.722219e-06   1.823889e-04   2.614925e-04   3.407704e-05
   8.283581e-01   6.425773e-05   4.029482e-06   3.165855e-06   5.735800e-05   1.791414e-04   0.000000e+00   6.064120e-08   8.997102e-06   1.475880e-03   8.991390e-07
   8.144564e-01   0.000000e+00   4.746713e-05   5.676877e-07   0.000000e+00   0.000000e+00   2.973660e-05   2.844599e-07   1.033416e-05   6.190693e-04   5.079695e-07
   7.022502e-01   0.000000e+00   4.053667e-05   0.000000e+00   5.660481e-05   8.013470e-07   0.000000e+00   1.548040e-06   4.878830e-06   7.814288e-05   1.628612e-06
   8.029711e-01   7.356088e-05   2.121969e-04   1.265646e-04   3.963064e-05   2.413213e-05   0.000000e+00   5.766549e-06   7.647237e-05   1.309834e-04   6.548493e-05
   3.505615e-02   1.900760e-04   4.340903e-05   0.000000e+00   3.811463e-06   2.387911e-06   1.407371e-05   1.092910e-05   5.464601e-05   9.711845e-05   0.000000e+00
   7.573991e-01   0.000000e+00   4.604765e-05   2.029927e-05   1.186910e-04   8.718183e-05   1.333579e-05   8.437535e-06   8.932651e-06   0.000000e+00   1.330511e-04
   2.957098e-02   0.000000e+00   7.623201e-06   8.587280e-05   4.926989e-06   1.974113e-05   4.710620e-05   0.000000e+00   3.390512e-05   1.953937e-04   1.289577e-04
   1.052430e-02   1.135758e-05   2.962667e-05   3.002997e-06   0.000000e+00   0.000000e+00   1.986266e-06   1.190663e-05   9.671322e-05   3.659117e-04   9.868911e-05
   6.940384e-01   0.000000e+00   2.787849e-05   2.284192e-05   5.068878e-05   8.807878e-05   0.000000e+00   2.471768e-06   0.000000e+00   0.000000e+00   1.154366e-04
   7.044893e-01   0.000000e+00   1.277936e-04   3.873660e-05   4.340058e-05   4.512015e-04   0.000000e+00   3.499743e-05   1.383069e-04   6.514256e-05   0.000000e+00
   7.185382e-01   9.030595e-06   1.586916e-05   2.408122e-05   1.207410e-05   9.024941e-06   0.000000e+00   2.095036e-05   6.016415e-05   5.658556e-05   5.408525e-05
   8.342721e-01   0.000000e+00   9.880126e-05   0.000000e+00   4.061002e-05   3.004045e-05   2.579439e-06   2.033534e-09   3.320033e-05   5.668081e-05   2.831502e-07
   2.164003e-01   0.000000e+00   1.555322e-05   8.436195e-06   1.305528e-05   0.000000e+00   1.352450e-06   0.000000e+00   0.000000e+00   4.517847e-05   0.000000e+00
   7.779033e-01   0.000000e+00   0.000000e+00   1.927216e-05   7.280566e-05   1.081885e-03   1.069686e-05   0.000000e+00   4.381696e-05   3.122376e-04   1.162178e-04
   6.445952e-01   2.810702e-05   6.723018e-05   1.528887e-05   1.020142e-05   1.168630e-06   2.075754e-05   2.983670e-06   0.000000e+00   1.396808e-04   6.575436e-04
   7.820676e-01   4.953290e-07   2.710360e-05   7.130617e-05   5.815136e-05   2.590094e-03   6.080778e-06   1.256327e-06   6.715043e-05   5.683992e-05   6.091436e-07
   1.472522e-01   0.000000e+00   7.807505e-05   4.286298e-06   1.882056e-05   0.000000e+00   2.579978e-05   1.669198e-06   2.270009e-07   2.522694e-05   0.000000e+00
   9.761500e-02   3.982150e-05   1.503228e-04   4.947282e-06   1.396207e-05   1.487054e-06   9.965061e-06   4.890101e-06   0.000000e+00   6.938155e-05   0.000000e+00
   5.266726e-02   2.132809e-04   4.652430e-05   2.657315e-06   2.374560e-05   0.000000e+00   7.351599e-06   1.187939e-05   6.644788e-05   0.000000e+00   5.240385e-05
   7.398014e-01   3.766380e-08   1.431779e-05   1.272628e-04   1.300281e-05   1.131168e-05   0.000000e+00   0.000000e+00   0.000000e+00   6.319932e-05   1.691647e-05
   6.774705e-01   0.000000e+00   1.065069e-05   4.237386e-04   2.139944e-05   5.896746e-04   1.167085e-06   4.368616e-05   6.478407e-06   8.174117e-05   4.087945e-06
   1.256002e-01   1.906255e-05   8.460151e-05   3.005346e-03   7.086291e-04   3.398863e-08   3.416450e-05   0.000000e+00   6.738961e-08   4.014028e-05   0.000000e+00
   7.067298e-01   0.000000e+00   5.742403e-06   4.710474e-05   1.006491e-05   0.000000e+00   0.000000e+00   0.000000e+00   3.691813e-05   3.236612e-06   0.000000e+00
   6.752810e-01   1.094636e-05   0.000000e+00   6.371846e-05   8.759109e-06   1.717889e-03   0.000000e+00   2.628703e-05   1.394700e-04   4.919274e-05   1.835043e-04
   1.839004e-01   1.968608e-05   1.431250e-04   3.135926e-06   1.124475e-05   3.184244e-07   0.000000e+00   1.108367e-05   0.000000e+00   4.451243e-05   0.000000e+00
   7.239531e-01   1.707177e-06   5.748459e-05   4.050757e-05   5.421644e-06   0.000000e+00   3.750383e-07   0.000000e+00   5.527404e-06   1.177333e-04   2.592507e-04
   1.288931e-01   2.566265e-05   1.836142e-05   1.251575e-05   3.873052e-06   3.539769e-07   4.652483e-06   1.179940e-05   5.557362e-05   2.789357e-04   0.000000e+00
   7.264921e-01   0.000000e+00   2.391301e-05   3.796212e-05   2.089033e-05   1.927688e-03   0.000000e+00   1.394641e-05   1.566791e-04   5.967617e-05   9.466383e-05
   2.420635e-01   4.551093e-05   1.047687e-04   6.955450e-06   1.067574e-05   6.576473e-06   3.785196e-06   1.259712e-05   1.442509e-04   4.148176e-05   3.618219e-07
   1.458863e-01   1.671235e-03   5.083670e-05   1.792383e-04   3.449624e-05   9.710324e-07   7.905812e-05   0.000000e+00   1.154776e-05   3.736625e-05   2.721455e-05
   8.473372e-01   0.000000e+00   2.665224e-05   6.631620e-05   0.000000e+00   8.688771e-04   4.009869e-06   5.136938e-07   8.741768e-06   5.789833e-05   8.421836e-07
   1.416543e-01   3.912888e-05   3.287976e-05   3.522429e-06   5.224801e-03   0.000000e+00   1.398656e-06   1.316747e-05   2.519396e-04   7.497538e-04   0.000000e+00
   6.633591e-01   1.015758e-05   1.009407e-04   2.221047e-05   4.353791e-05   2.339303e-04   4.876607e-06   0.000000e+00   1.224910e-04   1.035994e-04   1.662194e-04
   7.756038e-01   6.609404e-07   0.000000e+00   6.843008e-06   3.276164e-05   6.494473e-05   1.672564e-06   7.456440e-06   8.549084e-06   4.569445e-04   4.594741e-07
   2.102744e-01   1.001338e-05   2.677586e-05   1.052909e-04   1.407981e-05   8.315222e-04   5.802607e-06   1.142179e-05   1.351765e-04   1.007685e-04   3.096772e-04
   1.817522e-01   6.182715e-06   4.963382e-06   0.000000e+00   0.000000e+00   6.287265e-11   0.000000e+00   4.771297e-06   7.418505e-04   2.205421e-04   5.341665e-05
   6.835183e-01   3.756734e-09   1.210599e-04   3.794985e-06   2.523105e-05   0.000000e+00   0.000000e+00   0.000000e+00   1.199823e-04   6.370771e-06   3.343561e-05
   7.689027e-01   3.771329e-05   7.320594e-06   1.011989e-05   1.002877e-04   9.820498e-06   1.781614e-06   4.373438e-06   0.000000e+00   4.738397e-05   2.221286e-05
   2.059316e-01   0.000000e+00   9.029954e-07   3.840785e-05   0.000000e+00   0.000000e+00   0.000000e+00   6.924545e-07   1.804374e-06   1.050372e-03   2.876186e-06
   2.237594e-01   4.523772e-05   0.000000e+00   0.000000e+00   1.067538e-05   0.000000e+00   2.207339e-06   7.540687e-06   2.972539e-06   1.648130e-04   0.000000e+00
   9.345128e-02   6.912437e-04   3.916077e-05   4.172449e-05   2.846909e-05   0.000000e+00   2.367202e-05   2.315003e-06   5.103149e-06   1.660991e-04   8.122088e-05
   1.750138e-01   3.497739e-06   2.242295e-05   9.006531e-06   1.356076e-06   8.306591e-06   4.149108e-06   1.523281e-05   0.000000e+00   3.599928e-05   1.487515e-04
   1.670643e-01   0.000000e+00   6.587314e-06   9.544684e-06   9.117305e-06   2.481803e-06   0.000000e+00   1.006446e-05   1.515485e-06   9.897892e-07   0.000000e+00
   7.371035e-01   4.132223e-08   1.958610e-05   0.000000e+00   4.060696e-05   6.409914e-04   2.375750e-05   0.000000e+00   1.874979e-04   1.311169e-05   0.000000e+00
   7.734342e-01   1.996814e-05   8.282923e-05   0.000000e+00   4.192856e-05   1.544395e-03   6.678811e-07   1.086434e-05   1.142017e-04   7.097060e-05   0.000000e+00
   3.433265e-03   5.215016e-05   0.000000e+00   3.763483e-05   3.579751e-05   1.538127e-06   4.802729e-06   2.551101e-07   1.069261e-04   1.854593e-04   0.000000e+00
   7.719400e-01   1.055935e-05   6.717009e-05   6.699081e-07   2.344512e-05   2.050031e-03   8.464371e-07   2.641150e-07   0.000000e+00   1.012433e-04   0.000000e+00
   8.008104e-01   0.000000e+00   3.375646e-06   1.759012e-05   4.099383e-05   1.737953e-05   0.000000e+00   0.000000e+00   1.338156e-04   2.290725e-05   0.000000e+00
   7.363391e-01   0.000000e+00   1.092978e-06   4.282556e-05   4.567488e-05   1.401931e-06   7.237306e-06   6.923492e-06   1.758226e-05   8.711991e-05   6.898052e-06
   1.022019e-01   1.195483e-04   0.000000e+00   0.000000e+00   1.729435e-05   0.000000e+00   1.962671e-06   0.000000e+00   0.000000e+00   7.479386e-05   5.781405e-06
   7.413796e-01   3.828409e-08   1.274329e-05   3.544204e-05   2.520194e-05   9.977507e-04   3.055939e-06   3.391318e-07   0.000000e+00   2.172892e-05   0.000000e+00
   6.788776e-01   3.465992e-05   4.530965e-06   1.089804e-05   7.875465e-05   9.412679e-06   2.048777e-07   1.374477e-07   0.000000e+00   7.953470e-05   7.482720e-06
   9.039697e-02   7.342769e-07   4.265028e-05   4.145165e-06   7.709449e-04   0.000000e+00   0.000000e+00   2.354256e-07   2.967403e-05   0.000000e+00   0.000000e+00
   6.808271e-01   4.398798e-06   1.151796e-03   1.145470e-05   0.000000e+00   0.000000e+00   2.346403e-06   1.091408e-06   0.000000e+00   7.770942e-05   1.493086e-05
   7.811319e-01   0.000000e+00   1.429590e-05   4.777489e-05   6.255469e-05   7.800250e-05   8.517487e-06   0.000000e+00   6.377617e-05   2.377252e-04   6.724815e-06
