   0.000000e+00   1.000000e+00   1.000000e+00   1.160142e-01   1.000000e+00   1.858599e-01   7.674598e-01   3.591609e-01   1.000000e+00   5.736774e-01   2.687453e-01   1.000000e+00   0.000000e+00
   1.000000e+00   5.110332e-01   7.370269e-02   5.080385e-01   5.134221e-01   5.086737e-01   5.023422e-01   4.950024e-01   4.950757e-01   4.838318e-01   5.074918e-01   5.021045e-01   5.048785e-01
   1.000000e+00   9.973019e-01   0.000000e+00   1.000000e+00   1.000000e+00   0.000000e+00   0.000000e+00   1.074060e-01   1.000000e+00   1.307806e-02   0.000000e+00   1.000000e+00   0.000000e+00
   0.000000e+00   9.998555e-01   0.000000e+00   9.893394e-01   1.000000e+00   0.000000e+00   0.000000e+00   0.000000e+00   1.609838e-02   1.258657e-02   0.000000e+00   0.000000e+00   5.784290e-03
   1.000000e+00   9.970300e-01   1.000000e+00   0.000000e+00   1.000000e+00   0.000000e+00   1.000000e+00   1.776605e-02   8.962086e-01   5.369764e-03   0.000000e+00   0.000000e+00   2.595000e-02
   0.000000e+00   9.969800e-01   1.000000e+00   0.000000e+00   1.000000e+00   0.000000e+00   9.859431e-01   2.756033e-02   1.000000e+00   0.000000e+00   0.000000e+00   2.710358e-02   7.209356e-02
   0.000000e+00   9.908134e-01   0.000000e+00   1.000000e+00   1.000000e+00   4.228258e-02   1.849551e-01   0.000000e+00   2.733283e-01   1.389849e-01   0.000000e+00   2.755875e-01   1.844952e-01
   9.559525e-01   5.801364e-01   4.200438e-01   5.147224e-01   4.671110e-01   5.077934e-01   5.135894e-01   4.963376e-01   4.932956e-01   4.857845e-01   4.820004e-01   5.021703e-01   4.853946e-01
   0.000000e+00   1.000000e+00   0.000000e+00   9.881380e-01   1.000000e+00   0.000000e+00   0.000000e+00   3.230365e-05   2.440402e-01   9.457886e-03   3.847113e-02   3.993420e-04   2.452852e-02
   1.000000e+00   1.000000e+00   1.000000e+00   0.000000e+00   1.000000e+00   0.000000e+00   6.880597e-01   2.973158e-02   1.000000e+00   5.102508e-01   0.000000e+00   0.000000e+00   2.224778e-02
   1.000000e+00   1.000000e+00   7.894843e-01   1.000000e+00   9.764784e-01   8.612769e-05   2.145616e-01   2.663749e-01   5.424838e-01   0.000000e+00   3.956923e-02   7.602814e-02   0.000000e+00
   8.885885e-01   5.973820e-01   2.188550e-01   5.161089e-01   4.737403e-01   5.257400e-01   5.038432e-01   4.985967e-01   5.106091e-01   4.820098e-01   4.965261e-01   5.016546e-01   5.019700e-01
   3.972836e-02   9.970392e-01   1.000000e+00   9.904806e-01   1.000000e+00   2.912194e-04   5.629201e-01   0.000000e+00   1.000000e+00   5.977036e-02   0.000000e+00   0.000000e+00   6.449782e-02
   0.000000e+00   9.964770e-01   1.000000e+00   0.000000e+00   1.000000e+00   0.000000e+00   6.754723e-01   4.084750e-02   7.845807e-01   0.000000e+00   6.679839e-02   1.701662e-02   0.000000e+00
   6.361848e-01   5.573048e-01   0.000000e+00   5.095699e-01   4.409700e-01   5.135627e-01   5.623107e-01   5.088844e-01   5.091084e-01   4.828753e-01   5.312054e-01   5.002801e-01   4.655584e-01
   1.180519e-01   9.985273e-01   0.000000e+00   9.980825e-01   1.000000e+00   0.000000e+00   3.028836e-01   1.007397e-01   5.753613e-01   5.152900e-03   0.000000e+00   0.000000e+00   0.000000e+00
   8.123681e-01   4.615708e-01   3.439702e-01   5.239383e-01   4.877834e-01   4.999424e-01   5.240784e-01   4.744621e-01   5.083469e-01   4.870540e-01   5.051852e-01   5.033897e-01   4.671905e-01
   5.071225e-01   4.125266e-01   5.566192e-01   5.187276e-01   4.839596e-01   5.195291e-01   5.047659e-01   4.495179e-01   5.141413e-01   4.787077e-01   3.481472e-01   5.236807e-01   5.488758e-01
   5.745885e-01   5.102793e-01   8.496821e-02   5.231978e-01   5.053517e-01   5.215608e-01   5.415825e-01   4.984995e-01   4.911358e-01   4.907094e-01   5.067658e-01   5.054338e-01   4.904159e-01
   1.000000e+00   1.000000e+00   6.664729e-01   5.284050e-01   5.140714e-01   1.343899e-01   5.023471e-01   8.084949e-01   5.539310e-01   3.162770e-01   2.439744e-01   3.883490e-01   5.695221e-01
   1.000000e+00   9.542470e-01   0.000000e+00   5.485657e-01   8.562140e-02   6.422911e-02   8.250923e-01   4.173037e-01   1.000000e+00   2.747673e-01   4.988527e-01   7.711934e-01   0.000000e+00
   2.180191e-01   1.000000e+00   2.040152e-02   7.300127e-01   2.245786e-01   5.221805e-01   0.000000e+00   3.565831e-02   1.000000e+00   8.163209e-02   3.920451e-02   3.328514e-01   5.456571e-01
   0.000000e+00   9.970192e-01   1.000000e+00   1.000000e+00   5.367927e-01   1.969793e-02   3.729866e-01   0.000000e+00   9.915734e-01   6.484541e-02   0.000000e+00   1.000000e+00   9.433152e-02
   8.693110e-01   6.025093e-01   2.719605e-01   5.161109e-01   4.737019e-01   5.270175e-01   5.084287e-01   4.960168e-01   4.434360e-01   4.784916e-01   4.712357e-01   5.016073e-01   5.058374e-01
   4.503378e-01   3.389746e-01   1.739222e-01   5.151835e-01   5.155343e-01   5.483814e-01   4.423219e-01   3.577993e-01   5.049837e-01   5.824791e-01   5.211826e-01   4.953492e-01   5.144328e-01
   1.916065e-01   1.000000e+00   8.256125e-02   7.044675e-01   2.491498e-01   5.579308e-01   5.337784e-01   3.310315e-01   1.000000e+00   0.000000e+00   3.576426e-01   5.596657e-01   7.636326e-01
   1.000000e+00   1.000000e+00   0.000000e+00   4.797765e-01   0.000000e+00   4.172193e-01   5.127976e-01   4.203646e-01   5.273197e-01   1.441659e-01   5.279317e-01   9.634790e-01   0.000000e+00
   8.594616e-01   3.983400e-01   2.667691e-01   5.162806e-01   4.738166e-01   5.187373e-01   5.059314e-01   4.987536e-01   5.103139e-01   4.815055e-01   4.853439e-01   5.037145e-01   5.096999e-01
   1.000000e+00   1.000000e+00   1.000000e+00   1.000000e+00   6.649314e-01   5.891314e-01   0.000000e+00   1.785538e-01   1.000000e+00   2.475660e-01   0.000000e+00   5.933585e-02   1.793311e-01
   1.240564e-01   9.999377e-01   1.311864e-02   4.721612e-01   5.390985e-01   6.094251e-01   5.219318e-01   1.052015e-01   0.000000e+00   4.298783e-01   2.752934e-01   9.654752e-01   2.516112e-01
   8.313064e-01   5.326084e-01   1.944349e-01   5.125524e-01   4.846679e-01   5.051962e-01   5.122461e-01   4.944768e-01   5.074563e-01   4.850513e-01   4.884270e-01   5.042431e-01   5.354601e-01
   9.298055e-01   6.012608e-01   2.251842e-01   5.164221e-01   4.709508e-01   4.999482e-01   5.072813e-01   4.988599e-01   5.090732e-01   4.843755e-01   5.211236e-01   5.013457e-01   4.878415e-01
   1.506019e-01   1.000000e+00   6.955843e-01   1.000000e+00   2.720027e-01   6.065207e-01   5.144668e-01   0.000000e+00   7.557302e-01   3.562516e-01   5.359755e-01   5.459309e-01   4.101749e-01
   1.000000e+00   1.000000e+00   2.607752e-01   0.000000e+00   6.167291e-01   7.786372e-01   1.000000e+00   1.005724e-01   7.729827e-01   4.289121e-02   1.492771e-01   5.206811e-01   0.000000e+00
   0.000000e+00   9.969899e-01   1.000000e+00   1.000000e+00   1.000000e+00   9.440660e-03   1.000000e+00   2.357183e-02   9.943120e-01   0.000000e+00   0.000000e+00   1.000000e+00   1.138125e-01
   0.000000e+00   9.998189e-01   0.000000e+00   9.980199e-01   1.000000e+00   0.000000e+00   5.603239e-01   1.326584e-01   3.744709e-02   8.294691e-03   0.000000e+00   0.000000e+00   0.000000e+00
   3.808820e-01   4.807030e-01   1.032716e-01   5.268396e-01   4.534920e-01   5.257496e-01   5.256701e-01   5.013667e-01   5.110922e-01   4.727749e-01   5.035856e-01   4.950595e-01   5.193425e-01
   1.000000e+00   8.618080e-01   0.000000e+00   5.331919e-01   3.848534e-01   1.208710e-01   5.098028e-01   1.000000e+00   5.525812e-01   2.837177e-01   3.896612e-01   5.013051e-01   4.345963e-01
   0.000000e+00   9.964614e-01   1.000000e+00   1.000000e+00   5.202536e-01   1.521916e-01   3.723915e-01   5.523467e-01   1.000000e+00   6.732800e-01   3.995569e-01   7.346853e-01   2.761527e-01
   2.247352e-01   1.000000e+00   9.666494e-01   5.198666e-01   4.714956e-01   6.243563e-01   9.785862e-01   1.261985e-01   5.061777e-01   2.740477e-01   3.911482e-01   1.828105e-01   0.000000e+00
   2.267499e-01   9.327320e-01   7.130327e-01   6.892478e-01   6.732070e-01   5.532264e-01   6.235953e-01   5.177761e-01   8.236671e-01   4.828147e-01   5.540684e-01   5.442251e-01   3.579337e-01
   9.403283e-01   5.282718e-01   5.632194e-01   5.192010e-01   4.906453e-01   5.069770e-01   5.118862e-01   4.967884e-01   5.109338e-01   4.782830e-01   4.882018e-01   5.041395e-01   5.212485e-01
   2.251168e-01   3.478535e-01   6.500148e-01   5.085609e-01   4.660172e-01   5.182434e-01   5.052806e-01   6.578109e-01   5.098297e-01   4.418215e-01   4.212940e-01   5.007337e-01   5.227809e-01
   1.000000e+00   9.794264e-01   0.000000e+00   6.174376e-01   0.000000e+00   1.460416e-01   3.773577e-01   1.835280e-01   3.180991e-01   4.015487e-01   3.997017e-01   5.661175e-01   4.096084e-01
   7.980433e-01   4.611504e-01   4.156236e-01   5.155954e-01   4.757476e-01   4.823391e-01   4.939191e-01   4.991000e-01   4.907739e-01   4.781506e-01   5.291240e-01   5.015698e-01   4.821396e-01
   7.867414e-01   4.782739e-01   2.139096e-01   5.101051e-01   4.790217e-01   5.182806e-01   4.985907e-01   5.174550e-01   5.072568e-01   4.978746e-01   5.009583e-01   5.042202e-01   4.863953e-01
   1.000000e+00   9.995173e-01   1.000000e+00   1.000000e+00   1.000000e+00   2.371965e-04   2.985091e-01   0.000000e+00   1.190866e-02   2.258960e-01   3.003019e-02   0.000000e+00   3.464843e-04
   0.000000e+00   1.000000e+00   1.000000e+00   7.087038e-01   1.000000e+00   0.000000e+00   3.248060e-01   0.000000e+00   0.000000e+00   4.375008e-01   1.517043e-01   0.000000e+00   8.549928e-03
   9.066039e-01   4.582128e-01   2.732090e-01   5.186595e-01   4.936155e-01   5.071281e-01   5.094474e-01   4.957064e-01   4.965624e-01   4.838942e-01   5.078498e-01   5.034908e-01   5.152275e-01
   2.741923e-01   9.897256e-01   0.000000e+00   6.778604e-01   7.387694e-01   1.000000e+00   2.679395e-01   4.212998e-01   5.748550e-01   2.920543e-01   3.541747e-01   6.225655e-01   1.995497e-01
   2.117866e-01   1.000000e+00   0.000000e+00   8.966261e-01   8.642761e-01   2.621834e-01   4.868934e-01   4.052446e-01   6.016411e-01   4.222912e-01   5.136690e-01   4.054193e-02   0.000000e+00
   1.907814e-01   9.983058e-01   0.000000e+00   6.768105e-01   8.041508e-01   0.000000e+00   0.000000e+00   4.779209e-02   8.854129e-01   4.831645e-03   1.329416e-01   2.866505e-03   5.177303e-01
   9.126415e-01   4.102663e-01   4.125391e-01   5.151785e-01   4.855006e-01   4.831622e-01   4.880777e-01   4.972711e-01   4.926251e-01   4.841718e-01   5.115306e-01   5.015039e-01   4.780341e-01
   4.170115e-02   9.975225e-01   0.000000e+00   9.698255e-01   2.256508e-01   5.931144e-01   7.650115e-01   2.711062e-01   5.188469e-01   6.082266e-01   6.315543e-01   3.187954e-01   4.865530e-01
   2.402743e-01   1.000000e+00   1.000000e+00   0.000000e+00   0.000000e+00   3.232112e-01   5.344908e-01   9.410254e-01   5.988859e-01   0.000000e+00   2.313915e-01   0.000000e+00   9.127176e-01
   4.895973e-02   8.682407e-01   1.193505e-01   5.614957e-01   4.502621e-01   6.257539e-01   4.403096e-01   4.760251e-01   5.009491e-01   4.833799e-01   8.348186e-01   5.816006e-01   4.580771e-01
   6.979798e-01   4.926989e-01   2.055248e-01   5.034859e-01   4.804103e-01   5.104982e-01   5.092012e-01   4.893346e-01   5.089644e-01   4.870494e-01   5.114999e-01   5.011613e-01   4.890357e-01
   1.438685e-01   1.000000e+00   8.954750e-02   7.239517e-01   3.164246e-01   8.407369e-01   5.474387e-01   3.185645e-01   6.229211e-01   4.581036e-01   2.468527e-01   5.207353e-01   4.924651e-01
   6.156076e-02   9.790487e-01   1.000000e+00   5.715936e-01   8.174023e-01   3.393813e-01   4.633052e-01   6.121344e-01   0.000000e+00   4.641865e-01   5.890395e-01   6.255333e-01   8.219122e-01
   0.000000e+00   1.000000e+00   7.709392e-01   6.529616e-01   2.071412e-01   6.699582e-01   5.263236e-01   4.548339e-01   5.206434e-01   9.329343e-01   4.843011e-01   9.791430e-01   4.326421e-01
   1.000000e+00   9.007599e-01   0.000000e+00   5.480409e-01   2.210548e-01   2.921628e-01   5.323826e-01   2.333195e-01   5.043568e-01   4.057048e-01   4.098831e-01   5.668432e-01   4.477339e-01
   2.914984e-01   9.819492e-01   1.000000e+00   4.559854e-01   5.031199e-01   6.908843e-02   3.737752e-01   2.042605e-01   2.709517e-01   5.034136e-01   7.285425e-01   2.541903e-01   6.139477e-01
   1.447948e-02   9.506358e-01   9.991442e-01   5.893473e-01   7.865839e-01   6.772990e-01   7.118267e-01   4.531150e-01   7.880161e-01   5.134036e-01   8.875321e-01   3.826120e-01   2.343972e-01
   7.293222e-01   6.683182e-01   4.538895e-01   5.169089e-01   4.646625e-01   5.150237e-01   5.125699e-01   4.980945e-01   4.874161e-01   4.866960e-01   4.982003e-01   4.736796e-01   4.700296e-01
   0.000000e+00   9.980376e-01   1.000000e+00   1.000000e+00   3.796323e-01   3.035869e-01   3.637445e-01   4.558854e-01   8.401726e-01   4.035761e-01   5.736564e-02   0.000000e+00   2.368212e-01
   1.556441e-01   8.025473e-01   5.410232e-02   4.334221e-01   7.474290e-01   3.501386e-01   4.857640e-01   4.776692e-01   5.029341e-01   4.469614e-01   6.529184e-01   4.986125e-01   5.132523e-01
   0.000000e+00   1.000000e+00   1.272976e-01   2.835405e-01   3.941757e-01   4.675282e-01   1.000000e+00   5.668600e-01   1.000000e+00   4.627582e-02   2.970612e-01   9.092265e-01   3.756696e-02
   1.849430e-01   9.852609e-01   1.251752e-02   8.129046e-01   2.647222e-01   5.406104e-01   5.625342e-01   3.191200e-01   1.000000e+00   6.562497e-02   3.661991e-01   4.264063e-01   4.932420e-01
   1.000000e+00   9.967384e-01   0.000000e+00   8.412541e-02   3.701239e-01   7.861560e-01   1.395554e-01   5.248319e-01   3.299375e-01   2.225102e-01   3.046821e-01   8.401818e-01   7.155566e-01
   2.604562e-01   1.000000e+00   1.000000e+00   6.401899e-01   0.000000e+00   1.000000e+00   3.741361e-01   4.275424e-01   5.635653e-01   3.869803e-01   4.759767e-01   5.998543e-01   1.596295e-01
   1.062341e-01   9.987629e-01   1.000000e+00   5.765933e-01   6.364165e-01   1.382742e-01   5.009362e-01   1.000000e+00   0.000000e+00   1.911195e-01   3.174393e-01   1.992158e-01   3.550250e-01
   1.474546e-01   1.000000e+00   9.449409e-01   1.000000e+00   1.000000e+00   0.000000e+00   0.000000e+00   1.000000e+00   5.571830e-01   6.679853e-01   2.435456e-01   1.054667e-01   8.760163e-01
   1.000000e+00   1.000000e+00   0.000000e+00   1.000000e+00   9.114629e-01   7.456177e-01   1.000000e+00   0.000000e+00   8.713593e-01   3.352647e-01   7.375201e-02   1.000000e+00   2.502107e-01
   6.621391e-01   5.554724e-01   2.010549e-01   5.175184e-01   4.870917e-01   5.139255e-01   4.977058e-01   4.596411e-01   4.899635e-01   4.904088e-01   5.041480e-01   5.004459e-01   4.818557e-01
   1.000000e+00   9.983620e-01   1.000000e+00   1.000000e+00   1.000000e+00   0.000000e+00   0.000000e+00   3.994958e-02   7.988879e-01   7.051247e-03   7.014814e-02   5.460690e-03   1.594927e-02
   1.251128e-01   1.000000e+00   1.117329e-01   6.256546e-01   1.344225e-01   0.000000e+00   5.096445e-01   3.877147e-01   3.857391e-01   3.256463e-01   2.697350e-01   5.285469e-01   2.994138e-01
   1.000000e+00   9.268460e-01   1.000000e+00   5.172838e-01   2.749144e-01   3.486101e-01   4.841895e-01   3.346750e-01   5.407371e-01   4.113983e-01   4.542468e-01   5.961362e-01   4.896851e-01
   0.000000e+00   1.000000e+00   1.000000e+00   1.109798e-01   1.000000e+00   0.000000e+00   6.712916e-01   4.571725e-02   3.316465e-01   0.000000e+00   4.337397e-02   1.103375e-01   0.000000e+00
   1.136227e-01   9.997560e-01   2.298123e-03   0.000000e+00   1.000000e+00   0.000000e+00   2.738941e-01   5.992102e-01   1.153211e-01   7.179700e-01   0.000000e+00   9.054880e-02   1.237311e-01
   1.074091e-01   9.993439e-01   0.000000e+00   9.951625e-01   1.000000e+00   0.000000e+00   1.000000e+00   2.038276e-01   0.000000e+00   3.257880e-02   2.134328e-01   1.319660e-01   3.768313e-01
   4.285969e-02   8.599511e-01   7.004890e-01   3.080368e-01   3.810822e-01   4.992951e-01   4.935216e-01   2.592721e-01   4.568019e-01   4.916919e-01   5.843069e-01   5.071818e-01   4.572677e-01
   8.413542e-01   6.310204e-01   4.231283e-01   5.151392e-01   4.573580e-01   5.069703e-01   5.194308e-01   4.981665e-01   4.914444e-01   5.629595e-01   4.995939e-01   5.022362e-01   4.895002e-01
   8.269556e-02   1.000000e+00   7.999184e-01   5.174461e-01   5.155715e-01   5.298652e-01   4.970435e-01   4.470103e-01   4.976830e-01   5.392754e-01   4.765765e-01   5.017411e-01   4.872324e-01
   5.503171e-02   9.961856e-01   1.000000e+00   7.447546e-01   1.000000e+00   1.668827e-01   3.303323e-01   8.794750e-02   1.000000e+00   5.077651e-01   4.987895e-01   4.815833e-01   0.000000e+00
   1.000000e+00   9.970178e-01   1.000000e+00   7.825211e-01   9.218769e-01   3.974362e-01   3.347469e-01   0.000000e+00   7.298920e-01   5.341509e-01   0.000000e+00   4.622159e-01   8.527554e-02
   1.000000e+00   9.812054e-01   0.000000e+00   7.806421e-01   1.000000e+00   0.000000e+00   3.723954e-01   1.368024e-01   1.000000e+00   0.000000e+00   4.185104e-01   6.377645e-01   3.541292e-01
   6.932174e-02   1.000000e+00   9.778183e-02   6.611998e-01   4.236788e-01   7.003629e-01   5.468050e-01   5.279925e-01   6.890481e-01   4.768877e-01   4.298812e-01   5.296892e-01   4.804876e-01
   1.113087e-02   1.000000e+00   0.000000e+00   5.640157e-01   4.904941e-01   1.600440e-01   3.224992e-01   4.296767e-01   6.201786e-01   4.190471e-01   2.460145e-01   5.947503e-01   5.681415e-01
   3.214137e-01   6.357026e-01   5.304665e-01   5.173474e-01   4.829790e-01   5.268110e-01   5.087101e-01   4.953487e-01   5.294315e-01   4.818543e-01   4.552782e-01   4.960012e-01   4.638225e-01
   0.000000e+00   1.000000e+00   4.048600e-03   3.929270e-01   5.082724e-01   3.643921e-01   3.283772e-01   4.551934e-01   7.081413e-01   3.546943e-01   2.896206e-01   3.808503e-01   5.217650e-01
   1.110375e-01   1.000000e+00   1.000000e+00   3.951674e-01   4.020834e-01   5.251086e-01   4.890256e-01   0.000000e+00   4.767047e-01   4.511729e-01   6.396486e-01   5.006661e-01   4.517615e-01
   7.727378e-01   4.733555e-01   1.502635e-01   5.208367e-01   4.870729e-01   5.191226e-01   4.996130e-01   4.761152e-01   5.066373e-01   4.888893e-01   5.057949e-01   5.037338e-01   4.858557e-01
   0.000000e+00   1.000000e+00   2.159000e-02   1.000000e+00   6.836310e-01   6.105346e-01   4.638429e-01   3.386603e-01   1.936765e-01   1.503721e-01   7.764315e-01   0.000000e+00   1.116420e-01
   6.611087e-03   9.998969e-01   9.847761e-01   5.135516e-01   8.422965e-01   4.416293e-01   6.179590e-01   5.549298e-01   1.806240e-01   5.347659e-01   2.178602e-01   7.967512e-01   3.797553e-01
   2.480393e-01   8.734779e-01   1.789547e-01   7.050923e-01   5.493029e-01   5.475526e-01   5.734033e-01   4.891731e-01   4.623820e-01   4.722059e-01   3.709738e-01   5.160357e-01   4.878209e-01
   1.000000e+00   9.970019e-01   1.000000e+00   1.000000e+00   1.000000e+00   0.000000e+00   9.941270e-01   2.929277e-02   1.000000e+00   0.000000e+00   1.632629e-02   2.754040e-02   7.428638e-02
   2.474526e-01   1.000000e+00   8.879115e-01   6.535466e-01   4.613373e-01   5.266565e-01   5.025345e-01   8.920444e-01   5.155445e-01   4.024087e-01   1.877949e-01   5.004728e-01   5.273199e-01
   3.736402e-01   8.846002e-01   0.000000e+00   8.443890e-01   5.395614e-01   3.539128e-01   4.405421e-01   3.730938e-01   4.436642e-01   5.451300e-01   3.344834e-01   3.556618e-01   3.418764e-01
   0.000000e+00   1.000000e+00   7.147646e-01   6.355446e-01   9.988588e-01   7.791588e-02   0.000000e+00   4.852875e-01   6.119593e-01   7.604254e-02   4.887047e-02   2.349439e-01   1.446710e-01
   5.252600e-02   9.999708e-01   9.916024e-01   4.644589e-01   4.936948e-01   2.357797e-01   1.713934e-01   1.000000e+00   5.651563e-01   5.362288e-01   6.217508e-01   1.887917e-01   5.664778e-01
   0.000000e+00   9.944029e-01   0.000000e+00   1.000000e+00   1.000000e+00   3.237633e-02   2.943909e-01   5.179519e-01   4.597550e-01   0.000000e+00   2.706283e-01   4.176092e-01   6.246466e-01
   2.505280e-01   0.000000e+00   6.410238e-01   5.102925e-01   5.007843e-01   5.089802e-01   4.992046e-01   7.395048e-01   5.171329e-01   3.841383e-01   5.657317e-01   5.011751e-01   4.868158e-01
   1.696949e-02   9.970955e-01   0.000000e+00   9.702743e-01   7.600677e-01   3.716788e-01   3.527575e-01   1.766654e-01   6.922172e-01   6.998869e-01   1.566380e-01   9.429105e-02   3.336848e-01
   3.236320e-01   1.000000e+00   0.000000e+00   8.556114e-01   5.752340e-01   3.404905e-01   4.400943e-01   3.475156e-01   4.508486e-01   4.332894e-01   3.135532e-01   3.562690e-01   2.881547e-01
   0.000000e+00   1.000000e+00   1.225215e-02   5.358665e-01   5.994533e-01   1.071504e-01   1.000000e+00   4.993191e-01   1.141161e-01   0.000000e+00   3.335188e-01   3.916488e-01   1.000000e+00
   2.245239e-01   1.000000e+00   0.000000e+00   9.814060e-01   1.000000e+00   7.367141e-01   2.352159e-02   0.000000e+00   4.635087e-01   2.215220e-01   3.403513e-01   7.236986e-02   1.511184e-01
   1.000000e+00   1.000000e+00   0.000000e+00   9.017061e-01   1.000000e+00   2.409925e-01   2.835465e-02   5.844751e-01   2.710423e-01   0.000000e+00   5.178613e-01   5.377841e-01   8.329878e-01
   1.000000e+00   9.836460e-01   1.000000e+00   8.178517e-01   6.700910e-01   2.723993e-01   4.260642e-01   2.139821e-01   2.053850e-01   5.249419e-01   3.428194e-01   2.647192e-01   0.000000e+00
   7.654380e-01   5.292377e-01   4.699321e-01   5.159040e-01   4.790943e-01   5.062253e-01   5.133761e-01   4.941138e-01   4.917408e-01   4.842914e-01   4.832903e-01   5.037806e-01   4.643056e-01
   0.000000e+00   9.995872e-01   0.000000e+00   1.000000e+00   1.000000e+00   4.774582e-01   2.508180e-01   4.524643e-01   9.033452e-01   4.747851e-01   2.404865e-01   5.145903e-01   3.099726e-01
   2.082042e-01   9.928938e-01   2.832642e-02   6.797576e-01   2.610058e-01   6.781249e-01   1.170422e-01   4.350075e-01   6.106259e-01   5.885090e-01   1.703301e-01   7.532586e-01   3.096678e-01
   0.000000e+00   9.997347e-01   0.000000e+00   9.882474e-01   1.000000e+00   0.000000e+00   0.000000e+00   0.000000e+00   1.540845e-05   1.147360e-02   0.000000e+00   0.000000e+00   9.260315e-02
   1.096872e-02   1.000000e+00   0.000000e+00   9.624039e-01   4.864022e-01   4.725810e-01   6.234353e-01   5.584894e-01   4.855995e-01   5.386748e-01   5.040883e-01   5.087220e-01   4.903660e-01
   1.493196e-02   9.888249e-01   0.000000e+00   1.000000e+00   9.017480e-01   8.364611e-01   4.131152e-01   0.000000e+00   6.359201e-01   7.473136e-01   0.000000e+00   2.809025e-01   9.529626e-01
   1.079990e-01   9.123721e-01   9.556958e-02   5.161369e-01   2.590161e-01   7.420607e-01   5.044979e-01   4.764347e-01   7.464587e-01   4.692425e-01   6.379503e-01   5.623618e-01   4.806356e-01
   0.000000e+00   9.961833e-01   8.556535e-01   0.000000e+00   2.488717e-01   4.927364e-01   5.748129e-01   5.440922e-02   7.862429e-01   4.526337e-01   4.631226e-01   2.014671e-01   0.000000e+00
   1.983210e-01   9.980261e-01   0.000000e+00   1.000000e+00   0.000000e+00   1.392893e-01   1.372038e-01   3.657539e-01   7.853230e-01   7.873264e-03   3.755598e-01   4.744795e-01   0.000000e+00
   1.000000e+00   9.970291e-01   0.000000e+00   1.000000e+00   6.298073e-01   8.385317e-04   0.000000e+00   0.000000e+00   1.000000e+00   0.000000e+00   1.477136e-02   6.854359e-02   0.000000e+00
   3.406311e-01   9.472583e-01   1.000000e+00   5.174112e-01   7.598582e-01   3.125292e-01   6.562100e-01   7.826871e-01   5.735695e-01   4.879483e-01   5.422241e-02   4.735258e-01   3.304493e-01
   2.676920e-02   9.995109e-01   0.000000e+00   9.372164e-01   3.239028e-01   0.000000e+00   5.368514e-01   3.623239e-01   1.562551e-01   0.000000e+00   1.000000e+00   3.134804e-01   0.000000e+00
