   5.256121e-01   0.000000e+00   5.250494e-01   2.981928e-01   9.816979e-01   3.345695e-01   5.300783e-01   3.229431e-01   2.866689e-01   7.027577e-01   2.853882e-01   7.325288e-01   6.144011e-01   5.926252e-01   9.006121e-01
   1.000000e+00   1.000000e+00   1.000000e+00   1.000000e+00   1.000000e+00   9.682554e-01   5.982185e-03   5.388071e-01   5.122048e-01   1.913300e-01   1.546403e-01   9.180330e-01   5.971746e-02   8.724086e-01   8.127295e-01
   0.000000e+00   0.000000e+00   0.000000e+00   0.000000e+00   1.000000e+00   4.896523e-01   4.586148e-01   8.854782e-01   3.512691e-01   2.519416e-01   2.499320e-01   1.000000e+00   6.564977e-01   6.500478e-01   8.852765e-01
   0.000000e+00   0.000000e+00   0.000000e+00   0.000000e+00   0.000000e+00   4.910754e-01   8.073595e-01   5.059455e-01   3.240394e-01   5.344735e-01   2.688569e-01   4.145061e-01   6.555799e-01   6.483309e-01   7.121883e-01
   0.000000e+00   1.000000e+00   2.834159e-02   1.000000e+00   2.072549e-01   4.187125e-01   0.000000e+00   1.000000e+00   9.204239e-01   0.000000e+00   0.000000e+00   9.954242e-01   2.211986e-01   9.879519e-01   9.228432e-01
   0.000000e+00   0.000000e+00   4.917294e-02   9.902190e-01   2.891966e-01   4.115897e-01   3.035995e-02   1.000000e+00   1.000000e+00   0.000000e+00   0.000000e+00   9.935459e-01   2.889747e-02   1.000000e+00   9.851784e-01
   9.023089e-01   2.135236e-01   1.831083e-01   0.000000e+00   0.000000e+00   9.622942e-01   7.553334e-02   9.990542e-01   0.000000e+00   0.000000e+00   0.000000e+00   1.000000e+00   2.036797e-01   1.000000e+00   6.525084e-01
   8.728282e-02   0.000000e+00   1.000000e+00   9.897024e-01   1.000000e+00   1.155244e-02   0.000000e+00   7.355981e-01   1.000000e+00   6.478569e-01   1.000000e+00   0.000000e+00   9.963427e-02   7.644667e-01   9.944980e-01
   0.000000e+00   1.938788e-01   1.361871e-01   9.859991e-01   0.000000e+00   3.234265e-01   1.000000e+00   9.940917e-01   0.000000e+00   8.267638e-01   2.708560e-02   1.000000e+00   2.891577e-02   5.509735e-01   0.000000e+00
   5.103764e-03   7.014957e-01   3.500315e-01   4.856944e-01   5.184277e-01   0.000000e+00   4.923758e-01   8.127893e-01   0.000000e+00   2.627526e-01   2.358480e-01   1.000000e+00   5.702499e-02   8.834337e-01   6.932743e-01
   2.592922e-01   3.455101e-02   3.091484e-01   5.389101e-02   7.615076e-01   3.322407e-01   0.000000e+00   3.006563e-01   5.633733e-01   1.000000e+00   1.175465e-01   1.000000e+00   0.000000e+00   5.315199e-01   6.591881e-01
   2.714753e-03   2.200888e-02   3.260419e-01   4.308766e-01   4.783665e-01   0.000000e+00   1.230521e-02   7.433177e-01   0.000000e+00   4.874404e-01   2.491937e-01   4.433605e-01   9.048352e-02   8.441450e-01   7.225021e-01
   0.000000e+00   6.696922e-01   5.297176e-02   0.000000e+00   3.023539e-01   4.325901e-01   0.000000e+00   1.000000e+00   2.752651e-01   2.117933e-01   0.000000e+00   9.976793e-01   1.293322e-01   8.869370e-01   5.823482e-01
   5.582126e-02   7.526604e-01   8.550673e-01   0.000000e+00   9.686496e-01   0.000000e+00   0.000000e+00   9.058555e-01   2.844045e-01   3.503025e-01   0.000000e+00   1.000000e+00   9.891944e-01   6.187265e-01   4.262743e-01
   1.000000e+00   1.506640e-01   3.446934e-02   3.450202e-02   1.081202e-01   0.000000e+00   2.768673e-02   9.669321e-01   0.000000e+00   7.321889e-02   1.958997e-01   9.823234e-01   3.349848e-01   4.589574e-01   1.000000e+00
   0.000000e+00   3.636996e-01   0.000000e+00   8.565561e-01   7.093094e-01   2.523820e-01   1.948908e-01   1.000000e+00   2.879189e-02   6.266985e-01   3.014472e-01   5.143695e-01   3.557636e-02   7.273430e-01   0.000000e+00
   4.254531e-01   6.796074e-01   2.059388e-02   5.717851e-02   8.306667e-01   7.872488e-01   0.000000e+00   9.061104e-01   4.984415e-01   9.796025e-01   1.396454e-01   9.234921e-01   5.150794e-01   6.434415e-01   7.467532e-01
   4.292451e-02   1.139822e-01   7.551467e-01   5.495411e-01   1.449634e-01   0.000000e+00   0.000000e+00   8.737459e-01   1.148243e-01   9.134457e-01   2.802203e-01   4.660410e-01   9.677942e-02   8.434892e-01   4.305322e-01
   0.000000e+00   0.000000e+00   0.000000e+00   9.012570e-01   0.000000e+00   2.074139e-01   1.096615e-01   6.835632e-01   0.000000e+00   2.490577e-01   0.000000e+00   1.401139e-01   2.039431e-02   6.672094e-01   9.849042e-01
   4.509278e-01   2.563444e-01   2.793383e-01   2.911495e-01   6.426799e-01   0.000000e+00   3.614065e-01   9.576582e-01   2.730464e-01   1.000000e+00   2.735744e-01   4.882072e-01   9.000580e-01   6.717838e-01   3.099570e-01
   2.306661e-01   3.875076e-02   3.797572e-01   2.398837e-04   7.549367e-01   0.000000e+00   1.481064e-01   8.592934e-01   0.000000e+00   4.146029e-01   5.362069e-02   4.021820e-01   4.000815e-01   5.637466e-01   4.422825e-01
   2.003676e-01   4.151265e-01   6.433185e-03   4.325029e-02   6.269558e-01   5.971188e-01   3.692142e-01   8.946275e-01   5.499935e-01   8.246091e-01   8.309227e-02   1.000000e+00   5.301709e-01   9.243443e-01   8.067220e-01
   0.000000e+00   0.000000e+00   1.000000e+00   9.255175e-01   2.884510e-02   1.095234e-01   8.080708e-02   0.000000e+00   9.100846e-01   5.157906e-01   7.625985e-02   1.000000e+00   0.000000e+00   6.635233e-01   8.486659e-01
   1.302406e-01   0.000000e+00   1.000000e+00   9.430649e-01   2.860151e-01   1.685849e-01   0.000000e+00   8.974076e-01   5.860325e-01   1.000000e+00   0.000000e+00   1.000000e+00   5.884979e-01   1.000000e+00   9.625707e-01
   4.081102e-01   6.647505e-01   3.983512e-02   6.288006e-02   9.229547e-01   8.501129e-01   0.000000e+00   9.035259e-01   4.283031e-01   1.000000e+00   4.026371e-04   5.571936e-01   5.205897e-01   6.392967e-01   9.332195e-01
   4.670651e-01   3.393902e-01   1.529120e-01   3.081017e-01   7.025964e-01   3.364135e-01   4.831445e-01   7.259390e-01   3.455747e-01   7.384070e-01   4.398317e-01   5.192053e-01   0.000000e+00   7.307154e-01   1.000000e+00
   8.473167e-02   2.293169e-02   4.842773e-01   1.997630e-01   4.747692e-01   3.288508e-02   5.146160e-01   7.678689e-01   5.804514e-01   3.669075e-01   2.019585e-01   5.352378e-01   0.000000e+00   7.432032e-01   1.000000e+00
   1.986649e-01   2.786347e-02   2.926053e-01   1.749036e-01   7.872393e-01   3.246502e-01   0.000000e+00   3.361846e-01   5.617886e-01   9.576541e-01   8.864487e-02   4.579014e-01   5.266005e-02   7.053448e-01   6.603900e-01
   4.568032e-01   2.629879e-01   5.268312e-02   6.746194e-01   4.474188e-01   4.527939e-02   1.883122e-01   1.000000e+00   2.382728e-01   3.994938e-01   2.092776e-01   6.933682e-01   6.706456e-01   6.748039e-01   2.096212e-01
   5.901449e-01   8.934527e-02   1.071260e-01   2.449913e-01   1.818493e-01   4.621400e-01   6.567435e-01   7.677586e-01   4.677204e-01   1.000000e+00   1.806940e-01   3.978141e-01   1.000000e+00   8.649479e-01   4.573470e-01
   4.588941e-01   1.201141e-01   2.967541e-01   2.712415e-01   0.000000e+00   4.077755e-01   8.187678e-01   7.376048e-01   1.000000e+00   7.841988e-01   4.025001e-01   4.783668e-01   4.895894e-02   7.433137e-01   1.000000e+00
   1.000000e+00   0.000000e+00   3.590769e-02   3.141065e-02   5.050257e-01   6.304313e-01   0.000000e+00   9.190402e-01   1.452093e-01   1.000000e+00   1.041140e-01   1.000000e+00   3.160110e-01   3.738604e-01   9.753968e-01
   0.000000e+00   6.120978e-01   4.791949e-01   0.000000e+00   9.780809e-01   7.258803e-01   4.546147e-01   1.000000e+00   0.000000e+00   2.791203e-01   7.919567e-01   1.000000e+00   9.607083e-01   6.777227e-01   9.657603e-01
   2.427796e-01   2.365129e-01   1.565182e-01   1.766229e-02   7.181443e-01   1.000000e+00   4.648061e-01   0.000000e+00   3.526337e-01   7.973384e-01   2.770108e-01   4.497098e-01   3.521164e-01   7.349697e-01   9.579120e-01
   1.677441e-02   3.507788e-02   3.596121e-01   0.000000e+00   1.000000e+00   4.482058e-01   6.383367e-02   8.313733e-01   7.005888e-01   3.630169e-01   0.000000e+00   1.000000e+00   6.408712e-01   5.818105e-01   5.998442e-01
   8.637110e-02   3.909917e-01   5.982962e-01   9.460467e-01   1.000000e+00   2.136659e-01   6.117874e-02   1.000000e+00   4.120138e-01   9.143738e-01   6.423343e-02   0.000000e+00   9.992313e-01   4.855333e-01   8.105251e-01
   4.676899e-02   0.000000e+00   9.330332e-01   1.852987e-01   5.591634e-01   1.000000e+00   0.000000e+00   1.000000e+00   1.645893e-01   6.767010e-01   0.000000e+00   4.401521e-01   2.888488e-01   8.374582e-01   5.586792e-01
   0.000000e+00   6.150651e-01   6.564580e-01   0.000000e+00   5.296877e-02   6.971500e-01   4.687723e-01   1.000000e+00   0.000000e+00   3.196970e-01   5.927663e-01   6.973381e-01   0.000000e+00   9.504645e-01   9.688234e-01
   9.251904e-01   0.000000e+00   2.343035e-01   7.327269e-01   0.000000e+00   2.526543e-01   1.810165e-01   1.000000e+00   1.000000e+00   5.197573e-01   6.865363e-02   9.622961e-01   0.000000e+00   7.683693e-01   5.152981e-01
   7.442023e-03   6.364269e-02   4.618368e-01   6.169786e-02   8.884372e-01   3.092010e-01   2.475059e-01   9.832343e-01   0.000000e+00   7.138396e-01   1.928193e-01   1.000000e+00   0.000000e+00   8.024199e-01   5.536984e-01
   5.817820e-02   1.345660e-01   7.345337e-01   7.836828e-01   0.000000e+00   6.994986e-01   0.000000e+00   1.000000e+00   1.643796e-01   9.449347e-01   3.498480e-02   4.979199e-01   1.607897e-02   8.720920e-01   5.329148e-01
   8.878265e-02   7.503789e-02   1.663213e-01   5.439624e-01   0.000000e+00   2.984813e-01   3.934973e-01   7.959907e-01   2.410148e-01   9.224578e-01   1.595803e-01   7.269459e-02   2.419012e-01   1.000000e+00   6.158354e-01
   0.000000e+00   1.000000e+00   1.000000e+00   9.660001e-01   8.947685e-01   1.025474e-01   0.000000e+00   8.427813e-02   3.904434e-01   1.000000e+00   1.000000e+00   5.566789e-01   0.000000e+00   9.591804e-01   5.717078e-01
   3.163209e-01   4.766213e-01   3.684703e-01   5.980049e-01   1.916206e-01   1.647231e-01   1.327714e-01   8.580638e-01   0.000000e+00   8.205652e-01   6.213865e-02   4.673413e-01   5.765699e-01   9.114918e-01   3.182994e-01
   0.000000e+00   4.549261e-01   3.503287e-01   5.262544e-01   0.000000e+00   3.134927e-01   3.232822e-01   9.114220e-01   0.000000e+00   1.000000e+00   4.361996e-01   4.906227e-01   1.000000e+00   5.750375e-01   5.527612e-01
   4.629219e-01   1.336861e-01   6.981738e-01   4.546853e-01   7.108567e-01   1.237506e-01   6.079118e-02   9.000493e-01   3.867576e-01   5.326985e-01   1.000000e+00   4.957765e-01   0.000000e+00   9.623192e-01   1.000000e+00
   2.549566e-02   5.657981e-04   7.653809e-01   7.855878e-01   0.000000e+00   9.181250e-01   0.000000e+00   9.970858e-01   5.879071e-01   3.421883e-01   4.733578e-02   3.150730e-01   1.082040e-01   9.837718e-01   1.672175e-03
   7.532275e-01   9.926583e-02   0.000000e+00   2.197815e-01   1.458888e-01   1.750095e-01   7.965744e-01   8.215452e-01   2.909154e-01   5.935514e-01   1.927693e-01   1.000000e+00   1.000000e+00   3.795172e-01   1.000000e+00
   4.590018e-02   3.436471e-01   5.222050e-01   1.130729e-01   1.071569e-01   2.342258e-01   5.232674e-01   8.110382e-01   1.169095e-01   7.910791e-01   2.993839e-01   4.048774e-01   1.000000e+00   6.966152e-01   0.000000e+00
   2.672079e-01   5.473297e-01   3.677986e-01   2.835016e-01   0.000000e+00   3.893051e-01   1.472272e-01   7.080265e-01   1.439882e-01   6.015267e-01   1.429827e-01   4.585602e-01   3.458268e-02   7.729674e-01   1.000000e+00
   0.000000e+00   1.000000e+00   0.000000e+00   2.762035e-01   2.377782e-01   1.260487e-01   6.187584e-01   9.918698e-01   3.453938e-02   0.000000e+00   0.000000e+00   5.908167e-01   1.117149e-01   8.395256e-01   1.000000e+00
   1.128751e-01   2.803061e-02   5.533777e-01   3.827799e-01   5.715446e-01   2.352749e-01   2.679308e-01   9.980338e-01   9.363641e-01   7.095299e-01   4.729994e-02   1.000000e+00   5.898170e-01   3.269865e-01   5.588370e-01
   1.001154e-01   1.705496e-01   1.526558e-01   7.335253e-01   2.737781e-01   6.053071e-01   3.846255e-01   1.000000e+00   2.624515e-01   6.271917e-01   1.821444e-01   9.277569e-01   9.862774e-02   8.195810e-01   4.517966e-01
   4.590337e-01   1.878116e-01   0.000000e+00   1.328685e-01   3.592512e-01   2.285446e-01   4.503842e-02   8.004826e-01   8.958202e-02   8.522482e-01   4.368742e-01   3.999911e-01   0.000000e+00   7.730063e-01   4.758519e-01
   2.336064e-01   2.715453e-01   5.291282e-01   1.510643e-01   8.118727e-01   3.663513e-01   4.618294e-01   1.202076e-01   0.000000e+00   7.027797e-01   0.000000e+00   8.802809e-01   2.574075e-01   8.062829e-01   6.008026e-01
   7.762806e-03   0.000000e+00   3.333865e-01   5.422368e-01   9.599388e-01   1.940294e-03   3.730327e-01   8.733555e-02   8.013921e-01   9.296845e-01   3.088816e-01   2.678372e-01   1.000000e+00   8.295670e-01   9.639632e-01
   1.038186e-01   9.440194e-02   5.994840e-01   6.640722e-01   5.779597e-01   2.394232e-01   0.000000e+00   1.000000e+00   4.494443e-01   7.325915e-01   3.263013e-02   4.064480e-01   6.028887e-01   5.549595e-01   5.877647e-01
   6.544710e-02   3.292292e-02   3.729206e-01   2.219071e-01   5.967406e-01   1.000000e+00   5.014724e-01   8.116724e-01   5.251267e-02   5.464050e-01   1.334296e-01   9.053083e-01   6.062360e-01   1.815394e-01   1.000000e+00
   3.798126e-01   2.764346e-02   4.559649e-01   6.161891e-02   5.751751e-01   9.669028e-02   2.734233e-01   8.320159e-01   8.211821e-02   4.485783e-01   0.000000e+00   4.892243e-01   4.804444e-01   8.837225e-01   5.890863e-01
   2.155117e-01   3.954653e-01   8.339026e-02   9.198266e-01   3.269857e-01   8.437489e-01   4.982068e-01   9.200839e-01   1.105224e-01   8.733576e-01   8.359451e-02   2.422257e-01   3.557060e-01   8.278840e-01   5.191207e-01
   0.000000e+00   5.882208e-01   4.521316e-01   1.920527e-01   4.564539e-01   8.533450e-01   1.679142e-01   7.146669e-01   4.916570e-01   3.945936e-01   2.544694e-01   4.190858e-01   0.000000e+00   9.385858e-01   1.000000e+00
   0.000000e+00   1.867170e-03   4.508289e-02   1.000000e+00   1.143521e-01   3.170501e-01   0.000000e+00   7.862970e-01   0.000000e+00   6.787176e-01   2.638570e-01   7.298807e-01   1.238460e-02   7.520711e-01   9.805652e-01
   1.102197e-01   3.736595e-01   7.857234e-01   1.000000e+00   0.000000e+00   0.000000e+00   0.000000e+00   1.000000e+00   3.317768e-01   1.000000e+00   1.000000e+00   1.000000e+00   0.000000e+00   8.333656e-01   6.282538e-01
   5.246691e-02   6.385235e-01   4.387729e-01   6.207986e-01   6.482549e-01   2.080886e-01   5.537474e-03   8.715483e-01   3.983131e-01   0.000000e+00   4.627227e-01   5.074748e-01   4.951420e-01   7.652058e-01   6.818180e-01
   3.683530e-01   2.155887e-01   2.451840e-01   6.746276e-01   0.000000e+00   1.284130e-01   0.000000e+00   9.065147e-01   1.000000e+00   5.089926e-01   5.614710e-02   1.859491e-01   9.855538e-01   6.948694e-01   5.829096e-01
   4.326524e-02   1.469534e-01   1.000000e+00   1.000000e+00   7.400931e-01   3.349790e-01   5.119245e-02   1.000000e+00   6.776185e-01   1.000000e+00   1.000000e+00   4.940162e-01   0.000000e+00   5.138043e-01   0.000000e+00
   2.019065e-02   8.530466e-01   7.730203e-02   0.000000e+00   1.000000e+00   3.301228e-01   1.635658e-01   0.000000e+00   9.094729e-02   0.000000e+00   0.000000e+00   0.000000e+00   4.024553e-02   1.000000e+00   7.757319e-01
   3.183959e-01   4.849613e-01   4.589799e-01   0.000000e+00   1.926963e-01   4.366659e-01   1.572973e-01   1.000000e+00   2.775315e-01   6.638191e-01   1.025229e-01   8.478337e-01   6.039082e-01   8.238820e-01   9.332995e-01
   2.506052e-01   1.280208e-01   4.244634e-01   1.796551e-01   8.105816e-01   5.002452e-01   5.543569e-01   3.509714e-01   1.434138e-01   1.000000e+00   1.082517e-01   6.569301e-01   7.958185e-02   7.061469e-01   5.616139e-01
   1.847802e-01   8.002776e-02   2.215227e-01   3.867946e-01   7.202165e-01   1.535061e-01   3.274702e-01   1.000000e+00   2.063016e-01   5.059899e-01   2.572240e-01   6.103488e-01   5.923482e-01   6.769597e-01   7.109487e-01
   1.777580e-01   1.104401e-01   4.811894e-01   3.962384e-01   5.786062e-01   2.482850e-02   1.904872e-01   1.000000e+00   1.873655e-01   1.000000e+00   4.988496e-02   4.386937e-01   5.631234e-01   6.588575e-01   5.894141e-01
   3.065473e-01   2.066310e-01   4.460687e-01   3.295887e-01   4.284186e-01   5.577545e-01   5.162041e-02   7.926984e-01   2.862690e-01   6.580031e-01   2.033635e-01   2.135795e-01   1.466552e-01   7.851659e-01   1.533189e-01
   4.425378e-02   0.000000e+00   1.351472e-02   7.942068e-01   8.256834e-02   0.000000e+00   2.698514e-02   7.766497e-01   2.255256e-01   5.668528e-01   1.826560e-01   3.927205e-01   0.000000e+00   7.770782e-01   2.325250e-01
   4.735368e-01   1.416597e-01   6.665867e-01   2.755110e-01   1.000000e+00   2.901469e-01   2.249464e-01   7.449678e-01   7.150421e-01   7.841608e-01   6.696979e-02   7.323427e-01   3.233441e-01   7.493322e-01   1.000000e+00
   2.408022e-02   1.295186e-01   5.588981e-01   1.503419e-01   8.890434e-02   2.695567e-01   9.719929e-01   4.289498e-01   2.862661e-01   2.299077e-01   3.685665e-01   0.000000e+00   7.077891e-01   6.943349e-01   9.144124e-01
   4.650133e-01   4.636577e-01   2.148392e-01   3.473436e-01   9.576971e-01   4.452635e-01   4.105918e-01   9.822301e-01   1.490493e-01   9.122018e-01   5.531619e-01   6.727485e-01   5.074668e-01   7.640174e-01   5.458916e-01
   0.000000e+00   4.069138e-01   6.412703e-01   7.956929e-01   3.820023e-01   3.326778e-01   3.091956e-01   7.839008e-01   7.414149e-01   9.147105e-01   0.000000e+00   7.549550e-01   7.801251e-01   6.454076e-01   8.893398e-01
   0.000000e+00   6.270485e-01   1.068655e-02   0.000000e+00   6.552657e-01   5.766155e-03   0.000000e+00   8.237691e-01   5.207708e-01   9.451558e-01   0.000000e+00   1.000000e+00   7.667422e-02   9.726080e-01   6.982735e-01
   2.240654e-01   1.380449e-01   9.854713e-01   1.885618e-01   0.000000e+00   4.994520e-01   1.838015e-03   2.225045e-01   2.375818e-01   4.612228e-01   1.291034e-01   9.326175e-01   5.647304e-02   7.509110e-01   5.997581e-02
   3.417540e-02   2.596007e-01   1.632721e-01   2.887048e-01   5.154784e-01   3.549725e-01   4.865061e-01   6.687761e-01   5.120709e-01   7.906254e-01   7.928969e-02   4.200749e-01   3.682755e-02   8.736286e-01   8.888125e-01
   1.222805e-01   1.000000e+00   2.726200e-01   5.848431e-01   1.000000e+00   8.058458e-02   1.890348e-01   1.000000e+00   2.678806e-01   0.000000e+00   3.981694e-01   3.031493e-01   5.094763e-02   8.822466e-01   1.000000e+00
   4.131021e-01   1.385742e-01   1.085171e-01   4.601007e-01   3.261243e-01   0.000000e+00   5.255687e-01   9.845391e-01   1.369909e-01   5.108698e-01   0.000000e+00   6.014475e-01   2.223842e-01   7.395642e-01   5.570726e-01
   2.568495e-01   2.650209e-01   1.005129e-01   1.000000e+00   2.684336e-01   1.000000e+00   7.298448e-02   6.755406e-01   4.744509e-02   9.446894e-01   1.174825e-01   5.157853e-01   0.000000e+00   7.989096e-01   0.000000e+00
   3.678747e-01   3.108768e-01   4.770551e-01   2.530156e-01   2.161271e-01   3.034831e-01   4.164105e-01   5.989568e-01   3.995850e-01   3.664736e-01   4.233228e-01   1.000000e+00   1.265728e-01   0.000000e+00   0.000000e+00
   5.458167e-01   3.144361e-01   2.333146e-01   7.346478e-01   4.928504e-01   3.444219e-01   1.300904e-01   9.550492e-01   1.000000e+00   5.631945e-01   7.807673e-02   1.186035e-01   6.052059e-01   7.756778e-01   5.401017e-01
   1.413801e-02   4.381578e-01   1.000000e+00   8.987072e-01   2.858653e-01   1.696495e-02   9.562395e-01   8.857232e-01   0.000000e+00   9.173522e-01   1.518700e-02   1.000000e+00   4.766178e-01   1.000000e+00   8.221367e-01
   4.090620e-01   1.901979e-01   6.741097e-01   2.175039e-01   2.553101e-01   3.848212e-01   2.884935e-01   8.060990e-01   8.358166e-01   8.681671e-01   4.126400e-01   1.880873e-01   0.000000e+00   7.655178e-01   9.077692e-01
   2.427428e-02   3.162244e-03   4.651538e-01   3.470329e-02   8.727196e-01   1.889899e-01   2.734404e-01   1.000000e+00   1.882767e-01   7.954742e-01   2.624594e-01   1.000000e+00   9.651179e-02   8.070977e-01   9.528958e-01
   5.600953e-01   1.096470e-01   1.444291e-01   4.267190e-01   6.223347e-01   4.883122e-01   4.836791e-01   7.322491e-01   3.700406e-01   6.435645e-01   3.928533e-01   8.580233e-01   0.000000e+00   5.898890e-01   1.000000e+00
   6.497009e-01   3.032528e-01   3.897651e-01   9.386007e-02   1.000000e+00   1.515308e-01   0.000000e+00   7.502486e-01   2.636195e-01   5.718403e-01   3.115690e-02   7.954380e-01   7.021701e-01   6.730955e-01   4.125883e-01
   4.838879e-02   9.141559e-02   4.133314e-01   4.560459e-01   9.264891e-01   3.902781e-01   2.633239e-01   9.245142e-01   9.419229e-01   5.569920e-01   5.013326e-02   1.000000e+00   6.713022e-01   5.322598e-01   4.145554e-01
   4.081360e-02   5.521739e-02   5.567105e-01   1.372656e-02   6.333767e-01   2.578010e-01   3.078603e-01   9.997723e-01   5.703996e-01   4.551491e-01   0.000000e+00   1.000000e+00   7.701243e-01   8.431254e-01   1.000000e+00
   0.000000e+00   2.877825e-02   0.000000e+00   9.161302e-01   3.040910e-01   2.042980e-02   3.404693e-01   9.251025e-01   1.295747e-02   4.704285e-01   3.290104e-01   6.708090e-01   2.155558e-01   8.487982e-01   6.773287e-01
   1.900714e-02   1.427217e-01   1.670471e-01   8.219170e-01   9.322721e-03   2.766325e-01   3.989179e-01   4.719073e-01   0.000000e+00   2.525433e-01   1.679307e-01   1.058353e-01   5.570528e-01   6.666107e-01   9.870640e-01
   2.705980e-01   1.886677e-01   6.397261e-02   6.484782e-01   3.036817e-01   1.957382e-01   0.000000e+00   7.671358e-01   2.347870e-01   7.013873e-01   4.468246e-01   3.783719e-01   0.000000e+00   7.229445e-01   6.141773e-01
   2.283793e-01   9.799934e-02   7.694905e-02   1.170819e-01   8.665315e-01   5.182473e-01   3.997333e-01   8.123376e-01   7.806345e-01   1.895504e-01   3.534419e-01   0.000000e+00   7.401690e-01   1.000000e+00   8.004636e-01
   2.206263e-01   1.910540e-01   8.526698e-01   7.331137e-01   1.997406e-01   3.520148e-01   2.434551e-01   7.727521e-01   9.810216e-01   7.173062e-01   4.225904e-01   1.664681e-01   0.000000e+00   7.154561e-01   1.000000e+00
   3.880114e-01   6.414653e-01   4.429343e-02   9.741491e-01   1.787131e-01   0.000000e+00   2.899468e-02   7.789843e-01   7.550577e-01   6.155089e-01   1.848164e-01   1.000000e+00   4.503187e-01   1.000000e+00   1.000000e+00
   1.741948e-02   1.330016e-01   0.000000e+00   9.608148e-01   1.537802e-01   4.263664e-01   0.000000e+00   9.998349e-01   2.699523e-01   7.945043e-01   2.772339e-01   9.884689e-01   0.000000e+00   8.833515e-01   1.000000e+00
   7.677977e-02   4.556473e-01   1.900892e-01   7.467837e-01   4.233235e-01   5.052706e-01   1.147497e-01   6.962752e-01   5.207314e-01   6.163689e-01   1.797990e-01   2.121370e-01   6.313186e-01   9.198593e-01   4.500875e-01
   1.085763e-01   8.422917e-01   7.118655e-01   1.000000e+00   7.457849e-01   1.119885e-01   6.783869e-02   1.000000e+00   2.925178e-01   4.045214e-01   7.007637e-01   1.000000e+00   1.719352e-02   8.412765e-01   1.000000e+00
   6.865818e-02   0.000000e+00   2.681918e-02   5.390497e-01   5.740130e-01   2.315814e-01   0.000000e+00   7.462388e-01   6.845217e-01   7.824001e-01   1.000000e+00   5.161144e-01   1.087918e-01   7.826726e-01   1.000000e+00
   1.000000e+00   6.687351e-01   0.000000e+00   0.000000e+00   1.000000e+00   0.000000e+00   1.171770e-01   9.222754e-01   8.707570e-02   1.000000e+00   0.000000e+00   1.000000e+00   1.345559e-01   8.900167e-01   6.844296e-01
   3.793369e-01   1.979054e-01   9.113062e-02   2.883562e-01   2.525510e-02   5.084602e-01   7.554225e-01   3.871815e-01   2.988686e-01   5.319242e-01   1.088159e-01   4.474966e-01   0.000000e+00   7.604869e-01   5.531196e-01
   3.139785e-01   1.631489e-01   1.753018e-01   7.001752e-01   5.696122e-01   3.001230e-01   1.525597e-01   9.473491e-01   2.695927e-01   1.000000e+00   1.895941e-01   8.829936e-01   6.127574e-01   6.692529e-01   2.958505e-01
   2.670665e-01   2.686925e-01   1.524344e-01   3.839886e-01   4.237780e-01   6.513543e-01   4.561636e-02   7.739756e-01   3.326296e-01   6.766308e-01   1.701077e-01   4.100681e-01   1.211320e-01   7.725497e-01   1.095983e-02
   0.000000e+00   1.092727e-01   1.998127e-01   3.429460e-01   0.000000e+00   4.055135e-01   8.049337e-01   3.054012e-01   2.646874e-01   2.818497e-01   2.334808e-01   4.273939e-01   5.939789e-01   7.539429e-01   7.316562e-01
   8.848675e-02   3.873878e-01   1.576217e-01   6.726897e-01   7.960982e-01   1.000000e+00   5.323144e-01   7.746872e-01   1.994974e-01   9.343818e-01   2.169721e-01   6.583818e-01   6.316105e-02   1.000000e+00   3.867837e-01
   7.533419e-03   2.582681e-02   0.000000e+00   5.607238e-01   6.623773e-01   2.904179e-02   5.136467e-01   9.761168e-01   1.726040e-02   1.000000e+00   2.463739e-01   3.994317e-01   3.272452e-01   8.709053e-01   6.669380e-01
   4.607733e-01   0.000000e+00   4.463707e-01   7.133382e-02   2.548804e-01   4.760296e-01   1.729286e-01   1.000000e+00   6.707173e-01   4.803072e-01   9.214951e-04   2.153948e-01   3.631959e-01   1.000000e+00   4.893056e-01
   3.640057e-01   7.219566e-01   2.153849e-01   3.210900e-02   2.147750e-01   3.987217e-02   6.877313e-01   9.956526e-01   2.720100e-01   0.000000e+00   0.000000e+00   8.416792e-01   5.357199e-01   9.853606e-01   3.157510e-01
   0.000000e+00   2.399199e-01   1.276337e-03   8.603553e-01   2.464402e-02   0.000000e+00   6.634415e-01   9.746128e-01   6.799613e-03   1.226006e-01   6.197536e-02   9.489648e-01   3.875365e-01   4.552583e-01   4.552514e-01
   8.628251e-02   4.506673e-01   3.923542e-01   8.245882e-01   8.200928e-01   0.000000e+00   3.783786e-01   5.525667e-01   2.383564e-01   2.287739e-01   2.407014e-01   7.443875e-01   1.000000e+00   8.042227e-01   9.549696e-01
   3.168324e-01   4.980888e-01   3.433308e-01   4.097415e-01   9.621201e-02   2.869087e-01   4.553597e-01   8.756518e-01   0.000000e+00   1.000000e+00   4.401090e-01   4.144427e-01   1.000000e+00   9.269161e-01   5.876763e-01
   1.015182e-02   5.250598e-01   3.573761e-01   5.970546e-01   1.000000e+00   1.353963e-03   8.531033e-01   1.568072e-01   4.057190e-01   7.049967e-01   2.955358e-01   1.000000e+00   9.834369e-01   8.688557e-01   9.347354e-01
   2.590801e-01   6.558304e-01   1.576020e-01   0.000000e+00   6.683861e-01   1.000000e+00   3.697959e-01   0.000000e+00   3.293365e-01   2.167118e-01   2.761275e-01   5.680521e-01   9.176484e-01   7.811596e-01   9.688849e-01
   0.000000e+00   1.686446e-01   3.463800e-01   3.887276e-01   5.825557e-01   3.822303e-01   2.094601e-01   1.000000e+00   2.835841e-01   1.000000e+00   3.662345e-01   5.091165e-01   1.000000e+00   4.195754e-01   8.627677e-01
   4.857435e-01   1.086917e-01   3.726858e-01   3.118133e-01   1.818085e-01   2.904976e-01   3.892959e-01   4.540987e-01   2.442317e-01   7.231384e-01   3.051954e-01   6.382181e-01   8.907630e-01   9.942232e-01   5.316596e-01
   1.389914e-01   4.555256e-01   2.678898e-01   2.979607e-01   9.388354e-01   1.674138e-02   9.248966e-01   6.830150e-01   5.840289e-01   1.000000e+00   1.053167e-01   2.629711e-01   5.256865e-01   7.611671e-01   5.046927e-01
   2.127100e-01   7.628861e-02   5.174738e-01   0.000000e+00   7.964224e-01   6.393085e-01   7.589782e-02   9.845429e-01   6.118416e-01   2.600545e-01   5.071146e-01   2.272674e-01   5.882440e-01   1.000000e+00   9.214803e-01
   0.000000e+00   0.000000e+00   8.601416e-02   8.530224e-01   6.188907e-01   6.457263e-03   0.000000e+00   7.645246e-01   5.124633e-02   7.777047e-01   3.079779e-01   1.933447e-01   1.408391e-01   7.730899e-01   1.634648e-01
   1.000000e+00   4.352397e-01   3.669688e-01   0.000000e+00   9.260974e-01   8.800618e-02   1.517688e-01   1.000000e+00   0.000000e+00   7.561535e-01   0.000000e+00   1.000000e+00   1.146352e-03   8.283657e-01   9.895760e-01
   1.000000e+00   9.231241e-02   0.000000e+00   3.641256e-01   1.102433e-01   4.823788e-01   9.847257e-03   7.810738e-01   6.887444e-01   8.098321e-01   0.000000e+00   7.949406e-01   6.885423e-01   8.480794e-01   1.995770e-02
   1.050063e-01   2.396302e-02   8.195176e-02   1.000000e+00   4.786613e-02   4.865764e-01   2.676242e-02   7.280521e-01   7.790158e-01   0.000000e+00   0.000000e+00   9.036421e-01   2.229634e-01   1.000000e+00   0.000000e+00
   0.000000e+00   3.396071e-01   0.000000e+00   4.506355e-01   8.855698e-01   7.199466e-02   3.340833e-01   9.608213e-01   1.831602e-01   6.379088e-01   1.162949e-01   8.941483e-01   0.000000e+00   6.186644e-01   8.971870e-01
   8.692210e-02   2.040801e-01   1.169252e-01   2.590405e-01   7.302589e-01   3.927179e-01   0.000000e+00   9.620056e-01   2.763016e-01   1.000000e+00   3.043383e-01   6.442074e-01   4.936703e-01   5.733602e-01   5.765542e-01
   5.217528e-01   6.661821e-02   3.024799e-01   4.826677e-01   1.000000e+00   3.049810e-01   6.704608e-01   7.643695e-01   6.415377e-01   5.681312e-01   1.763445e-01   1.000000e+00   0.000000e+00   8.176289e-01   7.485343e-01
   3.656170e-02   3.156939e-01   0.000000e+00   4.975804e-01   5.710747e-01   3.719521e-01   9.091443e-01   7.761669e-01   1.473504e-01   6.926380e-01   2.011426e-02   3.778411e-01   4.867891e-01   7.834986e-01   1.000000e+00
   0.000000e+00   2.514314e-01   0.000000e+00   0.000000e+00   1.000000e+00   3.732618e-01   5.555723e-01   8.940974e-01   4.689771e-01   4.735678e-01   2.344036e-01   7.711970e-01   8.574130e-02   7.148757e-01   9.071732e-01
   1.000000e+00   2.270691e-01   6.564131e-03   2.767965e-02   7.176749e-01   2.597352e-01   2.858281e-03   2.527036e-01   2.500373e-01   1.000000e+00   3.032648e-01   5.798080e-01   5.031752e-01   9.577388e-01   6.072044e-01
   0.000000e+00   1.000000e+00   0.000000e+00   9.562278e-01   1.123836e-01   3.455928e-01   4.593840e-02   1.000000e+00   4.410698e-01   1.000000e+00   0.000000e+00   9.889595e-01   1.449061e-01   1.000000e+00   1.000000e+00
   0.000000e+00   1.122683e-01   0.000000e+00   9.764396e-01   5.926153e-01   3.687725e-01   9.270617e-02   9.913808e-01   0.000000e+00   4.050723e-01   3.169756e-01   7.431725e-01   6.063328e-01   6.625151e-01   0.000000e+00
