   0.000000e+00   0.000000e+00   2.777362e-03   1.000000e+00   8.464342e-01   1.000000e+00   9.573338e-01   9.372230e-01   9.440885e-01   9.421754e-01   9.412096e-01   9.439529e-01   1.000000e+00   9.548879e-01   8.757174e-01
   1.000000e+00   1.000000e+00   0.000000e+00   1.000000e+00   1.000000e+00   1.000000e+00   9.958583e-01   9.997785e-01   9.858327e-01   1.000000e+00   1.000000e+00   9.904589e-01   9.944335e-01   1.000000e+00   9.969224e-01
   0.000000e+00   0.000000e+00   1.000000e+00   8.877747e-01   6.234677e-01   9.992240e-01   9.906992e-01   9.997125e-01   9.985831e-01   1.000000e+00   1.000000e+00   1.000000e+00   9.881623e-01   9.945995e-01   9.955987e-01
   1.000000e+00   1.000000e+00   1.000000e+00   1.000000e+00   1.000000e+00   9.999874e-01   9.985776e-01   9.995363e-01   9.873507e-01   9.920588e-01   1.000000e+00   9.923708e-01   9.970358e-01   1.000000e+00   1.000000e+00
   1.000000e+00   0.000000e+00   4.746592e-01   1.000000e+00   4.092534e-01   9.099348e-01   5.469914e-01   0.000000e+00   0.000000e+00   0.000000e+00   0.000000e+00   0.000000e+00   3.964866e-07   0.000000e+00   0.000000e+00
   0.000000e+00   0.000000e+00   0.000000e+00   0.000000e+00   1.000000e+00   1.000000e+00   8.378063e-01   8.715895e-01   1.000000e+00   9.352412e-01   1.000000e+00   9.090992e-01   1.000000e+00   8.597190e-01   8.635324e-01
   1.000000e+00   1.000000e+00   1.000000e+00   1.000000e+00   0.000000e+00   1.000000e+00   9.947461e-01   9.995455e-01   9.868208e-01   9.927602e-01   1.000000e+00   9.938975e-01   1.000000e+00   9.886730e-01   9.990364e-01
   1.000000e+00   1.000000e+00   1.000000e+00   0.000000e+00   6.041341e-01   9.993724e-01   1.000000e+00   9.996841e-01   9.904688e-01   9.968428e-01   1.000000e+00   9.963759e-01   9.976282e-01   1.000000e+00   1.000000e+00
   0.000000e+00   9.999999e-01   1.000000e+00   7.533345e-01   6.428772e-01   9.997369e-01   1.000000e+00   9.997645e-01   9.905679e-01   9.979475e-01   1.000000e+00   1.000000e+00   1.000000e+00   1.000000e+00   9.991557e-01
   0.000000e+00   6.712181e-03   0.000000e+00   1.614495e-03   0.000000e+00   8.976628e-01   1.000000e+00   1.000000e+00   1.000000e+00   1.000000e+00   8.974575e-01   9.144906e-01   8.800548e-01   1.000000e+00   1.000000e+00
   2.649395e-03   1.051291e-01   0.000000e+00   1.367523e-02   7.862918e-01   9.750197e-01   9.280391e-01   8.489760e-01   1.000000e+00   9.315532e-01   9.315976e-01   7.208307e-01   9.220603e-01   5.245997e-01   6.032276e-01
   1.000000e+00   4.712830e-01   5.222976e-01   0.000000e+00   2.668294e-03   9.090139e-01   8.817289e-01   0.000000e+00   3.063697e-01   4.223754e-01   9.490134e-01   8.714695e-01   1.000000e+00   8.898076e-01   9.453139e-01
   1.261945e-01   1.120944e-02   9.776810e-02   2.275701e-01   8.794738e-01   1.000000e+00   6.244321e-01   7.528612e-01   1.009144e-01   9.542592e-01   1.000000e+00   7.062089e-01   7.796770e-01   1.000000e+00   1.000000e+00
   1.000000e+00   1.000000e+00   3.857392e-01   1.000000e+00   1.000000e+00   1.000000e+00   5.941121e-01   2.865253e-01   0.000000e+00   3.188578e-03   1.101721e-01   0.000000e+00   0.000000e+00   0.000000e+00   0.000000e+00
   1.324256e-02   1.301935e-01   5.211775e-02   0.000000e+00   8.800636e-01   1.000000e+00   6.148928e-01   9.137167e-01   9.739688e-01   9.523644e-01   8.680226e-01   9.120427e-01   9.915286e-01   9.233294e-01   8.857481e-01
   1.000000e+00   1.026719e-01   4.142905e-01   9.343400e-01   1.000000e+00   1.000000e+00   4.028957e-01   0.000000e+00   0.000000e+00   0.000000e+00   1.315551e-03   0.000000e+00   3.833601e-07   1.800758e-01   0.000000e+00
   1.850506e-02   2.007433e-01   8.302995e-01   7.578656e-03   0.000000e+00   7.935237e-01   1.000000e+00   9.337150e-01   6.108942e-01   5.536815e-01   9.253181e-01   1.000000e+00   8.991655e-01   9.744222e-01   6.138680e-01
   4.284676e-02   5.954743e-03   4.454728e-01   2.845997e-01   8.634504e-01   6.916199e-01   1.890437e-01   8.533618e-01   9.148170e-01   7.957512e-01   9.648087e-01   7.555832e-01   7.060187e-01   9.604515e-01   5.744397e-01
   2.943932e-02   3.305819e-02   7.508653e-04   2.916734e-01   6.621706e-01   8.828590e-01   1.000000e+00   1.012711e-01   1.000000e+00   1.000000e+00   8.857759e-01   3.727052e-01   3.519651e-01   9.515726e-01   1.000000e+00
   6.391329e-02   0.000000e+00   1.691063e-01   1.851755e-01   7.022781e-01   7.660119e-01   2.237400e-01   8.337794e-01   7.737814e-01   8.560745e-01   1.000000e+00   9.601503e-01   7.964462e-01   5.775569e-01   1.000000e+00
   6.896022e-03   1.938058e-01   6.300748e-02   2.584017e-01   8.797197e-01   1.000000e+00   5.394533e-01   8.704173e-01   1.000000e+00   6.599499e-01   8.951793e-01   1.000000e+00   9.961549e-01   9.299180e-01   7.638881e-01
   6.251261e-01   7.587148e-04   3.730629e-01   1.000000e+00   7.895481e-01   6.907088e-01   7.117804e-01   0.000000e+00   0.000000e+00   0.000000e+00   0.000000e+00   0.000000e+00   5.366787e-07   0.000000e+00   0.000000e+00
   1.779036e-03   7.062085e-02   6.875637e-02   6.256084e-01   2.872092e-01   6.832752e-01   9.915690e-01   1.000000e+00   7.353717e-01   6.568124e-01   9.303853e-01   6.795063e-01   9.270769e-01   5.730003e-01   2.625533e-01
   1.477642e-01   7.319855e-01   6.601937e-01   0.000000e+00   7.328928e-01   1.384312e-01   9.616087e-01   9.389732e-01   9.446494e-01   7.083725e-01   1.000000e+00   9.678267e-01   9.855127e-01   1.000000e+00   7.771634e-01
   0.000000e+00   8.793861e-02   7.950885e-02   6.792151e-01   2.116660e-01   8.942478e-01   1.000000e+00   6.738268e-01   9.999466e-01   1.000000e+00   9.780396e-01   8.396426e-01   9.823792e-01   9.938502e-01   9.959101e-01
   3.336865e-02   1.297374e-01   0.000000e+00   1.504386e-01   1.868941e-01   1.000000e+00   8.274849e-01   8.346577e-01   1.000000e+00   8.785943e-01   5.755056e-01   9.905174e-01   1.000000e+00   8.197290e-01   6.065438e-01
   4.778711e-02   4.888362e-01   0.000000e+00   1.895448e-01   1.747556e-01   9.981185e-01   8.915615e-01   8.715708e-01   9.753521e-01   9.136879e-01   9.653915e-01   9.125707e-01   8.697399e-01   8.043735e-01   7.470284e-01
   3.990877e-03   3.084833e-01   7.188402e-01   0.000000e+00   1.628043e-01   9.550338e-01   9.833797e-01   6.981030e-01   8.903371e-01   2.893233e-01   1.000000e+00   6.962206e-01   1.000000e+00   9.568132e-01   1.000000e+00
   6.890693e-02   5.536289e-02   2.959592e-01   0.000000e+00   6.947660e-01   1.000000e+00   3.975653e-01   8.462906e-01   9.998136e-01   1.000000e+00   9.725760e-01   1.000000e+00   9.133950e-01   1.000000e+00   8.765416e-01
   7.559201e-02   5.325080e-01   0.000000e+00   3.732148e-01   3.902186e-03   6.630279e-01   5.395037e-01   9.225616e-01   3.743163e-01   3.833033e-01   9.854732e-01   8.733373e-01   1.000000e+00   1.000000e+00   8.160887e-01
   1.000000e+00   4.671543e-02   1.485683e-01   0.000000e+00   6.557644e-01   6.676227e-01   9.155521e-02   8.946303e-01   6.000526e-01   1.000000e+00   1.000000e+00   7.954297e-01   5.941224e-01   7.390760e-01   3.783065e-01
   4.357758e-02   1.824017e-01   2.041061e-01   1.000000e+00   2.359414e-01   8.655963e-01   1.000000e+00   7.115538e-03   2.629125e-01   2.549812e-01   9.302041e-01   3.596498e-01   9.699857e-01   1.000000e+00   5.484283e-01
   1.552878e-01   2.039725e-02   6.244691e-03   3.840912e-01   6.691360e-01   9.929310e-01   6.596558e-01   1.097810e-01   8.421272e-01   4.475167e-01   1.000000e+00   5.010961e-01   9.485721e-01   7.242739e-01   9.083153e-01
   1.354279e-01   3.613406e-01   1.923645e-01   1.000000e+00   7.318561e-01   9.435783e-01   3.267692e-01   5.553526e-01   9.142217e-01   7.569734e-01   9.706939e-01   9.936842e-01   8.414696e-01   1.000000e+00   9.334634e-01
   5.499282e-02   2.987744e-01   1.468670e-01   0.000000e+00   1.000000e+00   9.923420e-01   9.336086e-01   7.699339e-01   1.000000e+00   7.879504e-01   9.011867e-01   4.693186e-01   5.765716e-01   1.578617e-01   1.200493e-01
   1.237556e-01   1.830126e-02   3.596208e-01   1.919789e-02   6.736348e-01   1.000000e+00   7.810977e-01   9.123752e-01   6.545985e-01   1.000000e+00   9.691786e-01   9.330556e-01   6.404868e-01   6.982582e-02   8.036041e-01
   0.000000e+00   0.000000e+00   6.607535e-01   2.943310e-02   7.575580e-01   8.608714e-01   7.738564e-01   9.158988e-01   8.716768e-03   8.435082e-01   9.893551e-01   8.814011e-01   5.898983e-01   4.307060e-01   8.261410e-01
   7.446792e-02   3.463611e-01   0.000000e+00   1.481543e-01   1.422417e-01   7.354192e-01   6.626692e-01   5.090307e-01   9.151634e-01   6.040332e-02   9.904593e-01   7.008865e-01   8.096591e-01   3.891695e-01   3.234120e-01
   8.667465e-02   1.154223e-01   3.991654e-01   6.391327e-01   0.000000e+00   7.566187e-01   8.278316e-01   9.010369e-01   9.877894e-01   7.693794e-01   8.332865e-01   1.000000e+00   9.429424e-01   1.000000e+00   7.916199e-01
   1.961617e-02   8.425649e-02   9.255265e-02   1.155493e-01   2.665662e-01   1.000000e+00   9.824869e-01   1.000000e+00   6.223559e-01   3.135706e-01   8.998439e-01   9.962448e-01   9.538839e-01   9.306977e-01   9.837528e-01
   1.206858e-01   1.266257e-02   3.788179e-02   4.446837e-01   8.882243e-01   1.000000e+00   4.136602e-01   9.508936e-01   1.251930e-01   9.595041e-01   9.966180e-01   7.519359e-01   9.688384e-01   9.514504e-01   9.282494e-01
   0.000000e+00   2.047392e-02   7.162888e-02   7.398015e-02   0.000000e+00   1.000000e+00   9.777508e-01   9.924076e-01   9.199452e-01   8.519414e-01   1.000000e+00   1.000000e+00   9.927933e-01   9.540742e-01   8.005041e-01
   8.244858e-02   1.056591e-02   3.237390e-01   9.026849e-02   6.038762e-01   1.000000e+00   7.460889e-01   9.433844e-01   4.183604e-01   5.424348e-01   9.736250e-01   9.092724e-01   8.083517e-01   9.117537e-01   8.669922e-01
   1.764478e-01   3.208595e-01   3.452975e-01   5.239260e-02   7.721309e-01   1.000000e+00   8.818631e-01   8.245579e-01   8.793337e-01   4.003080e-01   9.798235e-01   8.810820e-01   9.422600e-01   5.081399e-01   8.002692e-01
   1.249937e-01   6.684964e-01   6.415326e-01   0.000000e+00   1.585106e-01   9.992928e-01   9.609037e-01   1.000000e+00   8.370286e-01   7.506150e-01   1.000000e+00   9.773990e-01   9.815493e-01   1.000000e+00   7.653131e-01
   1.000000e+00   0.000000e+00   0.000000e+00   5.610685e-02   1.000000e+00   1.000000e+00   2.864893e-01   5.493798e-02   1.000000e+00   0.000000e+00   8.572696e-02   1.000000e+00   6.430593e-01   7.388112e-01   3.955908e-01
   1.000000e+00   2.083338e-01   6.041265e-01   0.000000e+00   1.000000e+00   1.000000e+00   1.000000e+00   5.796394e-01   8.751904e-01   0.000000e+00   8.206124e-03   0.000000e+00   5.277242e-07   9.183953e-01   0.000000e+00
   5.288720e-02   1.912541e-01   4.452690e-01   1.000000e+00   9.385049e-01   8.063365e-01   1.000000e+00   6.946436e-01   9.034994e-01   4.685017e-01   9.049144e-01   9.597340e-01   7.079277e-01   9.666999e-01   7.619631e-01
   1.603842e-01   4.602714e-01   0.000000e+00   1.585910e-01   9.545693e-01   8.458962e-01   1.000000e+00   9.137137e-01   9.511382e-01   2.688124e-01   9.165463e-01   1.000000e+00   9.447370e-01   3.062903e-01   7.881824e-01
   0.000000e+00   0.000000e+00   6.573122e-01   0.000000e+00   5.264612e-01   5.987480e-01   9.131274e-01   7.552968e-01   4.020113e-01   5.872057e-01   0.000000e+00   6.051999e-01   8.960415e-01   2.844883e-01   8.104310e-01
   1.324555e-01   3.009776e-01   6.546363e-01   3.246384e-03   1.000000e+00   9.248252e-01   8.177686e-01   9.043605e-02   1.000000e+00   0.000000e+00   8.450804e-01   7.223078e-01   9.593322e-01   5.250904e-01   8.785323e-01
   0.000000e+00   7.146824e-01   2.903621e-03   4.104613e-02   1.000000e+00   8.307769e-01   9.660194e-01   1.000000e+00   6.421000e-01   1.000000e+00   1.000000e+00   9.386733e-01   1.000000e+00   8.112784e-01   8.163203e-01
   6.614626e-02   0.000000e+00   3.596810e-01   6.276679e-01   6.641122e-01   4.605172e-01   9.532727e-01   4.968395e-01   8.333995e-01   1.000000e+00   7.038899e-01   9.790816e-01   1.000000e+00   1.745880e-01   1.000000e+00
   1.825534e-01   5.412312e-01   4.416829e-01   0.000000e+00   9.538862e-01   2.167696e-01   1.000000e+00   1.000000e+00   8.930232e-01   2.742108e-01   1.000000e+00   3.621697e-01   4.398406e-01   0.000000e+00   1.000000e+00
   1.230231e-01   4.711261e-01   1.358787e-02   3.815391e-01   6.931963e-01   8.343970e-01   8.795866e-01   5.557194e-01   6.854269e-01   3.630482e-01   9.505150e-01   2.928823e-01   6.521258e-01   9.792885e-01   9.075125e-01
   2.995962e-02   1.569996e-01   2.431895e-01   1.235647e-02   2.432871e-01   9.921776e-01   1.000000e+00   5.902932e-01   8.290938e-01   3.353149e-01   8.953467e-01   9.436442e-01   9.003106e-01   7.122124e-01   1.000000e+00
   4.139336e-02   2.314616e-01   5.038771e-03   0.000000e+00   2.113989e-01   9.826621e-01   9.012807e-01   1.624114e-02   6.385918e-01   6.760241e-01   1.000000e+00   4.285352e-01   8.857267e-01   6.476524e-01   8.774218e-01
   1.000000e+00   1.207964e-01   4.886292e-01   9.740078e-01   3.065504e-01   1.000000e+00   0.000000e+00   0.000000e+00   0.000000e+00   0.000000e+00   0.000000e+00   0.000000e+00   7.455801e-01   0.000000e+00   5.312881e-01
   9.376296e-02   5.884811e-02   2.839878e-01   2.258070e-01   0.000000e+00   5.765271e-01   1.366579e-02   9.145938e-01   9.568331e-01   7.460635e-01   7.692947e-01   7.559004e-01   6.933752e-01   1.000000e+00   8.670045e-01
   7.177476e-02   1.094946e-01   6.311079e-01   1.983079e-01   2.631972e-01   6.871400e-01   0.000000e+00   6.941877e-01   7.289143e-01   1.000000e+00   0.000000e+00   1.000000e+00   6.964153e-01   0.000000e+00   1.000000e+00
   0.000000e+00   4.548383e-01   4.725578e-01   1.860977e-01   9.639310e-01   9.237673e-01   5.544641e-01   1.000000e+00   0.000000e+00   3.402238e-02   0.000000e+00   3.536941e-01   4.843406e-01   5.119745e-01   0.000000e+00
   6.403664e-02   1.725527e-01   5.459207e-03   2.381251e-02   1.695696e-01   9.800249e-01   9.096691e-01   8.718731e-01   9.972704e-01   8.873637e-01   9.532188e-01   9.255457e-01   9.182064e-01   7.141515e-01   8.842153e-01
   6.030818e-02   0.000000e+00   8.573658e-01   2.139297e-01   4.100788e-01   9.385627e-01   9.968896e-01   5.878330e-01   1.000000e+00   9.006306e-01   4.495191e-01   9.116581e-01   1.000000e+00   9.138465e-01   3.339387e-01
   6.070895e-02   3.415880e-02   4.937396e-02   3.980716e-01   5.765573e-01   9.880937e-01   4.918814e-01   3.579714e-01   8.521154e-01   7.020397e-01   7.923529e-01   9.056277e-01   9.512862e-01   7.307709e-01   8.390504e-01
   4.773006e-02   2.356445e-01   0.000000e+00   5.220004e-01   5.400244e-01   9.632171e-01   8.920705e-01   0.000000e+00   6.942698e-01   4.438327e-01   7.882991e-01   7.788344e-01   8.937830e-01   6.430030e-01   1.000000e+00
   1.059442e-01   1.858983e-01   5.803174e-01   6.836994e-01   7.303917e-01   9.827688e-01   7.022734e-01   8.724666e-01   1.000000e+00   9.732506e-01   9.374363e-01   8.904643e-01   1.000000e+00   7.434469e-01   6.448131e-01
   0.000000e+00   8.793525e-02   4.127233e-01   7.275530e-01   0.000000e+00   8.478851e-01   7.951483e-01   9.339955e-01   4.161409e-01   5.461012e-01   9.723112e-01   9.058598e-01   8.229016e-01   9.790684e-01   8.130031e-01
   1.414401e-02   1.509446e-01   1.672372e-01   3.444179e-01   1.356990e-02   5.887703e-01   1.000000e+00   6.784100e-01   6.693402e-01   9.395280e-01   0.000000e+00   5.674181e-01   7.135989e-01   1.000000e+00   1.000000e+00
   1.820936e-01   6.868707e-01   7.008079e-01   0.000000e+00   3.828593e-01   9.994869e-01   9.731248e-01   8.873624e-01   8.716166e-01   8.062629e-01   6.768375e-01   9.753243e-01   1.000000e+00   9.966983e-01   7.943667e-01
   5.508655e-03   0.000000e+00   6.266368e-02   7.828864e-01   8.376838e-01   1.000000e+00   1.000000e+00   7.391906e-01   9.198099e-01   9.369306e-01   9.582578e-01   8.982259e-01   8.108386e-01   1.000000e+00   9.474680e-01
   0.000000e+00   6.096844e-01   8.005122e-01   0.000000e+00   4.912194e-01   9.999901e-01   1.000000e+00   9.772946e-01   1.000000e+00   5.488701e-01   8.925225e-01   1.000000e+00   1.000000e+00   1.000000e+00   7.242740e-01
   0.000000e+00   5.619658e-01   0.000000e+00   0.000000e+00   2.263872e-01   9.933466e-01   9.136009e-01   9.668867e-01   9.924484e-01   9.011859e-01   9.919748e-01   9.066323e-01   9.940101e-01   8.613789e-01   8.628309e-01
   1.147119e-01   0.000000e+00   3.412621e-01   1.144010e-01   5.188093e-01   7.775965e-01   8.934012e-01   3.219224e-01   6.397396e-01   6.619877e-01   9.019445e-01   1.000000e+00   1.000000e+00   1.000000e+00   7.553395e-01
   4.009610e-02   2.150173e-01   5.851611e-01   6.262782e-02   8.560541e-01   8.893158e-01   8.746217e-01   8.280816e-01   2.334520e-01   2.438162e-01   1.000000e+00   8.294275e-01   8.916716e-01   8.690201e-01   8.228061e-01
   3.055711e-02   1.824795e-01   0.000000e+00   0.000000e+00   6.413530e-01   1.000000e+00   9.564298e-01   6.482649e-01   7.470295e-01   2.671589e-01   9.053443e-01   9.932793e-01   9.543922e-01   1.000000e+00   1.000000e+00
   5.430164e-02   8.275575e-02   5.545327e-03   1.000000e+00   8.074987e-01   9.369933e-01   5.927023e-01   9.986506e-01   9.634843e-01   1.921270e-01   0.000000e+00   1.000000e+00   7.712324e-01   4.760293e-01   1.000000e+00
   3.916551e-02   4.120774e-02   6.695816e-01   2.028527e-01   7.613034e-01   6.367702e-01   7.551475e-01   8.990703e-01   1.000000e+00   9.626309e-01   1.000000e+00   8.640979e-01   1.000000e+00   8.621136e-01   1.000000e+00
   1.415228e-01   5.291219e-02   0.000000e+00   8.044231e-01   1.000000e+00   9.434956e-01   7.088077e-01   9.992612e-01   9.138435e-01   9.512579e-01   9.525586e-01   8.387022e-01   8.659429e-01   5.385129e-01   9.097768e-01
   1.007490e-01   4.839246e-02   8.679592e-03   1.000000e+00   1.000000e+00   9.735261e-01   1.000000e+00   8.211746e-01   8.785215e-01   1.000000e+00   9.809550e-01   8.678136e-01   9.947016e-01   9.851877e-01   9.327013e-01
   0.000000e+00   7.551019e-01   9.189721e-01   8.034303e-01   6.790301e-01   9.997467e-01   9.869605e-01   7.370934e-01   2.821090e-01   8.071958e-01   1.000000e+00   1.000000e+00   1.000000e+00   7.622682e-01   1.000000e+00
   1.000000e+00   8.147173e-04   4.752687e-01   9.991498e-01   8.525854e-01   9.099451e-01   8.310200e-01   0.000000e+00   0.000000e+00   0.000000e+00   0.000000e+00   0.000000e+00   4.126324e-07   0.000000e+00   0.000000e+00
   1.678105e-01   2.266511e-01   3.185620e-03   3.755097e-01   2.086757e-01   8.053104e-01   8.710006e-01   5.487955e-01   1.000000e+00   2.965581e-01   1.000000e+00   2.166691e-01   9.368124e-01   9.339727e-01   8.698956e-01
   6.915542e-02   4.091339e-01   2.653504e-01   0.000000e+00   1.930151e-01   8.015485e-01   7.922790e-01   1.000000e+00   1.000000e+00   8.469300e-01   9.675618e-01   1.000000e+00   8.250927e-01   7.030757e-01   5.551333e-01
   0.000000e+00   6.149534e-01   2.209962e-01   1.000000e+00   1.000000e+00   1.000000e+00   8.859666e-01   1.000000e+00   8.688310e-01   1.000000e+00   2.331253e-01   1.000000e+00   8.847761e-01   5.648305e-01   4.902288e-01
   1.796753e-01   4.782418e-01   1.813748e-01   1.485162e-02   1.501088e-01   9.997375e-01   1.000000e+00   1.000000e+00   3.486616e-01   7.479195e-01   7.948133e-01   9.508693e-01   9.634430e-01   9.644980e-01   7.337587e-01
   1.443390e-01   7.238407e-01   4.350808e-01   0.000000e+00   9.460238e-01   0.000000e+00   7.414566e-01   9.641296e-01   6.755844e-01   9.153282e-01   8.249273e-01   1.251061e-01   1.000000e+00   9.326846e-01   3.606977e-01
   1.329179e-01   6.771698e-02   0.000000e+00   9.384536e-01   2.514806e-01   9.140375e-01   4.718389e-01   2.622928e-01   1.000000e+00   7.308534e-01   9.773024e-01   1.000000e+00   9.640000e-01   7.782698e-01   9.025714e-01
   1.740420e-01   1.951586e-02   4.483932e-01   2.792420e-01   1.000000e+00   9.196375e-01   1.000000e+00   6.785467e-01   1.000000e+00   3.783735e-01   2.077229e-01   0.000000e+00   0.000000e+00   1.000000e+00   5.869034e-01
   1.441943e-01   4.302295e-01   2.754811e-01   0.000000e+00   2.464714e-01   8.507477e-01   8.228669e-01   1.000000e+00   8.846901e-01   6.968012e-01   4.181458e-01   5.087743e-01   6.844061e-01   2.697718e-01   8.159086e-01
   5.371221e-02   2.355769e-01   3.212957e-01   4.422272e-01   5.837330e-01   9.331727e-01   8.951457e-01   7.090944e-01   6.984412e-01   9.804047e-01   6.666436e-01   9.952779e-01   8.264751e-01   6.315151e-01   2.297317e-01
   0.000000e+00   8.545727e-02   0.000000e+00   0.000000e+00   1.000000e+00   1.000000e+00   5.900415e-01   0.000000e+00   1.000000e+00   2.880434e-01   1.000000e+00   9.638178e-01   7.755465e-01   9.800246e-01   2.538967e-01
   6.879389e-02   0.000000e+00   0.000000e+00   5.291069e-01   4.210793e-01   9.632901e-01   1.000000e+00   1.000000e+00   7.510430e-01   9.424577e-01   9.707803e-01   3.868634e-01   8.673879e-01   1.000000e+00   0.000000e+00
   1.573389e-01   5.569839e-01   0.000000e+00   9.819087e-02   9.434906e-02   9.999333e-01   9.925545e-01   1.737171e-01   9.710866e-01   1.000000e+00   8.147160e-01   9.456479e-01   9.229713e-01   9.469766e-01   8.735533e-01
   2.371821e-02   5.119238e-02   2.647122e-02   8.809926e-01   6.830777e-01   9.356391e-01   6.632458e-01   8.396603e-01   9.481417e-01   7.639494e-01   1.000000e+00   1.000000e+00   8.124380e-01   7.296198e-01   8.784938e-01
   8.267876e-02   2.493389e-01   5.669198e-01   0.000000e+00   1.000000e+00   8.947099e-01   9.577665e-01   4.290970e-01   1.000000e+00   2.230328e-01   8.010316e-01   6.958969e-01   8.920269e-01   7.208134e-01   1.000000e+00
   3.105087e-02   3.654553e-02   2.869734e-02   9.570159e-01   5.481130e-01   1.000000e+00   5.600745e-01   3.496142e-01   7.646208e-01   6.688411e-01   7.072443e-01   1.000000e+00   1.000000e+00   9.383194e-01   8.132651e-01
   9.546139e-02   3.022936e-01   6.927330e-01   5.741687e-01   6.635930e-01   9.996810e-01   4.720186e-01   9.964637e-01   4.949272e-01   1.000000e+00   1.000000e+00   9.691202e-01   7.422995e-01   1.000000e+00   9.992823e-01
   0.000000e+00   2.354852e-01   1.900856e-01   6.371406e-01   0.000000e+00   8.094727e-01   1.000000e+00   8.726980e-01   1.000000e+00   5.195304e-01   9.648388e-01   9.039183e-01   1.000000e+00   1.000000e+00   1.000000e+00
   4.601120e-02   3.610808e-01   0.000000e+00   2.878493e-01   5.195481e-01   7.130119e-01   5.271218e-01   4.308493e-01   7.789931e-01   8.593905e-01   9.765807e-01   1.000000e+00   6.470970e-01   9.053817e-01   4.810811e-01
   1.670940e-01   4.174174e-01   0.000000e+00   9.384566e-01   1.000000e+00   9.128228e-01   5.571232e-01   1.714614e-01   9.896519e-01   9.638364e-01   9.795886e-01   1.000000e+00   9.548121e-01   7.037470e-01   8.681953e-01
   1.000000e+00   8.109900e-02   4.523951e-03   1.000000e+00   8.709065e-01   1.000000e+00   0.000000e+00   6.202996e-01   3.530173e-01   0.000000e+00   7.212440e-02   7.937326e-01   3.453732e-02   0.000000e+00   0.000000e+00
   1.096399e-01   3.590997e-01   0.000000e+00   3.059224e-01   6.486481e-01   8.116831e-01   8.976383e-01   1.000000e+00   7.449348e-01   1.000000e+00   9.465388e-01   2.656597e-01   6.647494e-01   1.000000e+00   8.993844e-01
   0.000000e+00   0.000000e+00   8.202752e-01   8.954884e-01   6.369492e-01   1.000000e+00   9.145662e-01   8.612023e-01   0.000000e+00   5.163894e-01   1.000000e+00   3.044543e-01   9.824441e-01   2.706873e-01   9.002741e-01
   6.346542e-03   1.004581e-01   0.000000e+00   4.456688e-01   9.876273e-01   1.000000e+00   5.332539e-01   7.701996e-01   7.893436e-01   1.000000e+00   6.659944e-01   8.100938e-01   9.909027e-01   9.931708e-01   8.097923e-01
   0.000000e+00   3.647864e-01   7.194843e-01   0.000000e+00   5.273723e-01   1.000000e+00   9.891712e-01   7.146235e-01   6.390408e-01   3.581183e-01   9.007589e-01   1.000000e+00   1.000000e+00   8.703418e-01   7.591872e-01
   2.924586e-02   3.246156e-01   9.424397e-01   1.581355e-01   1.000000e+00   9.999879e-01   9.603882e-01   7.677864e-01   7.339379e-01   1.000000e+00   9.678787e-01   9.946185e-01   9.575069e-01   7.036512e-01   1.000000e+00
   1.821936e-03   3.815621e-01   0.000000e+00   5.650238e-01   1.000000e+00   8.216082e-01   1.000000e+00   7.834578e-01   0.000000e+00   9.899427e-01   7.491030e-01   8.736354e-01   1.000000e+00   1.000000e+00   8.963672e-01
   1.844362e-01   9.087166e-01   0.000000e+00   7.407900e-03   8.327519e-01   9.456405e-01   9.078593e-01   9.810146e-01   8.400054e-01   1.000000e+00   9.442374e-01   8.242703e-01   9.623173e-01   9.435786e-01   7.676141e-01
   0.000000e+00   1.863716e-01   0.000000e+00   5.137514e-01   3.442356e-01   1.000000e+00   1.000000e+00   1.023202e-01   7.706308e-01   0.000000e+00   0.000000e+00   1.000000e+00   9.296837e-01   6.863394e-01   4.266964e-01
   4.170475e-02   1.017431e-01   0.000000e+00   4.428067e-04   1.000000e+00   1.000000e+00   9.634435e-01   8.618789e-01   1.000000e+00   1.522907e-01   9.294663e-01   7.043443e-01   8.913911e-01   9.515532e-01   7.495740e-01
   3.407702e-02   3.803396e-01   4.817540e-01   1.145603e-02   4.244248e-01   9.878472e-01   8.660148e-01   9.962035e-01   8.072174e-01   9.101671e-01   9.586311e-01   9.821252e-01   1.000000e+00   8.722809e-01   6.126439e-01
   4.025945e-02   1.723060e-01   1.915657e-01   1.000000e+00   9.559189e-01   7.123178e-01   8.798847e-01   9.460945e-01   1.000000e+00   3.998930e-01   8.644465e-01   9.097812e-01   8.644553e-01   9.632794e-01   8.414636e-01
   1.367753e-01   4.321079e-01   3.441814e-01   3.738162e-02   9.304521e-01   1.000000e+00   0.000000e+00   9.534861e-01   8.985151e-01   9.033519e-01   9.690816e-01   9.717163e-01   8.443869e-01   1.000000e+00   9.678418e-01
   8.842525e-02   6.162290e-02   0.000000e+00   0.000000e+00   1.715827e-01   8.140842e-01   9.671388e-01   9.297219e-01   9.927655e-01   7.308557e-02   9.348399e-01   9.390559e-01   1.000000e+00   9.281514e-01   7.878128e-01
   3.568276e-02   2.573771e-01   1.176322e-01   0.000000e+00   6.802217e-02   9.168865e-01   1.000000e+00   6.794504e-01   8.841043e-01   8.948369e-01   9.729617e-01   4.045357e-01   7.174677e-01   1.000000e+00   4.105293e-01
   0.000000e+00   1.270366e-01   1.403303e-01   2.042765e-01   0.000000e+00   9.446245e-01   2.669281e-01   7.982031e-01   7.207262e-01   9.864252e-01   3.701880e-01   8.711665e-01   7.227653e-01   9.903976e-01   9.689629e-01
   1.000000e+00   5.931190e-01   5.194721e-01   1.000000e+00   1.000000e+00   1.000000e+00   4.307822e-01   3.095660e-01   4.705894e-01   0.000000e+00   1.000000e+00   0.000000e+00   0.000000e+00   0.000000e+00   0.000000e+00
   1.000000e+00   5.274498e-01   4.208282e-01   9.930054e-01   0.000000e+00   6.506488e-01   1.769431e-02   0.000000e+00   0.000000e+00   0.000000e+00   0.000000e+00   8.952245e-02   0.000000e+00   6.632266e-03   0.000000e+00
   1.051659e-01   2.077697e-01   5.748177e-01   9.088517e-01   7.134405e-01   9.338940e-01   1.000000e+00   8.693626e-01   0.000000e+00   9.652945e-01   9.511752e-01   8.570408e-01   1.000000e+00   5.372242e-01   9.145559e-01
   0.000000e+00   0.000000e+00   2.184511e-03   1.339889e-01   7.471704e-01   9.725292e-01   9.253537e-01   9.779236e-02   9.568209e-01   9.395084e-01   9.098376e-01   5.741299e-01   3.584897e-01   9.527171e-01   8.199141e-01
   0.000000e+00   9.143464e-01   6.681425e-02   1.000000e+00   3.380531e-01   9.805102e-01   9.600552e-01   9.912874e-01   9.987846e-01   3.623995e-01   8.012407e-01   1.000000e+00   8.715077e-01   6.013256e-01   9.789113e-01
   7.405421e-02   0.000000e+00   3.805589e-01   2.189654e-01   3.383597e-01   9.381405e-01   9.063104e-01   7.190502e-01   7.346236e-01   9.520842e-01   8.712395e-01   9.947235e-01   4.830719e-01   2.572686e-01   8.065129e-01
   3.053188e-02   0.000000e+00   7.304452e-01   1.000000e+00   5.288293e-01   9.849349e-01   9.164870e-01   2.575717e-01   9.995980e-01   6.642597e-01   8.340103e-01   9.179505e-01   1.000000e+00   9.484579e-01   7.973545e-01
   2.073236e-02   2.639100e-01   0.000000e+00   5.374081e-01   0.000000e+00   9.442047e-01   7.964898e-01   8.781905e-01   0.000000e+00   9.944170e-01   9.948246e-01   8.801542e-01   7.362149e-01   9.712938e-01   5.176054e-01
   7.868789e-02   3.056420e-01   5.675639e-01   0.000000e+00   1.000000e+00   9.396761e-01   8.976818e-01   4.456175e-01   7.487037e-01   2.918278e-01   6.712451e-01   9.996764e-01   7.400767e-01   6.587131e-01   7.285817e-01
   1.502754e-01   9.566904e-01   6.950049e-03   3.359969e-02   9.078310e-01   8.374158e-01   9.846370e-01   1.000000e+00   6.153825e-01   9.453786e-01   9.936027e-01   9.169828e-01   1.000000e+00   6.470533e-01   6.230544e-01
   3.437857e-02   1.749394e-01   0.000000e+00   5.827568e-01   1.411252e-01   9.919311e-01   9.778622e-01   8.635159e-01   9.097758e-01   8.541650e-01   8.681102e-01   1.000000e+00   9.669202e-01   9.472469e-01   8.584300e-01
   7.692994e-02   6.781845e-03   3.302697e-01   3.570740e-01   3.284476e-01   8.949790e-01   8.902367e-01   7.517989e-01   8.261859e-01   6.401337e-01   9.149373e-01   8.801308e-01   5.915392e-01   1.000000e+00   8.761551e-01
   1.000000e+00   1.650458e-01   2.877087e-01   9.859581e-02   2.792847e-01   9.397141e-01   0.000000e+00   5.416799e-01   7.370875e-01   4.157693e-02   6.979588e-02   0.000000e+00   7.124068e-01   2.399362e-01   8.527554e-01
   1.000000e+00   1.293156e-01   3.153210e-01   1.000000e+00   9.687923e-01   1.000000e+00   2.818969e-01   2.053899e-02   1.090415e-01   0.000000e+00   7.913976e-04   0.000000e+00   0.000000e+00   2.616804e-01   0.000000e+00
   5.829541e-02   4.164228e-03   0.000000e+00   6.170906e-02   1.000000e+00   8.366045e-01   8.463774e-01   8.583294e-01   9.573410e-01   9.351978e-01   1.000000e+00   1.000000e+00   1.000000e+00   8.318067e-01   7.962379e-01
   8.989847e-02   0.000000e+00   4.788631e-01   3.839374e-01   1.026968e-01   8.548739e-01   6.319450e-01   6.741945e-01   9.162263e-01   3.116072e-01   1.000000e+00   7.339516e-01   9.403312e-01   1.000000e+00   8.649660e-01
