   6.123714e-17   1.000078e+00
   1.000109e+00   0.000000e+00
   7.637628e-01   6.463589e-01
   8.896117e-01   4.649377e-01
   7.474343e-01   6.744936e-01
   9.001307e-01   4.386456e-01
   8.685552e-01   4.979495e-01
   8.551219e-01   5.304912e-01
   4.609566e-01   8.901432e-01
   2.630802e-02   9.997942e-01
   7.184350e-01   6.968421e-01
   8.808359e-01   4.783247e-01
   5.883514e-01   8.091121e-01
   2.453638e-01   9.695870e-01
   7.038545e-01   7.146209e-01
   1.574611e-01   9.884689e-01
   4.747220e-01   8.815283e-01
   6.495692e-01   7.621965e-01
   3.352047e-01   9.427625e-01
   5.522145e-01   8.405753e-01
   5.613393e-01   8.333013e-01
   3.946679e-01   9.204800e-01
   3.518617e-01   9.363554e-01
   8.420942e-01   5.417969e-01
   9.058518e-01   4.259018e-01
   2.034002e-01   9.809061e-01
   3.044918e-01   9.537030e-01
   2.907847e-01   9.573789e-01
   3.730702e-01   9.296768e-01
   1.266126e-01   9.931497e-01
   9.265723e-01   3.799389e-01
   9.968989e-01   8.441630e-02
   4.876179e-01   8.738239e-01
   9.208728e-01   4.042533e-01
   9.430302e-01   3.335095e-01
   4.422172e-01   8.982507e-01
   6.330235e-01   7.759099e-01
   9.913086e-01   1.361028e-01
   9.998107e-01   2.595134e-02
   9.355236e-01   3.573599e-01
   4.147547e-01   9.113346e-01
   9.816363e-01   1.964670e-01
   2.681453e-01   9.661674e-01
   9.765739e-01   2.244205e-01
   9.988084e-01   5.417923e-02
   9.782292e-01   2.083266e-01
   9.934987e-01   1.181124e-01
   5.738003e-01   8.224166e-01
   8.331765e-01   5.541204e-01
   1.017317e-01   9.959440e-01
   5.515456e-02   9.994258e-01
   7.617610e-02   9.977984e-01
   9.985793e-01   6.656164e-02
   8.710212e-01   4.927586e-01
   7.727960e-01   6.391170e-01
   6.221283e-01   7.893561e-01
   9.287401e-01   3.751649e-01
   9.379937e-01   3.497959e-01
   8.220966e-01   5.709642e-01
   9.117457e-01   4.117638e-01
   5.336718e-01   8.461709e-01
   6.057296e-01   7.981571e-01
   7.882512e-01   6.168844e-01
   7.381157e-01   6.782734e-01
   9.566835e-01   2.973869e-01
   9.994941e-01   3.438323e-02
   9.609818e-01   2.818198e-01
   9.732125e-01   2.374166e-01
   6.688198e-01   7.438844e-01
   2.110832e-01   9.780876e-01
   1.798701e-01   9.850629e-01
   8.285702e-01   5.607740e-01
   8.162692e-01   5.797463e-01
   9.536686e-01   3.040575e-01
   9.661072e-01   2.634847e-01
   7.805343e-01   6.312646e-01
   7.990904e-01   6.081337e-01
   6.710271e-03   1.000055e+00
   9.842568e-01   1.798905e-01
   1.416858e-01   9.906482e-01
   9.494238e-01   3.177115e-01
   1.796679e-01   9.851210e-01
   6.600119e-01   7.521120e-01
   8.072153e-01   5.943575e-01
   2.308417e-01   9.735500e-01
   9.967209e-01   1.009759e-01
   6.316883e-01   7.795063e-01
   8.501463e-01   5.320488e-01
   2.251560e-01   9.746977e-01
   7.288687e-01   6.862654e-01
   8.118395e-01   5.884417e-01
   9.631055e-01   2.753296e-01
   2.750149e-01   9.620263e-01
   6.964505e-01   7.188193e-01
   6.118805e-01   7.915530e-01
   3.209455e-01   9.494244e-01
   5.737723e-02   9.986229e-01
   9.878965e-01   1.649859e-01
   6.808535e-01   7.363573e-01
   9.479335e-01   3.243950e-01
