   1.000000e+00   5.313214e-01   9.710683e-01   3.536612e-01   8.339738e-01   1.000000e+00   8.751670e-01   9.998984e-01   8.995011e-01   9.997874e-01   9.178570e-01   9.996342e-01   9.303165e-01   1.000000e+00
   0.000000e+00   0.000000e+00   0.000000e+00   3.552710e-02   8.334990e-01   1.000000e+00   8.747832e-01   9.999906e-01   8.995241e-01   9.999315e-01   9.171694e-01   9.999167e-01   9.284235e-01   9.996526e-01
   5.930212e-01   5.821378e-01   4.618504e-01   0.000000e+00   8.334196e-01   9.997302e-01   8.763810e-01   9.999856e-01   9.005575e-01   9.999567e-01   9.164099e-01   1.000000e+00   9.294168e-01   9.997231e-01
   0.000000e+00   0.000000e+00   1.000000e+00   0.000000e+00   8.332814e-01   1.000000e+00   8.748455e-01   9.999545e-01   9.001273e-01   9.999374e-01   9.178873e-01   9.999311e-01   9.294526e-01   9.995911e-01
   7.589435e-01   9.960279e-01   3.782129e-01   0.000000e+00   8.346953e-01   1.000000e+00   8.753342e-01   9.999745e-01   9.004160e-01   9.996022e-01   9.168665e-01   9.989084e-01   9.333042e-01   1.000000e+00
   9.996466e-01   6.006477e-01   3.060297e-02   3.536712e-01   8.343443e-01   1.000000e+00   8.755423e-01   1.000000e+00   8.991694e-01   9.998567e-01   9.145922e-01   9.996930e-01   9.299654e-01   9.999486e-01
   1.000000e+00   3.623120e-01   7.621309e-01   5.083219e-01   8.336338e-01   9.999620e-01   8.728626e-01   1.000000e+00   9.014287e-01   9.997598e-01   9.153646e-01   9.996828e-01   9.221321e-01   9.994499e-01
   9.735026e-01   3.296071e-01   0.000000e+00   3.520741e-01   8.319377e-01   1.000000e+00   8.782923e-01   9.998695e-01   8.994792e-01   9.998766e-01   9.174932e-01   9.994367e-01   9.315402e-01   1.000000e+00
   7.295400e-01   6.632425e-01   2.162860e-01   0.000000e+00   8.344479e-01   1.000000e+00   8.741395e-01   9.999148e-01   8.993235e-01   9.995947e-01   9.263384e-01   9.996444e-01   9.273282e-01   9.996587e-01
   9.616369e-01   4.442591e-01   9.364577e-01   2.144338e-01   8.344128e-01   9.999820e-01   8.746880e-01   9.999761e-01   9.020371e-01   9.992083e-01   9.167085e-01   9.999825e-01   9.561311e-01   9.990260e-01
   9.794787e-01   2.050750e-01   1.933659e-01   2.315880e-01   8.318277e-01   9.999727e-01   8.762492e-01   1.000000e+00   8.999966e-01   1.000000e+00   9.196935e-01   9.990258e-01   9.301141e-01   9.989285e-01
   9.271826e-01   3.426524e-01   5.510819e-01   8.047891e-02   8.337110e-01   9.998355e-01   8.753085e-01   1.000000e+00   9.009551e-01   9.994907e-01   9.176146e-01   1.000000e+00   9.315444e-01   9.996585e-01
   9.943920e-01   7.012398e-01   4.680768e-01   0.000000e+00   8.335960e-01   9.999960e-01   8.736606e-01   9.999788e-01   9.004422e-01   9.999524e-01   9.138166e-01   9.970180e-01   9.277967e-01   1.000000e+00
   9.886449e-01   2.601305e-01   0.000000e+00   3.918190e-01   8.340904e-01   9.999461e-01   8.767388e-01   9.999496e-01   9.002935e-01   9.992189e-01   9.139308e-01   9.993439e-01   9.286502e-01   9.998865e-01
   9.931339e-01   8.148179e-02   3.073919e-01   2.720157e-02   8.350053e-01   9.999768e-01   8.755515e-01   9.999979e-01   9.000742e-01   9.999600e-01   9.241238e-01   9.994756e-01   9.298165e-01   9.999711e-01
   9.752100e-01   4.432073e-01   6.004584e-01   4.837616e-01   8.348747e-01   9.999866e-01   8.700163e-01   1.000000e+00   9.005562e-01   9.999199e-01   9.131359e-01   9.997965e-01   9.302547e-01   9.998737e-01
   7.068848e-01   2.289774e-01   7.481784e-01   7.258056e-02   8.345866e-01   9.999978e-01   8.747446e-01   1.000000e+00   8.999836e-01   9.998326e-01   9.167912e-01   9.996871e-01   9.285897e-01   9.994274e-01
   9.520352e-01   4.652267e-01   0.000000e+00   3.862966e-01   8.340166e-01   9.998880e-01   8.763377e-01   9.999659e-01   9.033256e-01   9.994524e-01   9.243142e-01   9.997024e-01   9.290848e-01   9.995410e-01
   0.000000e+00   2.357001e-01   0.000000e+00   8.210135e-02   8.339321e-01   9.999864e-01   8.745732e-01   9.999547e-01   8.997711e-01   9.999449e-01   9.171018e-01   1.000000e+00   9.280457e-01   9.999804e-01
   9.931250e-01   6.526608e-01   1.159298e-01   5.173873e-01   8.354998e-01   1.000000e+00   8.748647e-01   9.992131e-01   8.996808e-01   9.999963e-01   9.234963e-01   9.950043e-01   9.305958e-01   1.000000e+00
   7.860525e-01   5.998197e-01   1.000000e+00   9.884929e-02   8.339348e-01   9.999885e-01   8.755805e-01   9.999416e-01   8.999950e-01   1.000000e+00   9.167090e-01   9.990367e-01   9.274852e-01   9.996049e-01
   1.000000e+00   3.095992e-01   1.000000e+00   4.535504e-01   8.338636e-01   9.999521e-01   8.717033e-01   9.996198e-01   9.028879e-01   9.997592e-01   9.178944e-01   9.999337e-01   9.153972e-01   9.998738e-01
   9.970620e-01   9.894184e-02   4.409709e-01   4.623717e-01   8.333511e-01   9.998745e-01   8.752243e-01   9.999942e-01   8.990899e-01   9.998533e-01   9.216376e-01   1.000000e+00   9.318914e-01   9.999924e-01
   9.768786e-01   9.747749e-02   4.161605e-01   1.000000e+00   8.333073e-01   9.999040e-01   8.739476e-01   1.000000e+00   9.021288e-01   9.998845e-01   9.194971e-01   1.000000e+00   9.318957e-01   9.996931e-01
   9.380580e-01   2.501004e-01   5.881760e-02   6.160130e-02   8.345206e-01   9.999829e-01   8.751560e-01   1.000000e+00   8.992774e-01   9.999328e-01   9.160333e-01   9.989356e-01   9.546361e-01   9.978950e-01
   9.887907e-01   0.000000e+00   5.721890e-01   1.273329e-01   8.342464e-01   9.999611e-01   8.749207e-01   9.995364e-01   8.997976e-01   9.999706e-01   9.166490e-01   9.987322e-01   9.291170e-01   9.989880e-01
   9.033027e-01   1.148831e-01   1.000000e+00   0.000000e+00   8.349809e-01   9.999891e-01   8.751846e-01   9.999840e-01   8.998537e-01   9.997817e-01   9.226840e-01   9.994796e-01   9.296234e-01   1.000000e+00
   1.000000e+00   0.000000e+00   5.094222e-02   1.211137e-01   8.342776e-01   9.999377e-01   8.750468e-01   9.996803e-01   9.004595e-01   9.999682e-01   9.178334e-01   9.993952e-01   9.277529e-01   9.989064e-01
   9.230691e-01   6.346181e-01   5.634663e-01   2.464809e-02   8.335912e-01   9.999575e-01   8.767096e-01   9.999485e-01   9.003092e-01   9.999923e-01   9.171671e-01   1.000000e+00   9.321655e-01   9.994334e-01
   1.000000e+00   5.634925e-01   3.803965e-01   0.000000e+00   8.334522e-01   9.998592e-01   8.747071e-01   9.996173e-01   9.007298e-01   1.000000e+00   9.174203e-01   9.995509e-01   9.280903e-01   9.986964e-01
   1.000000e+00   1.764851e-01   7.034594e-01   5.284694e-01   8.325064e-01   9.998820e-01   8.758474e-01   1.000000e+00   8.988292e-01   9.986524e-01   9.064936e-01   1.000000e+00   9.178557e-01   9.998395e-01
   7.779341e-01   7.766123e-01   5.864154e-01   1.229675e-02   8.339960e-01   9.999822e-01   8.742276e-01   9.998178e-01   9.003050e-01   9.999304e-01   9.187355e-01   9.981778e-01   9.325290e-01   9.994007e-01
   9.873585e-01   2.934666e-01   0.000000e+00   2.422376e-01   8.324334e-01   9.999799e-01   8.768413e-01   9.999354e-01   9.003614e-01   1.000000e+00   9.242331e-01   9.994722e-01   9.279422e-01   9.998094e-01
   9.952841e-01   1.280251e-01   3.933401e-01   4.945720e-01   8.333355e-01   9.997446e-01   8.748304e-01   1.000000e+00   8.990295e-01   9.998734e-01   9.169656e-01   9.999429e-01   9.275861e-01   1.000000e+00
   5.570008e-02   2.515564e-01   0.000000e+00   2.546679e-01   8.336765e-01   9.999102e-01   8.747609e-01   1.000000e+00   9.003219e-01   9.995734e-01   9.162394e-01   9.997046e-01   9.245914e-01   9.992895e-01
   9.569457e-01   1.000000e+00   5.178604e-01   2.799531e-02   8.334554e-01   9.999162e-01   8.778107e-01   9.992165e-01   9.007252e-01   9.999387e-01   9.190448e-01   9.994764e-01   9.340515e-01   9.990608e-01
   1.000000e+00   2.503377e-01   6.907114e-01   2.792778e-01   8.338113e-01   9.999996e-01   8.768701e-01   9.999482e-01   9.002639e-01   9.996582e-01   9.129721e-01   9.994771e-01   9.286420e-01   9.993399e-01
   9.946893e-01   1.206259e-01   0.000000e+00   2.396120e-02   8.333966e-01   9.999851e-01   8.747361e-01   9.999971e-01   9.007179e-01   9.999030e-01   9.169359e-01   1.000000e+00   9.283091e-01   9.989874e-01
   8.204679e-01   3.512824e-01   1.000000e+00   3.641796e-01   8.346986e-01   9.999776e-01   8.751996e-01   9.999402e-01   8.992298e-01   9.995994e-01   9.169412e-01   9.995411e-01   9.262952e-01   9.993553e-01
   0.000000e+00   4.668127e-03   2.147853e-01   2.827360e-03   8.335052e-01   9.998630e-01   8.750389e-01   9.999839e-01   8.993076e-01   1.000000e+00   9.177960e-01   9.999507e-01   9.279114e-01   9.996287e-01
   1.725830e-01   0.000000e+00   4.414958e-02   0.000000e+00   8.333457e-01   9.999820e-01   8.763682e-01   9.999855e-01   9.004408e-01   1.000000e+00   9.167873e-01   9.999580e-01   9.369901e-01   9.995970e-01
   1.000000e+00   3.130434e-01   6.778892e-01   3.181504e-01   8.335783e-01   9.999447e-01   8.751624e-01   9.999246e-01   9.018083e-01   9.997927e-01   9.163430e-01   9.996351e-01   9.229846e-01   9.993459e-01
   8.992239e-01   1.012403e-01   4.609798e-01   0.000000e+00   8.336955e-01   9.996272e-01   8.746809e-01   9.998924e-01   9.017128e-01   9.997807e-01   9.159793e-01   1.000000e+00   9.300433e-01   9.997328e-01
   6.811319e-01   7.070638e-01   4.769774e-01   2.733129e-01   8.335487e-01   9.997419e-01   8.759630e-01   9.994407e-01   9.005003e-01   9.999515e-01   9.169640e-01   9.999823e-01   9.307669e-01   9.995849e-01
   9.720483e-01   5.247193e-02   7.330440e-01   1.352343e-01   8.343422e-01   9.998885e-01   8.754465e-01   9.998852e-01   9.004706e-01   1.000000e+00   9.173582e-01   9.993176e-01   9.270638e-01   9.992001e-01
   8.411762e-01   2.154595e-01   1.000000e+00   3.017135e-01   8.344562e-01   1.000000e+00   8.746626e-01   9.998797e-01   8.998524e-01   9.996740e-01   9.179758e-01   9.992144e-01   9.281293e-01   9.898412e-01
   8.599555e-01   2.357474e-01   2.553376e-01   7.195996e-02   8.339233e-01   9.999911e-01   8.748637e-01   9.999781e-01   8.996586e-01   9.999124e-01   9.174174e-01   1.000000e+00   9.262117e-01   9.999314e-01
   1.000000e+00   1.209629e-01   1.020381e-01   1.134955e-01   8.346095e-01   1.000000e+00   8.749664e-01   9.996188e-01   9.013907e-01   9.976930e-01   9.289147e-01   9.996077e-01   9.271918e-01   9.996099e-01
   9.537999e-01   5.910153e-01   0.000000e+00   0.000000e+00   8.376590e-01   9.997863e-01   8.781337e-01   9.996864e-01   8.992976e-01   9.999578e-01   9.170173e-01   1.000000e+00   9.316426e-01   9.999574e-01
   1.000000e+00   3.344143e-01   9.439253e-01   4.361051e-01   8.335050e-01   9.999962e-01   8.746470e-01   1.000000e+00   9.011521e-01   9.997986e-01   9.165634e-01   9.993960e-01   9.445902e-01   9.993354e-01
   1.000000e+00   1.249181e-01   5.063123e-01   1.602694e-01   8.335476e-01   9.999310e-01   8.753412e-01   1.000000e+00   8.988899e-01   1.000000e+00   9.169526e-01   9.999665e-01   9.316606e-01   9.998861e-01
   7.193624e-01   0.000000e+00   1.000000e+00   7.705517e-03   8.332475e-01   1.000000e+00   8.746836e-01   1.000000e+00   9.000386e-01   9.999548e-01   9.175834e-01   9.999398e-01   9.294810e-01   9.991359e-01
   9.963658e-01   7.029426e-01   4.078347e-01   1.072675e-01   8.338146e-01   9.999756e-01   8.756979e-01   9.950517e-01   8.999967e-01   9.999878e-01   9.198880e-01   9.986834e-01   9.270090e-01   9.997198e-01
   1.000000e+00   0.000000e+00   3.882728e-01   1.693980e-01   8.352058e-01   9.998718e-01   8.752324e-01   9.997195e-01   9.001024e-01   9.998902e-01   9.200430e-01   1.000000e+00   9.297283e-01   9.999121e-01
   9.840149e-01   3.247335e-01   7.411798e-01   3.769036e-02   8.344346e-01   1.000000e+00   8.749119e-01   9.999932e-01   8.995151e-01   9.999811e-01   9.160092e-01   9.999108e-01   9.302472e-01   9.990092e-01
   1.000000e+00   8.297381e-01   2.191104e-01   3.461433e-01   8.407212e-01   1.000000e+00   8.759602e-01   9.998110e-01   9.007072e-01   9.993531e-01   9.370564e-01   9.996236e-01   9.306906e-01   9.995521e-01
   7.335924e-01   6.234623e-01   7.135701e-01   1.709148e-01   8.333160e-01   9.998697e-01   8.753529e-01   9.999929e-01   8.998748e-01   9.986918e-01   9.122000e-01   1.000000e+00   9.315785e-01   9.998806e-01
   9.908556e-01   3.896097e-01   3.109014e-01   0.000000e+00   8.322712e-01   9.999796e-01   8.752985e-01   1.000000e+00   8.981804e-01   9.999935e-01   9.234572e-01   9.994821e-01   9.360912e-01   9.997801e-01
   9.129434e-01   1.876854e-02   1.162208e-01   4.298261e-01   8.329315e-01   9.968452e-01   8.749204e-01   9.998497e-01   9.002733e-01   9.999770e-01   9.171613e-01   1.000000e+00   9.250174e-01   9.993797e-01
   7.167111e-01   2.244204e-01   8.813794e-01   1.052623e-01   8.338734e-01   9.999962e-01   8.982991e-01   9.999986e-01   9.003335e-01   9.985291e-01   9.152302e-01   9.995369e-01   9.230195e-01   9.993283e-01
   9.894483e-01   1.217722e-01   1.755142e-01   2.894686e-01   8.339377e-01   9.998452e-01   8.788502e-01   9.999972e-01   8.997770e-01   9.996859e-01   9.147969e-01   9.998401e-01   9.317280e-01   9.999188e-01
   8.598602e-01   5.658475e-01   9.405978e-01   3.383427e-01   8.351534e-01   1.000000e+00   8.753291e-01   9.999726e-01   9.009171e-01   9.994191e-01   9.171395e-01   9.991143e-01   9.467250e-01   1.000000e+00
   9.875574e-01   9.841921e-02   6.665203e-01   4.400436e-01   8.343609e-01   1.000000e+00   8.735716e-01   9.999255e-01   8.993429e-01   9.998692e-01   9.210968e-01   1.000000e+00   9.318843e-01   9.999946e-01
   7.590237e-01   6.297662e-01   5.017001e-01   1.029139e-01   8.339155e-01   9.999904e-01   8.752900e-01   9.999526e-01   8.998368e-01   9.999269e-01   9.181786e-01   9.994942e-01   9.279451e-01   9.996703e-01
   8.599887e-01   4.530802e-01   7.593328e-02   0.000000e+00   8.339126e-01   9.998383e-01   8.757521e-01   9.998884e-01   9.005326e-01   9.999419e-01   9.166069e-01   9.989402e-01   9.295958e-01   9.994900e-01
   1.000000e+00   7.363893e-01   2.630139e-01   2.882219e-01   8.408434e-01   9.996944e-01   8.730783e-01   9.997939e-01   9.005905e-01   1.000000e+00   9.322576e-01   1.000000e+00   9.314531e-01   9.995782e-01
   1.000000e+00   7.496572e-01   8.162724e-01   0.000000e+00   8.337497e-01   1.000000e+00   8.750111e-01   1.000000e+00   9.025998e-01   9.999163e-01   9.102831e-01   9.965990e-01   9.190279e-01   9.998336e-01
   0.000000e+00   7.052069e-02   2.716856e-02   5.020104e-01   8.338031e-01   1.000000e+00   8.750936e-01   9.999017e-01   8.998569e-01   9.995146e-01   9.202139e-01   9.994419e-01   9.282749e-01   9.999033e-01
   7.035469e-01   2.432649e-01   1.000000e+00   0.000000e+00   8.336818e-01   9.999943e-01   8.743377e-01   9.997909e-01   9.004983e-01   9.997279e-01   9.159428e-01   9.994288e-01   9.440673e-01   9.994236e-01
   9.731398e-01   4.711652e-01   5.222698e-01   3.812676e-01   8.335005e-01   9.997514e-01   8.753772e-01   1.000000e+00   8.996833e-01   9.997742e-01   9.128651e-01   9.995540e-01   9.278262e-01   9.998651e-01
   9.074467e-01   3.326399e-01   5.179231e-01   5.187569e-01   8.336324e-01   9.999409e-01   8.724234e-01   9.999826e-01   9.011282e-01   9.998735e-01   9.156242e-01   1.000000e+00   9.261539e-01   1.000000e+00
   7.738298e-01   1.603055e-01   1.000000e+00   0.000000e+00   8.333776e-01   9.999927e-01   8.747618e-01   9.999592e-01   9.003660e-01   9.999784e-01   9.161775e-01   9.999592e-01   9.286706e-01   9.991731e-01
   7.772771e-01   1.000000e+00   1.000000e+00   0.000000e+00   8.336540e-01   1.000000e+00   8.751891e-01   9.999913e-01   8.987760e-01   9.991722e-01   9.175257e-01   9.994181e-01   9.302587e-01   9.995169e-01
   6.373067e-01   3.904051e-01   8.341143e-01   4.944603e-01   8.336341e-01   9.999637e-01   8.731782e-01   1.000000e+00   9.015119e-01   9.996976e-01   9.163560e-01   9.995353e-01   9.223785e-01   9.993328e-01
   9.616522e-01   5.032730e-01   8.792889e-01   1.203763e-01   8.322401e-01   9.999276e-01   8.745568e-01   9.995414e-01   9.006427e-01   9.999963e-01   9.011029e-01   9.994989e-01   9.270975e-01   9.999962e-01
   8.121929e-01   2.569359e-01   8.354441e-01   9.114651e-02   8.338873e-01   1.000000e+00   8.747841e-01   9.999778e-01   9.009423e-01   1.000000e+00   9.165571e-01   9.995304e-01   9.324124e-01   1.000000e+00
   0.000000e+00   0.000000e+00   2.407587e-02   1.179649e-01   8.339752e-01   9.999958e-01   8.746828e-01   9.999817e-01   8.999297e-01   1.000000e+00   9.172832e-01   9.999459e-01   9.279121e-01   9.999793e-01
   8.916381e-01   4.873167e-01   8.274477e-01   1.545407e-01   8.338466e-01   9.998707e-01   8.752346e-01   9.998842e-01   9.004383e-01   9.996657e-01   9.146579e-01   9.999654e-01   9.251528e-01   9.997890e-01
   1.000000e+00   0.000000e+00   1.465822e-02   4.389442e-01   8.353578e-01   9.998919e-01   8.754838e-01   9.998616e-01   9.017283e-01   9.996873e-01   9.250728e-01   9.998111e-01   9.297514e-01   9.994310e-01
   0.000000e+00   1.368252e-01   1.497532e-02   1.120969e-01   8.337268e-01   9.999912e-01   8.746606e-01   1.000000e+00   9.004425e-01   9.999195e-01   9.168611e-01   9.999879e-01   9.285633e-01   9.998862e-01
   9.640850e-02   2.715110e-02   2.739990e-03   0.000000e+00   8.332605e-01   9.999751e-01   8.747316e-01   9.999796e-01   8.995293e-01   9.999584e-01   9.164572e-01   9.999343e-01   9.280500e-01   9.989592e-01
   9.935695e-01   5.074400e-01   8.261789e-01   3.756842e-01   8.313325e-01   1.000000e+00   8.753709e-01   9.983068e-01   9.018563e-01   1.000000e+00   9.174317e-01   9.995175e-01   9.372392e-01   1.000000e+00
   9.849419e-01   3.620500e-01   1.000000e+00   3.211964e-01   8.336258e-01   9.998058e-01   8.791159e-01   1.000000e+00   9.019684e-01   9.998491e-01   9.178047e-01   9.999593e-01   9.083780e-01   9.998669e-01
   1.000000e+00   5.408895e-01   9.663961e-01   3.055803e-01   8.349225e-01   1.000000e+00   8.747103e-01   9.999862e-01   9.026134e-01   9.994186e-01   9.170882e-01   9.995537e-01   9.364744e-01   1.000000e+00
   1.000000e+00   0.000000e+00   9.846448e-01   6.294921e-01   8.330062e-01   1.000000e+00   8.748042e-01   1.000000e+00   9.008117e-01   9.998462e-01   9.159090e-01   9.992384e-01   9.411407e-01   9.989316e-01
   9.620021e-01   4.067736e-01   9.749121e-01   5.524416e-01   8.347333e-01   9.999581e-01   8.741575e-01   9.999925e-01   9.022997e-01   9.996778e-01   9.183988e-01   1.000000e+00   9.298483e-01   1.000000e+00
   1.000000e+00   0.000000e+00   3.300469e-01   1.709613e-01   8.337972e-01   9.996723e-01   8.830040e-01   1.000000e+00   8.993744e-01   1.000000e+00   9.505256e-01   1.000000e+00   9.313015e-01   1.000000e+00
   1.731156e-01   1.351364e-02   1.597766e-01   1.370486e-01   8.337964e-01   9.997189e-01   8.814240e-01   1.000000e+00   8.996246e-01   1.000000e+00   9.129851e-01   1.000000e+00   9.311751e-01   9.999968e-01
   7.719290e-01   8.546342e-01   5.249947e-01   0.000000e+00   8.337380e-01   1.000000e+00   8.756995e-01   9.999602e-01   8.998068e-01   9.998856e-01   9.176260e-01   9.991654e-01   9.327925e-01   9.995795e-01
   9.585879e-01   6.129895e-01   1.629979e-01   0.000000e+00   8.334324e-01   9.995916e-01   8.729556e-01   9.998928e-01   9.000151e-01   9.999155e-01   9.198859e-01   9.990360e-01   9.377084e-01   9.997731e-01
   1.000000e+00   0.000000e+00   2.892210e-01   1.017863e-01   8.333027e-01   1.000000e+00   8.747639e-01   9.999879e-01   9.000185e-01   9.997915e-01   9.172489e-01   9.988977e-01   9.315220e-01   1.000000e+00
   1.000000e+00   7.587164e-01   4.125527e-01   5.002688e-02   8.347264e-01   9.993264e-01   8.722026e-01   9.998769e-01   8.991572e-01   1.000000e+00   9.353431e-01   1.000000e+00   9.283958e-01   9.999552e-01
   9.657407e-01   0.000000e+00   5.968282e-01   0.000000e+00   8.332961e-01   1.000000e+00   8.740246e-01   9.999699e-01   8.998150e-01   9.998969e-01   9.164183e-01   9.999789e-01   9.258291e-01   9.991217e-01
   9.702730e-01   3.183209e-01   7.330107e-01   3.758826e-01   8.332481e-01   9.997383e-01   8.724538e-01   1.000000e+00   8.998260e-01   9.997314e-01   9.154676e-01   9.993326e-01   9.274514e-01   9.993884e-01
   9.737452e-01   6.332197e-01   5.969557e-01   6.788737e-01   8.333394e-01   9.999783e-01   8.822760e-01   1.000000e+00   9.004517e-01   9.999545e-01   9.431491e-01   9.999534e-01   9.317032e-01   9.996045e-01
   0.000000e+00   0.000000e+00   1.328418e-01   3.999330e-02   8.333998e-01   9.998984e-01   8.760197e-01   9.999984e-01   9.013541e-01   9.999439e-01   9.204614e-01   9.999287e-01   9.280155e-01   9.996917e-01
   1.000000e+00   8.547169e-01   4.603688e-01   2.671709e-02   8.355915e-01   9.998963e-01   8.769636e-01   1.000000e+00   9.001421e-01   9.999984e-01   9.203002e-01   9.968575e-01   9.316075e-01   9.994354e-01
   6.419966e-01   5.726376e-01   9.825824e-01   0.000000e+00   8.336293e-01   1.000000e+00   8.750385e-01   9.999282e-01   8.999871e-01   1.000000e+00   9.178847e-01   9.995955e-01   9.620057e-01   1.000000e+00
   9.505204e-01   4.470079e-01   1.000000e+00   4.633107e-01   8.331316e-01   9.999955e-01   8.746586e-01   9.999827e-01   9.028605e-01   9.989312e-01   9.239159e-01   9.997097e-01   9.295632e-01   9.994626e-01
   1.000000e+00   0.000000e+00   1.000000e+00   3.934524e-01   8.339459e-01   9.999470e-01   8.751402e-01   9.996987e-01   9.000091e-01   9.997532e-01   9.169941e-01   9.992177e-01   9.300195e-01   9.999329e-01
