   1.000000e+00   9.469791e-01   2.185718e-02   0.000000e+00   9.691434e-01   8.715537e-01   7.949845e-01   8.206271e-01   3.442670e-01   2.804465e-01   2.453439e-01   1.752353e-01   1.150364e-01   1.342098e-01   6.602954e-02   5.789779e-02
   1.000000e+00   1.000000e+00   9.999690e-01   8.691147e-01   0.000000e+00   1.000000e+00   8.439493e-01   7.692853e-01   5.841848e-01   5.410665e-01   4.406866e-01   4.196625e-01   3.565793e-01   2.376596e-01   2.247741e-01   2.150235e-01
   1.000000e+00   1.000000e+00   1.000000e+00   1.000000e+00   0.000000e+00   7.224772e-01   8.229018e-01   7.776871e-01   5.792076e-01   6.087444e-01   4.011382e-01   3.923648e-01   3.681587e-01   2.264437e-01   1.999073e-01   1.818278e-01
   1.000000e+00   1.000000e+00   1.000000e+00   9.602044e-01   0.000000e+00   5.187814e-01   8.619836e-01   7.297720e-01   5.828670e-01   5.433337e-01   4.536648e-01   3.842633e-01   3.515721e-01   2.262840e-01   1.955793e-01   9.480101e-02
   1.000000e+00   1.000000e+00   1.245664e-02   0.000000e+00   9.808526e-01   8.668826e-01   8.238939e-01   8.203497e-01   3.437945e-01   3.370293e-01   2.436265e-01   1.750642e-01   1.020786e-01   1.277229e-01   8.918468e-02   5.789924e-02
   0.000000e+00   0.000000e+00   1.000000e+00   9.915091e-01   1.000000e+00   8.774525e-01   6.268579e-01   1.000000e+00   2.565324e-01   1.144278e-01   7.269009e-02   5.949615e-03   5.131858e-03   2.206861e-02   1.347375e-02   4.841731e-02
   5.414154e-01   2.433574e-01   0.000000e+00   0.000000e+00   9.531626e-01   9.718122e-01   8.740607e-01   5.813310e-01   6.086899e-02   1.021556e-01   3.543659e-02   7.899136e-02   9.752736e-02   8.024415e-03   1.400506e-02   9.258357e-02
   5.995867e-01   2.161051e-01   1.420219e-01   0.000000e+00   9.503699e-01   9.478413e-01   9.779137e-01   1.000000e+00   2.499997e-01   1.069751e-01   5.087860e-02   9.604815e-02   9.945858e-02   1.531631e-02   2.464919e-02   8.868360e-02
   5.902312e-01   4.978366e-01   9.520714e-01   9.309455e-01   9.862085e-01   9.862658e-01   8.538798e-01   7.547714e-01   5.422475e-01   7.378064e-01   4.934797e-01   1.668141e-01   8.297601e-02   5.871979e-02   5.999315e-02   2.729823e-01
   2.124995e-01   7.525036e-02   9.998312e-01   9.667008e-01   1.000000e+00   9.986795e-01   1.000000e+00   4.604012e-01   1.344264e-01   4.989266e-02   2.881025e-02   2.245668e-02   3.647636e-02   7.539670e-03   8.036653e-03   3.907325e-03
   6.610890e-01   7.204329e-01   1.264491e-02   7.706737e-02   9.650737e-01   9.576400e-01   9.165542e-01   8.354687e-01   2.741871e-01   3.809052e-01   1.950593e-01   2.743120e-02   1.035353e-01   2.374948e-01   6.392096e-02   3.937915e-02
   2.413595e-01   9.534073e-01   9.503221e-01   8.327050e-01   1.000000e+00   1.000000e+00   7.080206e-01   2.580930e-01   2.389143e-01   3.012031e-01   1.998288e-01   6.491286e-01   5.566618e-02   1.837448e-01   5.092850e-02   7.993653e-02
   7.125468e-02   8.577631e-01   9.811806e-01   9.999571e-01   9.883539e-01   1.000000e+00   8.799927e-01   3.691512e-01   1.400862e-01   1.215521e-01   9.429721e-02   5.381602e-02   3.310404e-02   1.799425e-02   1.054753e-02   9.767979e-02
   9.505856e-01   1.000000e+00   0.000000e+00   1.172164e-02   9.648868e-01   8.921646e-01   8.749127e-01   8.025916e-01   4.399879e-01   3.923341e-01   2.444349e-01   1.863490e-01   8.870062e-02   1.473401e-01   8.518666e-02   4.999882e-02
   7.508771e-01   9.767043e-01   9.445589e-01   9.956561e-01   3.968997e-01   1.000000e+00   1.000000e+00   7.562070e-01   6.025308e-01   5.952808e-01   3.638214e-01   2.613420e-01   3.357331e-01   1.834166e-01   1.704736e-01   2.013011e-01
   7.669815e-01   9.445164e-01   1.000000e+00   7.697938e-01   1.000000e+00   3.645982e-01   8.320730e-01   7.397298e-01   6.728697e-01   6.536750e-01   3.720541e-01   4.091944e-01   3.897188e-01   2.321080e-01   2.147751e-01   7.678034e-02
   1.039276e-02   1.922100e-01   9.969938e-01   1.000000e+00   9.900274e-01   9.822005e-01   9.122621e-01   1.000000e+00   1.379295e-01   1.392796e-01   1.195224e-01   2.849486e-02   1.726473e-02   8.885354e-03   3.271874e-03   2.736411e-02
   2.919166e-01   3.062798e-02   9.624249e-01   9.978209e-01   9.979163e-01   9.962775e-01   9.281481e-01   2.120097e-01   1.318389e-01   7.160806e-02   2.284408e-02   2.090614e-02   3.817360e-02   7.045490e-03   1.120963e-02   2.882580e-02
   8.256125e-01   9.955055e-01   8.899742e-01   9.959619e-01   1.908704e-01   1.000000e+00   6.357868e-01   7.369592e-01   5.504261e-01   6.335689e-01   3.739939e-01   2.837384e-01   4.284777e-01   1.517789e-01   1.214005e-01   1.753252e-01
   0.000000e+00   7.200543e-02   1.000000e+00   1.000000e+00   1.000000e+00   9.937724e-01   9.797809e-01   4.521200e-01   1.333472e-01   6.294551e-02   1.726108e-02   2.254270e-02   3.631769e-02   8.190498e-03   5.547208e-03   4.080333e-02
   5.847690e-01   5.183948e-01   9.180973e-02   0.000000e+00   9.441963e-01   9.512974e-01   9.810541e-01   8.901623e-01   2.002799e-01   1.104701e-01   7.367092e-02   1.000049e-01   1.003188e-01   1.450746e-02   1.369838e-02   7.736234e-02
   1.000000e+00   1.000000e+00   1.000000e+00   0.000000e+00   8.484774e-02   9.432521e-01   8.303857e-01   7.137090e-01   6.402592e-01   4.829184e-01   3.079538e-01   2.261677e-01   2.632464e-01   1.867502e-01   8.933941e-02   1.523537e-01
   5.542160e-01   4.830664e-01   0.000000e+00   1.000000e+00   9.178798e-01   9.917245e-01   9.271691e-01   1.000000e+00   1.105346e-01   1.299317e-01   4.375270e-02   3.075859e-02   2.918126e-02   3.343227e-02   2.527348e-02   9.831831e-02
   0.000000e+00   1.014620e-01   1.000000e+00   1.000000e+00   9.899278e-01   9.714784e-01   6.256733e-01   9.285781e-01   6.069641e-02   1.150399e-01   2.099373e-02   1.363519e-02   3.238231e-02   2.831619e-03   1.924568e-02   2.383475e-02
   1.983341e-01   0.000000e+00   9.616197e-01   9.973166e-01   1.000000e+00   9.911371e-01   1.000000e+00   5.308788e-01   1.380943e-01   6.121506e-02   3.481025e-02   1.952135e-02   3.825473e-02   7.542955e-03   9.994830e-03   2.269444e-02
   4.067322e-01   7.236248e-01   9.963604e-01   8.522243e-01   8.313206e-01   9.735331e-01   8.438506e-01   3.552657e-01   2.987422e-01   1.751918e-01   1.318645e-01   2.177430e-01   8.326531e-02   5.360521e-02   3.562316e-02   1.937470e-02
   7.589986e-01   6.858045e-01   1.090367e-02   5.316238e-02   9.852550e-01   9.649279e-01   8.513511e-01   8.520294e-01   2.490714e-01   3.089826e-01   4.145588e-01   7.162925e-02   1.074181e-01   4.873347e-02   7.855313e-02   7.140545e-02
   8.539053e-01   1.000000e+00   0.000000e+00   1.121152e-02   9.972066e-01   9.070662e-01   9.042041e-01   8.142238e-01   4.040609e-01   5.184950e-01   3.267784e-01   1.695494e-01   8.643092e-02   1.093138e-01   7.107085e-02   5.140813e-02
   7.517205e-02   9.382494e-01   9.609465e-01   1.000000e+00   9.942770e-01   9.755537e-01   8.892546e-01   3.773220e-01   2.653099e-01   1.214134e-01   8.937730e-02   6.705491e-02   8.283092e-03   2.319785e-02   1.149847e-02   6.974703e-02
   6.647235e-01   9.508103e-01   9.813378e-01   6.804265e-01   2.081387e-01   9.128735e-01   8.053609e-01   7.609755e-01   4.545368e-01   5.245586e-01   3.606375e-01   3.810741e-01   1.881613e-01   3.208552e-01   1.815938e-01   7.465344e-02
   5.787431e-01   3.084996e-01   2.672627e-01   0.000000e+00   9.980546e-01   9.953589e-01   8.780774e-01   8.237367e-01   1.942488e-01   2.853472e-01   1.528240e-01   6.150017e-02   1.361517e-01   1.237140e-01   5.486895e-02   9.104454e-03
   5.656682e-01   7.672973e-01   5.305792e-02   3.600427e-03   9.776420e-01   9.216440e-01   5.086965e-01   1.000000e+00   1.138496e-01   1.245829e-01   5.985633e-02   1.854192e-02   8.522441e-02   5.763325e-02   6.345209e-02   5.889292e-02
   3.028155e-01   2.283603e-01   9.791616e-01   9.998862e-01   9.364381e-01   9.983414e-01   7.693198e-01   5.026837e-01   1.301962e-01   1.446225e-01   1.169888e-01   2.995589e-02   2.784111e-02   9.023430e-03   1.841165e-02   5.039852e-02
   9.096171e-01   6.804447e-01   5.853958e-03   4.903659e-02   9.998810e-01   9.655117e-01   7.854646e-01   8.541359e-01   3.658892e-01   3.087546e-01   2.909042e-01   9.724266e-02   8.852672e-02   1.141550e-01   7.280680e-02   7.264140e-02
   0.000000e+00   3.079056e-01   1.000000e+00   9.864025e-01   1.000000e+00   9.881606e-01   7.967675e-01   5.327813e-01   7.644254e-02   7.538363e-02   3.036731e-02   2.220587e-02   4.456354e-02   6.582194e-03   1.120108e-02   4.662807e-02
   5.338037e-01   2.496264e-01   3.649079e-01   0.000000e+00   9.606176e-01   9.722596e-01   8.313704e-01   5.866423e-01   2.953431e-01   9.323632e-02   2.648460e-02   7.594681e-02   9.761888e-02   1.161177e-02   1.941830e-02   9.356901e-02
   6.311075e-01   9.584446e-01   9.349838e-01   2.000946e-01   9.623563e-01   9.743353e-01   8.868141e-01   7.933887e-01   3.195227e-01   4.780117e-01   3.437958e-01   3.390581e-01   7.667787e-02   1.308258e-01   1.298419e-01   6.497927e-02
   1.000000e+00   9.243379e-01   1.000000e+00   9.800188e-01   0.000000e+00   7.252746e-01   8.705532e-01   7.321944e-01   5.832938e-01   5.444020e-01   3.771867e-01   3.946466e-01   3.515716e-01   2.249326e-01   2.015412e-01   1.529172e-01
   1.399894e-01   9.558873e-01   9.997809e-01   1.000000e+00   9.041989e-01   9.870443e-01   3.187877e-01   2.289060e-01   3.230597e-01   1.348705e-01   1.579391e-01   7.106029e-02   4.105191e-02   2.202838e-02   1.537173e-02   6.692580e-03
   9.333373e-02   7.025909e-01   1.000000e+00   1.000000e+00   9.881991e-01   1.000000e+00   8.664877e-01   5.002922e-01   1.945130e-01   8.365003e-02   7.913340e-02   3.258297e-02   4.104195e-02   1.705029e-02   1.568841e-02   4.732353e-02
   2.329855e-01   8.676615e-01   6.880913e-01   6.799567e-01   9.670101e-01   9.754400e-01   1.000000e+00   3.323223e-01   2.916317e-01   1.148137e-01   1.127264e-01   5.288462e-02   1.215104e-01   6.835292e-02   3.900978e-02   2.896089e-02
   0.000000e+00   1.771556e-01   1.000000e+00   1.000000e+00   9.892825e-01   9.829927e-01   8.833229e-01   9.064087e-01   2.495495e-01   1.227513e-01   1.136595e-01   1.188139e-01   2.747450e-02   8.643184e-03   3.213170e-03   2.027427e-03
   1.000000e+00   2.240292e-01   8.244896e-01   7.101588e-01   6.077213e-01   5.545674e-01   7.656065e-01   7.317198e-01   3.612102e-01   2.653132e-01   2.283508e-01   3.549759e-01   2.901959e-01   7.945923e-02   8.529422e-02   7.752617e-02
   0.000000e+00   6.550396e-03   9.994618e-01   9.946624e-01   1.000000e+00   1.000000e+00   8.110420e-01   5.455846e-01   3.408403e-01   8.637606e-02   7.283341e-02   2.676863e-02   1.168917e-02   1.016908e-02   7.893481e-03   4.746638e-02
   6.929898e-01   1.399024e-01   4.751638e-01   0.000000e+00   9.346289e-01   9.922661e-01   9.002866e-01   7.363279e-01   7.984622e-02   7.534523e-02   3.481529e-02   1.273442e-01   1.049711e-01   2.069546e-01   3.332128e-04   4.707097e-02
   1.410696e-01   1.680512e-01   9.827954e-01   9.967249e-01   9.984412e-01   9.357338e-01   6.504703e-01   8.338733e-01   7.167389e-02   8.402596e-02   4.011349e-02   5.495710e-02   1.011063e-01   6.702601e-03   4.082122e-03   5.744868e-03
   8.253434e-01   7.486995e-01   1.418663e-02   0.000000e+00   9.981329e-01   9.546395e-01   8.051844e-01   8.260448e-01   3.790616e-01   2.024017e-01   2.408765e-01   1.009445e-01   1.653859e-01   1.060088e-01   6.378695e-02   1.112716e-02
   4.250117e-01   9.706712e-01   3.285332e-01   1.685514e-02   9.797979e-01   9.845582e-01   9.599379e-01   1.000000e+00   2.819891e-01   8.098147e-02   7.773716e-02   1.038033e-01   1.093427e-01   7.864243e-02   2.925167e-02   5.423400e-02
   9.467130e-01   9.393167e-01   0.000000e+00   0.000000e+00   9.727344e-01   8.454053e-01   8.658909e-01   8.339132e-01   4.579141e-01   3.160581e-01   4.819039e-01   1.852453e-01   1.473885e-01   1.418517e-01   6.172669e-02   4.253194e-02
   6.582639e-01   9.299666e-01   0.000000e+00   0.000000e+00   9.701537e-01   9.531427e-01   9.367022e-01   8.307571e-01   2.965757e-01   3.678737e-01   1.338441e-01   3.768551e-01   4.016952e-02   1.330408e-01   1.051509e-01   7.626854e-02
   8.502028e-01   9.876918e-01   9.192696e-01   1.000000e+00   6.978447e-01   9.989865e-01   8.047145e-01   7.043221e-01   7.073286e-01   6.383326e-01   4.847743e-01   3.252811e-01   2.507899e-01   1.969195e-01   2.779543e-01   2.154436e-01
   9.262404e-01   7.334331e-01   1.000000e+00   9.857913e-01   1.000000e+00   8.371350e-01   8.062998e-01   6.958793e-01   6.903748e-01   5.281141e-01   2.773220e-01   1.937411e-01   2.893706e-01   3.734970e-01   1.144759e-01   1.338969e-01
   2.032748e-01   5.089775e-01   1.000000e+00   1.000000e+00   1.000000e+00   9.840934e-01   2.035875e-01   2.127665e-01   7.233966e-02   7.617510e-02   1.544172e-01   4.624945e-02   5.153992e-02   2.179111e-02   1.324861e-02   1.709114e-02
   3.354280e-01   0.000000e+00   9.999997e-01   1.000000e+00   9.933229e-01   9.970284e-01   9.148966e-01   4.495355e-01   1.256775e-01   8.645448e-02   5.581490e-02   2.091812e-02   3.129237e-02   1.899395e-02   1.458947e-02   1.260955e-02
   9.682947e-01   1.329977e-01   3.790479e-04   0.000000e+00   9.673628e-01   9.627417e-01   8.616649e-01   3.802940e-01   2.493220e-01   3.593047e-01   5.102911e-01   2.907991e-02   1.213226e-01   4.908429e-02   3.865349e-02   7.089335e-02
   5.547493e-01   6.681636e-01   2.788451e-01   0.000000e+00   9.644054e-01   7.573619e-01   8.947527e-01   2.917359e-01   3.203027e-01   1.030319e-01   4.628429e-02   1.265507e-01   8.085852e-02   1.132026e-02   1.105549e-02   3.477137e-02
   1.000000e+00   9.530060e-01   1.000000e+00   6.508114e-01   0.000000e+00   1.000000e+00   8.347454e-01   7.583891e-01   5.447412e-01   5.780652e-01   4.220019e-01   3.789290e-01   2.689232e-01   1.573487e-01   1.972961e-01   8.433063e-02
   8.540813e-01   6.945306e-01   8.438073e-01   2.050869e-01   7.102977e-01   1.000000e+00   4.668842e-01   8.510168e-01   3.761384e-01   4.970291e-01   2.068965e-01   1.797625e-01   8.330150e-02   1.354026e-01   1.151231e-01   4.162735e-02
   6.135790e-01   9.217988e-01   5.593897e-01   9.312064e-01   1.000000e+00   9.106963e-01   8.058511e-01   8.443003e-01   3.575139e-01   3.774938e-01   2.298612e-01   2.042391e-01   9.495347e-02   9.706910e-02   1.157449e-01   3.829292e-02
   1.000000e+00   5.090238e-02   1.000000e+00   8.740845e-01   9.423880e-01   9.491401e-01   4.613257e-01   5.816263e-01   4.303421e-01   3.770773e-01   3.130215e-01   1.949528e-01   2.159965e-01   1.237329e-01   1.522984e-01   1.130957e-01
   9.520218e-01   1.549620e-01   4.073406e-01   8.577156e-01   9.667991e-01   9.734125e-01   8.138685e-01   4.732101e-01   2.585287e-01   1.700323e-01   1.215012e-01   5.195741e-02   2.686367e-01   3.287103e-02   2.263049e-02   7.309469e-02
   9.133682e-01   1.000000e+00   1.000000e+00   0.000000e+00   9.632389e-01   9.358128e-01   8.653084e-01   6.197869e-01   1.000000e+00   3.177862e-01   4.221202e-01   1.000000e+00   1.752398e-01   1.941871e-01   2.277962e-01   7.027681e-02
   7.949169e-02   8.799537e-02   9.614523e-01   9.997230e-01   9.979567e-01   9.923521e-01   1.000000e+00   6.570688e-01   9.475097e-02   7.731293e-02   2.648486e-02   2.918795e-02   3.972831e-02   1.001120e-02   4.788674e-03   2.622597e-02
   8.220512e-01   1.000000e+00   7.303415e-03   2.272051e-01   1.000000e+00   9.702221e-01   9.863786e-01   7.006200e-01   3.038605e-01   2.254660e-01   2.302496e-01   3.430226e-01   5.122639e-02   7.325591e-02   1.004322e-01   3.931700e-02
   1.000000e+00   7.608073e-01   3.694605e-02   4.723541e-02   9.991770e-01   9.652919e-01   8.100969e-01   8.642868e-01   4.319829e-01   3.120822e-01   2.535796e-01   9.665070e-02   1.391626e-01   1.071505e-01   9.113595e-02   8.566319e-02
   9.240839e-01   7.415698e-01   0.000000e+00   1.957067e-04   9.980652e-01   9.592806e-01   8.261323e-01   9.141093e-01   3.497124e-01   2.444399e-01   1.218407e-01   6.044132e-02   1.098718e-01   2.456986e-01   5.015467e-02   1.083841e-02
   8.053435e-01   8.461144e-01   1.000000e+00   6.105130e-01   9.984107e-01   9.519258e-01   7.189842e-01   7.711965e-01   7.942574e-01   7.070501e-01   2.759408e-01   2.051866e-01   4.488988e-01   2.820745e-01   6.685355e-02   1.526624e-01
   5.928723e-01   2.399354e-01   5.071568e-01   0.000000e+00   9.566442e-01   7.657361e-01   9.114265e-01   4.433177e-01   4.411451e-01   1.007190e-01   5.914041e-02   8.230544e-02   1.009586e-01   1.698606e-02   2.114197e-02   8.747312e-02
   9.668241e-01   9.108453e-01   9.369541e-01   1.000000e+00   2.123592e-02   9.832744e-01   8.587852e-01   7.286437e-01   5.494921e-01   5.348080e-01   5.027628e-01   4.048300e-01   3.132650e-01   2.132268e-01   1.858974e-01   1.036519e-01
   6.799444e-01   1.000000e+00   0.000000e+00   1.606807e-01   9.836864e-01   9.618064e-01   8.637218e-01   8.865862e-01   2.881887e-01   3.639417e-01   4.201412e-01   1.989887e-01   9.582683e-02   4.020845e-02   1.853695e-01   6.614862e-02
   7.340803e-01   9.135817e-01   1.000000e+00   5.160540e-01   1.000000e+00   8.673626e-01   7.861795e-01   8.645863e-01   1.000000e+00   4.648823e-01   3.669503e-01   4.067835e-01   1.469119e-01   1.860661e-01   1.686623e-01   6.135608e-02
   1.000000e+00   0.000000e+00   9.993635e-01   1.000000e+00   9.483916e-01   9.904263e-01   8.372931e-01   7.261137e-01   4.306452e-01   3.758274e-01   2.946330e-01   4.702369e-01   2.293208e-01   1.663857e-01   1.175753e-01   8.668310e-02
   8.061690e-01   8.989063e-01   1.000000e+00   3.250830e-01   1.000000e+00   8.474079e-01   8.245049e-01   8.582303e-01   5.849202e-01   5.568664e-01   3.811654e-01   4.028235e-01   3.092954e-01   2.249818e-01   2.005824e-01   2.834908e-01
   8.439989e-01   1.000000e+00   1.000000e+00   0.000000e+00   8.625250e-01   1.000000e+00   6.017437e-01   1.000000e+00   6.540668e-01   3.055904e-01   5.609636e-01   2.276727e-01   4.547524e-01   1.061131e-01   2.184660e-01   4.062052e-02
   4.996732e-01   2.903250e-01   1.000000e+00   7.298883e-01   1.000000e+00   8.935462e-01   5.931535e-01   2.149741e-01   2.657550e-01   1.199658e-01   7.629514e-02   6.804510e-02   2.612011e-02   1.599669e-02   2.082801e-02   5.454117e-02
   9.364785e-01   1.185582e-01   0.000000e+00   7.628302e-01   9.640257e-01   9.582811e-01   8.089396e-01   4.454964e-01   2.493304e-01   4.720967e-02   2.117330e-01   5.171464e-02   2.586407e-01   2.610700e-02   1.410783e-02   6.710332e-02
   6.191649e-01   4.892391e-01   9.079430e-01   9.379088e-01   1.000000e+00   9.873049e-01   8.103600e-01   7.796566e-01   3.891004e-01   1.785531e-01   2.417867e-01   2.386048e-01   8.324396e-02   6.303143e-02   4.819271e-02   5.703561e-02
   1.000000e+00   7.410547e-01   9.200289e-01   1.000000e+00   0.000000e+00   1.000000e+00   7.612740e-01   8.283363e-01   5.598762e-01   5.367269e-01   3.952083e-01   4.129198e-01   2.594552e-01   2.640405e-01   2.026366e-01   1.858461e-01
   8.875659e-01   9.525570e-01   1.000000e+00   5.369202e-01   4.419472e-01   9.165627e-01   8.064627e-01   7.541651e-01   8.945011e-01   4.556003e-01   5.381353e-01   3.900503e-01   1.825909e-01   3.052273e-01   1.465256e-01   8.609418e-02
   8.601489e-01   9.167172e-01   0.000000e+00   0.000000e+00   9.688684e-01   8.935385e-01   7.891097e-01   8.398811e-01   3.485273e-01   4.982553e-01   2.434785e-01   2.027567e-01   9.783385e-02   1.227438e-01   1.083727e-01   4.628889e-02
   3.310031e-01   1.347645e-01   9.998337e-01   1.000000e+00   9.955408e-01   9.185973e-01   6.894489e-01   1.233753e-01   1.154907e-01   2.852964e-01   4.715244e-02   1.984103e-02   8.509628e-02   2.134525e-02   1.107205e-02   1.433412e-02
   3.899846e-01   1.000000e+00   7.970223e-01   8.468379e-02   9.959303e-01   9.896625e-01   8.122865e-01   7.563889e-01   3.428537e-01   3.461488e-01   1.042583e-01   2.932312e-02   1.182239e-01   4.112885e-02   2.129325e-02   5.388846e-02
   1.000000e+00   9.351229e-01   1.027984e-02   0.000000e+00   9.696771e-01   8.972926e-01   8.028950e-01   8.326211e-01   3.455799e-01   3.449492e-01   2.456173e-01   1.751851e-01   1.206032e-01   1.504588e-01   8.308367e-02   5.797165e-02
   1.896588e-01   0.000000e+00   8.527858e-01   9.972266e-01   1.000000e+00   9.779667e-01   1.000000e+00   5.285338e-01   1.455313e-01   3.325963e-02   4.211031e-02   1.973862e-02   1.568220e-02   7.040599e-03   5.651224e-03   4.648554e-02
   7.101616e-01   4.586708e-01   1.000000e+00   9.257624e-02   9.639249e-01   9.774568e-01   8.686580e-01   7.588320e-01   2.804055e-01   4.230526e-01   3.382135e-01   2.116987e-01   8.826912e-02   1.393508e-01   8.195166e-02   7.023610e-02
   6.871339e-01   2.613153e-01   9.576306e-01   8.119009e-01   1.000000e+00   1.000000e+00   6.943705e-01   4.018617e-01   2.072308e-01   1.391304e-01   9.833733e-02   7.649857e-02   2.530857e-02   1.273894e-02   2.342813e-02   5.358113e-02
   1.402900e-01   8.591430e-01   9.985492e-01   1.000000e+00   9.061877e-01   9.808542e-01   9.210566e-01   2.447274e-01   2.778647e-01   1.213706e-01   1.653192e-01   6.998777e-02   5.679505e-02   2.625714e-02   1.621205e-02   6.419164e-02
   5.112378e-01   9.118350e-01   1.000000e+00   6.595603e-01   1.000000e+00   9.111934e-01   8.039330e-01   8.713967e-01   5.859909e-01   5.338406e-01   1.894526e-01   3.740688e-01   1.524823e-01   2.016940e-01   2.037304e-01   4.991533e-02
   1.471035e-01   8.432851e-01   9.840560e-01   6.483431e-01   9.649963e-01   9.788004e-01   9.423689e-01   2.350738e-01   2.896568e-01   1.198789e-01   1.374383e-01   4.685550e-02   7.495268e-02   4.387454e-02   2.822698e-02   2.277944e-02
   6.702107e-01   7.236958e-01   2.933500e-01   1.956747e-02   9.469195e-01   9.393890e-01   9.265558e-01   7.777812e-01   2.548173e-01   3.581178e-01   1.994359e-01   1.413780e-01   5.953404e-02   7.090070e-02   8.422401e-02   6.535763e-02
   3.314747e-01   8.503167e-02   9.998583e-01   1.000000e+00   9.957516e-01   1.000000e+00   8.785905e-01   3.712645e-01   1.271695e-01   3.941870e-02   4.875598e-02   2.091321e-02   3.685199e-02   7.116140e-03   1.170561e-02   7.347691e-03
   1.000000e+00   8.979106e-01   9.997546e-01   9.823315e-01   0.000000e+00   7.826390e-01   8.841279e-01   8.743053e-01   5.839648e-01   4.711163e-01   3.735786e-01   3.951417e-01   3.348351e-01   2.286592e-01   2.250230e-01   1.622537e-01
   4.459705e-01   9.502740e-01   5.828600e-02   0.000000e+00   9.594803e-01   9.343593e-01   4.039049e-01   5.694773e-01   2.826060e-01   1.211572e-01   6.890561e-02   1.306279e-02   9.237450e-02   5.097374e-02   5.099321e-02   3.963323e-02
   1.000000e+00   5.542544e-01   9.573016e-01   1.000000e+00   9.682934e-02   9.511730e-01   7.306981e-01   9.282423e-01   6.476678e-01   5.332152e-01   4.158452e-01   1.628158e-01   2.606206e-01   2.871199e-01   1.763583e-01   1.492446e-01
   0.000000e+00   2.916884e-02   9.991314e-01   9.993230e-01   9.903256e-01   1.000000e+00   8.523198e-01   4.734867e-01   4.160369e-01   3.355277e-02   8.033257e-02   2.475241e-02   3.955739e-02   1.175034e-02   9.376586e-03   4.743169e-02
   1.000000e+00   6.771258e-01   8.050548e-03   3.390870e-02   9.786814e-01   9.741115e-01   8.114698e-01   8.542352e-01   2.973120e-01   4.412563e-01   2.350728e-02   9.896340e-02   9.401284e-02   6.637632e-02   7.284450e-02   8.740965e-02
   1.000000e+00   7.921578e-01   9.384881e-01   1.000000e+00   0.000000e+00   1.000000e+00   7.829506e-01   8.180626e-01   5.514988e-01   5.200440e-01   3.953249e-01   4.192398e-01   2.387770e-01   2.349058e-01   2.021036e-01   1.839416e-01
   5.766878e-01   2.118891e-01   8.688879e-01   0.000000e+00   1.000000e+00   6.362478e-01   9.314781e-01   6.427252e-01   5.333178e-01   8.562326e-02   4.873101e-02   5.223660e-02   1.008413e-01   1.320078e-02   7.332249e-03   8.550123e-02
   1.000000e+00   2.936623e-01   0.000000e+00   1.254253e-02   8.281099e-01   8.813608e-01   1.000000e+00   7.891170e-01   2.844250e-01   3.904615e-01   3.294924e-02   8.581127e-02   8.836250e-02   9.169667e-03   1.180590e-01   4.475142e-02
   9.585538e-01   9.532774e-01   1.000000e+00   5.376927e-01   0.000000e+00   9.134917e-01   8.316940e-01   7.483736e-01   1.655067e-01   4.900297e-01   1.659493e-01   5.140805e-01   2.545511e-01   2.239709e-01   1.151811e-01   7.490710e-02
   3.239042e-01   7.231700e-01   9.882668e-01   8.256264e-01   1.000000e+00   9.070468e-01   7.984609e-01   2.704154e-01   2.740551e-01   4.244253e-01   1.967818e-01   1.152149e-01   5.065244e-02   9.387293e-02   4.902850e-02   7.184290e-02
   6.131148e-01   7.864099e-01   4.800838e-02   0.000000e+00   9.598115e-01   9.288504e-01   9.397023e-01   1.000000e+00   2.961580e-01   1.253576e-01   6.387824e-02   3.705794e-03   9.077584e-02   2.809433e-02   5.666516e-02   3.958921e-02
   4.112648e-01   3.193786e-01   5.387403e-01   0.000000e+00   9.407742e-01   1.000000e+00   8.287365e-01   5.868376e-01   7.173488e-02   8.639188e-02   3.714650e-02   1.015928e-01   2.208934e-02   6.586671e-03   1.816387e-02   2.364862e-03
   1.000000e+00   8.913272e-01   9.999571e-01   8.889292e-01   0.000000e+00   1.000000e+00   8.525189e-01   7.717077e-01   5.846116e-01   5.421349e-01   3.642085e-01   4.300458e-01   3.565789e-01   2.363083e-01   2.307360e-01   2.731397e-01
   9.519827e-01   8.739832e-01   1.000000e+00   7.398546e-01   1.000000e+00   9.155095e-01   9.624907e-01   7.671157e-01   7.272440e-01   5.873352e-01   3.447412e-01   2.919616e-01   2.529830e-01   2.229435e-01   1.494240e-01   1.078790e-01
   1.000000e+00   3.680565e-01   9.896212e-01   9.974477e-01   1.000000e+00   7.468723e-01   9.988699e-01   7.599280e-01   8.050535e-01   3.785995e-01   1.921652e-01   3.690780e-01   2.683304e-01   2.511607e-01   1.892195e-01   1.187803e-01
   6.788994e-01   9.582611e-01   7.596863e-01   9.617584e-01   7.200920e-01   1.000000e+00   7.881124e-01   8.710746e-01   4.943443e-01   7.319909e-01   2.153760e-01   2.834822e-01   7.221828e-01   1.356959e-01   1.168739e-01   1.561768e-01
   3.799100e-01   9.576623e-01   8.214899e-01   3.818002e-01   9.897749e-01   9.712823e-01   7.601589e-01   7.811272e-01   3.083838e-01   1.282437e-01   1.182287e-01   7.693180e-02   6.441071e-02   3.327349e-02   3.250997e-02   4.489291e-02
   9.444888e-01   9.832207e-01   0.000000e+00   1.000000e+00   1.000000e+00   7.721356e-01   8.363664e-01   8.024364e-01   4.566032e-01   4.760549e-01   2.709931e-01   4.671521e-01   3.671405e-01   1.293300e-01   2.285732e-01   1.887996e-01
   4.323806e-01   3.292152e-01   0.000000e+00   1.000000e+00   1.000000e+00   9.716738e-01   8.665392e-01   7.851039e-01   6.094293e-02   1.093463e-01   2.856286e-02   6.521273e-02   3.421165e-02   6.430624e-03   1.842078e-02   4.699556e-02
   2.802497e-01   1.612534e-01   9.573940e-01   9.999316e-01   9.975321e-01   9.973414e-01   8.091638e-01   5.768812e-01   8.367868e-02   1.486242e-01   1.006335e-01   2.829413e-02   2.207268e-02   8.846124e-03   8.707756e-03   4.152153e-02
   1.000000e+00   9.735727e-01   9.996842e-01   1.000000e+00   0.000000e+00   7.798417e-01   8.364765e-01   9.197980e-01   5.798787e-01   5.191971e-01   3.975302e-01   3.928599e-01   3.514222e-01   2.301703e-01   2.233891e-01   1.911643e-01
   5.440623e-01   7.736601e-01   9.854593e-01   1.000000e+00   9.789529e-01   8.344198e-01   8.882876e-01   7.077389e-01   6.546713e-01   4.660245e-01   4.404747e-01   1.974001e-01   2.356426e-01   3.073938e-01   1.242667e-01   1.532381e-01
   7.677476e-01   7.891321e-01   5.667774e-01   0.000000e+00   9.506595e-01   9.874399e-01   1.000000e+00   6.802026e-01   3.818291e-01   3.416445e-01   1.779359e-01   1.428346e-01   3.161971e-02   7.618912e-02   5.627404e-02   1.362270e-01
   6.641327e-01   1.000000e+00   8.882298e-02   3.269297e-01   9.995572e-01   9.915335e-01   6.295878e-01   5.407436e-01   3.833813e-01   2.697775e-01   1.826732e-01   1.068583e-01   1.015947e-01   1.714517e-01   5.064610e-02   4.628239e-02
   5.935066e-01   7.271819e-01   3.065343e-01   8.681069e-01   9.904145e-01   9.280369e-01   7.928239e-01   8.353975e-01   7.577204e-01   6.045729e-01   4.587650e-01   1.364099e-01   7.827918e-02   7.009176e-02   5.612780e-02   1.882904e-02
   5.350090e-01   8.987159e-01   4.654795e-01   7.651408e-01   1.000000e+00   1.000000e+00   9.877525e-01   4.423938e-01   3.318556e-01   3.861700e-01   1.887335e-01   2.124646e-01   9.350327e-02   6.603551e-02   1.373319e-01   3.442967e-02
   7.333061e-01   1.000000e+00   4.747775e-01   1.513519e-02   9.972170e-01   9.894110e-01   8.950736e-01   8.056404e-01   4.780988e-01   3.905823e-01   5.834950e-01   1.964193e-01   9.095113e-02   2.550328e-01   4.264724e-02   5.011051e-02
   5.188516e-01   8.920321e-01   0.000000e+00   2.367001e-02   9.999355e-01   9.468764e-01   5.041265e-01   2.641528e-01   1.036813e-01   1.563804e-01   7.788476e-02   1.064933e-01   9.406237e-02   9.131575e-02   8.119054e-02   3.966161e-02
   2.708995e-01   1.000000e+00   4.428735e-01   0.000000e+00   9.599202e-01   1.000000e+00   8.391636e-01   6.628296e-01   2.704826e-01   2.952613e-01   2.691813e-02   4.378627e-02   1.027723e-01   3.177513e-01   2.815634e-02   3.811418e-03
