   8.112159e-01   4.203352e-01   0.000000e+00   1.159584e-01   0.000000e+00   8.683025e-01   5.160783e-01   9.028446e-01   9.985601e-01   9.112596e-01   1.000000e+00   9.362518e-01   1.000000e+00   9.320359e-01   9.985394e-01   9.437406e-01   9.970313e-01
   8.474609e-01   0.000000e+00   9.319659e-03   6.055878e-02   3.034683e-02   7.181931e-01   0.000000e+00   8.926513e-01   9.993816e-01   9.087193e-01   9.999971e-01   9.240774e-01   9.999482e-01   9.338065e-01   9.985126e-01   9.432005e-01   9.980407e-01
   0.000000e+00   0.000000e+00   7.070980e-03   3.790155e-04   4.916069e-02   6.481378e-01   1.376972e-01   8.886347e-01   1.000000e+00   9.095969e-01   9.999983e-01   9.239301e-01   9.999148e-01   9.340440e-01   9.988032e-01   9.391572e-01   9.980446e-01
   7.863337e-01   8.603544e-01   1.000000e+00   1.692726e-01   0.000000e+00   7.598368e-01   0.000000e+00   1.000000e+00   9.559355e-01   9.019009e-01   8.603825e-01   9.240057e-01   1.984559e-01   9.655566e-01   1.000000e+00   1.000000e+00   4.717491e-01
   7.965933e-01   1.000000e+00   0.000000e+00   0.000000e+00   6.689545e-01   8.713931e-01   1.271697e-01   9.146955e-01   9.870759e-01   8.224790e-01   9.990410e-01   9.101256e-01   5.464805e-01   9.069888e-01   1.000000e+00   6.222138e-01   9.933161e-01
   8.017118e-01   1.000000e+00   1.000000e+00   1.000000e+00   1.364888e-01   8.097259e-01   0.000000e+00   7.596988e-01   9.803629e-01   8.563328e-01   8.678239e-01   0.000000e+00   7.997772e-01   8.855847e-01   1.000000e+00   8.067846e-01   9.659025e-01
   7.564434e-01   7.723567e-01   1.000000e+00   3.997918e-01   1.157026e-02   1.421390e-01   8.882614e-01   4.218439e-01   1.000000e+00   8.837923e-01   9.825088e-01   9.913624e-01   9.112257e-01   7.810194e-01   8.568109e-01   6.089489e-01   7.488881e-01
   8.030116e-01   1.000000e+00   9.631250e-01   3.379325e-01   2.675106e-01   1.683965e-01   5.819690e-01   9.529648e-01   9.513001e-01   8.935408e-01   1.000000e+00   8.576529e-01   7.233171e-01   7.076237e-01   1.000000e+00   1.000000e+00   2.890055e-02
   7.621438e-01   7.251753e-01   1.000000e+00   2.084542e-01   4.759553e-01   1.000000e+00   1.000000e+00   1.000000e+00   7.757639e-01   9.159660e-01   8.210601e-01   8.820738e-01   9.099863e-01   8.969228e-01   7.939765e-01   1.000000e+00   4.619889e-01
   7.108507e-01   1.000000e+00   4.100228e-01   4.421401e-03   5.769809e-02   9.899783e-01   0.000000e+00   9.462513e-01   9.967806e-01   9.525119e-01   1.000000e+00   9.370578e-01   9.831503e-01   1.000000e+00   1.000000e+00   9.235732e-01   9.892413e-01
   4.583334e-01   0.000000e+00   2.464816e-02   1.378109e-03   5.189552e-02   6.969454e-01   1.379439e-01   8.885735e-01   1.000000e+00   9.095959e-01   9.999982e-01   9.271309e-01   9.999576e-01   9.340617e-01   9.988418e-01   9.385365e-01   9.980400e-01
   7.975998e-01   6.652797e-01   1.000000e+00   1.125025e-01   3.679528e-01   1.000000e+00   7.014112e-01   9.021095e-01   7.782967e-01   9.057426e-01   8.245648e-01   9.192938e-01   6.930811e-01   9.096951e-01   8.637937e-01   6.296654e-01   4.318422e-01
   7.819505e-01   7.664886e-01   1.000000e+00   4.041030e-03   1.979575e-01   1.000000e+00   1.126305e-01   9.369360e-01   9.525637e-01   9.031760e-01   1.000000e+00   5.539174e-01   1.000000e+00   5.011123e-01   1.000000e+00   8.869037e-01   9.976269e-01
   7.987586e-01   6.433011e-01   1.000000e+00   2.073623e-01   0.000000e+00   1.000000e+00   2.584188e-01   1.000000e+00   7.062709e-01   9.525252e-01   9.217303e-01   8.946020e-01   6.550605e-01   8.941747e-01   8.484546e-01   1.000000e+00   5.869186e-01
   7.765065e-01   1.000000e+00   3.626403e-02   8.341120e-02   8.332007e-02   0.000000e+00   8.941611e-02   9.725870e-01   9.994235e-01   8.694831e-01   8.812064e-01   8.318316e-01   8.910934e-01   9.767173e-01   1.167610e-01   8.528397e-01   9.952277e-01
   3.061478e-01   1.000000e+00   8.155965e-01   0.000000e+00   0.000000e+00   0.000000e+00   0.000000e+00   1.000000e+00   9.982591e-01   8.780895e-01   9.522630e-01   9.434566e-01   9.291443e-01   9.108401e-01   8.880762e-01   9.959213e-01   1.000000e+00
   7.782362e-01   1.000000e+00   9.536779e-01   1.175821e-01   1.010423e-01   8.394255e-01   1.869669e-01   1.000000e+00   8.504028e-01   8.661053e-01   9.064743e-01   6.338800e-01   1.000000e+00   9.903823e-01   7.036649e-01   7.221322e-01   1.000000e+00
   7.408820e-01   3.566620e-01   9.424095e-01   7.007311e-02   0.000000e+00   2.599452e-01   1.893793e-01   7.012663e-01   9.990159e-01   8.918324e-01   9.644620e-01   9.909346e-01   7.189477e-01   8.248487e-01   1.000000e+00   6.652177e-01   1.000000e+00
   7.627699e-01   5.825907e-01   9.123680e-01   3.271610e-01   1.229455e-01   1.000000e+00   1.000000e+00   9.500629e-01   9.232477e-01   8.493595e-01   7.709395e-01   8.958019e-01   1.000000e+00   8.679808e-01   9.400945e-01   4.885261e-01   2.403317e-01
   7.494747e-01   6.833648e-01   1.000000e+00   2.886559e-02   1.799759e-01   8.683461e-01   0.000000e+00   7.339290e-01   8.871892e-01   8.959008e-01   8.740937e-01   6.892869e-01   1.000000e+00   7.175061e-01   1.000000e+00   8.765688e-01   1.000000e+00
   7.851842e-01   8.732891e-01   1.000000e+00   1.000000e+00   0.000000e+00   8.724799e-01   2.595459e-01   6.613493e-01   9.814851e-01   9.139201e-01   1.000000e+00   1.796788e-01   3.403249e-01   9.046918e-01   1.000000e+00   6.945414e-01   9.690270e-01
   7.724767e-01   1.000000e+00   8.271683e-01   0.000000e+00   3.253244e-02   0.000000e+00   0.000000e+00   9.268794e-01   9.702813e-01   8.987198e-01   9.589991e-01   9.542757e-01   7.848866e-01   9.106984e-01   6.884348e-01   6.641941e-01   5.444755e-01
   7.574554e-01   7.382425e-01   1.000000e+00   4.644161e-02   0.000000e+00   0.000000e+00   9.564360e-01   7.831629e-01   7.909013e-01   8.751682e-01   9.986123e-01   9.204381e-01   7.326263e-01   7.460577e-01   6.144106e-01   5.872547e-01   7.966861e-01
   2.710693e-01   1.000000e+00   9.645436e-01   4.327115e-02   0.000000e+00   7.916345e-01   3.012734e-01   8.938473e-01   1.000000e+00   9.077395e-01   1.000000e+00   9.078343e-01   8.401264e-01   9.518852e-01   1.000000e+00   9.285599e-01   9.139078e-01
   8.332328e-01   0.000000e+00   0.000000e+00   1.660349e-01   6.451003e-03   9.605179e-01   8.227617e-01   9.006504e-01   9.990509e-01   9.096313e-01   1.000000e+00   9.410014e-01   9.999550e-01   9.314669e-01   9.985363e-01   9.433756e-01   9.969145e-01
   7.828707e-01   6.057188e-01   1.000000e+00   0.000000e+00   7.587738e-03   6.477000e-01   0.000000e+00   6.402401e-01   9.438025e-01   9.294830e-01   9.371949e-01   9.898774e-01   1.000000e+00   8.555473e-01   1.000000e+00   5.724217e-01   9.043811e-01
   7.286749e-01   9.382744e-01   1.000000e+00   4.110010e-02   1.247358e-01   6.765045e-01   1.895540e-02   1.000000e+00   9.442081e-01   9.033015e-01   8.369324e-01   9.448162e-01   7.568188e-01   9.781938e-01   9.290548e-01   7.725289e-01   8.927093e-01
   3.147858e-01   1.000000e+00   2.205199e-01   3.488312e-01   2.533179e-01   5.469127e-01   7.639469e-02   6.949854e-01   9.213031e-01   8.377942e-01   9.662196e-01   9.680253e-01   1.000000e+00   9.521887e-01   9.762344e-01   9.448613e-01   8.729010e-01
   7.995122e-01   6.639595e-01   1.927330e-02   3.365029e-02   1.321523e-01   0.000000e+00   6.276148e-02   9.061988e-01   8.761019e-01   8.988852e-01   1.000000e+00   9.925287e-01   7.843190e-01   8.581608e-01   5.567381e-01   7.198019e-01   4.532429e-01
   7.737113e-01   9.711589e-01   4.998836e-01   3.663231e-01   2.816252e-02   2.701944e-01   2.810743e-01   7.719743e-01   9.948363e-01   9.238221e-01   9.770566e-01   7.846216e-01   4.852830e-01   9.405842e-01   9.185510e-01   9.154371e-01   9.173408e-01
   4.303383e-01   0.000000e+00   4.759622e-01   8.335039e-03   6.124181e-02   7.936379e-01   2.655998e-01   8.833313e-01   9.993561e-01   9.035786e-01   9.999956e-01   9.257669e-01   9.992609e-01   9.654553e-01   1.000000e+00   9.414640e-01   9.812279e-01
   2.595907e-01   1.000000e+00   4.168951e-02   1.032124e-01   0.000000e+00   7.444404e-01   0.000000e+00   9.525257e-01   9.969459e-01   8.465979e-01   9.999963e-01   9.282053e-01   1.000000e+00   9.455439e-01   9.949087e-01   9.500929e-01   9.973400e-01
   7.685315e-01   1.000000e+00   7.417236e-03   3.037837e-01   8.139317e-02   2.204232e-01   3.153935e-01   1.000000e+00   1.000000e+00   8.390569e-01   9.969367e-01   7.850940e-01   4.968911e-01   1.000000e+00   9.870353e-01   9.264409e-01   9.883303e-01
   8.050002e-01   7.375480e-01   0.000000e+00   2.598768e-01   6.660031e-01   1.000000e+00   0.000000e+00   8.950136e-01   5.584649e-01   7.845772e-01   1.000000e+00   5.602370e-01   6.336062e-01   8.384809e-01   9.995222e-01   6.340219e-01   9.618285e-01
   7.399662e-01   9.258785e-01   1.000000e+00   1.424669e-01   1.455548e-01   6.829031e-01   3.035796e-01   7.984113e-01   9.931050e-01   8.067879e-01   9.483788e-01   1.000000e+00   5.370538e-01   8.852628e-01   8.947473e-01   1.000000e+00   9.192725e-01
   8.088727e-01   0.000000e+00   0.000000e+00   8.701823e-02   3.867312e-01   7.095393e-01   2.545423e-01   9.202027e-01   9.982361e-01   9.132601e-01   9.999963e-01   9.287150e-01   1.000000e+00   9.506636e-01   9.985830e-01   9.515678e-01   9.979879e-01
   7.565027e-01   1.000000e+00   1.000000e+00   7.673216e-02   3.198655e-01   0.000000e+00   4.789342e-01   8.480439e-01   1.000000e+00   9.362356e-01   9.999999e-01   9.426603e-01   1.000000e+00   7.078859e-01   9.400432e-01   0.000000e+00   9.976855e-01
   7.469917e-01   0.000000e+00   7.775082e-01   0.000000e+00   4.836200e-01   6.081795e-01   1.327177e-01   1.000000e+00   9.973361e-01   9.178814e-01   9.939257e-01   9.510028e-01   1.000000e+00   9.752024e-01   7.910257e-01   9.858933e-01   9.346335e-01
   7.157975e-01   1.000000e+00   3.928642e-01   2.390170e-03   3.640318e-02   8.603268e-01   0.000000e+00   9.823043e-01   9.969214e-01   9.044976e-01   1.000000e+00   9.623998e-01   9.871837e-01   9.992986e-01   1.000000e+00   9.803829e-01   1.000000e+00
   8.151377e-01   1.232140e-01   6.817939e-01   1.000000e+00   1.034557e-01   4.826938e-01   5.154700e-01   9.333911e-01   9.990834e-01   9.075207e-01   9.879733e-01   9.411774e-01   9.234363e-01   1.000000e+00   9.984282e-01   8.666518e-01   9.450731e-01
   8.007584e-01   8.397663e-01   1.000000e+00   1.102535e-01   0.000000e+00   2.540486e-02   0.000000e+00   7.113348e-01   8.293401e-01   9.624441e-01   9.942468e-01   9.201804e-01   5.312254e-01   7.537025e-01   8.031380e-01   7.354562e-01   1.000000e+00
   2.796712e-01   1.000000e+00   1.287615e-01   0.000000e+00   0.000000e+00   1.000000e+00   9.179953e-01   9.801294e-01   9.522503e-01   9.741358e-01   1.000000e+00   9.153864e-01   1.000000e+00   9.602425e-01   9.787721e-01   9.114375e-01   9.806383e-01
   8.121555e-01   7.612701e-01   1.000000e+00   2.569681e-01   5.114733e-02   1.000000e+00   7.635293e-01   9.314840e-01   7.367875e-01   9.051675e-01   7.339762e-01   6.458093e-01   6.785430e-01   8.429859e-01   7.616452e-01   5.941290e-01   9.626711e-01
   7.182574e-01   7.450924e-01   1.000000e+00   2.550066e-01   3.070444e-03   1.000000e+00   0.000000e+00   9.648419e-01   7.379709e-01   8.943909e-01   1.000000e+00   7.103203e-01   9.758951e-01   9.810115e-01   1.000000e+00   1.000000e+00   5.210707e-01
   7.936451e-01   1.000000e+00   7.298718e-01   9.798621e-01   1.350708e-01   0.000000e+00   0.000000e+00   6.920873e-01   9.939121e-01   9.128955e-01   9.829705e-01   5.378300e-01   7.802804e-01   9.152127e-01   1.000000e+00   6.522748e-01   3.502378e-01
   3.574271e-01   0.000000e+00   2.406892e-01   2.515667e-01   3.812786e-01   7.145595e-01   5.520195e-02   9.524035e-01   9.963130e-01   9.681434e-01   9.677423e-01   9.464053e-01   9.904901e-01   9.512372e-01   1.000000e+00   9.960059e-01   1.000000e+00
   7.545266e-01   9.265429e-01   9.195425e-01   1.000000e+00   4.301762e-01   2.401124e-01   3.584586e-01   5.704988e-01   8.976534e-01   8.792957e-01   9.299851e-01   9.066869e-01   1.000000e+00   8.574521e-01   1.000000e+00   9.369622e-01   9.494310e-01
   7.753496e-01   7.750488e-01   8.078950e-01   1.488860e-02   4.297343e-02   1.000000e+00   1.753401e-01   9.201243e-01   9.993939e-01   9.092365e-01   9.484838e-01   9.617470e-01   7.327235e-01   8.476937e-01   1.000000e+00   6.426031e-01   1.000000e+00
   7.521169e-01   7.878503e-01   4.103855e-01   3.980462e-01   4.563690e-02   2.524569e-02   4.041807e-02   8.199490e-01   1.000000e+00   1.000000e+00   9.511647e-01   9.721215e-01   8.407358e-01   1.000000e+00   9.016484e-01   8.102844e-01   1.000000e+00
   7.564917e-01   4.722100e-01   3.309063e-01   3.978636e-01   4.665111e-02   0.000000e+00   2.315181e-01   8.287054e-01   9.442706e-01   9.830213e-01   9.778129e-01   9.695359e-01   4.394813e-01   3.814183e-01   8.788679e-01   7.981034e-01   9.346628e-01
   7.136232e-01   2.314334e-01   1.000000e+00   0.000000e+00   2.279714e-02   6.293025e-01   0.000000e+00   8.186154e-01   9.989558e-01   9.998584e-01   9.713229e-01   1.000000e+00   8.733714e-01   9.952390e-01   8.430210e-01   9.756010e-01   8.933053e-01
   7.707386e-01   1.000000e+00   8.263617e-02   0.000000e+00   0.000000e+00   7.913383e-01   1.407826e-01   6.625217e-01   9.996972e-01   9.836264e-01   1.000000e+00   9.217777e-01   1.000000e+00   9.446316e-01   9.965941e-01   1.000000e+00   1.000000e+00
   3.376526e-01   1.000000e+00   1.161541e-01   1.275664e-01   1.489420e-01   5.075251e-01   3.321240e-01   8.897211e-01   9.995497e-01   8.110018e-01   9.999994e-01   1.000000e+00   9.213440e-01   9.367940e-01   9.872384e-01   9.411394e-01   9.532661e-01
   7.430420e-01   3.393882e-01   1.000000e+00   4.011695e-01   3.998433e-02   9.225193e-01   2.433627e-01   8.550881e-01   9.676464e-01   9.389596e-01   1.000000e+00   9.650234e-01   5.621632e-01   7.301210e-01   8.781747e-01   8.294650e-01   9.105659e-01
   4.319451e-01   9.763994e-01   2.240677e-02   5.667548e-02   5.138093e-02   3.720222e-01   1.385550e-01   9.110165e-01   9.995537e-01   8.612819e-01   9.087201e-01   9.458695e-01   1.000000e+00   9.847693e-01   9.675670e-01   1.000000e+00   9.980115e-01
   7.765701e-01   8.467731e-01   1.084660e-01   1.046351e-01   2.348648e-01   6.685163e-01   3.359261e-01   9.605057e-01   8.836834e-01   8.643187e-01   9.996051e-01   8.561665e-01   1.000000e+00   9.483505e-01   1.000000e+00   8.981155e-01   9.667363e-01
   7.345311e-01   1.000000e+00   0.000000e+00   0.000000e+00   7.926224e-02   5.603735e-01   1.423635e-01   1.000000e+00   9.999082e-01   9.298318e-01   1.000000e+00   1.000000e+00   9.878078e-01   9.983803e-01   1.000000e+00   5.917388e-01   9.991380e-01
   7.905086e-01   9.171665e-01   1.000000e+00   0.000000e+00   5.465651e-01   8.771956e-01   0.000000e+00   9.720754e-01   9.442564e-01   9.196256e-01   9.954642e-01   6.505762e-01   1.000000e+00   6.799842e-01   9.763129e-01   8.260468e-01   0.000000e+00
   4.188813e-01   1.000000e+00   4.880834e-01   4.920072e-02   0.000000e+00   8.958897e-01   3.833834e-01   9.010473e-01   9.987731e-01   8.895403e-01   9.327458e-01   7.841734e-01   9.146405e-01   8.784070e-01   9.870240e-01   9.329954e-01   9.252299e-01
   7.817502e-01   3.182979e-01   2.135297e-02   1.318059e-01   0.000000e+00   7.404794e-01   9.359755e-01   9.143625e-01   1.000000e+00   9.307235e-01   1.000000e+00   9.413675e-01   8.612283e-01   7.327499e-01   9.384419e-01   1.000000e+00   1.137079e-01
   7.793582e-01   1.122277e-01   1.000000e+00   9.361430e-02   1.660768e-02   0.000000e+00   9.629032e-02   7.965153e-01   1.000000e+00   1.000000e+00   9.282497e-01   7.683561e-01   1.000000e+00   9.967775e-01   8.128712e-01   9.755607e-01   8.925995e-01
   7.961975e-01   8.379721e-02   3.245233e-01   1.000000e+00   4.395323e-01   6.092682e-01   1.710142e-01   9.494255e-01   9.976648e-01   8.781012e-01   9.923190e-01   9.416890e-01   9.041562e-01   1.000000e+00   9.984283e-01   8.814611e-01   9.590963e-01
   3.835233e-01   8.008721e-02   6.171129e-01   4.995346e-01   3.662091e-01   7.260948e-01   1.225137e-01   8.729830e-01   9.985176e-01   8.916354e-01   9.945649e-01   9.161427e-01   9.870777e-01   9.738364e-01   1.000000e+00   9.122293e-01   9.744463e-01
   8.023850e-01   4.390083e-01   0.000000e+00   4.853889e-02   1.707036e-01   8.741494e-01   2.609749e-01   8.994437e-01   9.884705e-01   9.094020e-01   1.000000e+00   1.000000e+00   7.321559e-01   7.951560e-01   9.347671e-01   6.982109e-01   9.996435e-01
   7.345687e-01   8.173516e-01   1.000000e+00   0.000000e+00   1.283413e-01   2.140749e-01   0.000000e+00   7.722994e-01   9.737933e-01   9.154798e-01   7.121089e-01   9.285397e-01   7.525663e-01   9.137744e-01   9.473290e-01   8.115174e-01   9.935681e-01
   3.996073e-01   0.000000e+00   1.132135e-02   0.000000e+00   1.234012e-01   9.013387e-01   1.614404e-01   7.870072e-01   1.000000e+00   9.141699e-01   9.999998e-01   9.200157e-01   9.999864e-01   9.294132e-01   9.849593e-01   9.002805e-01   9.948999e-01
   2.863584e-01   1.000000e+00   6.262688e-01   3.384955e-03   4.964943e-02   7.415990e-01   1.132562e-01   1.000000e+00   1.000000e+00   9.037318e-01   9.297189e-01   9.336835e-01   7.592455e-01   9.130335e-01   8.089949e-01   7.503098e-01   7.980167e-01
   7.321132e-01   1.000000e+00   1.000000e+00   1.668409e-01   1.089746e-01   7.283188e-01   3.222373e-02   9.741861e-01   9.400455e-01   9.246971e-01   1.000000e+00   9.946938e-01   1.000000e+00   9.143938e-01   9.988204e-01   8.676683e-01   8.704015e-01
   7.829648e-01   8.676897e-01   9.172204e-01   3.227902e-02   1.555378e-01   4.655235e-01   7.838400e-02   8.773097e-01   9.360069e-01   8.690294e-01   9.807294e-01   9.551602e-01   1.000000e+00   1.000000e+00   9.033368e-01   9.693173e-01   7.032034e-01
   7.312263e-01   1.000000e+00   0.000000e+00   9.875867e-02   3.456076e-01   9.599851e-01   1.587724e-01   8.195573e-01   1.000000e+00   9.075274e-01   1.000000e+00   9.245517e-01   1.000000e+00   8.042168e-01   9.993106e-01   1.000000e+00   1.000000e+00
   7.856266e-01   5.191174e-01   9.546808e-01   4.239007e-02   1.932129e-01   1.896028e-01   3.827668e-01   7.881769e-01   9.951028e-01   8.225898e-01   9.150537e-01   5.854071e-01   1.000000e+00   9.133665e-01   1.000000e+00   1.000000e+00   7.935065e-01
   7.268753e-01   7.145749e-01   3.265085e-01   9.193079e-02   0.000000e+00   6.166652e-01   0.000000e+00   7.950949e-01   9.975007e-01   8.008854e-01   1.000000e+00   9.957581e-01   9.885198e-01   9.997259e-01   9.993835e-01   9.953084e-01   7.463420e-01
   8.292809e-01   9.906008e-01   0.000000e+00   1.746034e-01   3.393845e-01   8.926404e-01   4.580801e-02   9.065114e-01   1.000000e+00   8.716958e-01   9.990903e-01   8.826205e-01   1.000000e+00   9.518823e-01   1.000000e+00   9.948325e-01   9.623635e-01
   7.813972e-01   1.000000e+00   2.263479e-02   1.189280e-01   0.000000e+00   6.322909e-01   6.936427e-01   8.659086e-01   9.927975e-01   9.449498e-01   1.000000e+00   9.229298e-01   6.752486e-01   6.126522e-01   9.978628e-01   9.109139e-01   9.241677e-01
   3.524762e-01   1.000000e+00   8.087906e-01   4.205508e-01   7.764520e-01   6.973282e-01   1.478600e-01   8.812087e-01   9.988737e-01   1.000000e+00   9.891527e-01   1.000000e+00   9.854629e-01   9.864088e-01   1.000000e+00   9.636426e-01   9.957899e-01
   7.647819e-01   1.000000e+00   9.609487e-01   3.235671e-02   0.000000e+00   0.000000e+00   1.000000e+00   8.325139e-01   8.285425e-01   9.786354e-01   8.982773e-01   9.268614e-01   8.544712e-01   8.860258e-01   7.973824e-01   1.000000e+00   6.050322e-01
   7.778709e-01   9.059882e-01   9.333604e-01   3.486073e-02   8.185919e-01   7.506420e-01   5.714913e-01   9.415810e-01   8.256803e-01   8.265901e-01   1.000000e+00   9.829684e-01   7.856386e-01   1.000000e+00   1.000000e+00   3.546368e-01   9.475832e-01
   8.083848e-01   5.446784e-02   0.000000e+00   1.099148e-01   0.000000e+00   9.018840e-01   3.470751e-01   9.178148e-01   9.713869e-01   9.114732e-01   9.999975e-01   9.342266e-01   1.000000e+00   9.876614e-01   9.985802e-01   9.973322e-01   9.974327e-01
   8.320335e-01   6.972083e-01   5.546963e-02   1.996525e-01   0.000000e+00   7.917591e-01   5.415776e-01   8.037774e-01   9.997355e-01   8.205118e-01   9.999999e-01   9.435310e-01   9.999931e-01   9.343079e-01   9.981184e-01   9.637058e-01   9.987938e-01
   3.341674e-01   0.000000e+00   4.114623e-01   0.000000e+00   3.680816e-01   9.398377e-01   0.000000e+00   9.208474e-01   9.985469e-01   9.156666e-01   1.000000e+00   9.633765e-01   9.679050e-01   9.929545e-01   9.907042e-01   9.349641e-01   9.572649e-01
   7.487977e-01   4.608057e-01   8.497560e-01   0.000000e+00   0.000000e+00   6.768070e-01   3.371502e-02   1.000000e+00   8.779324e-01   9.062236e-01   8.623940e-01   9.848045e-01   1.000000e+00   9.980952e-01   1.000000e+00   5.971070e-01   6.911885e-01
   7.116949e-01   7.466333e-01   8.557984e-01   3.581710e-01   0.000000e+00   0.000000e+00   1.521383e-01   5.394896e-01   9.996815e-01   8.589945e-01   9.643275e-01   8.593052e-01   9.245853e-01   7.706658e-01   1.000000e+00   1.000000e+00   9.332104e-01
   7.706919e-01   1.129241e-01   1.058236e-01   9.080940e-01   5.338027e-02   6.554135e-01   0.000000e+00   8.413436e-01   9.982317e-01   1.000000e+00   9.832538e-01   9.677767e-01   8.960138e-01   9.800808e-01   9.242417e-01   7.757031e-01   9.966570e-01
   7.844756e-01   7.384847e-01   4.999857e-01   3.958185e-02   1.331623e-01   9.763610e-02   1.002417e-02   8.878575e-01   1.000000e+00   9.132628e-01   8.791563e-01   9.732137e-01   6.337994e-01   9.894162e-01   9.543544e-01   6.779190e-01   9.238156e-01
   3.439318e-01   5.251945e-01   2.549196e-01   1.197761e-01   1.556337e-01   8.499915e-01   2.057565e-01   9.510098e-01   9.962413e-01   1.000000e+00   9.762968e-01   9.751178e-01   1.000000e+00   9.074757e-01   9.830113e-01   9.987320e-01   9.999193e-01
   7.378497e-01   1.000000e+00   6.968150e-01   1.121496e-01   0.000000e+00   2.747553e-01   5.377120e-02   1.000000e+00   9.551078e-01   8.880061e-01   1.000000e+00   9.216502e-01   7.619824e-01   9.579700e-01   9.838257e-01   8.311784e-01   1.000000e+00
   2.664197e-01   0.000000e+00   4.603180e-01   6.876296e-02   1.321289e-01   1.000000e+00   6.686023e-01   8.928897e-01   1.000000e+00   8.995882e-01   9.999944e-01   9.284424e-01   9.324810e-01   9.599091e-01   1.000000e+00   9.234914e-01   1.000000e+00
   7.498418e-01   9.760723e-01   1.000000e+00   0.000000e+00   2.434202e-01   6.615735e-01   9.543969e-02   9.872232e-01   9.996283e-01   9.350550e-01   9.942931e-01   1.000000e+00   1.000000e+00   8.771262e-01   1.000000e+00   1.000000e+00   5.521433e-01
   7.372115e-01   7.848584e-01   6.497414e-01   0.000000e+00   2.311906e-01   1.258624e-02   3.151682e-02   7.678524e-01   1.000000e+00   9.073172e-01   9.678506e-01   9.264209e-01   1.000000e+00   7.247236e-01   1.000000e+00   9.554305e-01   9.988928e-01
   7.440695e-01   1.000000e+00   9.421632e-01   9.435351e-02   6.395263e-02   0.000000e+00   5.231664e-01   8.779264e-01   1.000000e+00   9.404340e-01   1.000000e+00   9.139663e-01   1.000000e+00   9.693419e-01   1.000000e+00   7.851263e-02   9.994507e-01
   7.303043e-01   2.065246e-01   1.000000e+00   7.616113e-02   1.188070e-01   3.145465e-01   7.231892e-02   8.109146e-01   9.976985e-01   8.838182e-01   9.999597e-01   1.000000e+00   7.905988e-01   8.505763e-01   9.074803e-01   5.594486e-01   1.000000e+00
   7.898822e-01   1.000000e+00   1.000000e+00   0.000000e+00   0.000000e+00   1.420277e-01   1.278988e-01   7.178747e-01   1.000000e+00   1.000000e+00   9.999999e-01   1.000000e+00   9.999112e-01   9.454964e-01   9.257004e-01   6.172905e-01   9.698024e-01
   3.796632e-01   1.000000e+00   1.000000e+00   3.698548e-02   0.000000e+00   7.100197e-01   3.077102e-01   9.185455e-01   9.970322e-01   9.034036e-01   1.000000e+00   9.340349e-01   9.288290e-01   7.935957e-01   1.000000e+00   9.872424e-01   1.000000e+00
   3.266492e-01   7.099246e-01   0.000000e+00   9.993806e-02   3.005334e-02   5.727577e-01   1.936524e-01   9.215469e-01   9.996916e-01   8.311075e-01   9.999974e-01   9.764786e-01   8.079331e-01   9.381118e-01   9.852861e-01   9.554011e-01   9.987269e-01
   7.821463e-01   7.207248e-01   1.000000e+00   5.615635e-02   1.882674e-02   3.511760e-01   1.761949e-01   7.744259e-01   9.979165e-01   9.307414e-01   9.535850e-01   8.877379e-01   9.999411e-01   1.000000e+00   8.197668e-01   8.903188e-01   8.495355e-01
   7.167145e-01   4.835162e-01   1.000000e+00   1.573927e-02   8.721901e-02   2.330204e-02   1.229142e-01   9.896559e-01   9.750454e-01   9.064694e-01   8.881055e-01   9.269252e-01   8.073356e-01   9.841625e-01   1.000000e+00   9.457654e-01   9.662727e-01
   2.902340e-01   7.840390e-01   4.566405e-01   1.188952e-03   0.000000e+00   3.506577e-01   5.550584e-01   8.907966e-01   1.000000e+00   9.132236e-01   9.999042e-01   9.494454e-01   1.000000e+00   8.856461e-01   9.953466e-01   9.773580e-01   9.962360e-01
   3.453659e-01   1.000000e+00   3.036799e-01   0.000000e+00   0.000000e+00   1.380775e-02   6.376625e-02   9.992116e-01   1.000000e+00   8.642262e-01   8.850088e-01   7.935952e-01   9.149558e-01   9.703114e-01   9.292375e-01   9.416743e-01   9.458691e-01
   7.439538e-01   9.130791e-01   7.321018e-01   2.384244e-01   1.042138e-01   6.137654e-01   6.813691e-01   8.051714e-01   9.518104e-01   1.000000e+00   9.813320e-01   9.507996e-01   1.000000e+00   7.285423e-01   9.986308e-01   8.577269e-01   1.000000e+00
   9.422936e-02   0.000000e+00   1.226875e-02   6.394935e-02   1.098945e-01   7.145745e-01   0.000000e+00   8.921441e-01   9.992197e-01   9.089210e-01   9.999981e-01   9.296165e-01   9.999555e-01   9.342880e-01   9.988375e-01   9.423200e-01   9.989277e-01
   7.704306e-01   9.217052e-01   4.761038e-01   1.152355e-01   0.000000e+00   6.281409e-01   1.558527e-01   9.741197e-01   7.813122e-01   8.307158e-01   9.999582e-01   9.418506e-01   9.868399e-01   9.855239e-01   9.993215e-01   9.141954e-01   1.000000e+00
   7.596788e-01   1.000000e+00   7.834137e-01   1.000000e+00   0.000000e+00   8.526471e-01   1.408293e-02   8.752478e-01   9.900734e-01   9.389570e-01   1.000000e+00   1.000000e+00   7.920744e-01   9.076228e-01   9.686041e-01   6.654956e-01   9.924075e-01
   2.174834e-02   0.000000e+00   3.778394e-02   0.000000e+00   3.769831e-01   1.000000e+00   1.997626e-02   8.637950e-01   9.988053e-01   9.127699e-01   1.000000e+00   9.292161e-01   1.000000e+00   9.476847e-01   9.994912e-01   9.411005e-01   9.987030e-01
   7.933089e-01   6.957808e-01   1.000000e+00   2.934958e-01   6.336193e-02   4.028645e-01   2.222260e-01   9.275559e-01   9.889337e-01   8.522601e-01   1.000000e+00   7.580636e-01   9.008914e-01   1.000000e+00   6.203783e-01   8.146005e-01   9.990323e-01
   7.417587e-01   4.721176e-01   7.802057e-02   1.261998e-01   6.390623e-02   8.583609e-01   8.284652e-02   8.926196e-01   8.980321e-01   9.440813e-01   1.000000e+00   6.594568e-01   7.828229e-01   8.128219e-01   9.494524e-01   7.423751e-01   8.742421e-01
   7.127251e-01   1.000000e+00   9.404883e-01   0.000000e+00   3.474811e-02   0.000000e+00   5.579688e-01   9.428442e-01   9.977489e-01   8.887596e-01   9.851981e-01   7.342354e-01   9.266957e-01   8.592525e-01   6.943930e-01   6.503911e-01   6.118284e-01
   7.663853e-01   1.000000e+00   9.418661e-01   1.386447e-01   5.782578e-01   9.223551e-01   7.995248e-01   9.327124e-01   8.111450e-01   8.068017e-01   9.008409e-01   9.178305e-01   8.338173e-01   8.676271e-01   7.622524e-01   5.955379e-01   1.000000e+00
   7.817878e-01   7.712160e-01   9.675814e-01   6.349849e-03   1.990299e-02   1.000000e+00   1.718618e-01   9.290712e-01   9.201777e-01   9.112948e-01   1.000000e+00   4.395965e-01   7.969214e-01   7.537911e-01   9.995497e-01   6.400773e-01   9.999154e-01
   7.294312e-01   4.947113e-01   1.000000e+00   1.373005e-01   8.321789e-02   2.274961e-01   0.000000e+00   7.898470e-01   1.000000e+00   9.858883e-01   9.992314e-01   9.761465e-01   7.231682e-01   8.354121e-01   8.346980e-01   9.470825e-01   8.206543e-01
   7.676548e-01   7.985725e-01   1.000000e+00   1.705506e-01   8.425246e-01   9.241574e-01   1.000000e+00   9.491355e-01   8.033153e-01   9.430276e-01   9.552076e-01   9.015463e-01   7.749114e-01   8.763496e-01   7.713307e-01   7.584454e-01   2.955916e-01
   4.140186e-01   1.000000e+00   8.494946e-01   1.070603e-03   9.143710e-02   9.000893e-01   0.000000e+00   9.494380e-01   9.667331e-01   9.070555e-01   1.000000e+00   5.626445e-01   8.665732e-01   7.609859e-01   9.486388e-01   1.000000e+00   9.722600e-01
   8.055016e-01   6.339485e-01   9.593935e-01   1.388798e-01   3.175124e-01   7.782853e-01   1.992821e-01   9.710502e-01   1.000000e+00   9.412408e-01   9.355372e-01   8.856482e-01   8.981912e-01   8.613486e-01   9.037994e-01   1.000000e+00   4.184016e-01
   4.039953e-01   0.000000e+00   7.815159e-01   9.015624e-02   4.952687e-01   7.784995e-01   6.804475e-02   8.775766e-01   1.000000e+00   9.252707e-01   9.999972e-01   9.373154e-01   1.000000e+00   9.347273e-01   1.000000e+00   9.223024e-01   9.997712e-01
   7.866243e-01   7.255838e-01   7.904132e-01   1.858898e-01   8.420278e-01   1.000000e+00   0.000000e+00   9.339561e-01   9.322920e-01   9.131130e-01   9.937039e-01   5.485999e-01   8.156485e-01   7.297330e-01   9.395314e-01   6.752530e-01   2.750837e-01
   7.941318e-01   1.000000e+00   0.000000e+00   2.667291e-01   9.320788e-02   8.485478e-01   8.086928e-02   9.458007e-01   9.981773e-01   9.728366e-01   9.063729e-01   9.028272e-01   1.000000e+00   1.000000e+00   3.888275e-01   7.765113e-01   1.000000e+00
   7.250662e-01   9.454684e-01   9.859090e-01   9.480035e-02   0.000000e+00   9.842630e-01   1.000000e+00   9.878413e-01   1.000000e+00   9.106974e-01   1.000000e+00   7.230789e-01   8.521311e-01   7.553378e-01   9.527039e-01   1.000000e+00   1.000000e+00
   7.492243e-01   7.634068e-01   6.818203e-01   8.135757e-03   2.863684e-01   4.452430e-01   0.000000e+00   7.683438e-01   1.000000e+00   9.566801e-01   9.962341e-01   9.267436e-01   1.000000e+00   7.920913e-01   9.996650e-01   9.492960e-01   9.998010e-01
   7.824766e-01   9.924121e-02   1.630423e-01   0.000000e+00   1.340300e-01   9.583224e-01   2.581632e-01   9.418350e-01   8.991270e-01   9.137283e-01   9.470041e-01   9.947477e-01   9.999966e-01   9.196591e-01   8.487718e-01   4.421106e-01   1.000000e+00
   7.939387e-01   6.733824e-01   7.555573e-01   3.640203e-01   6.055568e-02   9.084511e-01   2.541628e-01   8.915404e-01   9.894996e-01   7.349827e-01   9.520666e-01   9.385428e-01   1.000000e+00   9.731409e-01   8.945699e-01   8.878836e-01   1.000000e+00
   3.871566e-01   3.057737e-01   2.075569e-01   6.543158e-02   4.670054e-02   3.136468e-01   0.000000e+00   9.781423e-01   1.000000e+00   9.567998e-01   9.993728e-01   9.994315e-01   9.607313e-01   9.890017e-01   1.000000e+00   3.965910e-01   9.407635e-01
   8.005069e-01   6.470870e-01   9.913401e-01   2.103360e-01   2.708044e-01   1.000000e+00   2.960232e-01   1.000000e+00   5.877306e-01   9.147774e-01   9.155480e-01   9.654754e-01   1.000000e+00   8.984248e-01   8.606121e-01   2.117332e-01   6.304178e-01
   8.252766e-01   9.662825e-01   1.530894e-01   1.370202e-01   0.000000e+00   9.525925e-01   8.210646e-02   8.987837e-01   1.000000e+00   9.007583e-01   9.962139e-01   8.694801e-01   1.000000e+00   9.431142e-01   1.000000e+00   1.000000e+00   9.785658e-01
   6.448536e-02   9.671877e-01   1.852316e-01   8.323169e-02   0.000000e+00   2.717859e-01   1.564168e-01   9.511414e-01   1.000000e+00   8.434841e-01   1.000000e+00   9.256154e-01   1.000000e+00   8.845690e-01   8.972118e-01   1.000000e+00   8.680690e-01
   7.581933e-01   6.636937e-01   4.919950e-01   1.014747e-01   1.157994e-03   5.901514e-01   0.000000e+00   1.000000e+00   9.900004e-01   9.265911e-01   1.000000e+00   9.592776e-01   1.000000e+00   8.878002e-01   9.967406e-01   6.975108e-01   9.961208e-01
   2.975048e-01   1.000000e+00   9.719379e-01   5.369313e-02   0.000000e+00   4.753725e-01   6.501058e-04   9.951179e-01   9.582096e-01   8.739086e-01   1.000000e+00   9.230715e-01   7.978041e-01   9.599894e-01   9.975414e-01   8.255765e-01   1.000000e+00
   9.688390e-03   1.000000e+00   0.000000e+00   1.238230e-01   3.455127e-01   1.000000e+00   1.394521e-01   8.451346e-01   1.000000e+00   9.089590e-01   9.999970e-01   9.239874e-01   1.000000e+00   9.289051e-01   9.993702e-01   9.439544e-01   9.999603e-01
   4.318186e-02   1.000000e+00   1.493663e-01   1.863366e-01   1.159457e-01   7.224023e-01   2.613802e-01   8.706753e-01   9.910298e-01   8.168336e-01   9.310809e-01   8.833939e-01   7.549418e-01   8.704513e-01   1.000000e+00   9.816256e-01   9.733988e-01
   7.430681e-01   8.410234e-01   7.534700e-01   1.000000e+00   5.361099e-02   9.845955e-01   1.641175e-02   8.235398e-01   1.000000e+00   1.000000e+00   9.294177e-01   1.000000e+00   8.680150e-01   1.000000e+00   9.430502e-01   6.448618e-01   1.000000e+00
   7.487000e-01   1.000000e+00   9.955358e-01   1.840815e-02   2.585284e-01   8.800658e-01   8.890281e-02   9.455262e-01   1.000000e+00   9.596947e-01   9.947227e-01   9.815466e-01   1.000000e+00   9.414870e-01   9.369311e-01   1.000000e+00   9.268485e-01
   8.090941e-01   1.000000e+00   9.264174e-01   0.000000e+00   2.968773e-01   0.000000e+00   3.822010e-01   9.273407e-01   9.582441e-01   9.113326e-01   9.864489e-01   5.978810e-01   7.526272e-01   8.831077e-01   7.471992e-01   5.840310e-01   7.032623e-01
   7.177304e-01   0.000000e+00   3.511433e-01   1.330944e-01   3.425635e-01   4.373142e-01   1.243734e-01   8.868044e-01   1.000000e+00   9.179114e-01   1.000000e+00   9.216325e-01   1.000000e+00   1.000000e+00   9.464937e-01   1.000000e+00   9.983958e-01
   7.253358e-01   1.000000e+00   1.000000e+00   1.365934e-01   2.109357e-02   2.971447e-01   3.808029e-01   7.383513e-01   9.970131e-01   9.150998e-01   1.000000e+00   8.663102e-01   9.993759e-01   9.702602e-01   1.000000e+00   4.671567e-01   1.000000e+00
   7.440929e-01   2.476087e-01   8.517892e-01   0.000000e+00   3.871883e-01   5.371278e-01   1.787152e-01   3.998179e-01   9.981489e-01   9.037819e-01   9.946716e-01   9.255245e-01   8.661851e-01   1.000000e+00   8.512823e-01   6.929295e-01   1.000000e+00
   7.235351e-01   8.594222e-01   9.677126e-01   2.411698e-01   0.000000e+00   9.318642e-01   1.656402e-01   9.944559e-01   8.333222e-01   9.013328e-01   1.000000e+00   1.000000e+00   1.000000e+00   8.567419e-01   1.000000e+00   8.869112e-01   9.199311e-01
   3.629911e-01   1.000000e+00   2.674158e-01   1.833179e-01   9.887811e-03   1.000000e+00   5.521942e-02   9.724252e-01   9.987538e-01   9.675797e-01   9.101753e-01   8.645907e-01   1.000000e+00   9.935942e-01   1.000000e+00   8.584350e-01   9.506414e-01
   7.189548e-01   0.000000e+00   3.261074e-01   1.814561e-01   5.350638e-03   8.301348e-01   4.964460e-01   7.687029e-01   9.990216e-01   9.015273e-01   9.736124e-01   9.634353e-01   6.892346e-01   8.429339e-01   9.991160e-01   8.640023e-01   1.000000e+00
   3.714698e-01   9.372954e-01   2.561667e-01   1.451725e-01   4.072110e-01   4.594151e-01   0.000000e+00   8.313955e-01   9.992115e-01   9.107658e-01   9.787312e-01   9.425932e-01   8.814801e-01   9.484949e-01   9.875204e-01   1.000000e+00   1.000000e+00
   2.844569e-01   9.602540e-01   5.237469e-01   4.546691e-02   0.000000e+00   4.089233e-01   1.045021e-01   9.320085e-01   9.846837e-01   8.566096e-01   1.000000e+00   1.000000e+00   1.000000e+00   9.509521e-01   8.524295e-01   9.856262e-01   6.735456e-01
   7.628861e-01   5.881303e-01   9.990111e-01   4.529723e-01   2.797096e-01   1.000000e+00   8.635739e-01   9.997957e-01   8.224024e-01   9.044307e-01   9.772765e-01   1.000000e+00   9.127602e-01   7.385999e-01   9.560020e-01   6.179082e-01   3.784258e-01
   3.157719e-01   3.645152e-01   2.310507e-01   5.896364e-04   0.000000e+00   1.320507e-01   3.046375e-01   8.878631e-01   9.996809e-01   9.123618e-01   1.000000e+00   9.343274e-01   1.000000e+00   9.637591e-01   9.968398e-01   9.776534e-01   9.975963e-01
   7.852789e-01   1.000000e+00   6.086966e-01   2.013687e-02   2.289089e-02   7.977827e-01   0.000000e+00   9.363445e-01   9.999761e-01   9.223093e-01   1.000000e+00   9.189511e-01   9.183961e-01   1.000000e+00   1.000000e+00   9.258505e-01   1.000000e+00
   7.421484e-01   6.954396e-01   9.559272e-01   3.454679e-02   8.418578e-02   9.204491e-01   8.931228e-03   9.508867e-01   9.352042e-01   9.069054e-01   9.577731e-01   9.908743e-01   1.000000e+00   9.887776e-01   9.747005e-01   5.381411e-01   9.376112e-01
   7.239502e-01   7.030730e-01   0.000000e+00   1.487879e-01   1.880555e-01   9.318794e-01   8.816792e-01   9.299150e-01   9.739443e-01   9.135558e-01   1.000000e+00   9.271597e-01   9.835213e-01   7.391382e-01   8.618593e-01   9.970486e-01   8.177420e-01
   7.495234e-01   1.000000e+00   3.438723e-02   1.377672e-01   1.516705e-01   3.705344e-01   0.000000e+00   8.594159e-01   1.000000e+00   1.000000e+00   1.000000e+00   7.963536e-01   1.000000e+00   8.798914e-01   9.751021e-01   9.755669e-01   1.000000e+00
   2.917527e-01   9.292025e-01   1.942069e-01   5.175368e-01   7.749568e-02   5.218446e-01   9.186106e-01   7.188585e-01   1.000000e+00   8.989582e-01   1.000000e+00   9.769358e-01   9.822363e-01   8.250095e-01   9.557171e-01   9.108429e-01   9.433689e-01
   7.209180e-01   1.000000e+00   7.830865e-01   0.000000e+00   8.776969e-02   1.000000e+00   0.000000e+00   9.986274e-01   9.469113e-01   9.599907e-01   1.000000e+00   1.000000e+00   9.923122e-01   9.099273e-01   9.476617e-01   9.638636e-01   1.000000e+00
   8.478659e-01   9.739110e-01   8.490886e-02   7.927936e-02   4.838104e-01   6.342777e-01   1.242561e-01   9.052815e-01   1.000000e+00   8.761568e-01   9.739040e-01   9.316923e-01   1.000000e+00   9.308456e-01   9.976230e-01   9.240230e-01   9.811710e-01
   3.236099e-01   6.270462e-02   1.006766e-01   2.339606e-01   1.230096e-01   7.626696e-01   4.161940e-01   1.000000e+00   9.966512e-01   8.683794e-01   9.890106e-01   1.000000e+00   1.000000e+00   9.395362e-01   9.997180e-01   9.103798e-01   9.414775e-01
   7.517984e-01   2.805851e-01   8.687290e-01   3.037681e-01   5.005813e-02   3.735589e-02   2.231998e-01   9.088352e-01   9.287348e-01   9.972295e-01   9.998939e-01   9.393359e-01   7.837569e-01   8.614984e-01   8.872094e-01   4.049106e-01   1.000000e+00
   3.653486e-01   1.000000e+00   1.694836e-01   2.411620e-02   2.471056e-01   1.000000e+00   3.445980e-01   9.913415e-01   1.000000e+00   8.574958e-01   1.000000e+00   9.829264e-01   9.799013e-01   9.743615e-01   9.857854e-01   7.679489e-01   1.000000e+00
   2.949633e-01   0.000000e+00   5.265116e-01   1.335227e-01   3.099559e-01   7.430351e-01   0.000000e+00   9.502020e-01   1.000000e+00   9.243959e-01   1.000000e+00   9.203318e-01   9.981627e-01   9.328180e-01   1.000000e+00   1.000000e+00   9.995580e-01
   3.870823e-01   0.000000e+00   6.129719e-02   1.706281e-01   1.266316e-01   9.898751e-01   8.277843e-01   8.918728e-01   9.986056e-01   9.106097e-01   9.999962e-01   9.282152e-01   9.990378e-01   9.297239e-01   9.983857e-01   9.225282e-01   9.989471e-01
   7.225478e-01   3.915028e-01   1.000000e+00   1.740514e-01   1.887451e-02   0.000000e+00   3.008983e-01   7.604407e-01   9.999023e-01   9.843584e-01   9.746647e-01   7.469284e-01   9.994349e-01   9.603009e-01   9.931043e-01   5.523986e-01   1.000000e+00
   4.440954e-01   6.833431e-01   8.190631e-01   8.136762e-01   3.389421e-01   3.771047e-01   9.555938e-01   1.000000e+00   9.996628e-01   9.134200e-01   9.861023e-01   1.000000e+00   9.654071e-01   7.504637e-01   8.876656e-01   1.000000e+00   8.668834e-01
   3.879096e-01   8.361322e-01   5.723873e-01   3.596182e-01   2.109950e-01   0.000000e+00   1.000000e+00   9.406837e-01   1.000000e+00   8.975517e-01   9.982325e-01   7.906200e-01   9.229769e-01   1.000000e+00   1.000000e+00   1.000000e+00   1.000000e+00
   8.438616e-01   9.495927e-01   2.379983e-01   4.169615e-02   2.989939e-02   6.942297e-01   1.605546e-01   8.975538e-01   1.000000e+00   9.052193e-01   9.710275e-01   9.185519e-01   1.000000e+00   9.220775e-01   9.985216e-01   9.397650e-01   9.973732e-01
