   1.000000e+00   1.000000e+00   1.000000e+00   9.999572e-01   1.000000e+00   1.000000e+00   1.000000e+00   0.000000e+00   5.610394e-01   1.000000e+00   9.440327e-01   3.386496e-01   1.000000e+00   3.159983e-01   9.887255e-01   8.833582e-01   7.663451e-01   8.450749e-01   4.914991e-01
   1.000000e+00   1.000000e+00   1.000000e+00   1.000000e+00   0.000000e+00   3.159598e-01   6.806818e-01   1.000000e+00   0.000000e+00   1.000000e+00   9.987744e-01   1.000000e+00   9.999908e-01   9.970947e-01   9.989536e-01   1.000000e+00   9.961282e-01   1.000000e+00   1.000000e+00
   1.000000e+00   9.999607e-01   1.000000e+00   1.000000e+00   1.000000e+00   1.000000e+00   1.000000e+00   9.986728e-01   0.000000e+00   9.150763e-01   9.977202e-01   8.215502e-01   1.000000e+00   7.597299e-01   9.967692e-01   1.000000e+00   1.000000e+00   6.032727e-01   1.000000e+00
   1.000000e+00   9.192742e-01   8.738143e-01   2.054796e-01   0.000000e+00   2.369887e-01   2.482058e-01   9.016708e-01   0.000000e+00   1.000000e+00   1.000000e+00   1.000000e+00   1.000000e+00   1.000000e+00   9.995269e-01   1.000000e+00   1.000000e+00   1.000000e+00   9.999997e-01
   1.000000e+00   9.999497e-01   0.000000e+00   5.426177e-01   3.102413e-01   5.925289e-02   1.000000e+00   1.000000e+00   0.000000e+00   1.000000e+00   9.977815e-01   9.977907e-01   1.000000e+00   1.000000e+00   9.609164e-01   1.000000e+00   1.000000e+00   1.000000e+00   9.999999e-01
   1.000000e+00   1.000000e+00   1.000000e+00   0.000000e+00   3.003208e-01   3.141930e-01   7.239856e-01   1.000000e+00   3.257510e-02   1.000000e+00   1.000000e+00   1.000000e+00   9.999978e-01   9.953464e-01   1.000000e+00   9.994589e-01   9.958884e-01   1.000000e+00   1.000000e+00
   1.000000e+00   9.999537e-01   1.000000e+00   1.000000e+00   1.000000e+00   1.000000e+00   1.000000e+00   9.987100e-01   1.000000e+00   1.000000e+00   9.674010e-01   8.305808e-01   1.000000e+00   7.544294e-01   9.743160e-01   9.389178e-01   1.000000e+00   7.352978e-01   1.000000e+00
   0.000000e+00   4.725173e-02   4.650268e-01   1.816790e-02   2.210505e-02   1.079784e-01   3.295966e-01   8.680558e-01   1.233744e-01   1.000000e+00   9.999817e-01   1.000000e+00   1.000000e+00   1.000000e+00   9.995782e-01   9.998004e-01   1.000000e+00   9.999968e-01   9.999973e-01
   1.000000e+00   0.000000e+00   8.535886e-01   2.019132e-03   0.000000e+00   4.860482e-02   1.098181e-01   9.826832e-01   0.000000e+00   1.000000e+00   1.000000e+00   1.000000e+00   1.000000e+00   9.995859e-01   9.994497e-01   1.000000e+00   9.999378e-01   1.000000e+00   9.999950e-01
   1.000000e+00   1.000000e+00   1.000000e+00   1.000000e+00   1.000000e+00   0.000000e+00   8.119405e-01   1.000000e+00   0.000000e+00   1.000000e+00   9.991937e-01   1.000000e+00   9.450264e-01   9.948042e-01   9.989834e-01   9.112024e-01   1.000000e+00   1.000000e+00   1.000000e+00
   1.000000e+00   9.999860e-01   1.000000e+00   9.999443e-01   1.000000e+00   1.000000e+00   0.000000e+00   4.779694e-01   6.972111e-01   9.392598e-01   9.426166e-01   8.788981e-01   1.000000e+00   1.931259e-01   9.955022e-01   8.775461e-01   8.832404e-01   8.230989e-01   5.244622e-01
   1.704185e-15   9.262040e-01   4.642719e-01   1.742741e-02   5.335313e-01   1.526937e-01   0.000000e+00   8.253150e-01   0.000000e+00   1.000000e+00   9.999739e-01   9.645446e-01   1.000000e+00   1.000000e+00   1.000000e+00   9.526361e-01   9.984059e-01   9.999933e-01   4.875571e-01
   5.434828e-01   1.508256e-01   6.324785e-01   3.494654e-05   0.000000e+00   8.559122e-01   6.544685e-03   1.000000e+00   2.717622e-01   1.000000e+00   9.732652e-01   4.475021e-01   9.018886e-01   9.225460e-01   9.275421e-01   9.164210e-01   6.607373e-01   9.147006e-01   1.940100e-01
   1.367940e-02   3.643594e-02   1.000000e+00   0.000000e+00   3.569241e-02   7.101794e-02   4.069739e-01   6.550642e-01   1.258589e-01   7.289568e-01   9.596192e-01   2.817494e-01   8.413632e-01   1.000000e+00   0.000000e+00   9.299850e-01   9.831142e-01   8.632481e-01   5.571851e-01
   2.382940e-09   3.203052e-02   6.367458e-01   0.000000e+00   3.629280e-02   3.856698e-01   2.780556e-01   9.314914e-01   1.353059e-01   6.813649e-01   1.000000e+00   8.594042e-01   1.000000e+00   9.965076e-01   1.000000e+00   9.998836e-01   9.940047e-01   9.916600e-01   9.999936e-01
   6.086330e-14   0.000000e+00   3.954516e-01   2.710443e-02   0.000000e+00   1.561107e-01   0.000000e+00   8.951130e-01   3.056239e-01   1.000000e+00   9.999536e-01   9.457387e-01   1.000000e+00   1.000000e+00   1.000000e+00   9.559237e-01   9.993179e-01   9.999919e-01   2.924694e-01
   5.404339e-01   4.904985e-01   7.694894e-01   7.578391e-04   0.000000e+00   2.415614e-01   9.700103e-01   7.793401e-01   0.000000e+00   8.349549e-01   9.735400e-01   9.958901e-01   7.572970e-01   9.841960e-01   8.132171e-01   9.490864e-01   1.000000e+00   9.975242e-01   5.666279e-01
   1.000000e+00   3.838863e-01   1.000000e+00   7.801967e-01   2.628269e-01   2.626475e-01   1.000000e+00   1.000000e+00   7.316982e-01   9.240134e-01   9.601578e-01   6.496746e-01   7.302734e-01   8.331095e-01   9.959404e-01   9.191882e-01   9.908680e-01   7.799190e-01   8.470066e-01
   7.604555e-03   0.000000e+00   7.593628e-01   6.480680e-01   2.424813e-02   3.003665e-02   1.000000e+00   0.000000e+00   4.866213e-01   2.121269e-01   9.419593e-01   5.293956e-01   9.621785e-01   1.000000e+00   1.000000e+00   9.241904e-01   9.931737e-01   9.614966e-01   6.296001e-01
   9.226368e-01   6.444139e-01   1.000000e+00   1.000000e+00   1.036586e-01   3.802673e-01   6.791265e-01   0.000000e+00   0.000000e+00   8.983800e-01   1.000000e+00   0.000000e+00   9.199277e-01   1.000000e+00   4.402054e-01   9.979614e-01   1.000000e+00   8.761398e-01   8.806238e-01
   1.053618e-09   4.034441e-02   0.000000e+00   7.943815e-02   1.620465e-01   1.247144e-01   3.109152e-01   9.870594e-01   1.331629e-01   7.263433e-01   1.000000e+00   9.450212e-01   1.000000e+00   1.000000e+00   9.789989e-01   1.000000e+00   9.817257e-01   9.345159e-01   9.999976e-01
   2.518726e-01   1.485837e-01   1.486223e-03   8.126178e-01   6.543891e-02   1.159387e-02   3.282184e-01   4.056130e-01   4.391941e-16   8.667463e-01   1.000000e+00   1.000000e+00   2.455292e-01   7.187791e-01   9.016224e-01   6.513746e-01   8.246736e-01   8.493503e-01   8.885901e-01
   6.648064e-04   0.000000e+00   6.584442e-01   9.048107e-15   2.794952e-02   3.410065e-01   7.917861e-01   5.159962e-01   1.843444e-01   5.536546e-01   9.890081e-01   9.496855e-01   6.768895e-01   9.993953e-01   1.000000e+00   9.058619e-01   9.982035e-01   9.899942e-01   9.999999e-01
   1.278499e-01   4.676742e-01   9.744959e-01   5.008842e-01   3.847500e-08   0.000000e+00   6.738997e-01   0.000000e+00   1.463032e-01   9.757044e-01   1.000000e+00   9.484249e-01   1.000000e+00   9.958112e-01   8.359489e-01   7.024232e-01   7.718886e-01   9.223132e-01   1.000000e+00
   2.427060e-02   1.052642e-28   1.500859e-01   4.931434e-01   3.102511e-02   2.427953e-01   2.685900e-01   2.318387e-01   0.000000e+00   5.307673e-01   1.000000e+00   3.491656e-01   8.005682e-01   9.859632e-01   3.005998e-01   8.164406e-01   9.734653e-01   8.889649e-01   9.752119e-01
   2.122137e-03   3.725232e-11   0.000000e+00   0.000000e+00   6.981332e-02   1.305809e-01   3.444021e-01   4.499833e-01   1.928845e-01   8.195811e-01   9.825269e-01   0.000000e+00   8.923671e-01   9.705546e-01   8.090199e-01   9.490128e-01   9.275968e-01   9.539321e-01   9.379947e-01
   1.000000e+00   1.000000e+00   9.722362e-01   9.974754e-01   9.215027e-01   1.000000e+00   2.151175e-01   0.000000e+00   4.152029e-02   9.664544e-01   1.000000e+00   0.000000e+00   1.000000e+00   9.750857e-01   7.520495e-01   1.000000e+00   1.000000e+00   6.869230e-01   8.394345e-01
   7.168451e-02   1.485131e-01   8.369275e-01   6.573701e-15   0.000000e+00   3.563883e-01   1.000000e+00   3.484296e-01   2.255915e-01   9.043191e-01   9.864176e-01   9.862335e-01   7.053624e-01   9.991434e-01   7.253786e-01   9.351884e-01   1.000000e+00   9.773359e-01   1.000000e+00
   6.571972e-01   6.684940e-01   1.000000e+00   6.408692e-01   7.967260e-01   3.873519e-01   6.852061e-01   3.940730e-11   0.000000e+00   0.000000e+00   9.997765e-01   1.054178e-01   9.124732e-01   8.831354e-01   3.179940e-01   9.192232e-01   8.222440e-01   7.338988e-01   8.122904e-01
   1.000000e+00   1.000000e+00   9.896099e-01   7.256773e-01   7.538255e-01   2.550572e-01   1.000000e+00   7.331616e-01   1.000000e+00   1.000000e+00   9.389891e-01   0.000000e+00   1.000000e+00   4.852039e-01   9.957195e-01   9.620179e-01   1.000000e+00   7.959107e-01   1.000000e+00
   3.607094e-06   0.000000e+00   0.000000e+00   3.843256e-02   2.733091e-01   1.396660e-01   4.046658e-01   1.000000e+00   2.182673e-01   8.168066e-01   9.338024e-01   9.901966e-01   8.449067e-01   8.621656e-01   9.296039e-01   9.894570e-01   9.659313e-01   9.939616e-01   9.193189e-01
   1.000000e+00   5.617096e-01   7.401917e-01   1.630904e-01   3.593671e-01   1.266682e-01   0.000000e+00   1.483841e-01   0.000000e+00   9.950242e-01   9.223000e-01   5.263904e-01   9.695392e-01   9.614501e-01   8.476335e-01   7.930723e-01   9.735401e-01   9.340214e-01   7.382925e-01
   3.971627e-01   8.565412e-13   6.065638e-01   1.000000e+00   1.043740e-01   1.004747e-01   2.222265e-02   9.716246e-01   1.852567e-01   9.239800e-01   9.978500e-01   6.564713e-01   4.838238e-01   8.791194e-01   5.677880e-01   9.116993e-01   9.861846e-01   8.428678e-01   5.108257e-01
   1.000000e+00   5.740747e-07   0.000000e+00   3.150727e-02   1.338467e-01   2.441009e-01   3.286435e-01   3.324197e-01   3.264018e-01   9.260443e-01   1.000000e+00   9.577959e-01   7.457237e-01   9.290860e-01   2.845198e-01   7.438085e-01   9.898317e-01   9.921006e-01   8.611583e-01
   3.268459e-02   2.850437e-01   4.526661e-01   2.960253e-06   0.000000e+00   3.311224e-01   2.412565e-01   9.297589e-01   2.461435e-01   6.496168e-01   6.964777e-01   1.000000e+00   9.491330e-01   9.527883e-01   5.910544e-01   9.949528e-01   8.207169e-01   8.519177e-01   2.426653e-01
   6.889359e-02   6.929261e-01   7.831183e-01   1.000000e+00   3.924053e-01   2.287555e-01   5.911787e-01   0.000000e+00   2.304345e-02   0.000000e+00   1.000000e+00   0.000000e+00   9.908205e-01   0.000000e+00   8.234062e-01   2.801023e-01   8.067037e-01   8.043672e-01   8.397988e-01
   8.877826e-02   7.510083e-01   7.384452e-11   0.000000e+00   2.460947e-01   1.354437e-01   1.000000e+00   1.383419e-01   9.105697e-01   1.000000e+00   9.296532e-01   7.281569e-01   7.646396e-01   8.875414e-01   8.568037e-01   8.655743e-01   9.483966e-01   9.649312e-01   7.298963e-01
   1.000000e+00   9.742619e-03   8.698035e-01   3.142149e-01   4.536371e-01   1.219355e-02   2.410509e-01   6.418369e-12   0.000000e+00   3.031652e-01   1.000000e+00   6.633170e-01   7.933804e-01   8.060884e-01   1.000000e+00   7.684577e-01   1.000000e+00   9.372977e-01   1.000000e+00
   2.411907e-01   9.624416e-01   1.033190e-06   1.000000e+00   0.000000e+00   3.995471e-01   2.588292e-02   4.889105e-01   6.623618e-02   9.685989e-01   9.996687e-01   8.668513e-01   9.230223e-01   8.847268e-01   6.747323e-01   9.613520e-01   9.436329e-01   1.000000e+00   6.686373e-01
   1.027174e-08   6.160558e-02   0.000000e+00   1.593149e-01   0.000000e+00   0.000000e+00   2.124085e-01   8.970670e-01   8.054007e-02   9.050606e-01   9.972654e-01   9.442848e-01   9.216108e-01   9.962168e-01   9.759659e-01   9.896719e-01   8.135461e-01   9.846683e-01   8.510023e-01
   7.978687e-02   2.841299e-01   2.420143e-06   2.973210e-01   1.289989e-01   3.973237e-01   4.357382e-01   0.000000e+00   5.540671e-01   9.274077e-01   9.886560e-01   5.513364e-01   8.872952e-01   9.317915e-01   5.071544e-01   1.000000e+00   1.000000e+00   8.007015e-01   1.000000e+00
   1.393979e-01   1.196368e-07   6.555185e-06   0.000000e+00   2.955988e-01   7.914187e-02   6.628823e-01   4.068231e-01   2.471342e-01   1.000000e+00   9.360571e-01   1.000000e+00   8.321384e-01   9.624448e-01   8.673804e-01   9.959359e-01   9.928476e-01   9.090406e-01   9.363402e-01
   1.463637e-02   4.212242e-15   5.738736e-01   5.411172e-02   8.147342e-02   2.896015e-01   1.429542e-01   5.228085e-01   0.000000e+00   8.451108e-01   9.456954e-01   8.396414e-01   9.998215e-01   9.778570e-01   1.000000e+00   9.011152e-01   9.906057e-01   9.936519e-01   6.908533e-01
   9.500143e-01   5.264476e-01   1.000000e+00   4.645126e-01   4.930081e-01   3.977147e-01   1.000000e+00   0.000000e+00   7.589275e-02   8.274987e-01   9.908129e-01   0.000000e+00   8.944404e-01   1.670173e-01   8.675268e-01   9.352510e-01   1.000000e+00   9.467498e-01   5.130980e-01
   1.639668e-10   1.000000e+00   1.000000e+00   1.687065e-01   5.473611e-02   3.330152e-01   0.000000e+00   8.213565e-01   8.677593e-02   9.600426e-01   1.000000e+00   9.381539e-01   9.449301e-01   9.997492e-01   9.132274e-01   8.426941e-01   9.996354e-01   9.856180e-01   9.999989e-01
   2.187960e-02   4.374485e-01   1.000000e+00   4.994144e-01   2.430423e-08   3.046921e-01   8.154796e-01   0.000000e+00   1.225465e-01   9.813504e-01   1.000000e+00   9.573198e-01   9.982830e-01   9.995837e-01   8.803635e-01   7.858430e-01   8.484370e-01   9.379158e-01   1.000000e+00
   1.000000e+00   2.637595e-01   7.698333e-01   9.829612e-01   5.516264e-01   9.387296e-02   7.378767e-01   6.612420e-01   2.943654e-16   4.430053e-01   6.321112e-01   5.424153e-01   9.869719e-01   1.000000e+00   0.000000e+00   1.000000e+00   9.781901e-01   3.669287e-01   0.000000e+00
   1.020861e-06   1.165126e-29   3.381592e-01   5.543071e-02   4.814990e-03   2.667397e-01   1.498612e-01   2.696332e-03   3.649046e-01   8.421268e-01   9.692753e-01   8.919010e-01   9.804630e-01   9.654213e-01   7.839005e-01   7.986261e-01   9.810469e-01   9.941940e-01   7.698195e-01
   5.876562e-03   1.672919e-02   5.693593e-01   0.000000e+00   7.053446e-02   3.674410e-02   2.625385e-01   7.138883e-01   1.221464e-01   8.125824e-01   7.923900e-01   5.027962e-01   1.000000e+00   7.166919e-01   0.000000e+00   9.116509e-01   9.938635e-01   9.435870e-01   9.483392e-01
   4.488110e-01   3.562709e-01   3.410437e-01   3.551471e-01   2.150702e-01   2.350096e-02   9.835676e-09   3.656023e-01   4.708828e-02   1.000000e+00   9.865011e-01   9.191024e-01   8.128805e-01   8.470045e-01   6.352155e-01   9.575432e-01   8.625113e-01   9.048539e-01   4.362669e-01
   1.651187e-05   0.000000e+00   7.873045e-01   0.000000e+00   6.073611e-02   9.855641e-02   1.000000e+00   3.639126e-01   3.455491e-01   6.176682e-01   1.000000e+00   6.991103e-01   5.604893e-01   9.843247e-01   8.065616e-01   8.200594e-01   9.853414e-01   9.390646e-01   0.000000e+00
   7.541705e-02   4.065395e-01   1.000000e+00   1.000000e+00   8.632354e-01   1.000000e+00   0.000000e+00   7.833221e-01   5.640532e-01   8.440411e-01   9.218838e-01   8.813411e-01   1.000000e+00   4.619180e-01   9.954824e-01   9.157641e-01   9.524880e-01   9.651694e-01   1.000000e+00
   1.000000e+00   9.999530e-01   1.000000e+00   7.806909e-01   9.850981e-01   5.865705e-01   1.000000e+00   9.990423e-01   0.000000e+00   1.000000e+00   9.340135e-01   1.000000e+00   1.000000e+00   6.212815e-01   9.618322e-01   9.700232e-01   1.000000e+00   7.709045e-01   1.000000e+00
   5.577515e-05   0.000000e+00   0.000000e+00   0.000000e+00   1.644479e-01   1.078179e-01   7.080408e-01   3.168915e-01   1.999624e-01   8.447984e-01   1.000000e+00   1.000000e+00   6.026034e-01   9.798750e-01   7.977270e-01   9.671824e-01   9.907844e-01   9.290182e-01   9.945150e-01
   2.458883e-04   2.971745e-11   0.000000e+00   0.000000e+00   5.032881e-02   1.931651e-01   6.742243e-01   5.980786e-01   1.999967e-01   7.970109e-01   9.877233e-01   4.015722e-01   6.396248e-01   9.711400e-01   7.960914e-01   9.485409e-01   9.083126e-01   9.642271e-01   9.945620e-01
   5.611226e-01   2.713606e-18   1.965147e-01   7.626204e-01   1.297714e-01   0.000000e+00   0.000000e+00   8.453898e-01   0.000000e+00   6.406962e-01   9.943928e-01   9.908761e-01   9.938975e-01   9.028820e-01   9.938486e-01   8.860010e-01   9.763466e-01   9.197446e-01   1.000000e+00
   4.800848e-01   8.767665e-01   1.000000e+00   5.613306e-01   2.622108e-07   0.000000e+00   0.000000e+00   8.266431e-01   2.779684e-01   9.616533e-01   9.883545e-01   9.167296e-01   1.000000e+00   9.266828e-01   3.966734e-01   9.591478e-01   8.801181e-01   8.779785e-01   0.000000e+00
   1.000000e+00   1.208623e-01   1.000000e+00   8.975313e-01   3.001510e-01   1.771266e-01   2.107909e-08   4.930305e-01   1.311791e-15   7.159946e-01   8.632451e-01   1.000000e+00   8.620487e-01   9.809176e-01   9.016378e-01   7.651281e-01   9.739942e-01   8.203036e-01   1.000000e+00
   9.410776e-01   8.095343e-01   9.213036e-01   9.808849e-01   5.003964e-01   3.967674e-01   8.078550e-01   9.455784e-01   0.000000e+00   9.514156e-01   1.000000e+00   7.627164e-01   9.602277e-01   7.576180e-01   1.000000e+00   7.891029e-01   1.000000e+00   2.628912e-01   9.136008e-01
   1.511417e-07   0.000000e+00   0.000000e+00   3.942951e-02   1.369261e-01   1.694954e-01   6.048279e-01   6.864610e-01   2.081724e-01   8.452250e-01   1.000000e+00   9.484799e-01   7.747636e-01   9.824328e-01   8.278786e-01   9.661442e-01   9.165589e-01   9.699800e-01   1.000000e+00
   9.528320e-01   1.000000e+00   9.393651e-01   8.316895e-12   4.451004e-01   1.753062e-01   6.664635e-01   0.000000e+00   0.000000e+00   1.000000e+00   1.000000e+00   9.766332e-01   9.999992e-01   9.850718e-01   9.592383e-01   9.963720e-01   1.000000e+00   1.000000e+00   1.000000e+00
   7.364394e-03   1.996551e-01   6.501943e-01   2.119335e-01   3.331433e-10   1.621204e-01   0.000000e+00   8.265228e-01   6.358536e-02   5.379508e-01   1.000000e+00   5.989306e-01   7.455276e-01   9.625472e-01   7.697851e-01   1.000000e+00   6.980112e-01   4.713168e-01   5.609782e-01
   4.632179e-01   3.587874e-01   1.000000e+00   1.000000e+00   6.527421e-01   1.874224e-03   4.864789e-07   8.699917e-01   4.805732e-02   0.000000e+00   9.410853e-01   6.302654e-01   7.506890e-01   9.256036e-01   8.405202e-01   8.011350e-01   9.169860e-01   2.120101e-01   2.880908e-01
   2.493757e-02   1.084462e-17   5.971502e-01   1.000000e+00   7.271936e-01   2.748342e-01   0.000000e+00   0.000000e+00   2.365365e-02   4.566800e-01   9.719017e-01   8.037843e-01   8.542289e-01   8.898212e-01   1.000000e+00   7.373319e-01   9.699491e-01   1.000000e+00   7.111270e-01
   6.408027e-02   5.262241e-01   3.334690e-11   0.000000e+00   1.832793e-01   9.472817e-02   4.876304e-01   5.844670e-01   0.000000e+00   9.460449e-01   8.993923e-01   1.000000e+00   8.077233e-01   9.319083e-01   8.961372e-01   7.457729e-01   9.381708e-01   9.680030e-01   8.929032e-01
   1.502905e-02   1.001135e-01   5.968407e-13   3.244246e-01   3.182181e-01   0.000000e+00   1.271129e-01   6.346163e-01   2.991870e-01   7.772592e-01   9.595637e-01   1.000000e+00   0.000000e+00   1.000000e+00   9.161870e-01   7.727371e-01   9.861385e-01   9.393467e-01   1.000000e+00
   7.531205e-07   0.000000e+00   5.165345e-01   2.986887e-02   2.830035e-02   3.356816e-01   2.333045e-01   4.210003e-01   4.007230e-01   5.774965e-01   1.000000e+00   8.789792e-01   9.831154e-01   9.599433e-01   7.561032e-01   1.000000e+00   9.767282e-01   9.923789e-01   8.108196e-01
   4.906499e-13   1.000000e+00   4.678691e-01   1.325664e-02   6.289313e-01   1.164176e-01   1.000000e+00   9.302020e-01   2.349398e-01   1.000000e+00   1.000000e+00   1.000000e+00   1.000000e+00   1.000000e+00   9.420450e-01   9.966603e-01   9.985795e-01   1.000000e+00   1.000000e+00
   1.000000e+00   3.786078e-02   3.678860e-01   8.275440e-01   1.133756e-01   4.852934e-06   0.000000e+00   8.170642e-01   4.914204e-02   1.000000e+00   9.752753e-01   9.074272e-01   7.645429e-01   9.203345e-01   8.725047e-01   7.898059e-01   9.668833e-01   9.629832e-01   1.000000e+00
   3.666259e-01   3.144798e-01   9.982896e-01   6.999709e-01   2.399633e-01   1.673692e-01   6.608540e-01   1.616066e-11   0.000000e+00   1.000000e+00   9.999857e-01   1.000000e+00   1.000000e+00   1.000000e+00   8.451684e-01   7.623959e-01   7.551286e-01   9.625894e-01   9.394296e-01
   2.723118e-02   1.137398e-01   0.000000e+00   2.312246e-01   1.997524e-01   0.000000e+00   1.217598e-01   6.099119e-01   0.000000e+00   8.813620e-01   1.000000e+00   8.138497e-01   1.000000e+00   8.814621e-01   8.436258e-01   8.960031e-01   9.673057e-01   9.730662e-01   2.948101e-01
   1.373400e-02   4.626892e-01   8.768749e-01   4.361373e-01   3.601060e-10   1.080875e-01   0.000000e+00   4.008581e-01   7.641894e-02   5.224394e-01   9.801070e-01   7.615112e-01   7.096116e-01   9.322405e-01   1.000000e+00   8.653735e-01   7.457494e-01   1.000000e+00   5.197634e-01
   5.868850e-01   3.858286e-01   2.585611e-01   2.801741e-01   1.032927e-01   6.025780e-01   4.505484e-03   0.000000e+00   0.000000e+00   6.530401e-01   9.553027e-01   6.471016e-01   9.572995e-01   6.126484e-01   9.325993e-01   5.841149e-01   1.000000e+00   8.202850e-01   9.976331e-01
   2.051307e-01   3.183634e-01   3.640076e-01   1.000000e+00   6.081531e-01   1.511609e-03   2.253041e-06   2.059749e-02   7.785332e-15   0.000000e+00   1.000000e+00   4.370897e-01   9.773365e-01   1.000000e+00   1.406487e-02   9.779218e-01   9.432072e-01   8.382576e-02   5.151709e-01
   1.347673e-07   5.804240e-01   0.000000e+00   5.583695e-02   3.284303e-01   1.590099e-01   5.302003e-01   6.567528e-01   2.681245e-01   9.564894e-01   9.999762e-01   9.647110e-01   1.000000e+00   9.842474e-01   8.530529e-01   9.490956e-01   9.061796e-01   9.875591e-01   1.000000e+00
   1.000000e+00   9.416500e-02   2.593013e-01   3.104091e-01   8.806681e-01   1.847714e-01   8.730266e-04   1.805371e-05   4.925333e-18   4.570459e-03   1.000000e+00   1.977557e-01   1.000000e+00   9.483840e-01   9.699515e-01   6.726802e-01   1.000000e+00   5.668000e-01   5.754191e-01
   9.941134e-08   5.244111e-01   7.998562e-01   0.000000e+00   1.857872e-01   2.840491e-01   3.028202e-01   9.208209e-02   4.384191e-01   9.237950e-01   9.967382e-01   9.637327e-01   9.779240e-01   9.803608e-01   1.000000e+00   9.976375e-01   1.000000e+00   1.000000e+00   4.656240e-01
   9.814443e-01   1.000000e+00   9.760039e-01   2.136203e-01   9.180580e-01   1.000000e+00   4.851702e-10   9.529455e-01   4.464834e-01   7.397078e-01   9.431630e-01   4.057756e-01   6.661883e-01   5.823129e-01   1.000000e+00   1.000000e+00   7.460492e-01   8.579687e-01   0.000000e+00
   1.112346e-01   4.715037e-09   4.882145e-01   1.677663e-02   5.196904e-01   8.839528e-02   3.954773e-02   0.000000e+00   2.697559e-01   7.185427e-01   9.964740e-01   6.104826e-01   9.050795e-01   9.659461e-01   9.111015e-01   8.494426e-01   1.000000e+00   9.165329e-01   1.922651e-01
   1.000000e+00   2.855029e-01   9.729445e-01   9.732300e-01   4.856345e-01   1.430310e-08   6.656138e-01   1.000000e+00   0.000000e+00   1.000000e+00   4.638246e-01   7.870396e-01   9.490067e-01   9.382959e-01   1.000000e+00   8.589103e-01   1.000000e+00   9.655716e-01   2.572014e-01
   9.252653e-02   2.392971e-01   4.007052e-01   1.084456e-01   3.627035e-01   1.388410e-01   6.520208e-01   0.000000e+00   3.921199e-02   9.612436e-01   9.855441e-01   6.486879e-01   8.753044e-01   9.472800e-01   7.216351e-01   1.000000e+00   8.942568e-01   9.880358e-01   2.070488e-01
   7.305936e-02   7.138167e-01   7.249004e-01   5.699321e-01   7.177652e-01   1.931065e-01   4.911195e-01   7.808197e-09   0.000000e+00   0.000000e+00   1.000000e+00   0.000000e+00   1.000000e+00   0.000000e+00   8.209371e-01   5.128023e-02   8.565180e-01   2.008392e-01   4.508740e-01
   7.835445e-02   4.053708e-01   3.844390e-02   1.284055e-14   8.437191e-01   0.000000e+00   6.400750e-01   1.000000e+00   3.499883e-01   8.885218e-01   9.912939e-01   9.091667e-01   7.735200e-01   9.372087e-01   5.793126e-01   1.000000e+00   1.000000e+00   7.918828e-01   9.157850e-01
   6.288515e-15   9.632299e-01   7.411110e-01   2.051991e-01   5.111199e-02   3.489826e-01   5.736032e-02   7.253612e-01   1.987210e-01   1.000000e+00   1.000000e+00   9.601453e-01   1.000000e+00   1.000000e+00   1.000000e+00   9.179761e-01   9.980658e-01   1.000000e+00   9.999989e-01
   9.855970e-01   3.476717e-02   9.519528e-01   1.054895e-01   4.112231e-01   2.458464e-01   3.413537e-10   9.514195e-01   7.911562e-16   6.724604e-01   9.375966e-01   3.226199e-01   7.050273e-01   9.999850e-01   8.274211e-01   9.928364e-01   5.550081e-01   8.945400e-01   1.874943e-02
   3.660249e-01   4.784939e-01   1.000000e+00   1.784776e-10   6.145676e-01   1.574543e-01   0.000000e+00   3.527004e-01   9.769612e-02   9.991117e-01   1.000000e+00   9.686336e-01   1.000000e+00   7.827809e-01   9.838603e-01   9.866165e-01   4.067872e-01   9.889862e-01   0.000000e+00
   7.723031e-02   9.912270e-01   1.638049e-06   0.000000e+00   1.449236e-01   3.084892e-01   1.667027e-01   6.044949e-01   1.330745e-01   6.303577e-01   9.981004e-01   4.193835e-01   8.990363e-01   8.829552e-01   1.000000e+00   7.853872e-01   7.891594e-01   9.901497e-01   9.945058e-01
   1.490993e-08   5.460489e-01   0.000000e+00   1.500449e-02   0.000000e+00   1.568239e-01   9.344077e-01   8.567367e-01   1.759282e-01   9.096033e-01   9.999961e-01   9.548432e-01   9.361963e-01   9.954821e-01   9.597151e-01   9.567195e-01   9.980231e-01   9.970992e-01   4.522636e-01
   5.711096e-03   6.376416e-01   2.126955e-01   1.301817e-10   8.323530e-01   9.261518e-03   0.000000e+00   1.417001e-01   4.105458e-01   7.395316e-01   1.000000e+00   8.887126e-01   5.520546e-01   9.671585e-01   9.911655e-01   9.012824e-01   1.000000e+00   9.290761e-01   1.000000e+00
   1.617306e-01   8.237461e-02   2.246884e-01   3.191055e-01   6.240698e-02   0.000000e+00   7.681858e-02   0.000000e+00   4.819896e-02   6.201366e-01   1.000000e+00   6.445795e-01   9.004353e-01   9.491614e-01   5.511558e-01   9.321903e-01   8.305181e-01   7.074152e-01   6.286260e-01
   3.193959e-01   1.000000e+00   1.667629e-01   1.000000e+00   5.028520e-11   6.578809e-02   1.877443e-02   5.812847e-01   6.560471e-02   4.288022e-01   9.997262e-01   8.494203e-01   7.634634e-01   9.521943e-01   7.200732e-01   9.631702e-01   7.125321e-01   4.504686e-01   6.627835e-01
   4.353023e-01   1.130602e-11   4.963890e-01   3.044824e-03   0.000000e+00   1.054961e-01   8.680721e-01   1.000000e+00   2.860970e-01   9.824516e-01   9.286006e-01   1.000000e+00   9.873104e-01   9.443101e-01   8.286110e-01   9.779647e-01   9.919630e-01   9.254052e-01   1.000000e+00
   7.790092e-03   1.784929e-04   0.000000e+00   2.078579e-01   5.532794e-02   1.000000e+00   2.573066e-01   7.642514e-01   8.404476e-02   8.836339e-01   9.782971e-01   1.000000e+00   8.883371e-01   1.000000e+00   1.000000e+00   1.000000e+00   9.804415e-01   9.628204e-01   4.540800e-01
   3.985244e-01   4.803968e-09   8.671101e-01   1.401647e-04   0.000000e+00   4.732280e-02   9.271649e-01   1.000000e+00   0.000000e+00   1.000000e+00   1.000000e+00   1.000000e+00   8.998533e-01   9.944587e-01   8.850289e-01   9.969631e-01   9.960340e-01   1.000000e+00   1.000000e+00
   2.472140e-02   8.482452e-02   2.813289e-14   0.000000e+00   6.916375e-02   0.000000e+00   1.922333e-01   9.870663e-01   1.549040e-01   7.809560e-01   3.698082e-01   9.949815e-01   9.005950e-01   9.974287e-01   9.178300e-01   8.446153e-01   9.782160e-01   9.373461e-01   1.000000e+00
   3.608358e-01   1.903060e-01   6.361724e-01   1.452062e-03   8.711176e-06   3.770034e-01   6.582547e-01   4.619865e-01   1.678679e-01   1.000000e+00   9.154524e-01   1.000000e+00   1.000000e+00   9.217905e-01   8.345588e-01   7.284020e-02   7.444854e-01   9.264056e-01   1.000000e+00
   8.416033e-01   6.576136e-03   9.535425e-01   1.059871e-01   3.677748e-01   3.665436e-01   3.791660e-10   1.621568e-01   4.063083e-16   6.599397e-01   9.252461e-01   4.269094e-01   9.556954e-01   9.965225e-01   8.759962e-01   9.589844e-01   1.000000e+00   6.988249e-01   8.727751e-01
   1.848607e-02   5.719594e-02   2.329563e-06   0.000000e+00   7.144997e-02   3.624347e-01   2.337390e-01   8.526784e-01   1.486323e-01   5.866489e-01   9.897829e-01   0.000000e+00   9.043788e-01   9.668044e-01   1.934670e-01   8.060554e-01   9.780048e-01   9.680082e-01   9.933009e-01
   4.088766e-02   2.339179e-01   0.000000e+00   2.835516e-01   1.574009e-02   3.344574e-01   5.661909e-01   1.000000e+00   2.941271e-01   9.211847e-01   9.504592e-01   8.568120e-01   8.691269e-01   9.150301e-01   3.352698e-01   9.173398e-01   8.763903e-01   9.801959e-01   8.836666e-01
   3.498079e-02   3.996863e-18   1.786521e-01   7.666984e-01   0.000000e+00   1.633047e-01   0.000000e+00   5.911687e-01   3.611854e-02   8.025557e-01   9.979075e-01   8.665952e-01   1.000000e+00   9.525906e-01   1.000000e+00   9.311384e-01   1.000000e+00   9.947447e-01   8.789370e-02
   3.052445e-01   7.142072e-01   4.039300e-10   8.760499e-01   3.759880e-01   0.000000e+00   0.000000e+00   7.638650e-01   0.000000e+00   1.000000e+00   9.500110e-01   8.363377e-01   7.664793e-01   9.089427e-01   0.000000e+00   9.532239e-01   9.750305e-01   9.512306e-01   1.000000e+00
   3.113982e-01   4.354231e-01   6.444059e-01   9.087662e-09   0.000000e+00   3.301544e-01   3.072487e-01   6.752307e-01   9.070301e-01   1.000000e+00   1.000000e+00   6.449125e-01   1.000000e+00   1.000000e+00   1.000000e+00   6.963008e-01   6.433421e-01   1.000000e+00   6.832254e-01
   6.715719e-02   3.528036e-02   5.776831e-01   2.645492e-15   0.000000e+00   4.223346e-01   2.524367e-01   3.553047e-01   1.955431e-01   8.091980e-01   9.854650e-01   9.305515e-01   8.909558e-01   1.000000e+00   6.957685e-01   1.000000e+00   9.962153e-01   9.696662e-01   9.712155e-01
   2.314535e-02   1.618936e-02   8.565668e-02   2.665290e-01   0.000000e+00   1.597290e-01   2.460500e-01   6.992830e-01   9.922172e-01   5.676573e-01   9.708093e-01   1.174915e-01   6.154782e-01   9.826644e-01   3.185642e-01   8.190304e-01   1.000000e+00   9.175421e-01   4.056138e-01
   1.000000e+00   8.904884e-02   9.332555e-01   1.000000e+00   2.044516e-01   2.095915e-08   0.000000e+00   7.331247e-01   8.518689e-02   4.358734e-01   6.208919e-01   7.408351e-01   7.171570e-01   9.220302e-01   5.445054e-01   8.506902e-01   1.000000e+00   9.741661e-01   3.462372e-01
   2.372120e-01   9.892284e-01   9.181825e-01   2.824326e-02   4.634907e-01   4.463878e-07   0.000000e+00   1.000000e+00   2.737032e-02   7.266566e-01   1.000000e+00   4.744257e-01   7.161241e-01   1.000000e+00   0.000000e+00   8.359938e-01   9.842858e-01   9.974287e-01   7.562507e-01
   8.841046e-03   9.923715e-01   9.812364e-01   7.454621e-01   1.544681e-01   5.725171e-03   0.000000e+00   2.768422e-01   1.966733e-01   6.000717e-01   1.000000e+00   1.000000e+00   1.000000e+00   2.639349e-01   7.377857e-01   8.662862e-01   5.801443e-01   9.750443e-01   1.338795e-01
   4.021384e-07   0.000000e+00   3.771366e-01   1.131621e-02   3.882388e-03   1.791222e-01   1.052289e-01   4.931456e-01   3.440017e-01   1.000000e+00   1.000000e+00   9.389268e-01   9.741007e-01   9.576682e-01   9.439202e-01   1.000000e+00   9.824376e-01   9.970969e-01   1.374842e-01
   5.933541e-02   3.359241e-18   1.000000e+00   1.000000e+00   0.000000e+00   2.450398e-01   0.000000e+00   4.985348e-01   0.000000e+00   9.285522e-01   9.892970e-01   8.050064e-01   1.000000e+00   1.000000e+00   1.000000e+00   8.690164e-01   8.444459e-01   9.964615e-01   7.431306e-01
   7.523191e-01   5.240266e-01   4.455344e-01   5.200521e-01   3.524959e-01   1.139017e-01   1.053078e-04   2.673474e-09   0.000000e+00   2.230526e-01   6.254701e-01   1.631387e-01   9.901825e-01   9.351056e-01   8.141758e-01   9.501810e-01   9.667120e-01   8.526874e-01   7.444516e-01
   5.635667e-08   0.000000e+00   8.635043e-01   9.363464e-02   2.093403e-02   4.809035e-02   2.444083e-01   8.745040e-01   3.578947e-01   1.000000e+00   9.992543e-01   9.753595e-01   1.000000e+00   9.123089e-01   9.936773e-01   1.000000e+00   1.000000e+00   1.000000e+00   3.949920e-01
   2.779150e-08   0.000000e+00   0.000000e+00   1.425280e-02   4.143670e-02   1.953712e-01   6.596702e-01   7.951445e-01   2.675355e-01   8.058912e-01   1.000000e+00   8.637084e-01   8.589626e-01   9.962587e-01   9.456262e-01   9.948571e-01   9.887467e-01   9.949405e-01   9.871561e-01
   5.651920e-01   2.407812e-01   1.827545e-21   6.727200e-01   0.000000e+00   6.402859e-01   8.955246e-01   1.000000e+00   1.718792e-01   8.990309e-01   1.000000e+00   1.000000e+00   8.308620e-01   0.000000e+00   6.236329e-01   5.639789e-01   9.564710e-01   9.777802e-01   7.815135e-01
   4.539887e-01   9.421880e-01   2.949775e-13   2.857031e-01   2.673834e-01   0.000000e+00   5.687234e-01   9.962940e-01   1.238449e-01   6.888947e-01   1.000000e+00   8.451714e-01   9.319626e-01   9.893594e-01   1.000000e+00   8.540105e-01   9.941017e-01   9.499619e-01   9.999993e-01
   1.904926e-01   1.000000e+00   4.499185e-10   1.733962e-01   2.287035e-01   0.000000e+00   5.578347e-01   5.273557e-01   2.546796e-01   9.362571e-01   9.005279e-01   1.000000e+00   9.780060e-01   8.968473e-01   9.188973e-01   9.985650e-01   9.634196e-01   9.263793e-01   3.942831e-01
   5.944770e-02   5.791643e-07   1.940115e-06   5.073631e-01   5.873535e-02   4.078620e-01   4.129720e-01   0.000000e+00   5.267587e-01   9.237560e-01   9.610777e-01   2.799624e-01   8.822108e-01   9.181297e-01   0.000000e+00   9.121986e-01   1.000000e+00   8.151005e-01   9.800532e-01
   7.260622e-01   1.000000e+00   9.884540e-01   5.430339e-01   4.444641e-01   8.873576e-01   8.307119e-01   2.879414e-12   5.321428e-03   0.000000e+00   8.798888e-01   4.904588e-01   9.454780e-01   3.372949e-01   7.604339e-01   5.735954e-01   5.446198e-01   9.020426e-01   8.699806e-01
   1.413835e-02   5.398470e-13   5.038170e-01   0.000000e+00   7.653158e-02   1.326242e-01   2.728697e-02   8.216396e-01   1.848462e-01   6.969922e-01   9.821415e-01   9.562619e-01   8.351934e-01   9.753320e-01   7.787554e-01   7.258469e-01   9.235808e-01   9.364527e-01   3.884910e-01
   2.100972e-01   2.857297e-08   1.769948e-01   1.823679e-02   0.000000e+00   4.498691e-02   0.000000e+00   9.748751e-01   0.000000e+00   9.341316e-01   1.000000e+00   3.544197e-01   7.272395e-01   1.000000e+00   8.167754e-01   9.286423e-01   9.533156e-01   9.406807e-01   8.965160e-01
   1.823232e-02   3.229686e-02   8.382166e-07   0.000000e+00   7.046164e-02   1.590816e-02   2.006970e-01   8.382577e-01   1.471861e-01   7.446100e-01   1.000000e+00   0.000000e+00   9.019892e-01   9.923471e-01   2.323194e-01   8.560103e-01   9.782904e-01   9.355776e-01   9.476390e-01
   2.687028e-01   3.215776e-01   2.948385e-09   0.000000e+00   0.000000e+00   2.014084e-01   1.000000e+00   2.441497e-01   1.000000e+00   1.000000e+00   9.743758e-01   8.918192e-01   9.981603e-01   9.775516e-01   9.477835e-01   8.917590e-01   8.517973e-01   9.959082e-01   6.427789e-01
   1.253406e-02   7.595532e-02   4.881899e-01   3.651522e-09   0.000000e+00   6.908318e-01   3.630314e-01   9.203740e-01   3.379194e-02   1.000000e+00   9.850534e-01   4.581171e-01   0.000000e+00   6.999493e-01   1.000000e+00   9.008103e-01   8.760817e-01   7.762102e-01   1.262201e-01
   2.548639e-06   3.463461e-02   1.538696e-01   1.740009e-01   0.000000e+00   1.754729e-01   1.113173e-01   0.000000e+00   1.515101e-01   8.542125e-01   9.869372e-01   9.805255e-01   9.551831e-01   9.961878e-01   6.168527e-01   6.064187e-01   8.744636e-01   9.832307e-01   8.598902e-01
   3.577778e-01   9.222707e-01   1.000000e+00   4.968552e-11   4.941843e-01   1.734046e-01   6.567013e-01   0.000000e+00   6.833260e-02   9.985400e-01   1.000000e+00   1.000000e+00   9.999978e-01   8.471679e-01   9.814709e-01   9.883575e-01   9.750035e-01   9.966339e-01   9.851534e-01
   4.611924e-01   9.727081e-01   9.361923e-01   1.000000e+00   6.519553e-01   3.131360e-01   7.564572e-01   7.499131e-01   0.000000e+00   9.760834e-01   5.739143e-01   4.960932e-01   9.962238e-01   9.998020e-01   9.723449e-01   8.414845e-01   8.178057e-01   1.000000e+00   1.000000e+00
   6.392716e-03   2.612176e-16   1.000000e+00   7.115463e-02   3.067487e-02   9.642967e-02   0.000000e+00   0.000000e+00   5.388070e-01   9.068723e-01   9.548552e-01   4.981207e-01   7.092714e-01   1.000000e+00   9.986076e-01   9.243819e-01   9.888667e-01   1.000000e+00   2.893249e-01
   5.520301e-03   7.354250e-17   1.000000e+00   2.459033e-02   1.245842e-01   0.000000e+00   0.000000e+00   8.394125e-01   6.885733e-01   8.776588e-01   9.530131e-01   4.133133e-01   5.992496e-01   1.000000e+00   1.000000e+00   9.571150e-01   1.000000e+00   1.000000e+00   3.829056e-01
   6.225855e-02   1.554596e-02   0.000000e+00   2.702546e-01   1.963815e-01   1.512178e-01   7.390135e-01   2.136390e-01   5.040986e-01   9.218679e-01   9.359768e-01   8.553019e-01   8.510294e-01   9.295381e-01   1.551789e-02   9.438626e-01   9.822634e-01   1.000000e+00   9.544123e-01
   4.452221e-01   3.544826e-01   2.304124e-01   1.693572e-01   5.591069e-01   2.619208e-01   1.000000e+00   0.000000e+00   2.785647e-01   8.458778e-01   9.919225e-01   6.676815e-01   8.982974e-01   0.000000e+00   8.682275e-01   9.054874e-01   9.823232e-01   9.747750e-01   2.864949e-01
   1.944730e-01   9.354457e-01   1.145317e-09   4.936886e-01   0.000000e+00   5.372910e-01   0.000000e+00   4.880397e-01   3.018442e-01   9.367493e-01   9.630274e-01   8.605719e-01   1.000000e+00   9.901378e-01   6.839960e-01   8.630484e-01   9.940611e-01   8.915937e-01   6.525035e-01
   6.945426e-01   5.619751e-02   9.521941e-02   0.000000e+00   5.118936e-02   4.012479e-01   3.186502e-01   0.000000e+00   2.567362e-01   7.709750e-01   9.965994e-01   0.000000e+00   8.923320e-01   1.000000e+00   5.928020e-01   8.102662e-01   8.256732e-01   9.212537e-01   0.000000e+00
   1.000000e+00   1.000000e+00   1.000000e+00   1.000000e+00   4.468979e-01   2.735511e-02   9.438816e-01   1.000000e+00   4.557573e-01   1.000000e+00   9.790712e-01   1.000000e+00   9.999972e-01   1.000000e+00   1.000000e+00   9.301967e-01   9.986523e-01   1.000000e+00   1.000000e+00
   5.178197e-02   4.073814e-01   4.637232e-21   7.211136e-01   1.052752e-01   1.000000e+00   7.954025e-01   5.687784e-01   1.736793e-01   6.307102e-01   9.978903e-01   7.952250e-01   5.958040e-01   1.256484e-01   7.711967e-01   9.522571e-01   9.404178e-01   9.644769e-01   5.298183e-01
   1.000000e+00   9.999521e-01   1.000000e+00   1.000000e+00   5.531021e-01   1.000000e+00   7.368002e-01   9.994690e-01   5.442427e-01   1.000000e+00   9.871042e-01   7.913486e-01   9.999936e-01   5.826650e-01   9.726102e-01   1.000000e+00   9.974759e-01   6.080182e-01   1.000000e+00
   7.833988e-01   1.000000e+00   9.947820e-01   7.988145e-01   9.370912e-01   1.000000e+00   8.198327e-01   5.964325e-01   2.811095e-03   0.000000e+00   1.000000e+00   1.000000e+00   9.454814e-01   6.313061e-01   9.201297e-01   7.258505e-01   2.931430e-01   9.536824e-01   9.881686e-01
   1.000000e+00   9.879662e-01   3.639646e-01   2.208830e-01   1.482499e-07   0.000000e+00   3.314072e-01   8.656055e-01   0.000000e+00   6.734546e-01   9.495456e-01   1.000000e+00   8.869094e-01   1.000000e+00   7.802031e-01   9.956865e-01   1.000000e+00   8.195736e-01   3.519724e-01
   9.639033e-02   3.541397e-01   6.809681e-01   1.958210e-01   3.791859e-03   3.964556e-04   4.864808e-01   3.062950e-05   0.000000e+00   6.406058e-01   8.330512e-01   3.152306e-01   1.000000e+00   9.568976e-01   8.191926e-01   1.000000e+00   8.967455e-01   8.473945e-01   2.452239e-01
   1.751742e-01   6.215195e-01   4.441672e-01   4.268788e-01   2.892563e-02   5.733082e-14   3.326538e-01   0.000000e+00   1.223425e-01   9.770476e-01   9.988873e-01   1.000000e+00   1.000000e+00   9.970534e-01   8.228879e-01   5.631963e-01   1.000000e+00   7.246289e-01   7.127029e-01
   1.801886e-04   5.445056e-02   1.000000e+00   2.198055e-09   0.000000e+00   5.620577e-01   5.978165e-01   3.693678e-01   3.426343e-01   7.967592e-01   9.832271e-01   7.740800e-01   7.294708e-01   9.167187e-01   6.636222e-01   6.048747e-01   8.497557e-01   0.000000e+00   9.271678e-01
   1.852191e-02   5.800674e-01   4.721417e-01   1.795425e-01   2.450491e-01   3.502762e-01   1.233543e-01   7.036388e-11   0.000000e+00   0.000000e+00   9.670062e-01   8.150937e-01   1.000000e+00   8.831531e-01   1.000000e+00   9.857994e-01   0.000000e+00   8.102589e-01   2.259089e-01
   3.231855e-01   1.000000e+00   4.011254e-13   1.949189e-02   3.310601e-01   0.000000e+00   0.000000e+00   9.635190e-01   8.553541e-02   7.810480e-01   0.000000e+00   9.987822e-01   9.259279e-01   9.472830e-01   1.000000e+00   8.415121e-01   9.816004e-01   9.512011e-01   1.000000e+00
   1.735668e-02   4.164274e-02   7.308219e-02   3.755292e-01   6.991296e-03   0.000000e+00   2.436259e-01   0.000000e+00   8.964535e-01   6.832058e-01   8.953768e-01   3.313071e-01   9.212318e-01   1.000000e+00   4.942702e-01   5.939729e-01   9.842887e-01   9.871432e-01   9.378955e-01
   1.509478e-01   9.083167e-01   4.517228e-01   4.601251e-11   4.201668e-01   1.900734e-01   9.464091e-01   9.610553e-02   1.639564e-01   1.000000e+00   9.003111e-01   7.589707e-01   1.000000e+00   8.284039e-01   1.000000e+00   7.912875e-01   9.604510e-01   9.489103e-01   5.327805e-01
   1.452071e-03   7.210294e-02   1.825631e-02   0.000000e+00   9.485724e-02   1.611486e-01   5.127097e-03   4.574278e-01   5.323948e-01   6.521537e-01   8.850370e-01   4.879971e-01   7.860798e-01   9.484571e-01   3.376678e-01   8.573750e-01   9.666061e-01   5.316139e-01   8.275364e-01
   3.665380e-01   1.735943e-12   0.000000e+00   3.407312e-03   0.000000e+00   1.089856e-01   7.935789e-01   6.800835e-01   3.224168e-01   9.085480e-01   9.386040e-01   1.000000e+00   6.065717e-01   9.760666e-01   8.165010e-01   9.853347e-01   9.911864e-01   9.279644e-01   9.969521e-01
   3.851673e-03   5.779542e-12   1.000000e+00   0.000000e+00   6.933607e-02   1.141469e-01   3.614243e-01   6.539435e-01   1.205816e-01   8.963363e-01   9.679237e-01   2.759359e-01   1.000000e+00   8.764995e-01   1.000000e+00   9.732943e-01   1.000000e+00   8.781222e-01   9.419051e-01
   9.118690e-02   3.820095e-07   0.000000e+00   7.509163e-02   2.818382e-01   1.592407e-01   1.647413e-01   3.637173e-01   2.704536e-01   9.354943e-01   9.299862e-01   9.708699e-01   8.142624e-01   9.481481e-01   1.112219e-02   1.000000e+00   9.369785e-01   9.115336e-01   9.443253e-01
   7.748019e-01   1.000000e+00   1.000000e+00   7.077227e-01   2.491919e-01   3.718537e-10   1.000000e+00   1.468076e-02   8.547281e-02   8.936246e-01   3.834736e-01   5.692106e-01   8.247293e-01   8.066096e-01   5.846180e-01   7.437653e-01   7.846887e-01   4.529014e-01   3.625759e-01
   4.152650e-01   1.000000e+00   6.442630e-01   5.201977e-01   1.181274e-05   2.547475e-01   0.000000e+00   6.530226e-01   0.000000e+00   1.000000e+00   8.809146e-01   1.000000e+00   1.000000e+00   9.021742e-01   8.636834e-01   0.000000e+00   8.279756e-01   9.930382e-01   9.999995e-01
   4.826790e-01   1.658238e-03   3.599613e-09   2.714616e-01   2.488726e-02   0.000000e+00   5.644554e-01   1.429611e-01   6.527892e-01   9.137512e-01   1.000000e+00   8.534713e-01   7.401942e-01   8.145219e-01   6.753719e-01   9.493954e-01   9.416400e-01   8.659899e-01   7.733998e-01
   9.324032e-01   1.000000e+00   9.944256e-01   9.174182e-01   9.186547e-01   1.000000e+00   8.440467e-01   0.000000e+00   4.528553e-01   3.426129e-01   1.000000e+00   6.392046e-01   9.867341e-01   2.134362e-01   9.532795e-01   8.271551e-01   1.000000e+00   8.306628e-01   3.532756e-01
   1.000000e+00   9.680370e-01   1.313379e-15   8.208187e-01   1.885543e-01   1.182466e-01   0.000000e+00   6.499513e-01   0.000000e+00   7.788576e-01   1.000000e+00   8.661015e-01   1.000000e+00   9.361025e-01   5.674353e-01   7.790030e-01   1.000000e+00   9.220884e-01   7.848250e-01
   6.909128e-02   1.000000e+00   6.335087e-15   3.460071e-01   2.617327e-01   1.536649e-01   0.000000e+00   6.724802e-01   5.778168e-03   7.785437e-01   7.419892e-01   9.913949e-01   1.000000e+00   9.107014e-01   5.387399e-01   8.508441e-01   9.615806e-01   9.306611e-01   1.000000e+00
   4.672567e-03   7.052352e-28   4.720271e-01   4.058389e-03   1.417620e-01   1.631958e-01   5.610446e-01   1.000000e+00   3.193682e-01   9.930291e-01   9.901705e-01   8.393113e-01   1.000000e+00   1.000000e+00   9.876261e-01   9.597886e-01   9.858128e-01   9.979682e-01   5.997717e-01
   1.000000e+00   4.655610e-01   1.393252e-01   2.569027e-02   1.093325e-01   3.039237e-01   9.761997e-02   3.866344e-01   0.000000e+00   1.000000e+00   9.794693e-01   9.609054e-01   1.000000e+00   8.859943e-01   9.954390e-01   1.000000e+00   9.883937e-01   1.000000e+00   9.999903e-01
   5.060778e-01   6.626850e-02   5.988167e-09   5.502350e-01   7.115064e-03   0.000000e+00   1.303787e-02   0.000000e+00   6.893109e-01   9.941783e-01   1.000000e+00   8.590242e-01   1.000000e+00   8.353108e-01   6.832240e-01   6.913087e-01   9.283440e-01   9.214486e-01   8.339795e-01
   3.004205e-01   1.618659e-02   4.612063e-01   7.950313e-03   0.000000e+00   5.655172e-02   6.840595e-01   4.615120e-01   5.264135e-01   9.892916e-01   9.679427e-01   8.852811e-01   8.929673e-01   9.774057e-01   9.611639e-01   7.913586e-01   8.656567e-01   1.000000e+00   2.241840e-01
   4.560369e-02   5.544902e-02   7.303403e-01   3.001131e-02   3.325980e-01   0.000000e+00   2.278060e-01   0.000000e+00   0.000000e+00   1.000000e+00   9.546623e-01   5.387227e-01   7.221051e-01   3.946896e-01   6.600814e-01   8.261494e-01   9.622872e-01   8.120917e-01   4.232015e-01
   8.058435e-02   1.000000e+00   3.708248e-21   1.460220e-01   0.000000e+00   7.899617e-01   4.352402e-02   1.000000e+00   1.459684e-01   9.077024e-01   1.000000e+00   6.307716e-01   9.528937e-01   4.138211e-01   1.000000e+00   1.000000e+00   1.000000e+00   9.778957e-01   1.000000e+00
   7.715189e-02   3.278580e-15   5.081908e-01   3.451953e-02   1.312328e-01   2.579099e-01   0.000000e+00   6.351733e-01   1.610759e-01   9.131824e-01   8.410675e-01   8.739328e-01   9.005257e-01   1.000000e+00   8.822534e-01   1.000000e+00   1.000000e+00   9.903317e-01   7.163931e-01
   4.313265e-08   2.983332e-01   6.484928e-01   1.168406e-01   2.880132e-01   1.692256e-01   0.000000e+00   1.000000e+00   3.301704e-01   1.000000e+00   9.881076e-01   9.739352e-01   9.866954e-01   9.254239e-01   5.014474e-01   1.000000e+00   1.000000e+00   9.985240e-01   3.649513e-01
   7.030114e-01   3.652598e-01   3.669687e-01   5.239140e-01   1.000000e+00   9.757405e-02   4.029198e-03   1.303787e-05   0.000000e+00   1.179994e-01   5.208530e-01   2.264173e-01   1.000000e+00   1.000000e+00   8.444123e-01   9.406417e-01   9.718154e-01   4.894459e-01   9.356057e-01
   2.740238e-15   1.000000e+00   7.714011e-01   0.000000e+00   1.367674e-02   2.621684e-01   2.084087e-01   9.334127e-01   2.249874e-01   1.000000e+00   9.999999e-01   9.443356e-01   1.000000e+00   1.000000e+00   9.995337e-01   8.270225e-01   1.000000e+00   9.999981e-01   9.999988e-01
   7.699014e-03   8.203393e-01   4.241900e-13   3.267362e-01   2.637277e-01   0.000000e+00   1.501413e-01   8.075645e-01   2.430898e-01   7.654114e-01   1.000000e+00   1.000000e+00   0.000000e+00   8.968817e-01   9.154049e-01   9.303163e-01   9.989925e-01   9.499336e-01   1.000000e+00
   4.459091e-02   3.293580e-05   3.059952e-01   0.000000e+00   0.000000e+00   1.772530e-01   3.376872e-01   0.000000e+00   1.788612e-01   7.705735e-01   9.142993e-01   1.103324e-01   9.947172e-01   1.000000e+00   8.408159e-01   6.945466e-01   8.084598e-01   9.730943e-01   7.428699e-01
   4.441800e-02   1.083409e-28   4.205336e-01   6.184245e-01   1.164435e-01   2.627406e-01   6.133923e-01   1.000000e+00   0.000000e+00   5.892073e-01   9.978214e-01   3.434408e-01   7.095775e-01   9.858999e-01   1.000000e+00   3.983663e-01   9.771592e-01   9.482858e-01   1.000000e+00
   3.895468e-01   8.074667e-01   6.401916e-01   8.855092e-02   3.630339e-01   1.624034e-01   0.000000e+00   6.140349e-01   2.416004e-01   8.813299e-01   1.000000e+00   1.000000e+00   0.000000e+00   8.403997e-01   9.420275e-01   1.000000e+00   9.845284e-01   9.998202e-01   9.803315e-01
   1.437737e-03   6.497977e-30   4.804751e-01   4.074613e-02   1.468785e-01   4.587086e-01   2.705015e-01   1.000000e+00   3.059992e-01   7.890927e-01   9.711444e-01   5.528126e-01   8.772690e-01   9.983383e-01   5.825417e-01   8.441612e-01   9.282653e-01   8.049987e-01   7.940989e-01
   1.000000e+00   9.868384e-01   3.559699e-15   9.968506e-01   0.000000e+00   8.661806e-01   7.511240e-02   7.278141e-01   0.000000e+00   7.694208e-01   1.000000e+00   8.707189e-01   1.000000e+00   9.767350e-01   6.822853e-01   7.518356e-01   9.143280e-01   9.225332e-01   7.662313e-01
   6.015640e-01   1.000000e+00   7.702943e-01   6.590527e-01   5.463445e-01   3.796416e-01   7.010999e-01   4.276239e-12   0.000000e+00   3.338466e-04   9.981616e-01   5.668703e-01   9.888580e-01   6.640842e-01   7.953941e-01   5.028090e-01   6.464895e-01   8.997856e-01   8.223120e-01
   6.731886e-02   8.213740e-01   3.148890e-01   5.731692e-01   5.786154e-01   8.608864e-02   8.514638e-01   4.460583e-06   0.000000e+00   4.932323e-01   9.967403e-01   8.571393e-01   1.000000e+00   3.584717e-01   9.824897e-01   9.734078e-01   1.000000e+00   8.669432e-01   3.810220e-01
   1.000000e+00   9.525541e-01   2.714909e-01   6.490689e-01   5.054410e-01   0.000000e+00   1.000000e+00   0.000000e+00   7.921564e-01   1.000000e+00   9.714954e-01   9.087170e-01   8.628331e-01   9.674952e-01   1.000000e+00   1.000000e+00   1.000000e+00   8.733125e-01   9.756726e-01
   1.210708e-03   3.627588e-27   4.388719e-01   6.049811e-01   0.000000e+00   4.949365e-01   8.157494e-01   6.782739e-01   1.460894e-01   2.045005e-01   9.886667e-01   6.232431e-01   9.507458e-01   1.000000e+00   6.882856e-01   1.000000e+00   9.727952e-01   9.485554e-01   6.754812e-01
   1.000000e+00   5.598675e-01   2.255465e-01   6.136833e-01   4.445441e-01   9.117070e-02   4.915878e-01   5.211737e-09   0.000000e+00   0.000000e+00   1.000000e+00   3.182333e-01   9.872479e-01   4.022925e-01   1.000000e+00   8.754495e-01   9.046657e-01   5.421966e-01   5.864022e-01
   5.738480e-01   3.087900e-01   8.418520e-01   9.399441e-01   5.386546e-01   1.803723e-03   1.138329e-05   0.000000e+00   1.047335e-14   0.000000e+00   1.000000e+00   3.597412e-01   9.580238e-01   7.520285e-01   2.686764e-01   9.796093e-01   9.859454e-01   0.000000e+00   3.980862e-01
   7.091056e-01   3.927412e-01   4.256999e-01   1.683045e-01   3.522048e-03   9.134056e-01   0.000000e+00   4.956612e-01   3.579846e-02   9.249136e-01   9.785230e-01   9.072265e-01   7.538786e-01   3.664023e-02   5.636467e-01   9.650605e-01   8.640861e-01   7.403009e-01   4.844963e-01
   1.000000e+00   1.000000e+00   1.000000e+00   7.216559e-01   1.000000e+00   1.000000e+00   1.000000e+00   1.000000e+00   7.856477e-01   1.261754e-01   9.516994e-01   2.828328e-02   8.913959e-01   0.000000e+00   9.627296e-01   8.582029e-01   1.000000e+00   8.529983e-01   1.000000e+00
   6.906392e-01   5.113278e-01   2.940974e-01   4.949818e-03   2.262967e-01   3.337984e-01   7.388371e-01   4.829740e-01   0.000000e+00   1.000000e+00   9.807474e-01   1.000000e+00   9.137020e-01   8.888409e-01   8.513717e-01   1.000000e+00   9.954352e-01   9.952022e-01   1.000000e+00
   9.410253e-02   1.000000e+00   3.477870e-15   0.000000e+00   1.783440e-01   1.357325e-02   1.338747e-01   6.285617e-01   1.664242e-02   9.272362e-01   1.000000e+00   8.711269e-01   9.698851e-01   8.739842e-01   8.346206e-01   7.624216e-01   7.862986e-01   9.506319e-01   1.000000e+00
   9.545297e-01   1.000000e+00   6.692579e-01   7.136052e-01   8.439797e-02   5.373922e-10   1.000000e+00   0.000000e+00   3.508885e-01   6.978208e-01   5.747030e-01   1.000000e+00   9.576619e-01   9.633089e-01   7.284167e-01   9.740038e-01   9.385442e-01   6.759765e-01   6.051735e-01
   1.458161e-02   5.400506e-01   1.297631e-01   4.942649e-01   5.426663e-01   2.998698e-01   7.662422e-01   0.000000e+00   0.000000e+00   9.773833e-01   1.000000e+00   8.066434e-01   1.000000e+00   1.000000e+00   9.461793e-01   9.227195e-01   6.324336e-01   9.747267e-01   9.266760e-01
   7.504077e-03   6.903676e-18   4.532729e-01   0.000000e+00   7.401056e-01   2.419867e-01   2.916653e-01   8.618607e-01   2.765525e-01   8.276412e-01   9.331153e-01   7.956869e-01   7.957972e-01   8.661618e-01   9.353830e-01   7.296171e-01   9.040769e-01   9.076935e-01   8.536096e-01
   7.188256e-03   1.359366e-11   7.005891e-01   0.000000e+00   1.515087e-01   3.230345e-01   2.377367e-01   9.263234e-01   1.512484e-01   7.863216e-01   9.679441e-01   3.894739e-01   8.824497e-01   9.906156e-01   1.000000e+00   8.414262e-01   9.263371e-01   1.000000e+00   9.027574e-01
   7.549065e-01   6.850377e-01   1.030458e-06   1.318401e-01   1.680562e-01   0.000000e+00   5.900143e-01   1.133977e-01   4.055359e-01   9.567278e-01   9.877198e-01   8.649955e-01   9.357521e-01   8.012652e-01   8.523809e-01   9.239192e-01   1.000000e+00   8.792488e-01   6.274368e-01
   7.503427e-01   4.862479e-02   1.521628e-01   1.000000e+00   1.598626e-01   0.000000e+00   2.912360e-07   0.000000e+00   3.177050e-02   7.648333e-01   6.798066e-01   5.476594e-01   9.438045e-01   9.640225e-01   0.000000e+00   1.000000e+00   1.000000e+00   8.459817e-01   5.733173e-01
   1.000000e+00   4.970660e-01   2.745391e-01   3.222791e-01   1.418227e-01   8.081386e-02   7.874805e-01   9.754128e-01   0.000000e+00   1.000000e+00   1.000000e+00   9.603168e-01   4.394514e-01   9.918874e-01   7.185075e-01   9.695861e-01   1.000000e+00   1.000000e+00   9.892450e-01
   5.375329e-03   5.009355e-01   4.617880e-02   2.144941e-02   3.694870e-01   2.009321e-01   1.028117e-01   3.800955e-01   0.000000e+00   4.326193e-01   9.489836e-01   6.442726e-01   8.812304e-01   9.817377e-01   9.173958e-01   9.921671e-01   7.648564e-01   9.445500e-01   9.765186e-01
   6.446944e-02   5.419981e-01   3.402455e-01   5.188061e-01   9.859571e-02   1.503361e-01   2.612291e-05   5.029477e-09   1.192604e-14   0.000000e+00   1.000000e+00   4.358800e-01   9.614710e-01   7.568450e-01   8.219284e-01   9.700801e-01   8.748274e-01   0.000000e+00   5.833621e-01
   1.988143e-04   1.019007e-01   1.000000e+00   4.014477e-01   8.068415e-01   1.674280e-01   0.000000e+00   5.988299e-01   1.916014e-01   1.000000e+00   9.856375e-01   7.879293e-01   1.000000e+00   9.701885e-01   1.000000e+00   8.396395e-01   1.000000e+00   9.820216e-01   2.427750e-02
   7.889928e-01   9.545064e-01   2.729267e-06   8.738000e-01   1.872873e-01   9.166875e-01   2.891277e-01   0.000000e+00   1.245507e-01   8.524975e-01   9.919628e-01   6.972879e-01   9.375018e-01   9.392447e-01   9.074086e-01   9.123537e-01   1.000000e+00   9.728025e-01   1.000000e+00
   7.742880e-01   9.883553e-02   3.299922e-01   3.875351e-01   3.533404e-02   3.726640e-07   0.000000e+00   1.000000e+00   6.832251e-01   8.069023e-01   9.986563e-01   9.034363e-01   0.000000e+00   1.000000e+00   4.732360e-01   8.829949e-01   9.653725e-01   9.507265e-01   9.041433e-01
   1.873442e-01   5.188619e-04   6.547190e-01   3.043200e-02   3.477310e-02   3.347576e-01   9.632121e-02   0.000000e+00   4.047562e-01   8.040308e-01   1.000000e+00   1.000000e+00   4.502398e-01   9.150683e-01   6.205523e-01   7.890036e-01   9.803294e-01   7.367698e-01   7.912754e-01
   1.031762e-01   6.386460e-01   2.306788e-01   9.439360e-03   5.039176e-01   4.398041e-02   1.735134e-01   1.751178e-01   1.990799e-01   8.245060e-01   9.999891e-01   4.477183e-01   9.486032e-01   8.050008e-01   8.881669e-01   7.683188e-01   6.951195e-01   9.160810e-01   3.854359e-01
   4.359198e-01   1.626653e-03   2.139979e-01   3.581299e-01   7.288504e-03   0.000000e+00   8.086145e-01   1.000000e+00   3.312442e-01   1.000000e+00   9.999890e-01   8.594973e-01   9.505726e-01   6.366804e-01   6.637324e-01   9.586066e-01   1.000000e+00   8.285962e-01   4.343482e-01
   3.003206e-01   7.969192e-01   7.972031e-01   1.000000e+00   6.586953e-02   3.239082e-10   8.958545e-01   0.000000e+00   1.519389e-01   8.561002e-01   9.995451e-01   1.000000e+00   1.000000e+00   9.446103e-01   8.170464e-01   9.192172e-01   1.000000e+00   1.000000e+00   1.000000e+00
   2.454026e-01   7.331038e-01   1.000000e+00   7.304779e-01   8.362632e-01   1.300190e-01   6.768082e-01   4.859855e-06   0.000000e+00   1.000000e+00   1.000000e+00   9.356110e-01   1.000000e+00   5.273086e-01   1.000000e+00   9.581748e-01   1.000000e+00   8.577373e-01   1.000000e+00
   3.082999e-02   4.964325e-01   5.083009e-01   7.070622e-02   1.790128e-04   3.168750e-01   2.473944e-01   3.150135e-01   8.934121e-02   7.069186e-01   1.000000e+00   9.243809e-01   9.835019e-01   9.498633e-01   9.036949e-01   8.393107e-01   8.804437e-01   9.464545e-01   4.819136e-01
   7.110713e-04   4.852916e-02   0.000000e+00   1.000000e+00   2.501466e-01   1.570039e-01   3.697318e-01   6.777323e-01   1.865455e-01   6.972172e-01   7.355799e-01   8.147441e-01   5.543868e-01   9.849238e-01   8.469939e-01   8.604563e-01   8.755237e-01   9.374656e-01   0.000000e+00
   2.867980e-01   4.184736e-03   7.421158e-01   7.054552e-01   4.248428e-01   9.568159e-02   2.462349e-01   6.183190e-01   4.772307e-08   8.363974e-01   9.458334e-01   1.000000e+00   9.933162e-01   8.222134e-01   8.566210e-01   1.000000e+00   9.663103e-01   9.778856e-01   1.528999e-01
   4.762938e-01   1.386629e-01   2.247197e-01   2.864730e-01   6.211540e-01   3.104833e-01   2.109844e-02   2.202756e-02   3.867154e-16   0.000000e+00   1.000000e+00   2.952729e-01   0.000000e+00   7.804966e-01   9.207189e-01   6.370117e-01   8.529424e-01   7.764123e-01   9.098509e-01
   3.620302e-02   7.549531e-01   2.027234e-14   0.000000e+00   2.223399e-01   2.746671e-01   4.647267e-01   7.520774e-01   1.023859e-01   8.073194e-01   9.138653e-01   9.552599e-01   9.742285e-01   1.000000e+00   9.821838e-01   8.382702e-01   9.417493e-01   9.491554e-01   1.000000e+00
   1.407493e-01   4.973159e-02   5.027381e-01   1.000000e+00   1.287699e-01   2.186467e-01   9.620925e-03   0.000000e+00   0.000000e+00   1.000000e+00   9.171334e-01   7.382762e-01   9.675565e-01   9.432817e-01   7.937580e-01   9.654639e-01   9.951919e-01   8.144283e-01   4.957290e-01
   1.577778e-01   1.035013e-04   5.071074e-01   0.000000e+00   5.362808e-02   2.864120e-01   3.119504e-01   4.065593e-01   4.370593e-01   7.660752e-01   9.894388e-01   8.472174e-01   9.584175e-01   9.736780e-01   7.800240e-01   8.395553e-01   9.971803e-01   9.708612e-01   9.489904e-01
   2.157142e-01   1.030382e-01   2.691200e-09   1.149822e-01   0.000000e+00   0.000000e+00   9.445669e-02   0.000000e+00   1.000000e+00   9.661987e-01   9.801618e-01   0.000000e+00   8.586884e-01   9.462798e-01   8.506373e-01   6.532979e-01   9.282028e-01   9.238266e-01   8.508256e-01
   3.601631e-04   2.232249e-02   0.000000e+00   4.148170e-02   2.098926e-01   1.271044e-01   3.419952e-01   1.000000e+00   8.538904e-02   6.578517e-01   8.474783e-01   0.000000e+00   9.589179e-01   9.801449e-01   1.000000e+00   1.000000e+00   9.564617e-01   9.488405e-01   9.564703e-01
   1.397635e-06   6.436513e-30   6.555117e-01   5.045240e-02   5.047002e-02   2.426529e-01   8.200902e-01   9.506175e-01   2.162170e-01   8.468444e-01   9.502971e-01   9.241579e-01   6.767668e-01   9.850861e-01   7.957006e-01   9.117724e-01   1.000000e+00   9.596765e-01   9.710365e-01
   9.952172e-01   4.963270e-01   1.000000e+00   1.000000e+00   6.882910e-01   9.071265e-01   0.000000e+00   2.282356e-01   1.000000e+00   2.404568e-01   9.986047e-01   6.146374e-01   9.387575e-01   7.649885e-01   1.000000e+00   9.053185e-01   6.240865e-01   9.125226e-01   1.845548e-01
   5.671833e-03   6.238404e-01   1.000000e+00   1.068894e-10   7.286411e-01   0.000000e+00   0.000000e+00   1.887212e-01   5.561325e-01   5.124014e-01   1.000000e+00   5.881931e-01   5.099405e-01   9.716083e-01   1.000000e+00   7.541594e-01   9.999256e-01   9.391224e-01   0.000000e+00
   1.000000e+00   3.163273e-01   3.982220e-01   1.570132e-04   8.991433e-03   3.130121e-01   0.000000e+00   9.085252e-01   2.092566e-01   7.969967e-01   9.836549e-01   3.912689e-01   6.378663e-01   8.666512e-01   7.972074e-01   5.742232e-01   8.264236e-01   0.000000e+00   7.334942e-01
   9.091980e-01   1.250942e-01   8.990395e-01   3.490186e-01   3.625636e-01   4.283419e-01   8.894019e-06   4.191497e-03   3.676932e-16   4.591527e-01   8.336946e-01   4.286951e-01   8.958317e-01   9.995885e-01   8.477004e-01   9.596136e-01   9.956386e-01   7.435274e-01   6.837868e-01
   5.120863e-02   6.531646e-07   4.581954e-06   3.680367e-01   1.187807e-01   4.203883e-01   4.615684e-01   0.000000e+00   4.437994e-01   9.783109e-01   1.000000e+00   8.518028e-01   8.250819e-01   9.431763e-01   9.182995e-02   1.000000e+00   1.000000e+00   8.759570e-01   9.678590e-01
   1.000000e+00   2.976277e-01   8.783677e-01   2.043594e-01   1.146243e-01   1.642889e-01   6.984724e-01   8.375875e-01   0.000000e+00   8.984025e-01   0.000000e+00   7.701641e-01   7.598773e-01   9.687110e-01   1.000000e+00   8.460916e-01   1.000000e+00   9.936967e-01   5.449490e-01
   1.000000e+00   1.000000e+00   9.096999e-01   1.000000e+00   1.000000e+00   5.591996e-02   5.268014e-01   6.052843e-01   0.000000e+00   9.604138e-01   6.601276e-01   3.798739e-01   9.969257e-01   9.998632e-01   9.947522e-01   8.987774e-01   8.759321e-01   1.000000e+00   9.999968e-01
   1.217882e-02   9.010475e-01   1.000000e+00   4.295778e-01   5.807849e-02   0.000000e+00   0.000000e+00   8.414405e-01   4.155458e-01   7.928634e-01   9.695736e-01   6.208753e-01   1.000000e+00   9.985041e-01   2.829053e-01   9.569151e-01   1.000000e+00   9.146671e-01   0.000000e+00
   1.361785e-01   1.566869e-05   4.743412e-01   4.473538e-02   0.000000e+00   3.644230e-01   7.251346e-02   4.335298e-01   3.263132e-01   8.122200e-01   1.000000e+00   8.154431e-01   9.582710e-01   9.591687e-01   7.355393e-01   1.000000e+00   9.406967e-01   9.289861e-01   1.000000e+00
   1.000000e+00   7.076347e-01   1.000000e+00   4.738321e-01   8.361745e-01   2.751513e-01   1.817083e-01   3.222125e-01   2.263088e-18   9.423292e-01   9.694068e-01   9.727797e-01   1.000000e+00   9.990217e-01   9.668827e-01   6.080935e-01   1.000000e+00   5.676603e-01   1.000000e+00
   2.288008e-04   0.000000e+00   1.306659e-01   5.697996e-03   0.000000e+00   8.358990e-02   1.316072e-01   5.663862e-01   1.300393e-01   1.000000e+00   9.986937e-01   6.730070e-01   8.114886e-01   9.437313e-01   3.396621e-01   9.990113e-01   8.061132e-01   9.248981e-01   6.616099e-01
   5.610844e-01   3.751961e-01   7.401887e-01   9.165065e-02   1.468204e-01   8.153120e-05   1.000000e+00   7.546596e-01   5.254578e-02   1.000000e+00   9.665922e-01   1.000000e+00   4.330416e-01   6.849960e-01   5.154665e-01   9.219359e-01   8.927051e-01   8.726599e-01   1.000000e+00
   2.230067e-02   4.582614e-02   7.481580e-03   0.000000e+00   1.069339e-02   1.980117e-01   3.622108e-01   0.000000e+00   7.276215e-01   6.680108e-01   8.437331e-01   1.854407e-01   8.407687e-01   1.000000e+00   9.409927e-02   7.245085e-01   7.882279e-01   0.000000e+00   7.502905e-01
   8.773046e-01   9.336017e-01   9.683229e-01   8.426064e-01   4.411193e-01   0.000000e+00   8.157503e-01   0.000000e+00   3.379732e-02   9.081070e-01   3.116793e-01   3.964702e-01   8.923162e-01   9.154644e-01   1.000000e+00   1.000000e+00   6.986185e-01   1.000000e+00   2.176218e-01
   1.000000e+00   1.000000e+00   4.596630e-15   8.214739e-01   0.000000e+00   1.721280e-01   0.000000e+00   7.376631e-01   9.780787e-02   9.891124e-01   9.971966e-01   1.000000e+00   9.736955e-01   9.899537e-01   8.145845e-01   1.000000e+00   7.497208e-01   1.000000e+00   8.009849e-01
   4.032902e-07   7.570646e-02   3.637446e-01   0.000000e+00   7.024710e-02   1.687111e-01   3.265363e-02   3.597285e-01   1.435303e-01   1.000000e+00   1.000000e+00   8.845601e-01   9.763156e-01   9.764214e-01   9.555085e-01   9.999841e-01   9.987133e-01   9.921272e-01   9.188179e-01
   9.521814e-03   1.934609e-01   7.869084e-01   1.776422e-09   0.000000e+00   2.857563e-01   6.167669e-01   4.697229e-01   3.451811e-01   8.606142e-01   9.867618e-01   9.402416e-01   7.799349e-01   9.304220e-01   6.416203e-01   2.646618e-01   7.926558e-01   8.378851e-01   9.178762e-01
   1.496133e-03   7.598299e-28   6.979871e-01   0.000000e+00   2.115779e-01   7.471107e-01   8.452760e-01   5.748827e-01   3.738431e-01   7.081121e-01   9.869574e-01   8.189221e-01   8.318163e-01   1.000000e+00   9.098722e-01   9.050498e-01   1.000000e+00   7.409362e-01   9.132483e-01
   1.000000e+00   8.101685e-01   1.000000e+00   6.993281e-01   1.942767e-01   9.776834e-10   1.000000e+00   7.323568e-01   0.000000e+00   7.550914e-01   9.716816e-01   9.933608e-01   9.027534e-01   9.750725e-01   1.000000e+00   9.841178e-01   1.000000e+00   8.533809e-01   8.449628e-01
   1.000000e+00   7.121313e-01   1.000000e+00   5.463964e-01   2.868220e-01   2.055071e-07   1.000000e+00   8.006526e-01   6.185499e-02   7.979838e-01   9.704605e-01   9.963628e-01   8.036160e-01   7.584034e-01   0.000000e+00   9.833098e-01   9.892623e-01   8.480155e-01   8.615287e-01
   5.947456e-01   8.423096e-01   1.000000e+00   7.531844e-01   5.003261e-01   8.268391e-11   0.000000e+00   9.187632e-01   2.361932e-01   8.739601e-01   9.860359e-01   1.000000e+00   9.204988e-01   9.973681e-01   8.078539e-01   9.460613e-01   1.000000e+00   8.527977e-01   8.988345e-01
   2.642238e-01   7.062651e-01   1.092200e-07   6.158539e-02   8.989004e-02   0.000000e+00   0.000000e+00   9.632757e-01   0.000000e+00   8.807170e-01   1.000000e+00   8.253556e-01   9.323598e-01   9.999704e-01   7.888987e-01   9.641969e-01   9.604486e-01   6.023032e-01   9.863690e-01
   4.131576e-01   1.696052e-01   2.018434e-01   8.960898e-01   5.690215e-04   1.524759e-01   2.813934e-02   0.000000e+00   6.120606e-02   8.472926e-01   9.980146e-01   6.243388e-01   8.851218e-01   9.595399e-01   9.618832e-01   9.710547e-01   7.084737e-01   3.907468e-01   6.629921e-01
   1.617904e-03   2.375118e-26   6.772136e-01   0.000000e+00   4.606350e-01   1.000000e+00   1.000000e+00   5.142572e-01   3.497098e-01   7.081932e-01   9.853623e-01   8.514244e-01   7.866071e-01   8.709995e-01   9.183150e-01   8.918919e-01   1.000000e+00   7.868512e-01   6.132324e-01
   1.000000e+00   4.850859e-01   3.180911e-01   3.696403e-01   1.422684e-01   3.634218e-02   2.022448e-01   9.868940e-01   0.000000e+00   1.000000e+00   1.000000e+00   9.212991e-01   6.407204e-01   8.814185e-01   9.479564e-01   9.831262e-01   9.653234e-01   9.720927e-01   9.888079e-01
   4.935890e-04   4.036675e-02   0.000000e+00   4.144991e-02   6.288605e-02   1.591020e-01   5.469067e-01   6.440085e-01   8.505211e-02   4.264131e-01   8.037985e-01   1.000000e+00   7.094246e-01   9.834406e-01   8.191645e-01   9.699136e-01   8.581500e-01   9.493584e-01   9.827070e-01
   1.000000e+00   1.000000e+00   8.910629e-01   3.449638e-02   2.054937e-01   3.878520e-02   0.000000e+00   1.000000e+00   4.546360e-02   7.232630e-01   9.619510e-01   6.929939e-01   7.136225e-01   8.780103e-01   8.581008e-01   4.516839e-01   9.193728e-01   1.000000e+00   6.708890e-01
   1.260529e-01   2.033187e-02   7.877739e-01   2.635940e-01   4.709349e-02   5.142662e-01   1.876640e-01   5.192913e-01   0.000000e+00   8.713577e-01   9.962399e-01   8.070852e-01   9.998496e-01   1.000000e+00   9.984527e-01   7.500426e-01   1.000000e+00   9.732369e-01   7.021137e-01
   7.032157e-09   4.017041e-01   0.000000e+00   1.244709e-01   7.355172e-02   6.214993e-01   2.635118e-01   8.590729e-01   3.354449e-02   1.000000e+00   1.000000e+00   8.589089e-01   9.257463e-01   9.961695e-01   9.599297e-01   9.889842e-01   8.168456e-01   9.845938e-01   9.712851e-01
   6.161683e-02   1.000000e+00   6.928545e-07   4.574767e-02   1.442360e-01   0.000000e+00   6.598482e-01   0.000000e+00   3.563438e-01   1.000000e+00   9.781586e-01   0.000000e+00   9.305708e-01   8.949538e-01   1.782615e-01   9.005081e-01   9.859080e-01   9.317783e-01   1.000000e+00
   1.976366e-04   1.829317e-02   0.000000e+00   0.000000e+00   6.327539e-02   5.651698e-01   3.469777e-01   5.189895e-02   7.591525e-02   6.873854e-01   1.000000e+00   6.574416e-01   9.273546e-01   9.848286e-01   8.832772e-01   1.000000e+00   9.901201e-01   9.697483e-01   9.407258e-01
   9.116922e-02   1.956138e-05   4.712667e-01   0.000000e+00   4.781265e-02   2.679567e-01   9.077089e-02   1.000000e+00   3.185191e-01   1.000000e+00   1.000000e+00   8.389109e-01   9.456666e-01   9.971756e-01   7.824932e-01   9.954045e-01   9.374976e-01   9.334063e-01   3.902372e-01
   6.761805e-01   3.712973e-01   1.000000e+00   6.898285e-01   2.216617e-01   2.774182e-01   4.544688e-01   1.104031e-06   0.000000e+00   1.000000e+00   1.000000e+00   1.000000e+00   1.000000e+00   9.384677e-01   8.629974e-01   6.283742e-01   6.235290e-01   9.619601e-01   9.997935e-01
   6.692548e-03   5.633891e-07   1.693226e-06   3.679633e-01   6.849837e-02   3.755440e-01   3.732784e-01   0.000000e+00   4.875163e-01   5.666448e-01   9.344971e-01   2.226941e-01   8.833368e-01   9.706205e-01   1.000000e+00   7.034274e-01   9.966529e-01   9.959283e-01   1.000000e+00
   9.027219e-03   2.602502e-01   1.358209e-02   2.423469e-14   1.000000e+00   0.000000e+00   1.000000e+00   1.000000e+00   3.273749e-01   5.933944e-01   9.770554e-01   6.352448e-01   5.770939e-01   9.288420e-01   5.835673e-01   1.000000e+00   4.862359e-01   7.410448e-01   8.268283e-01
   5.841215e-02   5.741384e-07   2.455101e-07   1.677879e-01   1.423370e-01   3.672860e-01   3.320181e-01   0.000000e+00   4.075811e-01   6.317757e-01   1.000000e+00   6.027822e-01   7.061074e-01   9.759952e-01   5.566950e-01   7.601671e-01   9.898094e-01   9.942676e-01   1.000000e+00
   7.900930e-04   1.632717e-01   9.538212e-01   2.000050e-02   4.220402e-01   0.000000e+00   4.440950e-01   4.526342e-01   9.455440e-01   5.061952e-01   8.548150e-01   9.439205e-01   3.381347e-01   9.733112e-01   9.017687e-01   7.319059e-01   1.000000e+00   9.439308e-01   6.188440e-03
   4.797840e-01   2.852136e-02   3.095030e-01   0.000000e+00   5.759581e-02   0.000000e+00   4.234853e-01   8.654471e-01   9.279843e-02   1.000000e+00   9.811670e-01   1.000000e+00   7.996036e-01   1.000000e+00   8.697649e-01   9.106954e-01   9.531507e-01   1.000000e+00   1.000000e+00
   5.437688e-01   3.303647e-01   9.965618e-01   7.281733e-01   4.208984e-01   4.434481e-01   6.019377e-16   1.000000e+00   0.000000e+00   6.119194e-01   9.862150e-01   2.197342e-01   8.646805e-01   8.626909e-01   1.000000e+00   7.269595e-01   4.414779e-01   8.705085e-01   9.004565e-01
   7.065604e-04   1.734984e-01   0.000000e+00   2.087912e-02   5.631124e-02   3.888743e-01   4.185107e-01   8.905719e-01   0.000000e+00   8.277259e-01   9.975887e-01   8.495692e-01   8.957869e-01   9.722881e-01   1.000000e+00   9.608659e-01   7.779439e-01   9.310841e-01   9.072938e-01
   2.431127e-01   1.142546e-08   0.000000e+00   6.235227e-02   4.404126e-03   3.237624e-01   5.323961e-02   9.683072e-01   0.000000e+00   9.476478e-01   1.000000e+00   1.014334e-01   6.803782e-01   9.416047e-01   8.383959e-01   1.000000e+00   9.462163e-01   9.730317e-01   1.000000e+00
   4.168453e-02   2.404560e-01   2.245900e-01   2.816641e-01   1.000000e+00   1.542759e-01   1.442416e-03   1.854271e-05   2.441212e-01   0.000000e+00   9.957056e-01   3.292249e-01   1.000000e+00   9.675430e-01   9.290477e-01   4.234241e-01   1.000000e+00   5.392880e-01   4.294193e-01
   9.695029e-04   3.236777e-24   4.852079e-01   1.000000e+00   1.809056e-01   1.318511e-01   3.666674e-02   7.932642e-01   1.851777e-01   6.209723e-01   9.932854e-01   6.653287e-01   5.059814e-01   9.649955e-01   4.804197e-01   8.883385e-01   9.097654e-01   9.367671e-01   4.089893e-01
   1.186689e-01   5.726484e-01   1.000000e+00   7.767881e-07   0.000000e+00   3.151892e-01   3.387617e-01   6.031390e-01   3.617559e-01   9.718465e-01   8.997296e-01   1.000000e+00   9.899914e-01   1.000000e+00   1.000000e+00   9.198688e-01   6.860206e-02   5.926180e-01   1.000000e+00
   1.540942e-01   1.852169e-01   1.000000e+00   4.986475e-01   1.000000e+00   0.000000e+00   5.863019e-01   5.807753e-06   9.217696e-01   9.700967e-01   1.000000e+00   8.817436e-01   9.728018e-01   1.000000e+00   1.000000e+00   9.256721e-01   1.000000e+00   8.685742e-01   1.000000e+00
   1.458412e-02   2.431222e-06   5.866446e-01   1.569528e-03   0.000000e+00   2.998147e-01   0.000000e+00   4.396629e-01   3.716766e-01   5.778653e-01   9.777617e-01   1.000000e+00   9.907266e-01   9.977334e-01   7.727657e-01   1.000000e+00   9.662070e-01   1.000000e+00   0.000000e+00
   3.427346e-01   3.180973e-01   4.095123e-01   1.000000e+00   2.748203e-01   6.447615e-02   3.616625e-01   2.627906e-03   9.465355e-16   1.000000e+00   9.999941e-01   1.000000e+00   1.000000e+00   1.000000e+00   0.000000e+00   1.000000e+00   5.883580e-01   3.604221e-01   8.258954e-01
   1.114989e-01   2.423583e-01   5.735817e-01   0.000000e+00   1.813176e-01   3.165943e-01   1.209825e-01   4.443638e-01   1.603638e-01   6.375815e-01   9.893701e-01   6.078886e-01   8.930116e-01   9.765541e-01   3.466538e-01   4.066284e-01   1.000000e+00   1.000000e+00   6.048412e-01
   2.113367e-01   2.985042e-01   7.332830e-02   9.428369e-11   2.386328e-01   0.000000e+00   6.708802e-01   6.149627e-01   4.293846e-01   6.048888e-01   9.953572e-01   8.189172e-01   9.769884e-01   8.966194e-01   9.736171e-01   7.729144e-01   8.056500e-01   7.105779e-01   8.235161e-01
   1.000000e+00   1.000000e+00   5.954813e-03   7.688446e-01   0.000000e+00   6.095331e-01   3.004712e-01   1.881725e-01   0.000000e+00   9.409671e-01   1.000000e+00   9.477735e-01   6.107555e-01   9.201796e-01   0.000000e+00   1.000000e+00   9.903232e-01   1.000000e+00   8.799754e-01
   8.484087e-01   9.602995e-02   3.142291e-01   6.397993e-02   1.471893e-01   0.000000e+00   4.524577e-01   9.656269e-01   1.945956e-01   7.718275e-01   9.879004e-01   1.000000e+00   6.723273e-01   8.539551e-01   8.392170e-01   8.222735e-01   9.331399e-01   1.000000e+00   8.171585e-01
   1.000000e+00   1.341359e-01   5.175011e-01   1.699603e-04   6.231350e-02   2.796396e-01   0.000000e+00   9.499417e-01   1.946205e-01   5.918889e-01   9.785564e-01   4.374158e-01   1.000000e+00   9.339575e-01   8.396627e-01   1.000000e+00   9.933405e-01   0.000000e+00   1.000000e+00
   4.991021e-01   6.583625e-01   4.149913e-01   4.477289e-01   6.820126e-02   0.000000e+00   4.316821e-01   0.000000e+00   1.420790e-01   9.840595e-01   9.522119e-01   9.784739e-01   1.000000e+00   9.040876e-01   7.744173e-01   7.537799e-01   9.468249e-01   1.000000e+00   5.222522e-01
   4.264553e-03   2.187498e-01   5.346228e-01   2.029355e-10   4.058293e-01   0.000000e+00   8.226722e-01   8.870427e-01   6.205181e-01   3.564496e-01   9.973984e-01   8.158061e-01   9.930521e-01   9.473230e-01   9.213160e-01   8.515352e-01   7.991482e-01   7.703461e-01   6.838501e-01
   1.288157e-08   3.801551e-01   6.421119e-01   1.667572e-02   1.000000e+00   1.912411e-01   0.000000e+00   7.637228e-01   9.160721e-02   8.962879e-01   9.999778e-01   8.734098e-01   9.227662e-01   9.860972e-01   9.859111e-01   9.907737e-01   1.000000e+00   9.978345e-01   1.000000e+00
   3.587832e-02   6.555166e-01   6.183908e-01   4.430094e-01   5.023442e-01   1.789201e-01   9.465795e-01   2.918810e-02   0.000000e+00   7.338907e-01   9.964480e-01   8.621696e-01   9.995437e-01   5.485196e-01   1.000000e+00   9.950409e-01   1.000000e+00   8.180902e-01   0.000000e+00
   1.335188e-01   3.760617e-05   3.662827e-01   6.739667e-03   5.826419e-01   2.132298e-01   1.942026e-01   5.420731e-01   2.448085e-01   5.649115e-01   9.125189e-01   3.951837e-01   9.870871e-01   9.565181e-01   7.754820e-01   9.919545e-01   9.472555e-01   9.238535e-01   3.977127e-01
   8.551526e-01   7.131547e-02   5.678897e-01   3.979090e-01   3.062784e-01   1.110313e-01   1.773592e-01   9.436010e-02   1.045177e-01   7.306873e-01   7.200652e-01   2.677654e-01   2.049003e-01   1.000000e+00   8.254072e-01   1.000000e+00   9.824548e-01   8.314995e-01   8.519395e-01
   6.123600e-01   9.359111e-01   8.436471e-01   2.237191e-01   1.767786e-01   6.506868e-01   8.575833e-01   1.903294e-01   0.000000e+00   9.863983e-01   8.583189e-01   1.000000e+00   9.490421e-01   9.959632e-01   8.669147e-01   9.132761e-01   1.000000e+00   9.665552e-01   9.023504e-01
   1.395706e-02   3.121315e-01   8.708571e-02   1.680979e-14   0.000000e+00   1.878521e-01   3.600668e-01   1.000000e+00   8.567474e-01   1.929964e-01   9.805686e-01   9.486239e-01   1.000000e+00   9.832368e-01   8.655332e-01   8.210193e-01   1.000000e+00   9.787336e-01   4.028052e-01
   1.604764e-01   6.077197e-01   9.949010e-01   7.038999e-01   2.232211e-01   3.876586e-01   3.829347e-16   1.000000e+00   1.580202e-01   1.000000e+00   1.000000e+00   1.000000e+00   9.593508e-01   8.169303e-01   1.426019e-01   1.000000e+00   8.333689e-01   9.783389e-01   1.000000e+00
   1.437932e-01   3.605590e-05   4.085543e-01   1.304703e-02   5.371299e-01   1.612743e-01   0.000000e+00   4.946517e-01   3.199827e-01   8.621019e-01   8.850809e-01   6.054664e-01   9.616794e-01   9.509814e-01   7.209500e-01   9.444026e-01   9.234423e-01   9.248577e-01   3.811147e-01
   8.645343e-01   1.445294e-01   1.000000e+00   1.788471e-01   3.164965e-02   3.147231e-01   1.000000e+00   4.152153e-01   0.000000e+00   9.381382e-01   9.064541e-01   6.029239e-01   9.956211e-01   9.869570e-01   0.000000e+00   9.704022e-01   8.856839e-01   9.515464e-01   6.921492e-01
   4.127701e-03   3.752582e-02   1.952286e-01   0.000000e+00   1.589691e-01   1.587325e-01   5.799533e-01   6.269054e-01   1.864130e-01   8.909231e-01   6.941690e-01   6.908595e-01   8.267613e-01   9.976502e-01   9.873286e-01   9.592539e-01   9.088143e-01   9.590774e-01   5.176183e-01
   4.630741e-02   3.564987e-01   8.032949e-01   2.199185e-01   1.193313e-03   0.000000e+00   0.000000e+00   1.845652e-01   2.185037e-01   5.706193e-01   8.192757e-01   1.000000e+00   1.000000e+00   9.695020e-01   9.179556e-01   9.808389e-01   9.484843e-01   9.150799e-01   3.129898e-01
   1.097040e-03   7.369461e-01   1.488580e-01   1.452739e-01   2.843411e-01   1.738357e-01   3.226377e-01   0.000000e+00   2.847980e-01   8.980138e-01   9.490853e-01   9.087574e-01   4.934524e-01   9.831853e-01   9.425247e-01   7.293338e-01   9.638996e-01   1.000000e+00   1.551711e-01
   1.339910e-03   2.777466e-25   6.752943e-01   1.408859e-02   1.000000e+00   3.278100e-01   8.656152e-02   1.527372e-01   1.904033e-01   7.082642e-01   9.856515e-01   8.437520e-01   7.909442e-01   1.000000e+00   8.800804e-01   8.168679e-01   1.000000e+00   7.747415e-01   6.645045e-01
   2.622717e-01   6.821199e-02   8.443723e-01   3.030580e-01   3.542450e-01   0.000000e+00   1.005371e-01   4.298053e-02   0.000000e+00   4.633053e-01   1.000000e+00   7.212490e-01   6.695882e-01   8.411592e-01   6.920652e-01   8.946469e-01   9.749678e-01   9.802540e-01   1.000000e+00
   6.688027e-01   1.131114e-01   1.712416e-01   4.807574e-01   2.840974e-02   4.256603e-01   2.892865e-02   0.000000e+00   2.740295e-01   9.872656e-01   1.000000e+00   4.573810e-01   8.595372e-01   1.000000e+00   9.117294e-01   8.078065e-01   6.858417e-01   8.726393e-01   0.000000e+00
   7.484845e-01   2.630620e-01   6.365301e-01   1.982504e-01   3.962484e-02   6.347958e-01   3.964035e-01   0.000000e+00   3.112515e-01   1.000000e+00   1.000000e+00   1.000000e+00   9.162023e-01   9.173759e-01   6.669610e-01   8.895934e-01   7.686075e-01   6.046193e-01   4.267337e-01
