   0.000000e+00   1.720804e-04   2.596824e-04   2.057991e-01   6.643484e-01   9.931227e-01   9.966531e-01   1.000000e+00   9.059993e-01   9.003828e-01   9.895301e-01   9.879016e-01   8.930704e-01   8.760880e-01   8.943482e-01   8.742302e-01   9.383396e-01
   0.000000e+00   7.856116e-04   0.000000e+00   2.194694e-04   2.489231e-01   3.782059e-01   1.000000e+00   9.242732e-01   1.000000e+00   9.577914e-01   9.748034e-01   9.643830e-01   8.187371e-01   8.917795e-01   9.215850e-01   8.944020e-01   9.318292e-01
   0.000000e+00   3.367176e-03   0.000000e+00   0.000000e+00   3.214832e-01   7.405252e-01   6.722184e-01   9.942629e-01   1.000000e+00   9.842747e-01   9.871320e-01   9.659384e-01   9.685663e-01   9.161035e-01   9.584528e-01   9.082991e-01   9.488504e-01
   2.524357e-05   6.678342e-05   0.000000e+00   1.482321e-03   6.538200e-01   9.826828e-01   9.832693e-01   9.358270e-01   8.413718e-01   9.291036e-01   9.648738e-01   9.584745e-01   1.000000e+00   9.247825e-01   9.363988e-01   0.000000e+00   8.827244e-01
   2.903852e-06   3.913056e-05   4.805174e-04   8.100404e-05   6.371546e-04   0.000000e+00   9.339754e-01   9.832282e-01   9.851688e-01   9.275448e-01   9.868783e-01   1.000000e+00   8.475533e-01   1.000000e+00   8.467387e-01   9.099917e-01   7.544287e-01
   3.253003e-05   1.115669e-04   5.527720e-04   2.213740e-02   6.248946e-01   9.753918e-01   9.903652e-01   9.610908e-01   9.158931e-01   9.465890e-01   9.603026e-01   9.757615e-01   9.744692e-01   9.552207e-01   8.657639e-01   8.412526e-01   1.000000e+00
   0.000000e+00   1.252048e-04   4.722232e-04   3.065192e-02   1.000000e+00   8.933306e-01   9.915961e-01   9.483617e-01   8.993946e-01   9.295313e-01   9.899741e-01   9.874396e-01   9.656742e-01   9.182182e-01   9.267976e-01   8.743651e-01   9.227347e-01
   2.521357e-05   2.731450e-04   3.556497e-04   0.000000e+00   7.314760e-01   1.000000e+00   9.426602e-01   1.000000e+00   9.260386e-01   9.867887e-01   9.936206e-01   1.000000e+00   8.522830e-01   0.000000e+00   9.467274e-01   4.426416e-01   9.193176e-01
   5.904754e-06   5.649063e-05   1.212927e-04   5.815302e-04   0.000000e+00   6.527257e-01   9.842689e-01   9.579503e-01   1.000000e+00   9.302305e-01   9.530009e-01   9.413042e-01   1.000000e+00   9.645627e-01   8.854062e-01   4.505148e-01   7.294548e-01
   1.125125e-05   4.717803e-05   6.637970e-04   1.258769e-03   4.571379e-04   6.956415e-04   1.000000e+00   9.593357e-01   8.630022e-01   9.319564e-01   9.429360e-01   9.617818e-01   9.905127e-01   9.831102e-01   8.474675e-01   3.609339e-01   7.195181e-01
   6.153507e-06   1.240443e-04   8.873569e-04   1.149696e-03   7.074416e-04   4.581131e-03   8.541197e-01   9.650855e-01   9.442712e-01   9.580095e-01   8.530661e-01   1.000000e+00   1.000000e+00   8.948496e-01   1.000000e+00   1.725445e-03   9.028191e-01
   0.000000e+00   7.784178e-05   2.361972e-04   6.020206e-04   7.921407e-04   0.000000e+00   9.224723e-01   9.454875e-01   9.584092e-01   9.543958e-01   9.851995e-01   1.000000e+00   1.000000e+00   1.000000e+00   9.034243e-01   0.000000e+00   9.123314e-01
   1.996682e-05   0.000000e+00   5.497216e-04   4.094210e-02   6.026999e-01   9.217103e-01   9.592955e-01   9.948051e-01   9.531923e-01   9.467387e-01   9.813272e-01   1.000000e+00   8.094287e-01   6.868619e-01   7.556428e-01   4.393666e-03   8.071045e-01
   6.678790e-05   8.395054e-03   5.240237e-01   1.824700e-01   3.466025e-01   1.585991e-01   9.208379e-01   9.331146e-01   9.845667e-01   9.428313e-01   8.873903e-01   9.801686e-01   8.003264e-01   1.000000e+00   2.839325e-01   1.042912e-01   1.000000e+00
   2.964904e-05   8.804958e-04   1.668358e-01   2.831901e-02   4.782024e-01   1.000000e+00   9.486330e-01   8.608524e-01   9.277189e-01   9.361165e-01   3.661644e-01   9.467403e-01   7.452002e-01   1.000000e+00   9.925403e-01   2.241347e-01   9.202274e-01
   1.399969e-04   3.249953e-04   2.289221e-02   0.000000e+00   0.000000e+00   5.872198e-01   8.524710e-01   8.042456e-01   9.486875e-01   8.957707e-01   9.640130e-01   9.785957e-01   9.584943e-01   9.709172e-01   8.688367e-01   0.000000e+00   5.526911e-01
   3.714130e-05   7.823335e-04   3.212773e-03   1.079804e-03   1.829774e-02   6.050871e-05   9.459781e-01   9.884117e-01   9.699023e-01   9.210629e-01   9.356896e-01   6.151530e-01   1.000000e+00   1.000000e+00   8.282071e-01   0.000000e+00   0.000000e+00
   1.056052e-05   3.610318e-05   5.314926e-04   3.004159e-03   8.614992e-04   5.014943e-05   9.654468e-01   9.319470e-01   9.202142e-01   9.405060e-01   9.672298e-01   1.000000e+00   6.166089e-01   9.621479e-01   8.158076e-01   2.082786e-02   7.584826e-01
   1.475849e-04   5.800389e-04   1.155108e-03   7.043080e-01   0.000000e+00   3.269242e-02   9.335009e-01   1.000000e+00   9.323738e-01   9.985438e-01   9.964555e-01   1.000000e+00   8.716120e-01   9.615881e-01   8.465219e-01   1.000000e+00   8.758219e-01
   9.525732e-06   3.781124e-05   4.686932e-04   1.337891e-03   5.466080e-04   0.000000e+00   8.968284e-01   9.558576e-01   9.933378e-01   9.441176e-01   9.794122e-01   1.000000e+00   6.816729e-01   9.461519e-01   8.247317e-01   9.167834e-01   6.656000e-01
   5.065299e-05   1.041407e-03   0.000000e+00   1.190684e-02   0.000000e+00   3.871411e-01   8.494499e-01   9.513483e-01   9.229831e-01   8.903223e-01   9.864069e-01   8.661836e-01   9.402259e-01   9.666064e-01   9.693772e-01   0.000000e+00   5.829686e-01
   6.190118e-05   5.226657e-03   1.000000e+00   5.224792e-02   4.318642e-01   5.197498e-01   9.745717e-01   9.141440e-01   9.505378e-01   9.256115e-01   8.903275e-01   9.303758e-01   9.700153e-01   1.000000e+00   7.138294e-02   0.000000e+00   6.829710e-01
   3.746308e-04   5.394764e-05   2.205245e-02   6.917343e-05   2.262594e-02   1.000000e+00   9.171782e-01   9.639578e-01   1.000000e+00   9.262951e-01   9.507998e-01   1.000000e+00   1.000000e+00   1.000000e+00   8.046241e-01   1.265461e-01   0.000000e+00
   1.338095e-05   1.974963e-05   1.361699e-04   4.343863e-04   2.056367e-03   3.382403e-02   8.888003e-01   9.779612e-01   9.953587e-01   9.450459e-01   9.576935e-01   1.000000e+00   6.258546e-01   9.946328e-01   1.000000e+00   5.498772e-01   9.746650e-01
   4.437771e-05   6.407274e-05   5.531166e-04   6.635419e-04   1.842148e-03   8.645947e-01   9.716477e-01   9.650315e-01   1.000000e+00   9.871977e-01   9.680931e-01   9.889357e-01   1.000000e+00   9.674101e-01   8.573155e-01   3.357816e-01   7.000824e-01
   3.917426e-02   6.147142e-02   2.128083e-02   1.253766e-02   1.407632e-01   7.671423e-01   6.984282e-01   9.185876e-01   8.897997e-01   9.260966e-01   9.598759e-01   6.618556e-01   7.037928e-01   1.000000e+00   9.395319e-01   0.000000e+00   5.111978e-01
   2.125722e-04   4.937103e-04   6.329932e-04   5.173437e-04   6.005053e-04   6.918359e-03   9.667918e-01   9.889262e-01   9.625656e-01   9.432704e-01   8.462227e-01   7.950247e-01   8.232703e-01   3.617673e-01   1.000000e+00   5.591798e-03   9.398116e-01
   7.471052e-05   1.137654e-03   4.387454e-04   1.371557e-03   9.133185e-02   1.541761e-01   9.401950e-01   9.113319e-01   9.715287e-01   8.860054e-01   9.797910e-01   8.108425e-01   9.488866e-01   1.000000e+00   8.087270e-01   0.000000e+00   1.000000e+00
   1.698201e-01   4.138071e-02   2.639958e-02   6.120483e-02   8.145037e-02   7.026671e-01   9.012199e-01   9.302648e-01   9.882955e-01   8.082728e-01   1.000000e+00   1.000000e+00   3.025035e-01   7.642988e-01   8.050993e-01   0.000000e+00   1.000000e+00
   2.154601e-04   4.908462e-05   2.302567e-05   4.138433e-02   5.403089e-03   1.851931e-02   9.001889e-01   9.625221e-01   1.000000e+00   9.225177e-01   9.413662e-01   1.000000e+00   8.612536e-01   8.955704e-01   8.528061e-01   0.000000e+00   3.870697e-01
   1.976511e-05   3.664524e-05   5.234746e-04   5.934831e-03   2.469942e-03   2.065266e-03   9.595134e-01   1.000000e+00   1.000000e+00   9.515497e-01   9.853501e-01   1.000000e+00   8.866906e-01   9.850452e-01   8.435275e-01   0.000000e+00   6.308872e-01
   2.120927e-05   3.640616e-05   3.959138e-04   8.628116e-02   6.586970e-03   2.022862e-02   9.440996e-01   1.000000e+00   9.254177e-01   9.333193e-01   9.849540e-01   1.000000e+00   8.871069e-01   9.671026e-01   8.782158e-01   0.000000e+00   6.925991e-01
   5.203442e-04   2.033024e-04   2.633203e-04   9.697657e-05   1.915030e-02   8.885684e-01   9.274053e-01   9.059214e-01   1.000000e+00   9.511913e-01   9.255352e-01   9.893244e-01   8.081530e-01   7.715396e-01   9.934666e-01   3.110920e-01   9.172071e-01
   1.998327e-05   3.409890e-04   2.216719e-03   9.554391e-04   1.025202e-02   3.232627e-01   9.682492e-01   9.902030e-01   9.713292e-01   9.512825e-01   9.206757e-01   8.354157e-01   0.000000e+00   7.990310e-01   1.000000e+00   4.642944e-02   8.055924e-01
   8.483171e-03   0.000000e+00   4.431424e-01   0.000000e+00   3.502721e-01   9.230862e-01   9.293831e-01   9.489229e-01   9.590020e-01   8.963808e-01   1.000000e+00   9.875785e-01   9.909218e-01   3.337748e-01   6.673283e-01   3.513814e-01   8.743097e-01
   1.538815e-03   0.000000e+00   4.706534e-02   4.263656e-03   7.009287e-02   1.888751e-01   9.121994e-01   1.000000e+00   9.685155e-01   9.780716e-01   1.000000e+00   1.000000e+00   7.640349e-01   1.000000e+00   7.606023e-01   8.222275e-01   9.493269e-01
   1.265503e-05   9.274854e-05   9.379785e-04   2.329859e-03   8.962480e-04   2.443437e-01   8.173273e-01   9.567132e-01   9.673556e-01   9.333316e-01   7.859666e-01   9.999375e-01   6.233872e-01   8.031741e-01   8.993510e-01   0.000000e+00   8.856740e-01
   5.831772e-01   3.254505e-02   3.636686e-04   4.096345e-02   9.549615e-02   5.959663e-01   1.000000e+00   9.483572e-01   8.750047e-01   8.858659e-01   1.000000e+00   8.789916e-01   8.994959e-01   1.000000e+00   9.333887e-01   9.490002e-02   8.429812e-01
   1.223741e-04   2.018928e-02   1.030830e-02   0.000000e+00   4.095613e-01   1.000000e+00   9.770367e-01   1.000000e+00   9.435242e-01   9.834973e-01   9.342647e-01   9.902963e-01   2.982506e-01   1.000000e+00   9.183260e-01   0.000000e+00   5.577048e-01
   2.466396e-02   1.797911e-02   3.180172e-04   6.312270e-02   4.097732e-01   6.696014e-01   9.977484e-01   8.981220e-01   8.914168e-01   9.275468e-01   9.935753e-01   9.427399e-01   9.815262e-01   5.540167e-01   8.384509e-01   7.662298e-01   9.387907e-01
   1.636242e-02   8.301108e-03   4.888440e-03   1.000000e+00   4.220573e-01   7.351214e-01   8.851625e-01   8.655468e-01   1.000000e+00   8.146166e-01   9.636282e-01   9.636572e-01   7.758241e-01   9.230751e-01   7.947347e-01   0.000000e+00   7.789602e-01
   8.466742e-03   1.058499e-01   8.583422e-01   1.208243e-02   4.593143e-01   5.027901e-02   8.520638e-01   1.000000e+00   9.832761e-01   9.865871e-01   9.813922e-01   7.546517e-01   8.333703e-01   1.000000e+00   8.278449e-01   4.154744e-03   8.938236e-01
   5.962999e-03   2.018462e-02   3.936748e-02   5.749849e-03   6.669148e-02   6.702087e-01   8.158348e-01   8.959111e-01   9.718872e-01   1.000000e+00   1.000000e+00   9.743153e-01   2.534403e-01   9.354703e-01   9.093625e-01   8.585880e-02   8.957952e-01
   2.352349e-05   7.018017e-05   2.398812e-04   6.059308e-04   7.544483e-04   1.463759e-01   8.863000e-01   9.514264e-01   9.660065e-01   9.637364e-01   9.730476e-01   6.757868e-01   7.664646e-01   9.997022e-01   9.410104e-01   0.000000e+00   1.000000e+00
   1.001563e-05   6.795043e-04   1.640431e-03   9.186028e-02   1.288345e-02   5.459836e-01   8.359739e-01   9.663808e-01   8.705394e-01   9.799342e-01   1.000000e+00   1.000000e+00   1.000000e+00   6.287487e-01   1.000000e+00   5.369086e-02   8.904472e-01
   6.492029e-04   3.532667e-02   9.138042e-03   1.642781e-01   1.368209e-01   1.672509e-01   1.000000e+00   9.530186e-01   9.931714e-01   9.899637e-01   9.746741e-01   1.000000e+00   7.619858e-01   1.000000e+00   8.718397e-01   0.000000e+00   0.000000e+00
   9.395970e-05   8.138839e-04   5.710645e-04   3.461968e-03   5.573078e-02   9.552668e-02   9.222095e-01   8.897081e-01   9.716814e-01   9.012695e-01   9.926331e-01   1.000000e+00   7.543236e-01   1.288903e-01   7.803608e-01   0.000000e+00   9.804981e-01
   1.686081e-05   1.008218e-01   4.377993e-04   1.732116e-03   1.589524e-01   3.174828e-02   9.251817e-01   9.439795e-01   9.297151e-01   9.243044e-01   9.892333e-01   9.747288e-01   8.679944e-01   9.962039e-01   8.142888e-01   8.214359e-01   6.647647e-01
   7.553904e-06   1.218588e-04   3.653900e-04   8.554965e-03   1.181230e-03   6.289032e-01   9.633817e-01   1.000000e+00   9.428182e-01   9.205102e-01   9.816078e-01   1.000000e+00   8.192950e-01   1.000000e+00   8.668154e-01   0.000000e+00   1.000000e+00
   1.328585e-04   8.329612e-03   1.893403e-02   9.161295e-02   4.290613e-01   5.844612e-02   9.514006e-01   9.378110e-01   1.000000e+00   9.800773e-01   9.494059e-01   9.634000e-01   8.348903e-01   9.439256e-01   7.911713e-01   5.598028e-01   6.925490e-01
   6.160851e-05   9.599830e-02   6.111716e-04   2.086294e-02   1.426380e-01   8.240176e-01   9.248726e-01   9.586673e-01   9.453262e-01   9.388904e-01   9.742102e-01   9.924377e-01   8.136404e-01   9.774017e-01   8.714488e-01   1.000000e+00   1.000000e+00
   6.197114e-05   8.790300e-04   5.102822e-04   3.803742e-03   1.347166e-03   3.254915e-02   9.431213e-01   9.979808e-01   1.000000e+00   8.729033e-01   9.983354e-01   8.243724e-01   9.396011e-01   1.381584e-01   7.993464e-01   0.000000e+00   1.000000e+00
   4.598628e-04   1.274858e-02   1.024669e-01   2.642602e-01   1.554700e-01   1.321449e-01   1.000000e+00   9.482491e-01   1.000000e+00   9.983297e-01   9.164015e-01   9.826157e-01   7.619232e-01   9.169186e-01   9.475166e-01   0.000000e+00   9.300489e-01
   4.982508e-04   4.331349e-04   4.866974e-04   7.369791e-04   1.150095e-01   2.719812e-01   9.610794e-01   1.000000e+00   9.806829e-01   1.000000e+00   8.459057e-01   1.000000e+00   8.553126e-01   0.000000e+00   6.727623e-01   3.197126e-01   1.000000e+00
   4.726589e-03   1.198488e-03   3.587448e-02   1.207292e-01   8.361093e-01   1.000000e+00   9.085268e-01   8.384308e-01   1.000000e+00   8.826458e-01   9.881541e-01   9.803860e-01   7.775122e-01   8.889182e-01   8.656687e-01   5.551246e-01   9.389427e-01
   1.513837e-05   3.309551e-05   7.232664e-04   3.070320e-03   2.341481e-03   2.513310e-03   9.881501e-01   1.000000e+00   9.035199e-01   9.394061e-01   9.718779e-01   1.000000e+00   9.075470e-01   9.870473e-01   8.751203e-01   3.138886e-01   7.391468e-01
   2.962924e-05   3.519191e-04   0.000000e+00   0.000000e+00   1.586488e-01   7.598040e-01   9.857422e-01   9.509713e-01   9.578502e-01   9.837995e-01   1.000000e+00   6.867994e-01   1.000000e+00   9.315764e-01   8.172416e-01   1.737681e-01   8.975289e-01
   2.646663e-05   1.429835e-01   1.443607e-02   1.016965e-01   5.313505e-01   9.572718e-01   9.172859e-01   8.836016e-01   9.938218e-01   9.830156e-01   9.952128e-01   9.985742e-01   8.786199e-01   7.433675e-01   2.965898e-01   8.701869e-01   8.834342e-01
   2.495819e-02   6.602463e-04   0.000000e+00   4.410938e-02   3.817625e-01   6.224523e-01   9.368543e-01   9.121324e-01   8.902868e-01   9.278162e-01   9.616567e-01   9.748098e-01   8.295651e-01   9.334741e-01   5.595836e-01   0.000000e+00   1.000000e+00
   2.359685e-05   2.357345e-04   4.461070e-04   3.581604e-04   1.314668e-01   1.000000e+00   9.750067e-01   1.000000e+00   1.000000e+00   9.899348e-01   9.910765e-01   9.890063e-01   8.396153e-01   0.000000e+00   7.060423e-01   5.389181e-01   9.682189e-01
   1.871496e-01   4.282522e-02   1.359059e-02   2.354949e-01   2.718994e-01   9.033634e-01   9.748758e-01   8.785549e-01   8.744681e-01   7.575696e-01   9.982098e-01   9.884822e-01   8.804942e-01   7.668049e-01   7.917548e-01   0.000000e+00   9.275747e-01
   4.331328e-05   3.640178e-03   1.429429e-04   2.253628e-03   1.982636e-01   1.995840e-01   5.891838e-01   9.854846e-01   9.903943e-01   1.000000e+00   9.950165e-01   1.000000e+00   7.359850e-01   7.042110e-01   8.987621e-01   8.061832e-01   9.284469e-01
   2.188266e-04   1.806993e-04   3.720594e-04   1.106917e-02   5.306519e-03   1.526119e-02   9.052083e-01   9.757331e-01   9.942493e-01   9.230541e-01   9.432048e-01   1.000000e+00   7.891729e-01   9.665058e-01   8.929206e-01   0.000000e+00   0.000000e+00
   1.759379e-06   6.695948e-05   4.394156e-04   2.518914e-04   1.292191e-02   4.906358e-02   9.419591e-01   9.901515e-01   1.000000e+00   9.887818e-01   9.407472e-01   1.000000e+00   8.102451e-01   1.000000e+00   8.285605e-01   3.997006e-01   8.374460e-01
   1.947213e-05   3.103694e-04   1.994373e-03   1.258379e-03   5.131264e-03   0.000000e+00   9.488767e-01   9.733465e-01   9.742429e-01   9.253816e-01   9.550979e-01   4.457202e-01   6.627162e-01   1.000000e+00   8.229150e-01   0.000000e+00   0.000000e+00
   1.224117e-05   5.311816e-05   5.234734e-04   1.714137e-04   2.091498e-02   5.301050e-01   9.853577e-01   9.606562e-01   8.604470e-01   8.793926e-01   9.811718e-01   9.838446e-01   0.000000e+00   8.912126e-01   8.425446e-01   3.990214e-01   5.301950e-01
   2.366652e-05   7.031132e-04   1.495231e-03   0.000000e+00   2.259404e-02   0.000000e+00   9.594652e-01   9.777380e-01   9.566243e-01   7.413569e-01   9.903283e-01   1.000000e+00   5.890526e-01   8.178662e-01   8.671393e-01   0.000000e+00   1.000000e+00
   1.444442e-05   1.137672e-04   1.842503e-04   8.227398e-04   2.239338e-03   6.308243e-01   8.724908e-01   9.305011e-01   1.000000e+00   8.606076e-01   8.983750e-01   1.000000e+00   9.634285e-01   7.806824e-01   8.083636e-01   0.000000e+00   9.733573e-01
   2.153265e-05   2.385638e-05   7.413156e-04   5.059774e-01   4.066851e-01   8.383514e-01   8.232334e-01   1.000000e+00   8.880716e-01   9.954175e-01   9.816994e-01   1.000000e+00   9.848328e-01   3.075057e-01   9.314191e-01   0.000000e+00   8.142604e-01
   5.558137e-05   5.253242e-03   1.380704e-03   7.723185e-02   3.143084e-01   1.000000e+00   9.344913e-01   9.450916e-01   9.733766e-01   1.000000e+00   9.843844e-01   1.000000e+00   1.000000e+00   1.496927e-01   9.974683e-01   1.670797e-02   9.029898e-01
   1.786008e-04   8.231571e-03   1.876518e-02   3.466132e-03   2.951019e-01   1.210738e-01   9.874470e-01   9.997574e-01   1.000000e+00   9.905403e-01   9.732922e-01   9.858991e-01   8.192430e-01   1.000000e+00   7.829812e-01   1.328528e-01   5.784153e-01
   3.038029e-05   4.384051e-05   8.394197e-04   1.567084e-03   1.294071e-03   1.709621e-02   9.122618e-01   9.304718e-01   9.945048e-01   9.176839e-01   9.285083e-01   1.000000e+00   1.000000e+00   1.000000e+00   7.672409e-01   9.947325e-01   9.857427e-01
   2.314840e-02   6.248221e-02   1.000000e+00   8.430243e-01   4.649648e-01   8.044370e-01   8.693166e-01   7.234271e-01   9.999723e-01   9.234241e-01   9.624004e-01   8.028282e-01   8.042763e-01   8.795915e-01   8.028325e-01   9.057154e-06   6.476765e-01
   1.335486e-01   1.705900e-02   1.077252e-01   9.145630e-02   8.350707e-01   7.328008e-01   1.000000e+00   1.000000e+00   1.000000e+00   9.407694e-01   9.981267e-01   9.651897e-01   0.000000e+00   9.076103e-01   5.680465e-01   4.831936e-02   4.973884e-01
   2.383998e-05   8.245314e-05   1.003530e-03   1.564263e-03   4.176582e-01   0.000000e+00   9.401443e-01   9.325491e-01   6.378938e-01   9.240956e-01   9.381827e-01   9.933387e-01   1.000000e+00   1.000000e+00   8.120693e-01   9.973355e-01   9.873542e-01
   3.674580e-03   5.632101e-05   0.000000e+00   0.000000e+00   6.757280e-03   3.142363e-01   1.000000e+00   9.616208e-01   9.430716e-01   9.341081e-01   9.309531e-01   9.647339e-01   8.504716e-01   8.218671e-01   1.000000e+00   8.233310e-02   7.062783e-01
   5.135847e-04   4.959919e-05   1.656896e-03   7.882427e-04   4.936043e-04   4.763300e-02   9.568414e-01   1.000000e+00   9.777242e-01   9.821852e-01   9.556876e-01   9.858034e-01   8.413325e-01   1.000000e+00   8.182518e-01   0.000000e+00   9.005676e-01
   2.942527e-02   2.415364e-02   4.089795e-01   1.338511e-01   1.579881e-01   1.301450e-01   8.171904e-01   9.670017e-01   9.017617e-01   9.948894e-01   9.332631e-01   1.000000e+00   1.000000e+00   8.173608e-01   2.585653e-01   2.601455e-01   7.922702e-01
   2.108839e-05   5.873032e-05   4.922634e-04   1.485764e-03   4.572963e-04   1.000000e+00   9.191115e-01   9.230779e-01   9.382934e-01   9.680742e-01   9.137625e-01   1.000000e+00   2.314827e-01   9.303707e-01   7.943566e-01   2.164584e-01   1.000000e+00
   2.714426e-05   5.265419e-04   5.634613e-04   2.731162e-03   0.000000e+00   1.000000e+00   8.725359e-01   9.372262e-01   1.000000e+00   9.575820e-01   1.000000e+00   9.942942e-01   8.703536e-01   7.741451e-01   8.238062e-01   5.110353e-01   9.712832e-01
   1.508330e-02   2.105690e-03   4.762563e-03   1.000000e+00   4.187008e-01   8.868511e-01   9.530726e-01   9.033218e-01   1.000000e+00   7.253592e-01   9.276211e-01   9.457312e-01   8.264833e-01   9.295423e-01   1.000000e+00   0.000000e+00   9.475195e-01
   9.133178e-05   9.135807e-04   9.859042e-04   1.429522e-03   5.117010e-01   3.780312e-02   9.401015e-01   9.350150e-01   6.347303e-01   9.163221e-01   9.232927e-01   8.382755e-01   9.963827e-01   1.000000e+00   8.103238e-01   1.997138e-01   1.000000e+00
   2.907905e-05   6.511017e-05   1.450468e-05   4.156520e-03   1.852224e-03   7.651283e-01   1.000000e+00   9.644218e-01   9.190630e-01   9.813640e-01   9.636889e-01   9.811928e-01   2.798931e-01   9.349961e-01   8.231722e-01   3.052463e-01   7.012398e-01
   9.108629e-06   9.640901e-05   5.344603e-04   1.242480e-01   4.993132e-01   6.119082e-01   9.508691e-01   8.337948e-01   9.292321e-01   9.550569e-01   9.851810e-01   1.000000e+00   9.656298e-01   5.860630e-01   7.996798e-01   8.069317e-01   1.000000e+00
   2.937224e-05   3.169857e-05   5.327801e-04   3.162604e-03   1.014965e-03   1.328003e-01   7.036075e-01   9.504232e-01   9.216841e-01   9.537861e-01   9.621701e-01   9.988814e-01   6.668764e-01   6.860757e-01   8.681536e-01   1.328693e-02   5.238112e-01
   1.353735e-04   3.564514e-04   8.611970e-04   5.148251e-04   5.115343e-04   0.000000e+00   8.814436e-01   1.000000e+00   9.509914e-01   9.548420e-01   9.010879e-01   8.033636e-01   8.138496e-01   1.000000e+00   9.967398e-01   1.000000e+00   4.351935e-01
   1.212192e-04   2.779767e-03   0.000000e+00   6.220171e-01   7.844697e-02   2.825698e-01   8.921425e-01   9.635403e-01   1.000000e+00   9.198564e-01   1.000000e+00   9.998454e-01   5.587090e-01   1.901036e-01   9.097256e-01   1.646998e-02   2.868978e-01
   6.525767e-04   1.874604e-03   7.862337e-03   3.121404e-01   6.333767e-02   1.812534e-01   9.634145e-01   1.000000e+00   9.853087e-01   9.820046e-01   9.556624e-01   9.429597e-01   8.342826e-01   1.000000e+00   7.942678e-01   3.328913e-02   8.912533e-01
   9.597063e-03   1.454782e-02   1.659409e-01   1.150138e-01   8.819222e-01   8.352755e-01   9.873866e-01   9.947228e-01   8.567601e-01   9.739801e-01   1.000000e+00   9.944954e-01   0.000000e+00   1.000000e+00   2.812666e-01   1.190999e-01   5.876226e-01
   6.335963e-05   5.909000e-05   0.000000e+00   1.289721e-04   0.000000e+00   0.000000e+00   9.232882e-01   9.544712e-01   7.472058e-01   9.330404e-01   9.576505e-01   8.791388e-01   1.000000e+00   8.819532e-01   8.834518e-01   1.000000e+00   5.496022e-01
   1.766611e-04   2.807115e-04   1.286460e-04   3.215994e-02   0.000000e+00   1.430565e-01   9.038924e-01   9.718189e-01   9.843710e-01   9.219174e-01   9.088684e-01   1.000000e+00   8.497201e-01   1.998876e-01   8.503677e-01   0.000000e+00   1.794269e-01
   1.552564e-05   4.039191e-05   4.625844e-04   1.180326e-03   2.216559e-04   0.000000e+00   1.000000e+00   9.496805e-01   9.892001e-01   9.283380e-01   9.579587e-01   9.386085e-01   3.528661e-01   7.426464e-01   8.267982e-01   2.496462e-01   1.000000e+00
   4.996921e-05   4.185849e-04   6.090425e-04   3.062119e-03   3.156721e-03   4.063579e-01   9.824915e-01   9.414336e-01   1.000000e+00   9.236972e-01   9.860388e-01   9.976808e-01   8.462496e-01   9.748928e-01   8.151427e-01   0.000000e+00   6.990347e-01
   4.346840e-05   6.974090e-05   8.896704e-03   1.415815e-03   0.000000e+00   1.102468e-02   9.349530e-01   9.155428e-01   5.497189e-01   9.251766e-01   9.543727e-01   9.929367e-01   7.476460e-01   1.000000e+00   8.577535e-01   1.000000e+00   9.645139e-01
   8.263863e-05   2.053313e-02   1.747706e-02   7.924914e-02   5.952335e-01   2.329430e-01   1.000000e+00   1.000000e+00   9.211887e-01   9.276499e-01   8.121072e-01   1.000000e+00   4.992281e-01   1.000000e+00   1.000000e+00   1.840334e-01   1.000000e+00
   3.120583e-05   4.301822e-06   5.388378e-04   8.180444e-02   1.024433e-01   8.560738e-01   9.634694e-01   9.661737e-01   9.445095e-01   9.934618e-01   9.752424e-01   1.000000e+00   9.832398e-01   9.030317e-01   8.811595e-01   4.455065e-01   7.761965e-01
   2.962750e-02   0.000000e+00   2.458798e-03   2.386060e-02   0.000000e+00   3.841891e-01   8.997356e-01   9.446162e-01   9.325671e-01   9.262199e-01   8.491055e-01   9.871862e-01   1.000000e+00   1.000000e+00   1.000000e+00   0.000000e+00   1.000000e+00
   3.221767e-03   1.707373e-05   3.905215e-03   2.221529e-02   4.347396e-01   4.490224e-01   9.217156e-01   9.695518e-01   9.892871e-01   9.607202e-01   9.734641e-01   1.000000e+00   6.225973e-01   0.000000e+00   5.340944e-01   9.294288e-02   7.384778e-01
   5.855285e-02   4.980285e-04   2.302285e-03   8.386665e-04   1.157011e-02   0.000000e+00   9.972784e-01   9.619713e-01   9.647027e-01   9.321278e-01   9.679945e-01   1.000000e+00   1.000000e+00   9.475192e-01   9.020237e-01   0.000000e+00   6.998978e-02
   3.058337e-03   2.999812e-03   5.398091e-03   4.216473e-01   1.741372e-01   7.236746e-01   8.939398e-01   9.136808e-01   1.000000e+00   9.236511e-01   9.475687e-01   7.981429e-01   8.618753e-01   9.810240e-01   9.333885e-01   4.805796e-01   0.000000e+00
   1.197800e-05   6.020653e-05   1.166718e-03   1.556893e-02   4.177726e-01   8.679891e-01   9.566983e-01   8.746514e-01   8.152194e-01   9.182309e-01   9.245207e-01   9.906536e-01   1.000000e+00   1.000000e+00   8.057618e-01   8.418103e-01   9.836338e-01
   3.722924e-04   7.848223e-03   2.417730e-02   2.395229e-03   1.000000e+00   1.000000e+00   7.441523e-01   9.000695e-01   9.985172e-01   9.535689e-01   9.712543e-01   1.000000e+00   6.008859e-01   9.727232e-01   8.944430e-01   4.139005e-01   9.218616e-01
   2.230723e-05   7.453690e-04   6.471661e-03   1.841567e-02   6.699177e-05   3.840632e-01   9.203158e-01   9.287774e-01   1.000000e+00   9.485083e-01   9.846628e-01   9.975243e-01   8.861712e-01   9.673783e-01   9.661181e-01   4.736598e-01   9.795706e-01
   1.189019e-05   7.459338e-04   1.551292e-04   9.471304e-02   5.638020e-01   7.932273e-01   1.000000e+00   9.892607e-01   9.761323e-01   9.136938e-01   9.546031e-01   9.888897e-01   8.742539e-01   8.272030e-01   9.488348e-01   5.879843e-01   9.267443e-01
   6.009299e-05   4.755718e-02   4.692983e-02   6.636554e-01   1.907810e-01   9.080957e-01   9.456539e-01   9.728485e-01   9.826805e-01   9.160955e-01   9.783322e-01   1.000000e+00   8.652005e-01   0.000000e+00   8.447247e-01   3.956570e-01   9.587924e-01
   2.390062e-05   4.569659e-05   2.066032e-03   1.656883e-03   8.138725e-01   1.000000e+00   9.523512e-01   9.323707e-01   1.000000e+00   9.643803e-01   9.521906e-01   9.032027e-01   7.968180e-01   1.000000e+00   9.441465e-01   0.000000e+00   8.969924e-01
   6.201668e-05   3.800316e-05   1.455552e-03   3.035338e-04   7.824418e-05   3.338199e-02   8.923700e-01   9.510150e-01   1.000000e+00   9.683170e-01   9.449673e-01   8.238670e-01   8.550105e-01   9.872028e-01   8.911995e-01   1.000000e+00   5.638703e-01
   1.844351e-05   2.788550e-04   5.614110e-04   0.000000e+00   2.199897e-02   6.733664e-01   8.121035e-01   9.051405e-01   9.716844e-01   8.906144e-01   9.766629e-01   9.889715e-01   5.758226e-02   9.172268e-01   8.349045e-01   8.180490e-01   9.541628e-01
   9.795118e-02   2.760502e-02   3.385357e-02   6.556041e-02   9.230713e-01   6.994950e-01   8.613497e-01   9.524546e-01   9.802208e-01   8.717053e-01   9.981465e-01   9.463387e-01   0.000000e+00   8.323648e-01   7.175360e-01   0.000000e+00   1.000000e+00
   5.107680e-02   2.255640e-01   0.000000e+00   5.922988e-02   6.161753e-01   7.819206e-01   9.039605e-01   9.217693e-01   9.195579e-01   8.579562e-01   9.996325e-01   9.867755e-01   5.846061e-01   7.364342e-01   5.308055e-02   0.000000e+00   5.691654e-01
   1.067391e-05   5.526286e-04   2.942800e-02   4.112859e-05   4.498432e-02   8.720034e-02   1.000000e+00   9.320282e-01   9.615516e-01   9.296314e-01   9.843188e-01   9.619048e-01   8.772591e-01   9.471164e-01   8.182228e-01   6.701137e-01   1.000000e+00
   9.512274e-04   6.272121e-03   5.903628e-02   3.266028e-03   5.612023e-01   1.000000e+00   9.760930e-01   9.689692e-01   8.516363e-01   8.886104e-01   9.796018e-01   9.932981e-01   0.000000e+00   9.365361e-01   3.640510e-01   5.929710e-02   7.583846e-01
   2.672823e-07   3.066849e-03   0.000000e+00   0.000000e+00   3.632923e-01   7.597537e-01   5.101101e-01   9.799121e-01   1.000000e+00   9.836596e-01   9.260477e-01   9.107641e-01   1.000000e+00   9.502696e-01   8.562636e-01   7.773987e-01   9.304036e-01
   1.473361e-04   1.013074e-04   5.094855e-04   3.376292e-02   1.000000e+00   1.695849e-01   9.806307e-01   9.644570e-01   8.576310e-01   9.237769e-01   1.000000e+00   9.916501e-01   8.987973e-01   7.302808e-01   8.097708e-01   0.000000e+00   0.000000e+00
   1.099344e-04   1.863430e-04   1.379950e-03   0.000000e+00   2.296354e-02   0.000000e+00   9.721231e-01   9.854969e-01   7.970476e-01   9.732789e-01   9.146465e-01   8.928134e-01   1.000000e+00   8.622757e-01   7.922033e-01   0.000000e+00   9.675280e-01
   1.483321e-04   1.309338e-02   0.000000e+00   1.223717e-01   3.347885e-01   0.000000e+00   9.919773e-01   9.774819e-01   9.826550e-01   9.082748e-01   1.000000e+00   9.912150e-01   1.000000e+00   0.000000e+00   1.000000e+00   0.000000e+00   8.381079e-01
   3.000104e-05   3.503122e-04   3.215841e-04   8.362733e-04   2.399636e-02   1.779873e-03   9.673895e-01   9.937974e-01   9.870941e-01   9.791634e-01   9.579221e-01   9.467791e-01   1.000000e+00   9.727419e-01   8.185117e-01   0.000000e+00   2.396460e-01
   5.151796e-05   4.960941e-04   3.444306e-03   9.070727e-04   0.000000e+00   8.628754e-01   9.502363e-01   9.596458e-01   9.828082e-01   9.290972e-01   9.458605e-01   6.573096e-01   1.000000e+00   9.960223e-01   8.670108e-01   5.451240e-01   4.825829e-01
   1.475076e-03   2.920069e-03   2.913883e-02   3.070615e-01   6.661849e-02   1.837756e-01   9.586557e-01   1.000000e+00   9.842663e-01   9.826718e-01   9.394709e-01   9.134996e-01   8.258724e-01   1.000000e+00   7.443331e-01   1.959962e-01   8.836891e-01
   7.611643e-05   1.918135e-04   3.062167e-03   1.585696e-03   2.626021e-03   6.424142e-02   8.695575e-01   9.655226e-01   9.781752e-01   9.626533e-01   9.906243e-01   5.084454e-01   1.000000e+00   9.934657e-01   9.674109e-01   0.000000e+00   6.887711e-01
   2.657588e-05   4.581054e-05   6.999193e-05   1.564722e-03   0.000000e+00   6.710374e-01   1.000000e+00   9.218541e-01   9.143301e-01   9.824406e-01   9.584343e-01   1.000000e+00   6.218449e-01   0.000000e+00   8.026262e-01   2.445781e-01   1.000000e+00
   1.715130e-03   1.869438e-04   1.872173e-03   1.596315e-02   1.490671e-02   8.881810e-02   1.000000e+00   9.688442e-01   9.908483e-01   9.535774e-01   9.422334e-01   9.964646e-01   5.142789e-01   1.000000e+00   6.206313e-01   3.852132e-01   7.265284e-01
   6.679479e-04   1.520087e-02   2.162904e-03   1.277604e-01   1.135006e-01   2.132697e-01   1.000000e+00   9.455585e-01   1.000000e+00   9.897088e-01   9.183070e-01   9.971278e-01   1.000000e+00   1.000000e+00   9.692924e-01   2.664710e-01   1.000000e+00
   1.369453e-05   3.008496e-05   4.887612e-04   2.589030e-03   1.428479e-03   8.139148e-01   7.525583e-01   9.788600e-01   9.669946e-01   9.174510e-01   9.774129e-01   9.957323e-01   3.285545e-01   1.000000e+00   8.307298e-01   7.702397e-01   9.561407e-01
   7.984911e-05   5.859154e-05   5.202281e-04   9.358760e-04   3.425981e-04   2.631050e-03   8.715846e-01   9.560202e-01   9.952987e-01   9.066526e-01   9.773883e-01   1.000000e+00   1.000000e+00   1.000000e+00   8.259093e-01   6.671372e-01   6.004461e-01
   2.472336e-05   2.950017e-04   5.505207e-04   3.221018e-03   1.004346e-03   6.634309e-01   8.556061e-01   9.736495e-01   9.527713e-01   9.559181e-01   9.627709e-01   9.983932e-01   1.000000e+00   7.162555e-01   8.767661e-01   7.480632e-03   9.790996e-01
   4.977852e-03   4.149189e-05   9.589531e-04   7.566701e-04   2.841601e-03   1.000000e+00   9.386029e-01   9.738292e-01   9.853109e-01   9.460886e-01   9.796665e-01   1.000000e+00   8.031171e-01   7.663412e-01   8.307468e-01   5.727029e-01   5.936614e-01
   9.098366e-03   1.253653e-04   0.000000e+00   1.291804e-02   7.505029e-01   0.000000e+00   9.606635e-01   9.278379e-01   1.000000e+00   9.696526e-01   1.000000e+00   9.707705e-01   9.257485e-01   9.304915e-01   5.091042e-01   1.000000e+00   9.173548e-01
   3.847442e-05   7.913685e-05   1.066371e-03   1.548266e-03   7.519377e-01   2.609376e-01   9.481715e-01   9.404573e-01   8.226009e-01   9.273466e-01   9.480475e-01   9.906252e-01   1.000000e+00   1.000000e+00   8.135033e-01   1.000000e+00   1.000000e+00
   3.687635e-04   0.000000e+00   9.846761e-03   9.175440e-02   8.718157e-04   3.416701e-02   9.939388e-01   9.960478e-01   8.370710e-01   9.247721e-01   9.587814e-01   8.764351e-01   1.239720e-01   9.629021e-01   8.691995e-01   0.000000e+00   8.104431e-01
   1.128195e-03   0.000000e+00   0.000000e+00   1.120630e-02   3.282438e-01   0.000000e+00   8.898706e-01   1.000000e+00   9.790810e-01   9.794295e-01   1.000000e+00   8.505060e-01   8.462625e-01   1.000000e+00   8.748105e-01   4.677204e-01   9.696245e-01
   1.953136e-05   3.041043e-04   8.277039e-04   1.023498e-03   1.000000e+00   3.719647e-01   9.573768e-01   9.580924e-01   9.262979e-01   9.452797e-01   9.935289e-01   1.000000e+00   8.978424e-01   2.402040e-01   8.694276e-01   3.899582e-01   8.362277e-01
   1.198354e-05   1.727828e-03   2.450942e-04   1.212309e-01   3.214219e-01   1.000000e+00   9.020447e-01   1.000000e+00   8.934402e-01   9.849757e-01   1.000000e+00   5.341822e-01   1.000000e+00   9.256635e-02   9.362277e-01   1.066794e-01   7.157246e-01
   4.606200e-03   3.674307e-04   4.106056e-03   3.294735e-02   9.570677e-01   6.158109e-01   8.896805e-01   9.352204e-01   9.986175e-01   9.349897e-01   1.000000e+00   9.940111e-01   9.321087e-01   3.681234e-01   0.000000e+00   1.000000e+00   1.000000e+00
   1.315381e-04   7.537928e-06   3.358046e-04   1.913132e-01   5.862860e-01   1.000000e+00   1.000000e+00   9.814888e-01   9.136073e-01   9.063637e-01   1.000000e+00   9.938514e-01   7.634646e-01   1.000000e+00   1.000000e+00   1.647414e-01   8.732427e-01
   4.031877e-02   4.634419e-03   6.484079e-01   6.405487e-01   1.118180e-01   8.823937e-01   9.172784e-01   1.000000e+00   9.688148e-01   9.993848e-01   9.614260e-01   1.000000e+00   6.307785e-01   6.066775e-01   7.991650e-01   1.825937e-01   8.826374e-01
   1.396225e-05   1.329353e-04   4.343042e-04   2.855497e-03   1.000000e+00   5.367494e-01   6.009538e-01   9.162181e-01   9.691816e-01   9.482113e-01   9.550235e-01   9.717536e-01   3.333396e-01   1.000000e+00   8.184956e-01   0.000000e+00   8.777842e-01
   2.876097e-05   5.639524e-04   4.730041e-04   2.373002e-03   6.000092e-01   1.000000e+00   8.401893e-01   9.240168e-01   9.193571e-01   9.544359e-01   1.000000e+00   1.000000e+00   8.830214e-01   7.790524e-01   1.000000e+00   4.147587e-01   9.223819e-01
   9.361391e-06   1.344818e-04   2.684634e-02   1.115420e-03   5.777299e-03   3.554011e-02   9.920795e-01   9.941357e-01   8.972371e-01   9.346883e-01   9.065667e-01   8.086703e-01   0.000000e+00   9.027932e-01   1.000000e+00   1.260683e-01   7.940274e-01
   2.598965e-04   1.954925e-02   1.892026e-02   2.344797e-01   0.000000e+00   2.295379e-01   9.477759e-01   1.000000e+00   9.953771e-01   9.616022e-01   9.533013e-01   9.977034e-01   8.438287e-01   1.227880e-01   8.216958e-01   0.000000e+00   8.703350e-01
   4.823778e-05   4.569770e-05   5.102472e-04   2.129548e-02   5.022032e-01   1.000000e+00   7.764026e-01   9.590564e-01   9.610226e-01   9.464937e-01   9.710167e-01   9.976588e-01   7.490046e-01   9.472157e-01   8.673875e-01   9.034495e-01   7.161998e-01
   6.946031e-05   5.801733e-02   3.357973e-04   5.689347e-02   8.441415e-01   1.997500e-01   9.444703e-01   1.000000e+00   9.332927e-01   8.812114e-01   1.000000e+00   9.831577e-01   8.413814e-01   0.000000e+00   1.000000e+00   3.645551e-01   9.443912e-01
   1.554396e-05   9.593567e-05   1.082056e-05   3.882796e-04   1.011040e-01   9.885003e-01   9.885567e-01   1.000000e+00   9.987282e-01   9.227920e-01   9.535978e-01   9.838323e-01   9.532945e-01   1.000000e+00   9.280925e-01   5.461800e-01   9.691024e-01
   9.146528e-04   6.675692e-05   1.258882e-01   3.213431e-01   8.350968e-02   2.980220e-02   9.535414e-01   9.866821e-01   8.143354e-01   9.817418e-01   9.086860e-01   9.705855e-01   5.936580e-01   9.672943e-01   9.288975e-01   0.000000e+00   7.511542e-01
   1.505054e-05   2.824945e-04   1.519234e-03   9.406076e-04   1.190477e-02   4.202626e-01   8.525041e-01   8.629103e-01   9.743254e-01   9.594935e-01   9.823735e-01   9.804680e-01   9.231058e-01   1.000000e+00   8.526638e-01   0.000000e+00   8.562885e-01
   7.499480e-06   1.433515e-03   2.418448e-04   0.000000e+00   3.592358e-04   4.115555e-01   9.866735e-01   9.940015e-01   1.000000e+00   8.953581e-01   9.863405e-01   7.273703e-01   8.522452e-01   9.851403e-01   7.995370e-01   1.000000e+00   8.718254e-01
   2.496117e-05   1.341970e-04   3.942273e-04   0.000000e+00   4.915371e-02   5.438346e-01   9.031994e-01   1.000000e+00   8.959152e-01   9.924432e-01   9.748551e-01   9.957626e-01   7.985039e-01   3.501947e-01   9.595448e-01   5.017860e-01   1.000000e+00
   4.628334e-01   2.000054e-02   4.809190e-01   4.589220e-02   1.614558e-02   5.746918e-01   9.818481e-01   9.734052e-01   1.000000e+00   9.441506e-01   9.130764e-01   8.928034e-01   8.830019e-01   1.000000e+00   1.532885e-01   0.000000e+00   6.934862e-01
   3.326111e-05   3.391966e-05   1.375098e-03   2.588340e-03   2.239014e-03   2.620784e-03   9.415630e-01   8.854541e-01   7.340622e-01   9.416833e-01   4.778420e-01   9.585870e-01   9.280657e-01   1.000000e+00   9.750015e-01   2.241916e-01   7.535773e-01
   5.888106e-03   8.651034e-04   6.133322e-03   5.106280e-02   7.827367e-01   9.961746e-01   9.550288e-01   8.088724e-01   7.724255e-01   8.733647e-01   9.872973e-01   9.743192e-01   9.820152e-01   8.389815e-01   9.827802e-01   3.565800e-01   8.903615e-01
   8.054145e-06   1.459432e-04   3.606702e-04   9.318531e-03   2.562673e-01   6.350510e-01   9.202764e-01   9.043127e-01   9.525109e-01   9.478767e-01   9.777212e-01   1.000000e+00   5.535988e-01   9.514783e-01   8.052876e-01   1.000000e+00   9.718599e-01
   1.254747e-05   1.909592e-05   4.605362e-04   1.624267e-03   6.381751e-04   0.000000e+00   9.298099e-01   9.548731e-01   9.664948e-01   9.205707e-01   9.003947e-01   9.978632e-01   4.868369e-01   6.648555e-01   8.182103e-01   3.742159e-01   6.693604e-01
   7.109852e-03   1.212970e-03   3.250720e-03   9.547408e-01   2.397624e-01   4.635886e-01   9.299509e-01   9.041033e-01   1.000000e+00   8.872201e-01   9.731309e-01   1.000000e+00   8.754701e-01   1.000000e+00   8.371517e-01   3.554436e-01   1.053630e-01
   9.795850e-04   1.882493e-04   1.166769e-03   1.961360e-02   1.178424e-02   4.853776e-02   1.000000e+00   9.674123e-01   9.939426e-01   9.545124e-01   9.897595e-01   9.797994e-01   1.772031e-01   9.933478e-01   6.187232e-01   3.495278e-01   8.457350e-01
   7.246087e-04   1.031771e-03   9.997148e-02   2.405561e-01   1.380440e-01   1.495736e-01   9.536850e-01   9.735087e-01   9.897811e-01   9.585799e-01   9.171260e-01   9.969150e-01   7.053004e-01   9.334847e-01   9.601615e-01   1.424802e-02   1.000000e+00
   7.948353e-04   1.872488e-04   1.612457e-02   1.247187e-03   9.985701e-02   3.216678e-01   8.935329e-01   9.998182e-01   9.891219e-01   9.244000e-01   9.712873e-01   1.000000e+00   7.646109e-01   5.273805e-01   8.485058e-01   0.000000e+00   0.000000e+00
