   9.904147e-01   9.982943e-01   9.203136e-01   4.386491e-01   1.170314e-02   3.278268e-02   0.000000e+00   7.613491e-02   3.106376e-03   2.785682e-01   4.096554e-01   0.000000e+00   1.263180e-04   0.000000e+00
   0.000000e+00   0.000000e+00   0.000000e+00   0.000000e+00   1.000000e+00   9.997360e-01   1.000000e+00   9.999268e-01   9.857073e-01   9.965539e-01   9.985634e-01   1.000000e+00   1.000000e+00   9.998945e-01
   9.901854e-01   9.991716e-01   9.244175e-01   3.221452e-01   3.570968e-02   9.780017e-02   2.503466e-01   1.748451e-01   1.789587e-03   0.000000e+00   4.364609e-01   6.415578e-01   3.259695e-05   0.000000e+00
   9.320548e-01   8.318468e-01   3.475139e-01   4.714963e-01   9.861351e-01   9.879689e-01   9.333310e-01   1.000000e+00   9.975226e-01   9.775357e-01   9.962091e-01   9.812898e-01   9.868361e-01   9.766558e-01
   2.575194e-03   8.529519e-04   0.000000e+00   4.292684e-01   9.989003e-01   9.993295e-01   9.989971e-01   1.000000e+00   1.000000e+00   9.991621e-01   9.886898e-01   9.006848e-01   9.965263e-01   9.947512e-01
   0.000000e+00   1.432493e-03   0.000000e+00   2.337216e-01   9.987072e-01   9.996523e-01   9.978729e-01   1.000000e+00   1.000000e+00   1.000000e+00   1.000000e+00   8.570376e-01   9.969451e-01   9.927207e-01
   1.000000e+00   8.151918e-01   1.000000e+00   1.000000e+00   9.934738e-01   1.000000e+00   9.944075e-01   1.000000e+00   9.967013e-01   1.000000e+00   9.659740e-01   9.561761e-01   5.532482e-01   9.885081e-01
   6.195637e-01   9.392694e-01   8.552573e-01   9.741169e-01   1.000000e+00   9.917075e-01   8.026132e-01   1.000000e+00   9.968750e-01   9.986639e-01   9.144707e-01   9.963622e-01   6.507863e-01   1.000000e+00
   8.110466e-02   2.550751e-01   3.937156e-02   1.961937e-01   9.985143e-01   9.981477e-01   9.996632e-01   9.968221e-01   9.773319e-01   9.993019e-01   9.920816e-01   9.902809e-01   9.835522e-01   9.897695e-01
   4.219656e-02   1.000000e+00   0.000000e+00   0.000000e+00   9.901274e-01   9.909637e-01   1.000000e+00   9.958758e-01   9.988726e-01   9.962954e-01   9.911735e-01   9.609429e-01   9.960646e-01   9.702398e-01
   1.776838e-03   3.409618e-01   0.000000e+00   2.332143e-01   1.000000e+00   9.980154e-01   1.000000e+00   9.996905e-01   9.747627e-01   1.000000e+00   9.767480e-01   9.590038e-01   9.009791e-01   9.962712e-01
   3.036995e-01   0.000000e+00   4.034963e-01   1.873831e-01   1.000000e+00   1.000000e+00   9.989974e-01   9.989505e-01   1.000000e+00   1.000000e+00   9.914343e-01   9.815770e-01   9.991201e-01   9.718034e-01
   5.809769e-05   0.000000e+00   4.740962e-15   0.000000e+00   9.995008e-01   9.966082e-01   1.000000e+00   9.941959e-01   9.760369e-01   9.965529e-01   9.976307e-01   1.000000e+00   1.000000e+00   9.916509e-01
   0.000000e+00   7.918031e-01   3.678580e-01   4.422671e-07   9.955592e-01   1.000000e+00   1.000000e+00   9.958133e-01   9.886628e-01   9.998697e-01   9.814236e-01   9.708064e-01   9.971789e-01   1.000000e+00
   1.093207e-02   0.000000e+00   5.460638e-02   3.303520e-01   9.939400e-01   9.926882e-01   9.940284e-01   9.953962e-01   9.957435e-01   1.000000e+00   1.000000e+00   9.814505e-01   9.999830e-01   9.904332e-01
   1.000000e+00   1.000000e+00   8.474350e-01   1.000000e+00   9.940230e-01   9.522094e-01   9.961473e-01   3.182314e-01   9.882505e-01   8.895217e-01   9.926927e-01   9.782854e-01   5.196482e-01   9.761203e-01
   0.000000e+00   0.000000e+00   5.957270e-02   6.667278e-03   9.960210e-01   9.998237e-01   9.959041e-01   9.859348e-01   9.919688e-01   1.000000e+00   9.854617e-01   9.423536e-01   9.991237e-01   9.816201e-01
   0.000000e+00   0.000000e+00   6.822053e-12   1.210172e-04   9.951985e-01   9.999547e-01   1.000000e+00   9.962084e-01   1.000000e+00   9.972426e-01   9.983554e-01   9.977330e-01   9.959678e-01   1.000000e+00
   1.641317e-01   0.000000e+00   2.176715e-01   3.176329e-01   1.000000e+00   9.998676e-01   9.996888e-01   9.539067e-01   1.000000e+00   9.986573e-01   9.988466e-01   9.315379e-01   9.988094e-01   9.758378e-01
   0.000000e+00   0.000000e+00   0.000000e+00   1.663215e-02   9.979912e-01   9.997688e-01   9.997265e-01   1.000000e+00   9.989380e-01   9.987292e-01   9.844960e-01   9.957117e-01   1.000000e+00   9.946148e-01
   1.000000e+00   1.000000e+00   7.207442e-01   6.650454e-01   2.472409e-01   0.000000e+00   0.000000e+00   4.517354e-01   1.000000e+00   8.702367e-01   3.194887e-01   0.000000e+00   1.367629e-01   1.755803e-01
   9.856229e-01   9.977573e-01   9.282182e-01   1.000000e+00   8.599844e-01   4.325621e-01   0.000000e+00   3.777047e-01   8.529097e-01   9.984336e-01   1.000000e+00   1.000000e+00   0.000000e+00   1.000000e+00
   0.000000e+00   1.635658e-01   4.738443e-02   2.833940e-02   9.991494e-01   9.985016e-01   1.000000e+00   9.891513e-01   9.786553e-01   1.000000e+00   9.868711e-01   9.586433e-01   9.931643e-01   9.869495e-01
   0.000000e+00   2.113931e-02   3.336870e-01   2.417621e-01   9.936161e-01   9.988014e-01   9.557605e-01   1.000000e+00   9.998778e-01   9.996878e-01   9.986959e-01   9.999070e-01   1.000000e+00   9.948617e-01
   0.000000e+00   2.529662e-01   0.000000e+00   1.334724e-01   9.850968e-01   1.000000e+00   1.000000e+00   9.983729e-01   9.473169e-01   9.816429e-01   9.768987e-01   9.409459e-01   8.513568e-01   9.991870e-01
   1.000000e+00   1.000000e+00   7.062059e-01   5.157930e-01   1.593073e-01   9.354878e-01   0.000000e+00   4.237681e-01   1.000000e+00   1.000000e+00   1.000000e+00   0.000000e+00   5.452428e-01   0.000000e+00
   1.793995e-03   5.949127e-02   5.981197e-12   0.000000e+00   9.947883e-01   9.999754e-01   9.965067e-01   9.944108e-01   9.996097e-01   1.000000e+00   1.000000e+00   9.915523e-01   9.983774e-01   1.000000e+00
   5.331243e-03   7.479051e-02   0.000000e+00   0.000000e+00   9.960014e-01   9.997958e-01   9.965565e-01   9.310669e-01   9.939290e-01   9.495729e-01   9.925927e-01   9.909006e-01   9.999575e-01   9.972825e-01
   9.701624e-01   2.235724e-02   4.161538e-02   1.399514e-01   9.936751e-01   1.000000e+00   9.923179e-01   9.842697e-01   9.919002e-01   1.000000e+00   9.359837e-01   9.893597e-01   9.913575e-01   9.955146e-01
   8.839503e-01   1.000000e+00   1.000000e+00   9.707094e-01   8.617553e-01   6.084170e-01   3.681355e-01   2.371690e-01   1.000000e+00   1.000000e+00   9.879546e-01   1.000000e+00   5.932938e-01   9.848382e-01
   2.781373e-01   4.289286e-02   9.947518e-03   2.391164e-01   9.982880e-01   9.488902e-01   9.983482e-01   1.000000e+00   9.997415e-01   9.997705e-01   9.953179e-01   9.940748e-01   9.999581e-01   9.948385e-01
   0.000000e+00   0.000000e+00   1.210539e-09   1.359127e-06   1.000000e+00   9.994761e-01   1.000000e+00   1.000000e+00   1.000000e+00   9.928081e-01   9.888387e-01   1.000000e+00   9.999629e-01   9.915286e-01
   0.000000e+00   0.000000e+00   9.471364e-03   2.368208e-01   9.970204e-01   9.940875e-01   9.983986e-01   1.000000e+00   9.997946e-01   1.000000e+00   9.955957e-01   9.996841e-01   9.999765e-01   1.000000e+00
   1.000000e+00   9.990674e-01   6.894586e-01   3.691329e-01   0.000000e+00   1.000000e+00   0.000000e+00   4.603188e-02   9.758952e-01   0.000000e+00   7.280113e-01   8.529505e-01   0.000000e+00   0.000000e+00
   1.348965e-02   6.512015e-01   1.000000e+00   6.770508e-01   9.942378e-01   9.992229e-01   9.935392e-01   9.835027e-01   9.637486e-01   1.000000e+00   1.000000e+00   9.951414e-01   9.825325e-01   9.896081e-01
   4.150847e-01   1.482446e-01   4.752499e-01   7.985033e-01   1.000000e+00   9.804524e-01   9.999847e-01   9.457356e-01   1.000000e+00   9.317661e-01   9.995652e-01   9.647310e-01   9.997274e-01   9.998024e-01
   9.793444e-01   1.000000e+00   9.294041e-01   7.392366e-01   5.222045e-01   1.321546e-01   2.377792e-01   2.881992e-02   0.000000e+00   5.634380e-01   3.615516e-01   0.000000e+00   1.348204e-01   0.000000e+00
   5.633654e-06   0.000000e+00   0.000000e+00   8.398811e-03   9.997178e-01   9.992061e-01   9.996745e-01   9.699378e-01   9.994244e-01   9.968381e-01   9.998714e-01   9.674007e-01   1.000000e+00   9.857414e-01
   1.000000e+00   4.544017e-03   1.332903e-01   4.702221e-01   9.964658e-01   9.789112e-01   9.352636e-01   9.844372e-01   9.887109e-01   9.735766e-01   9.616360e-01   1.000000e+00   9.153021e-01   1.000000e+00
   8.014192e-01   8.823804e-01   1.000000e+00   1.000000e+00   9.936145e-01   9.760773e-01   8.729402e-01   1.000000e+00   1.000000e+00   9.977596e-01   1.000000e+00   9.590217e-01   1.000000e+00   9.923091e-01
   7.136153e-03   5.795415e-04   1.197904e-03   1.932394e-03   9.990893e-01   1.000000e+00   9.988758e-01   1.000000e+00   1.000000e+00   9.981525e-01   9.965114e-01   9.541212e-01   9.938112e-01   9.931769e-01
   5.116574e-01   1.400897e-01   5.643625e-01   7.760571e-01   9.978233e-01   9.946939e-01   9.493511e-01   9.932071e-01   9.999595e-01   9.972869e-01   9.702251e-01   9.471194e-01   1.000000e+00   9.923015e-01
   4.669399e-01   1.570607e-01   0.000000e+00   3.591556e-01   9.991498e-01   9.997609e-01   1.000000e+00   1.000000e+00   9.984246e-01   9.294107e-01   8.796629e-01   1.000000e+00   9.968124e-01   9.968962e-01
   0.000000e+00   0.000000e+00   7.392860e-12   0.000000e+00   9.961668e-01   9.999282e-01   9.979007e-01   9.962964e-01   1.000000e+00   9.973295e-01   9.962318e-01   9.997798e-01   1.000000e+00   1.000000e+00
   1.000000e+00   1.062660e-01   7.482395e-01   0.000000e+00   1.000000e+00   1.000000e+00   9.999546e-01   1.000000e+00   9.993448e-01   1.000000e+00   9.992924e-01   1.000000e+00   9.995475e-01   9.990907e-01
   3.299269e-01   2.656267e-01   5.315944e-01   0.000000e+00   9.974939e-01   9.821214e-01   8.758055e-01   1.000000e+00   9.985436e-01   8.853783e-01   8.944956e-01   9.951785e-01   7.626791e-01   9.979057e-01
   7.918188e-01   7.965166e-01   5.422124e-01   2.262385e-01   9.932256e-01   9.394054e-01   9.077503e-01   1.000000e+00   9.999874e-01   9.974688e-01   1.000000e+00   1.000000e+00   9.264075e-01   9.923242e-01
   0.000000e+00   0.000000e+00   0.000000e+00   7.568791e-02   9.936370e-01   1.000000e+00   1.000000e+00   1.000000e+00   9.971422e-01   1.000000e+00   9.983405e-01   1.000000e+00   9.993088e-01   9.940476e-01
   0.000000e+00   0.000000e+00   0.000000e+00   3.157354e-06   9.910183e-01   9.999294e-01   9.987812e-01   1.000000e+00   1.000000e+00   9.978004e-01   9.963322e-01   1.000000e+00   1.000000e+00   1.000000e+00
   8.993486e-05   0.000000e+00   1.902134e-02   6.079081e-03   1.000000e+00   9.993843e-01   9.996855e-01   9.532155e-01   9.995029e-01   9.976864e-01   9.998932e-01   9.348949e-01   9.994550e-01   9.971563e-01
   0.000000e+00   0.000000e+00   8.236454e-02   1.266761e-03   9.928409e-01   9.913931e-01   1.000000e+00   9.714008e-01   9.888586e-01   9.667154e-01   9.590113e-01   9.392442e-01   9.999864e-01   9.984809e-01
   1.000000e+00   1.000000e+00   1.000000e+00   3.836812e-01   1.000000e+00   8.550825e-01   1.000000e+00   8.049721e-01   0.000000e+00   0.000000e+00   1.000000e+00   7.757672e-01   2.376839e-01   0.000000e+00
   0.000000e+00   0.000000e+00   1.137690e-01   0.000000e+00   9.961342e-01   9.999728e-01   9.644755e-01   9.871222e-01   9.910609e-01   9.999285e-01   9.994204e-01   9.944321e-01   9.930795e-01   9.952309e-01
   0.000000e+00   4.305860e-03   3.406909e-03   0.000000e+00   9.879903e-01   1.000000e+00   1.000000e+00   9.989155e-01   9.714946e-01   8.910823e-01   9.986394e-01   9.053514e-01   9.999873e-01   9.835383e-01
   0.000000e+00   0.000000e+00   1.470468e-08   4.298999e-06   9.940937e-01   1.000000e+00   1.000000e+00   9.974425e-01   9.969702e-01   9.845119e-01   9.697736e-01   9.954327e-01   9.999403e-01   9.919780e-01
   0.000000e+00   0.000000e+00   0.000000e+00   6.920132e-08   9.993920e-01   1.000000e+00   1.000000e+00   9.942408e-01   9.962533e-01   9.951238e-01   9.919247e-01   9.943689e-01   1.000000e+00   9.998439e-01
   6.848545e-01   6.120718e-02   1.092387e-03   0.000000e+00   9.890158e-01   9.441874e-01   9.991017e-01   9.973205e-01   1.000000e+00   9.715883e-01   9.562541e-01   1.000000e+00   1.000000e+00   9.983149e-01
   0.000000e+00   0.000000e+00   0.000000e+00   8.077962e-03   9.960537e-01   9.997790e-01   9.979920e-01   9.951089e-01   1.000000e+00   9.974010e-01   9.822731e-01   9.477014e-01   9.998449e-01   9.863892e-01
   8.105632e-05   0.000000e+00   4.527116e-15   4.808962e-06   1.000000e+00   9.965810e-01   9.983162e-01   9.977886e-01   9.638147e-01   9.973985e-01   9.961325e-01   1.000000e+00   1.000000e+00   9.934221e-01
   0.000000e+00   3.092677e-02   1.957906e-08   9.485295e-07   1.000000e+00   9.998048e-01   1.000000e+00   9.961710e-01   9.930905e-01   9.940025e-01   9.895190e-01   9.820758e-01   1.000000e+00   9.999182e-01
   0.000000e+00   0.000000e+00   5.297144e-02   5.966033e-02   9.863669e-01   9.097792e-01   9.925350e-01   1.000000e+00   9.883979e-01   9.988230e-01   9.882582e-01   9.577671e-01   1.000000e+00   1.000000e+00
   9.962226e-01   9.990698e-01   8.638049e-01   7.830591e-01   0.000000e+00   7.279933e-01   0.000000e+00   7.348018e-01   4.989518e-04   3.966030e-01   3.622808e-01   0.000000e+00   0.000000e+00   0.000000e+00
   0.000000e+00   3.332479e-01   2.994635e-02   2.322058e-01   9.922137e-01   9.989891e-01   1.000000e+00   9.997591e-01   9.521353e-01   1.000000e+00   9.919957e-01   1.000000e+00   9.251435e-01   9.962670e-01
   6.027914e-02   4.867214e-01   2.744009e-01   8.667469e-01   9.968487e-01   9.984337e-01   9.998877e-01   1.000000e+00   9.896301e-01   9.995218e-01   9.990071e-01   1.000000e+00   9.981643e-01   9.947131e-01
   0.000000e+00   9.496604e-01   0.000000e+00   0.000000e+00   9.940928e-01   1.000000e+00   1.000000e+00   9.951497e-01   9.973763e-01   1.000000e+00   1.000000e+00   9.668406e-01   9.998583e-01   9.930722e-01
   5.034736e-02   1.190476e-01   1.299546e-02   3.984921e-01   9.865402e-01   9.943507e-01   9.994332e-01   9.713757e-01   9.909209e-01   9.952605e-01   1.000000e+00   9.756221e-01   9.995016e-01   9.963248e-01
   6.509767e-02   0.000000e+00   7.217822e-02   0.000000e+00   9.967785e-01   9.995304e-01   9.458577e-01   9.744735e-01   9.901571e-01   9.998484e-01   9.995080e-01   9.741107e-01   9.957010e-01   9.976991e-01
   5.791887e-01   2.397201e-01   9.303885e-02   2.108709e-01   9.937171e-01   1.000000e+00   9.986483e-01   9.997803e-01   1.000000e+00   1.000000e+00   9.951987e-01   9.951621e-01   9.999626e-01   9.963576e-01
   6.108919e-01   1.826470e-01   5.081928e-01   7.091597e-01   9.994928e-01   9.999990e-01   1.000000e+00   1.000000e+00   9.999793e-01   9.311476e-01   9.974805e-01   1.000000e+00   1.000000e+00   1.000000e+00
   4.714850e-01   2.904837e-01   6.895425e-01   2.348774e-02   9.893153e-01   9.999836e-01   9.986316e-01   9.889150e-01   9.976859e-01   9.924182e-01   9.748989e-01   9.989707e-01   9.989291e-01   1.000000e+00
   2.461545e-01   1.534500e-01   4.593833e-02   3.091485e-01   9.844351e-01   9.942830e-01   9.994485e-01   1.000000e+00   9.789286e-01   9.946420e-01   9.979153e-01   1.000000e+00   9.997879e-01   9.965224e-01
   1.000000e+00   3.086590e-02   2.740666e-02   1.572955e-01   9.954707e-01   9.871666e-01   9.968806e-01   9.877535e-01   1.000000e+00   8.020636e-01   1.000000e+00   9.932493e-01   1.000000e+00   1.000000e+00
   7.887092e-05   0.000000e+00   1.355643e-11   0.000000e+00   9.952545e-01   9.988822e-01   9.986173e-01   1.000000e+00   1.000000e+00   9.965532e-01   9.988081e-01   1.000000e+00   1.000000e+00   1.000000e+00
   1.000000e+00   7.095623e-02   1.292950e-01   1.482981e-03   9.982287e-01   1.000000e+00   1.000000e+00   1.000000e+00   9.953076e-01   9.985137e-01   9.976969e-01   9.933088e-01   1.000000e+00   1.000000e+00
   9.590669e-01   0.000000e+00   9.976830e-01   3.653805e-01   9.923303e-01   9.964746e-01   9.801869e-01   1.000000e+00   1.000000e+00   9.989082e-01   9.955337e-01   9.890873e-01   9.514775e-01   1.000000e+00
   1.440705e-01   4.855578e-01   2.049154e-01   0.000000e+00   9.821775e-01   1.000000e+00   1.000000e+00   9.840504e-01   9.956451e-01   9.900710e-01   9.802207e-01   9.338409e-01   9.885427e-01   9.696811e-01
   4.002506e-01   9.762089e-01   2.029654e-01   1.000000e+00   9.967675e-01   9.970603e-01   9.997740e-01   9.854513e-01   9.907383e-01   9.954450e-01   9.454529e-01   9.810217e-01   4.238421e-01   9.917082e-01
   9.711348e-03   0.000000e+00   9.496210e-04   3.714779e-02   9.992824e-01   1.000000e+00   1.000000e+00   1.000000e+00   1.000000e+00   9.973146e-01   9.852012e-01   9.977684e-01   9.940506e-01   9.952075e-01
   0.000000e+00   3.037236e-02   0.000000e+00   2.701670e-03   1.000000e+00   1.000000e+00   9.987486e-01   9.933614e-01   9.732936e-01   1.000000e+00   9.843921e-01   8.435612e-01   9.354437e-01   9.940018e-01
   7.401554e-03   1.373917e-01   2.625764e-11   1.098225e-02   9.985292e-01   9.982763e-01   9.902588e-01   9.810621e-01   9.968510e-01   1.000000e+00   9.785038e-01   9.954261e-01   8.999984e-01   9.939300e-01
   6.042638e-01   1.300199e-01   1.976232e-01   2.497604e-06   9.967997e-01   9.891918e-01   1.000000e+00   1.000000e+00   9.859400e-01   9.975588e-01   9.798034e-01   9.573400e-01   9.995391e-01   1.000000e+00
   4.766166e-06   0.000000e+00   0.000000e+00   2.097751e-02   9.978350e-01   9.991856e-01   9.998161e-01   9.052799e-01   9.987193e-01   9.968483e-01   9.991976e-01   9.279120e-01   1.000000e+00   9.980295e-01
   4.310241e-01   2.956705e-01   2.481343e-01   1.324440e-01   9.814474e-01   9.857534e-01   9.983219e-01   9.964770e-01   9.908510e-01   9.983059e-01   9.950856e-01   9.828123e-01   1.000000e+00   1.000000e+00
   4.348280e-04   2.997873e-02   0.000000e+00   4.982319e-04   9.994721e-01   9.999754e-01   1.000000e+00   9.946779e-01   1.000000e+00   8.654222e-01   1.000000e+00   9.919599e-01   9.991121e-01   1.000000e+00
   8.941130e-01   4.180747e-02   1.647853e-02   6.130021e-02   9.989569e-01   9.985555e-01   1.000000e+00   9.998070e-01   9.982961e-01   9.996154e-01   9.987765e-01   9.943160e-01   9.928934e-01   9.993180e-01
   4.862160e-01   7.717375e-01   6.632234e-01   0.000000e+00   9.953549e-01   9.983219e-01   1.000000e+00   1.000000e+00   9.968500e-01   9.991918e-01   9.964169e-01   9.999279e-01   9.827004e-01   9.401188e-01
   1.000000e+00   9.956086e-01   8.773787e-01   7.494360e-01   3.850100e-02   1.691132e-01   6.209246e-01   1.000000e+00   0.000000e+00   1.000000e+00   4.123994e-01   2.929870e-01   2.746380e-01   7.536455e-01
   9.843132e-01   9.947224e-01   9.842120e-01   9.810425e-01   1.000000e+00   1.000000e+00   8.744965e-01   8.704149e-01   1.000000e+00   9.964582e-01   3.710693e-01   9.336790e-01   4.597394e-01   0.000000e+00
   0.000000e+00   7.638101e-02   0.000000e+00   1.000000e+00   9.968054e-01   9.997177e-01   9.997860e-01   1.000000e+00   1.000000e+00   9.230950e-01   9.824242e-01   1.000000e+00   9.996263e-01   9.976740e-01
   9.131751e-01   2.662117e-01   4.454075e-01   1.000000e+00   9.907850e-01   9.967557e-01   1.000000e+00   1.000000e+00   9.963792e-01   1.000000e+00   9.925478e-01   9.947029e-01   9.489806e-01   1.000000e+00
   9.944736e-01   1.250615e-01   2.903929e-02   2.188975e-01   1.000000e+00   9.987938e-01   9.996453e-01   9.869958e-01   9.888495e-01   9.999590e-01   9.936703e-01   1.000000e+00   9.973474e-01   9.946747e-01
   8.314840e-01   2.176469e-01   4.619830e-01   5.472933e-01   9.841024e-01   9.921386e-01   9.992374e-01   9.948510e-01   9.920606e-01   9.998707e-01   1.000000e+00   9.879116e-01   1.000000e+00   1.000000e+00
   4.192228e-01   1.571762e-02   5.878522e-03   1.000000e+00   9.997292e-01   9.546534e-01   1.000000e+00   1.000000e+00   9.984971e-01   1.000000e+00   9.697489e-01   9.994710e-01   1.000000e+00   9.989905e-01
   0.000000e+00   0.000000e+00   1.183442e-12   8.254882e-02   9.911922e-01   1.000000e+00   1.000000e+00   9.982270e-01   9.998933e-01   9.980671e-01   9.891758e-01   1.000000e+00   9.959726e-01   9.984030e-01
   1.000000e+00   0.000000e+00   8.232997e-02   5.947112e-06   9.996848e-01   9.992100e-01   1.000000e+00   9.930789e-01   9.850348e-01   9.945321e-01   9.970136e-01   1.000000e+00   9.849900e-01   1.000000e+00
   0.000000e+00   0.000000e+00   4.369692e-01   2.873411e-01   9.948671e-01   1.000000e+00   9.994616e-01   9.564463e-01   9.999137e-01   9.993559e-01   1.000000e+00   1.000000e+00   9.603388e-01   9.976656e-01
   0.000000e+00   3.735367e-02   1.083260e-08   2.939872e-06   9.923589e-01   1.000000e+00   1.000000e+00   9.965514e-01   9.788801e-01   9.882577e-01   9.794982e-01   9.294709e-01   9.999774e-01   1.000000e+00
   0.000000e+00   0.000000e+00   0.000000e+00   5.677824e-07   1.000000e+00   1.000000e+00   1.000000e+00   9.932868e-01   9.992831e-01   9.934065e-01   9.778979e-01   9.945157e-01   9.998926e-01   9.990592e-01
   7.879843e-01   3.462891e-01   2.021711e-01   4.974299e-01   9.999786e-01   9.865462e-01   9.284037e-01   1.000000e+00   9.938463e-01   9.874647e-01   1.000000e+00   9.898025e-01   9.680975e-01   9.885948e-01
   2.173755e-01   0.000000e+00   5.384152e-01   0.000000e+00   9.980614e-01   9.995127e-01   9.024741e-01   1.000000e+00   9.990590e-01   1.000000e+00   9.743798e-01   9.104365e-01   6.627411e-01   9.873846e-01
