   2.889537e+00   8.895453e-01   8.895453e-01   8.895453e-01   8.895453e-01   8.895453e-01   8.895453e-01   9.344247e-01
   7.226595e-01   7.218466e-01   7.232210e-01   7.258244e-01   7.253879e-01   7.218466e-01   7.301781e-01   1.672184e+01
   2.298482e+00   8.466224e-01   4.962356e+00   8.466224e-01   8.466224e-01   1.445552e+00   8.466224e-01   8.466224e-01
   1.011554e+00   1.007955e+00   1.235645e+00   1.318605e+00   1.533050e+00   8.836318e-01   1.477349e+01   8.836318e-01
   1.996735e+00   1.929661e+00   2.190605e+00   7.119204e+00   9.187885e-01   9.453121e-01   9.187885e-01   9.187885e-01
   1.676756e+00   1.411134e+00   2.721453e+00   1.938609e+00   9.333785e+00   9.134870e-01   8.934709e-01   1.757511e+00
   7.607793e-01   7.490450e-01   6.904305e-01   6.904305e-01   8.458119e-01   2.002106e+00   6.671046e+00   1.503584e+01
   7.405467e-01   6.849237e-01   7.780742e-01   8.492883e-01   1.073948e+00   1.561138e+00   6.849237e-01   1.661853e+01
   9.879562e-01   9.870341e-01   8.435604e-01   6.868262e-01   6.868262e-01   6.868262e-01   9.404593e+00   1.290629e+01
   1.278918e+00   1.412439e+00   2.059301e+00   1.758709e+00   2.218480e+00   1.211312e+01   8.844150e-01   8.844150e-01
   2.395495e+00   3.398363e+00   8.613379e-01   8.613379e-01   8.613379e-01   8.928805e-01   8.613379e-01   2.404515e+00
   8.847675e-01   8.386248e-01   9.355465e-01   6.887971e-01   1.253295e+00   3.468818e+00   1.419316e+01   6.887971e-01
   1.454444e+00   1.661126e+00   2.184127e+00   4.944213e+00   5.700148e+00   5.894616e+00   5.705851e+00   3.037081e+00
   1.870891e+00   1.897014e+00   2.977075e+00   6.454311e+00   8.636249e-01   8.399741e-01   3.809799e+00   9.877955e-01
   1.953842e+00   2.639173e+00   4.888982e+00   8.514286e-01   2.771703e+00   8.514286e-01   1.285445e+00   2.065199e+00
   1.716738e+00   1.804390e+00   2.956509e+00   6.787360e+00   2.485768e+00   8.282619e-01   3.445658e+00   8.282619e-01
   8.248350e-01   8.031936e-01   7.562746e-01   1.055416e+00   9.712991e-01   2.547882e+00   8.549531e+00   1.380059e+01
   1.585363e+00   1.579283e+00   3.209793e+00   3.185421e+00   7.427423e+00   5.431521e+00   8.401151e-01   1.943294e+00
   1.217954e+00   8.774150e-01   1.332734e+00   1.988029e+00   8.378886e-01   1.617133e+00   2.567849e+00   1.615811e+01
   1.924015e+00   2.601429e+00   4.320454e+00   3.948978e+00   3.249459e+00   1.933903e+00   1.083448e+00   8.779165e-01
   2.309491e+00   3.253960e+00   8.365253e-01   1.213896e+00   3.829403e+00   1.116164e+00   8.377320e-01   8.603373e-01
   1.562597e+00   1.574913e+00   2.698040e+00   1.153431e+00   8.973110e+00   2.398084e+00   3.077883e+00   3.534993e+00
   2.322639e+00   2.828098e+00   2.261683e+00   3.434832e+00   1.738718e+00   2.966854e+00   3.609509e+00   2.524842e+00
   9.095994e-01   9.234328e-01   8.427544e-01   8.709765e-01   1.267034e+00   2.680793e+00   6.201495e+00   1.539037e+01
   1.831273e+00   1.699713e+00   3.454738e+00   3.063139e+00   7.597652e+00   1.027713e+00   8.737213e-01   2.891870e+00
   2.474908e+00   3.085122e+00   9.711016e-01   3.819063e+00   9.711016e-01   3.000193e+00   9.736077e-01   9.711016e-01
   1.324399e+00   1.307732e+00   2.157305e+00   3.679194e+00   8.479324e-01   5.701306e+00   1.029197e+01   6.803037e+00
   1.614627e+00   1.489873e+00   1.725341e+00   4.384920e+00   4.184449e+00   5.071848e+00   7.502738e+00   7.482429e+00
   1.644735e+00   1.510519e+00   2.417388e+00   2.112565e+00   6.277138e+00   4.618944e+00   8.805398e+00   8.434215e-01
   2.510064e+00   3.172430e+00   1.899533e+00   1.492229e+00   9.235286e-01   2.568153e+00   9.426097e-01   1.976324e+00
   2.105789e+00   2.719003e+00   4.675817e+00   1.018319e+00   1.494270e+00   8.781211e-01   1.202897e+00   2.131670e+00
   2.009500e+00   2.514049e+00   4.269383e+00   9.151956e-01   4.670575e+00   4.453950e+00   1.051520e+00   1.168446e+00
   1.570017e+00   1.798999e+00   2.908329e+00   3.388860e+00   2.263299e+00   7.113590e+00   8.987346e+00   1.704991e+00
   1.733562e+00   2.049442e+00   1.649253e+00   3.039715e+00   8.411446e+00   2.296467e+00   2.765701e+00   3.161255e+00
   1.878445e+00   1.238238e+00   2.461414e+00   8.096738e-01   8.656269e+00   8.534578e-01   2.217183e+00   1.398993e+00
   1.698499e+00   9.747264e-01   2.018489e+00   4.766505e+00   7.254260e+00   2.776963e+00   3.222035e+00   4.888379e+00
   2.197185e+00   2.391844e+00   3.282302e+00   8.258454e-01   8.258454e-01   2.685648e+00   8.258454e-01   7.706757e+00
   7.823512e-01   7.774576e-01   8.702188e-01   9.582429e-01   1.373762e+00   2.016427e+00   7.550029e+00   1.454164e+01
   2.381069e+00   3.354986e+00   1.391670e+00   2.828131e+00   1.528257e+00   8.967860e-01   1.191530e+00   1.619052e+00
   1.772951e+00   2.091267e+00   2.542452e+00   6.942834e+00   8.808939e-01   8.608198e-01   8.324576e-01   2.804483e+00
   1.259336e+00   1.337476e+00   1.781967e+00   3.446851e+00   2.840501e+00   1.031727e+01   5.409941e+00   1.424082e+00
   2.152777e+00   1.709085e+00   2.507340e+00   2.377906e+00   6.078923e+00   3.891075e+00   2.100422e+00   4.576796e+00
   2.436861e+00   8.694365e-01   8.694365e-01   1.940690e+00   6.719523e+00   1.074011e+00   3.097949e+00   8.694365e-01
   1.376606e+00   1.254634e+00   1.935688e+00   3.780623e+00   3.034190e+00   8.048172e-01   4.351860e+00   1.338122e+01
   1.200827e+00   9.860252e-01   1.211831e+00   1.739392e+00   1.901225e+00   8.579282e+00   3.267200e+00   1.212166e+01
   1.085321e+00   1.167783e+00   1.567278e+00   1.758773e+00   1.962884e+00   1.676283e+00   1.259749e+01   8.485625e+00
   1.164621e+00   1.092810e+00   1.652021e+00   2.848977e+00   7.865711e-01   1.061991e+01   7.038380e+00   1.033088e+00
   2.498286e+00   3.032193e+00   1.411399e+00   1.734944e+00   1.048993e+00   3.525509e+00   1.221754e+00   3.925508e+00
   2.597412e+00   1.487944e+00   1.329364e+00   1.590187e+00   8.523193e-01   8.459847e-01   1.960902e+00   7.744235e+00
   1.099667e+00   1.182192e+00   1.553227e+00   1.644158e+00   8.723370e-01   8.723370e-01   1.125415e+01   1.110465e+01
   1.741300e+00   2.094106e+00   3.486559e+00   2.513778e+00   3.268976e+00   6.661184e+00   8.808454e-01   8.099937e+00
   1.920283e+00   2.251481e+00   8.173349e-01   3.353439e+00   2.442854e+00   7.611388e+00   5.664208e+00   8.173349e-01
   1.634744e+00   1.374689e+00   1.974894e+00   5.193822e+00   6.436414e+00   4.547434e+00   4.623043e+00   2.468181e+00
   1.876370e+00   2.219754e+00   4.086514e+00   1.305959e+00   6.537078e+00   2.215180e+00   8.618097e-01   1.277344e+00
   2.785328e+00   2.166044e+00   1.148927e+00   2.580018e+00   1.001971e+00   9.317365e-01   1.217217e+00   1.572541e+00
   1.551632e+00   1.802754e+00   2.943247e+00   1.955415e+00   5.937488e+00   8.309806e+00   8.581379e-01   4.090431e+00
   8.631954e-01   8.043376e-01   1.059128e+00   8.805716e-01   1.617789e+00   1.955755e+00   1.219061e+01   9.578414e+00
   1.716726e+00   2.116055e+00   1.994253e+00   2.665052e+00   8.274375e+00   4.436065e+00   9.193868e-01   8.681096e-01
   1.682409e+00   1.950521e+00   2.818037e+00   5.635875e+00   4.910446e+00   4.715116e+00   2.068624e+00   4.375012e+00
   1.416512e+00   1.614084e+00   2.571245e+00   1.885257e+00   4.247988e+00   8.316169e+00   2.873523e+00   8.810534e+00
   2.284254e+00   2.177446e+00   4.128596e+00   3.025346e+00   9.093392e-01   8.473304e-01   8.696747e-01   8.473304e-01
   1.060566e+00   1.104049e+00   1.494430e+00   1.068689e+00   1.873552e+00   7.003042e+00   9.046715e+00   1.041762e+01
   2.112336e+00   2.429280e+00   3.815093e+00   3.494843e+00   8.582009e-01   3.748035e+00   2.818285e+00   3.307407e+00
   2.727928e+00   2.238532e+00   9.360294e-01   2.800717e+00   9.043657e-01   9.043657e-01   9.534766e-01   1.452850e+00
   1.657372e+00   1.902238e+00   2.517758e+00   5.488327e+00   2.281136e+00   3.917018e+00   6.875241e+00   5.132231e+00
   1.712164e+00   1.568069e+00   3.138638e+00   5.783623e+00   5.193522e+00   1.164721e+00   8.629993e-01   5.340827e+00
   1.818939e+00   2.106104e+00   9.147405e-01   3.376383e+00   9.147405e-01   9.356702e+00   1.717332e+00   6.317446e+00
   2.135123e+00   2.926804e+00   3.808306e+00   1.517217e+00   3.172069e+00   2.078501e+00   8.476054e-01   1.138616e+00
   1.846657e+00   2.327870e+00   1.202698e+00   5.897334e+00   1.280683e+00   6.103894e+00   8.951891e-01   4.270463e+00
   1.623288e+00   2.026564e+00   2.327879e+00   1.573000e+00   7.784066e+00   5.531760e+00   2.150227e+00   3.916885e+00
   2.237608e+00   2.317350e+00   4.431907e+00   8.256578e-01   8.256578e-01   8.256578e-01   1.105644e+00   1.299337e+00
   1.663633e+00   1.833548e+00   1.351305e+00   4.654177e+00   3.016774e+00   3.029625e+00   1.075613e+01   1.169920e+00
   1.482312e+00   1.588684e+00   2.102206e+00   2.364376e+00   7.092469e+00   4.726739e+00   5.465853e+00   6.606240e+00
   1.315172e+00   1.350308e+00   2.120157e+00   3.572060e+00   5.121138e+00   7.956989e+00   6.655929e+00   5.365558e+00
   2.018470e+00   2.752327e+00   4.565962e+00   1.788070e+00   2.509024e+00   2.376310e+00   8.592022e-01   9.129342e-01
   2.260898e+00   8.468936e-01   4.690426e+00   1.017912e+00   3.835827e+00   8.468936e-01   8.468936e-01   8.468936e-01
   1.496247e+00   1.719973e+00   2.091079e+00   4.545738e+00   3.030015e+00   4.954472e+00   8.395579e+00   6.498304e+00
   1.206997e+00   1.082989e+00   1.411048e+00   2.519291e+00   2.055691e+00   1.499282e+00   1.021853e+01   1.140054e+01
   2.217470e+00   2.275857e+00   3.150350e+00   4.262470e+00   3.732244e+00   1.914206e+00   8.712737e-01   2.491669e+00
   1.355434e+00   1.499601e+00   2.368132e+00   1.256798e+00   3.311335e+00   7.479767e+00   8.269395e+00   7.300020e+00
   2.819992e+00   1.530968e+00   1.436894e+00   9.974532e-01   8.742597e-01   2.436055e+00   9.092517e-01   1.266886e+00
   2.086021e+00   2.548183e+00   2.382246e+00   5.551567e+00   3.255829e+00   1.264505e+00   3.298053e+00   9.080923e-01
   1.697356e+00   1.743851e+00   2.585168e+00   1.593191e+00   6.896008e+00   4.932781e+00   5.903506e+00   4.442681e+00
   1.518962e+00   1.506017e+00   2.985754e+00   2.448779e+00   3.686964e+00   1.706238e+00   9.378322e+00   8.425338e+00
   1.899978e+00   2.261975e+00   4.015711e+00   3.529916e+00   8.304244e-01   3.378932e+00   4.543654e+00   5.205817e+00
   9.668308e-01   9.629249e-01   1.076196e+00   1.557233e+00   1.616016e+00   3.231041e+00   1.363581e+01   5.892598e+00
   1.024773e+00   1.032322e+00   1.028456e+00   1.329422e+00   2.351693e+00   7.236959e+00   7.356564e+00   1.164087e+01
   1.435698e+00   1.533666e+00   2.563872e+00   2.006011e+00   4.632290e+00   8.786226e+00   3.359173e+00   7.135916e+00
   8.007437e-01   7.993332e-01   7.133929e-01   7.133929e-01   1.211153e+00   2.928729e+00   1.081639e+01   1.133025e+01
   2.182373e+00   1.918306e+00   2.277078e+00   4.497993e+00   4.013563e+00   2.848104e+00   5.477034e+00   2.275617e+00
   2.056641e+00   2.057666e+00   3.042402e+00   2.712250e+00   2.898376e+00   4.838856e+00   2.948144e+00   7.241305e+00
   1.597910e+00   2.017965e+00   3.686345e+00   2.897179e+00   4.582121e+00   5.534426e+00   4.721479e+00   4.537930e+00
   2.682158e+00   8.738035e-01   8.738035e-01   1.419644e+00   5.080509e+00   8.742491e-01   8.738035e-01   1.338711e+00
   2.073210e+00   2.462795e+00   2.154597e+00   4.153583e+00   1.307234e+00   4.949410e+00   3.897553e+00   5.425675e+00
   2.050091e+00   1.301782e+00   8.838396e-01   2.376130e+00   8.707193e+00   1.180062e+00   9.301845e-01   1.520331e+00
   2.235885e+00   2.736589e+00   3.853611e+00   3.081362e+00   2.156202e+00   4.375272e+00   1.379004e+00   1.312049e+00
   2.480905e+00   2.990744e+00   1.382539e+00   9.026858e-01   2.503910e+00   3.601566e+00   9.026858e-01   3.286012e+00
   9.420162e-01   9.604371e-01   1.171703e+00   8.653932e-01   9.271606e-01   3.408378e+00   1.256835e+01   8.771403e+00
   1.553026e+00   1.219050e+00   9.403173e-01   2.070076e+00   2.619970e+00   1.103033e+01   4.506969e+00   8.123903e-01
   1.191584e+00   9.561552e-01   1.754148e+00   1.429909e+00   1.749954e+00   9.490087e+00   4.199020e+00   1.022627e+01
   1.288547e+00   1.451921e+00   2.024895e+00   1.351870e+00   1.872267e+00   1.129041e+01   4.980233e+00   4.729792e+00
   2.368885e+00   2.867353e+00   8.961115e-01   8.961115e-01   8.961115e-01   4.797640e+00   1.912663e+00   6.053291e+00
   1.682254e+00   1.790826e+00   2.067900e+00   1.552851e+00   2.355416e+00   8.157229e+00   8.229159e+00   3.799003e+00
   1.975639e+00   2.028540e+00   1.208757e+00   6.010647e+00   1.997685e+00   2.703958e+00   6.094932e+00   3.544174e+00
   1.756254e+00   2.044610e+00   9.042825e-01   3.221169e+00   3.306171e+00   6.485094e+00   9.527775e+00   9.042825e-01
   1.768378e+00   1.505747e+00   2.654756e+00   5.092502e+00   4.147038e+00   2.704274e+00   7.982521e+00   4.541176e+00
   1.383911e+00   1.582575e+00   1.043627e+00   1.430665e+00   4.060040e+00   1.127104e+01   8.903283e-01   4.647129e+00
   1.943753e+00   2.200837e+00   1.471547e+00   3.145139e+00   7.955383e+00   2.134755e+00   1.037602e+00   2.565661e+00
   1.063292e+00   1.099866e+00   1.055569e+00   1.298235e+00   2.579378e+00   8.122554e+00   3.849456e+00   1.251061e+01
   1.000135e+00   9.421907e-01   9.990164e-01   1.631409e+00   1.506120e+00   1.782226e+00   1.204738e+01   9.963650e+00
   1.566241e+00   1.648483e+00   1.871752e+00   7.449523e-01   2.855167e+00   4.203750e+00   8.475022e+00   9.690708e+00
   2.208250e+00   2.181058e+00   3.571470e+00   3.697172e+00   8.816946e-01   3.961897e+00   8.816946e-01   4.923943e+00
   1.278933e+00   1.410638e+00   2.234030e+00   3.844644e+00   9.191117e+00   2.062945e+00   1.805244e+00   1.327682e+00
   1.786713e+00   1.505876e+00   2.597901e+00   2.721143e+00   1.581411e+00   1.070465e+01   1.448455e+00   2.588885e+00
   2.251145e+00   3.196432e+00   2.199008e+00   8.106084e-01   3.093654e+00   2.498497e+00   8.173149e-01   8.106084e-01
   1.607789e+00   1.838031e+00   1.520946e+00   4.901031e+00   4.425695e+00   6.176781e+00   5.109724e+00   4.772275e+00
   1.835280e+00   2.489502e+00   4.042001e+00   2.091954e+00   5.633993e+00   3.157820e+00   8.643106e-01   1.869200e+00
   1.269036e+00   1.303634e+00   1.451708e+00   2.992404e+00   2.754993e+00   6.348136e+00   9.199894e+00   8.809665e+00
   2.109949e+00   7.954555e-01   4.483035e+00   2.693904e+00   4.418698e+00   7.954555e-01   1.476195e+00   1.090578e+00
   1.951224e+00   1.856132e+00   2.144927e+00   7.004721e+00   8.870109e-01   8.870109e-01   2.204321e+00   3.181661e+00
   1.112847e+00   1.058732e+00   7.944494e-01   2.217561e+00   2.973232e+00   4.965661e+00   1.285165e+01   3.501894e+00
   2.134217e+00   2.902264e+00   9.338467e-01   3.732994e+00   9.338467e-01   4.241187e+00   6.419073e+00   4.354817e+00
   2.557257e+00   2.558990e+00   8.666250e-01   2.205751e+00   3.399334e+00   2.206330e+00   9.246607e-01   1.543180e+00
   2.005015e+00   2.176404e+00   8.746938e-01   6.259167e+00   8.746938e-01   4.935009e+00   8.746938e-01   2.231817e+00
   1.765816e+00   1.873954e+00   2.936064e+00   6.181796e+00   2.875887e+00   2.291929e+00   4.327843e+00   2.028845e+00
   1.256747e+00   1.288407e+00   2.333414e+00   2.619987e+00   5.390805e+00   5.259931e+00   1.001579e+01   7.517456e-01
   2.477720e+00   8.501287e-01   1.642979e+00   2.045906e+00   5.806298e+00   8.501287e-01   4.051727e+00   8.501287e-01
   8.260060e-01   8.319629e-01   8.676744e-01   7.620435e-01   9.281969e-01   2.177120e+00   7.218310e+00   1.481309e+01
   2.252994e+00   2.014512e+00   8.475079e-01   3.283126e+00   3.790722e+00   2.614279e+00   8.475079e-01   8.352856e+00
   7.579328e-01   7.563943e-01   7.819399e-01   7.071799e-01   9.602790e-01   1.966852e+00   6.457392e+00   1.518423e+01
   1.070701e+00   9.854603e-01   1.110195e+00   2.032246e+00   2.186598e+00   8.063059e-01   1.381929e+01   5.083112e+00
   1.713736e+00   1.880241e+00   2.983489e+00   2.302180e+00   8.076841e+00   4.211842e+00   8.653528e-01   8.642720e-01
   2.114665e+00   2.328693e+00   3.914008e+00   8.619989e-01   3.669228e+00   3.340253e+00   1.326927e+00   4.833200e+00
   2.204017e+00   1.780067e+00   3.310455e+00   2.769160e+00   4.466557e+00   9.457805e-01   5.049707e+00   5.684035e+00
   1.282622e+00   1.438227e+00   1.599345e+00   2.343084e+00   3.331649e+00   9.885868e+00   7.642645e+00   8.228730e-01
   1.394930e+00   1.576898e+00   1.394598e+00   3.628401e+00   8.572889e-01   3.261629e+00   1.154400e+01   6.940198e+00
   1.946474e+00   2.688076e+00   3.464597e+00   3.026668e+00   2.173796e+00   3.466550e+00   2.534423e+00   4.410059e+00
   1.702382e+00   1.529382e+00   2.345547e+00   4.102118e+00   6.046061e+00   5.071161e+00   5.949159e+00   1.190881e+00
   1.848816e+00   1.604596e+00   1.928817e+00   2.479050e+00   2.686769e+00   4.354849e+00   1.052113e+01   5.703540e+00
   2.400924e+00   2.502271e+00   2.791508e+00   9.842489e-01   3.424375e+00   8.641118e-01   1.883254e+00   5.023025e+00
   1.092131e+00   1.189685e+00   8.039005e-01   2.235644e+00   1.894079e+00   9.459270e+00   8.039005e-01   1.099590e+01
   1.990978e+00   2.205574e+00   4.560593e+00   1.037673e+00   1.784087e+00   4.278423e+00   2.945284e+00   4.270416e+00
   1.798210e+00   1.705408e+00   2.424132e+00   3.657119e+00   6.998280e+00   1.259624e+00   3.503360e+00   6.410790e+00
   9.434446e-01   8.058972e-01   1.033384e+00   1.109765e+00   1.416096e+00   1.177052e+00   9.711658e+00   1.302317e+01
   1.684605e+00   1.847846e+00   9.043348e-01   9.043348e-01   5.566550e+00   7.331615e+00   9.043348e-01   9.489631e+00
   1.647673e+00   1.898389e+00   3.113010e+00   5.677170e+00   5.047365e+00   3.950163e+00   9.069106e-01   5.285356e+00
   1.024340e+00   1.051715e+00   1.454041e+00   2.100920e+00   3.233309e+00   1.166371e+01   4.280629e+00   7.901479e-01
   1.360646e+00   1.626138e+00   1.834145e+00   4.130395e+00   8.580660e-01   9.228255e+00   6.106516e+00   5.358955e+00
   1.992048e+00   2.018981e+00   8.253550e-01   4.863945e+00   2.248755e+00   8.253550e-01   6.830400e+00   6.169703e+00
   1.782320e+00   2.099125e+00   2.655656e+00   2.073174e+00   8.462898e-01   2.787318e+00   4.909957e+00   1.167426e+01
   1.518249e+00   1.519988e+00   2.807253e+00   7.893800e-01   2.603534e+00   7.034532e+00   9.829539e+00   7.893800e-01
   1.446930e+00   1.542552e+00   1.897308e+00   1.910011e+00   6.021466e+00   4.795479e+00   7.829965e+00   7.942898e+00
   1.796989e+00   1.965723e+00   3.609896e+00   8.406183e-01   4.882412e+00   7.584539e+00   8.406183e-01   8.406183e-01
   2.141954e+00   2.614302e+00   2.780178e+00   4.303012e+00   3.449624e+00   3.616410e+00   4.312181e+00   9.207287e-01
   1.051839e+00   1.136982e+00   1.595574e+00   2.325513e+00   4.097890e+00   8.002759e-01   3.123688e+00   1.499337e+01
   2.077119e+00   8.341993e-01   2.313613e+00   5.311775e+00   3.862611e+00   2.374169e+00   5.019819e+00   4.119623e+00
