   6.505607e-01   0.000000e+00   9.009232e-05   0.000000e+00   8.560061e-01   6.885869e-01   8.861047e-01   7.160029e-01   6.169164e-01   6.204851e-01   9.925904e-01   7.009758e-01   8.399230e-01   7.699675e-01
   1.752893e-01   1.925688e-01   1.949507e-03   2.922397e-02   9.276577e-01   6.343336e-01   9.808260e-01   8.273641e-01   1.000000e+00   9.869122e-01   1.000000e+00   8.768035e-01   8.462314e-01   9.696719e-01
   0.000000e+00   0.000000e+00   0.000000e+00   4.664425e-02   9.693882e-01   5.678624e-01   8.828358e-01   8.482479e-01   9.369534e-01   6.304799e-01   8.997209e-01   7.232792e-01   8.145237e-01   7.466258e-01
   1.000000e+00   0.000000e+00   0.000000e+00   0.000000e+00   7.387887e-01   5.512252e-01   9.881481e-01   8.577770e-01   8.049356e-01   9.648934e-01   8.662658e-01   7.118324e-01   8.479726e-01   1.000000e+00
   9.402197e-01   1.908067e-01   1.949507e-03   3.289088e-02   9.276577e-01   6.343336e-01   9.840580e-01   8.273641e-01   1.000000e+00   7.096052e-01   1.000000e+00   8.809958e-01   8.462314e-01   9.696719e-01
   4.369651e-01   3.142234e-03   1.177439e-06   0.000000e+00   9.599702e-01   9.318334e-01   1.000000e+00   7.538419e-01   4.660113e-01   7.289921e-01   7.307199e-01   7.263487e-01   9.619046e-01   8.553905e-01
   6.411605e-03   0.000000e+00   0.000000e+00   0.000000e+00   8.162474e-01   6.640642e-01   7.867658e-01   8.852865e-01   8.283208e-01   9.717242e-01   7.896719e-01   8.961657e-01   1.000000e+00   9.793798e-01
   2.897557e-02   9.868453e-01   0.000000e+00   2.815817e-03   1.000000e+00   8.294713e-01   7.588920e-01   8.512025e-01   5.567768e-01   9.963754e-01   1.000000e+00   9.281002e-01   9.909413e-01   7.816393e-01
   1.675210e-01   2.923030e-04   5.867465e-01   5.249627e-03   5.568126e-01   5.995723e-01   9.826033e-01   7.809800e-01   6.945461e-01   9.711482e-01   3.974176e-01   8.342208e-01   9.693372e-01   9.850164e-01
   1.590554e-01   1.524973e-01   3.108719e-04   0.000000e+00   9.081336e-01   6.885306e-01   9.170949e-01   9.809858e-01   8.750342e-01   6.222491e-01   1.000000e+00   8.860560e-01   8.395172e-01   8.005957e-01
   6.440040e-01   8.690415e-01   1.623032e-02   8.319054e-01   7.566147e-01   7.612248e-01   7.516813e-01   9.589366e-01   8.738381e-01   1.000000e+00   9.986645e-01   9.103673e-01   8.743081e-01   9.579002e-01
   0.000000e+00   0.000000e+00   0.000000e+00   2.830415e-06   7.996037e-01   8.118730e-01   6.938673e-01   9.698674e-01   9.767155e-01   8.519581e-01   5.700609e-01   7.775885e-01   6.933673e-01   4.665712e-01
   0.000000e+00   4.017762e-04   0.000000e+00   2.825283e-02   8.916100e-01   9.203757e-01   7.976474e-01   8.230242e-01   9.892507e-01   7.637808e-01   9.829694e-01   9.840167e-01   7.502209e-01   7.642856e-01
   0.000000e+00   0.000000e+00   0.000000e+00   1.862043e-05   5.748357e-01   9.658817e-01   8.703549e-01   8.899888e-01   6.641226e-01   8.782935e-01   7.189657e-01   7.393149e-01   8.399604e-01   8.074599e-01
   1.800118e-05   0.000000e+00   0.000000e+00   0.000000e+00   1.000000e+00   6.855017e-01   7.909690e-01   9.552214e-01   8.588716e-01   8.709172e-01   7.918570e-01   9.819215e-01   9.003072e-01   6.249187e-01
   9.973696e-01   5.227927e-04   0.000000e+00   4.941935e-01   7.310233e-01   5.593252e-01   6.887598e-01   9.931097e-01   9.559394e-01   8.560791e-01   8.039134e-01   8.829744e-01   8.215576e-01   1.000000e+00
   0.000000e+00   1.809755e-02   5.456956e-01   0.000000e+00   7.680807e-01   6.874028e-01   3.851204e-01   9.857098e-01   8.199959e-01   1.000000e+00   9.751806e-01   8.680297e-01   8.439117e-01   8.523643e-01
   8.994844e-04   0.000000e+00   0.000000e+00   6.998837e-06   6.122561e-01   6.074356e-01   7.466614e-01   8.563838e-01   8.595396e-01   9.858423e-01   8.852677e-01   9.207353e-01   9.908804e-01   8.141721e-01
   0.000000e+00   0.000000e+00   7.623329e-01   0.000000e+00   7.992976e-01   8.260199e-01   7.555566e-01   9.664185e-01   9.688519e-01   8.492063e-01   9.670643e-01   7.213856e-01   6.933673e-01   7.929940e-01
   0.000000e+00   9.665594e-01   6.391287e-01   2.103478e-03   6.173588e-01   7.504731e-01   8.734574e-01   9.988080e-01   5.534602e-01   9.707951e-01   7.361656e-01   8.278643e-01   7.859046e-01   9.124440e-01
   4.846992e-03   0.000000e+00   7.717399e-03   7.854774e-02   3.569308e-01   6.855017e-01   7.909690e-01   9.543330e-01   8.082853e-01   8.709172e-01   8.181195e-01   9.819215e-01   9.025587e-01   6.454514e-01
   7.046623e-01   1.143423e-02   1.018523e-01   1.263208e-03   7.500873e-01   9.071274e-01   9.690611e-01   8.496053e-01   8.048575e-01   9.728654e-01   6.160224e-01   9.048796e-01   9.281267e-01   7.679019e-01
   6.376884e-01   0.000000e+00   0.000000e+00   4.976050e-01   9.082252e-01   6.871352e-01   7.909690e-01   9.552214e-01   8.188519e-01   8.414571e-01   7.893101e-01   8.688650e-01   9.025587e-01   9.566947e-01
   1.590554e-01   1.524973e-01   3.108719e-04   1.185932e-02   9.172995e-01   7.108294e-01   9.170949e-01   6.231126e-01   8.750342e-01   6.130929e-01   9.996515e-01   8.860560e-01   8.395172e-01   8.005957e-01
   1.000000e+00   0.000000e+00   1.000000e+00   5.103313e-01   6.371843e-01   8.128465e-01   9.631111e-01   8.611131e-01   9.464551e-01   8.586929e-01   6.204336e-01   8.367870e-01   8.933934e-01   9.820383e-01
   0.000000e+00   2.032909e-01   2.913623e-01   0.000000e+00   7.471555e-01   8.152409e-01   8.720216e-01   9.908691e-01   8.990831e-01   8.603639e-01   8.793357e-01   8.998796e-01   7.527140e-01   9.547048e-01
   6.572389e-01   5.227927e-04   2.167029e-01   0.000000e+00   6.632252e-01   5.479333e-01   9.998160e-01   8.104290e-01   8.630805e-01   8.682500e-01   8.712238e-01   8.856909e-01   8.228896e-01   9.995704e-01
   9.617863e-01   0.000000e+00   1.949507e-03   6.767740e-01   3.374260e-02   9.952231e-01   9.768094e-01   8.246820e-01   8.740048e-01   9.729616e-01   6.825079e-01   7.373692e-01   9.724152e-01   8.418947e-01
   6.600373e-01   0.000000e+00   2.858838e-05   5.418922e-02   7.748420e-01   5.626687e-01   6.860716e-01   7.214225e-01   8.212985e-01   8.793815e-01   9.740558e-01   4.253845e-01   8.274408e-01   7.668184e-01
   0.000000e+00   4.017762e-04   9.794407e-03   2.825283e-02   4.665424e-01   9.203757e-01   7.976474e-01   8.230242e-01   9.892507e-01   7.650644e-01   9.829694e-01   9.840167e-01   7.390283e-01   6.450713e-01
   1.000000e+00   5.227927e-04   1.140875e-03   0.000000e+00   7.457403e-01   5.431598e-01   9.998160e-01   8.268667e-01   9.559394e-01   6.875075e-01   8.039134e-01   9.196501e-01   4.791490e-02   1.000000e+00
   4.899642e-01   6.105599e-01   1.333840e-01   0.000000e+00   1.000000e+00   6.556667e-01   9.957702e-01   9.948674e-01   7.388907e-01   7.593494e-01   9.474028e-01   7.138933e-01   9.710087e-01   9.906811e-01
   0.000000e+00   7.088891e-01   0.000000e+00   1.250321e-04   5.938442e-01   9.279911e-01   9.280981e-01   9.921590e-01   8.901709e-01   1.088115e-01   9.242323e-01   9.144017e-01   9.882646e-01   7.233627e-01
   1.486805e-05   0.000000e+00   5.320351e-02   2.109974e-02   9.309250e-01   6.993848e-01   7.908336e-01   9.606612e-01   8.020792e-01   9.867079e-01   8.018085e-01   8.999740e-01   9.702899e-01   1.839806e-01
   8.994844e-04   0.000000e+00   8.522700e-01   6.998837e-06   8.257387e-01   6.074356e-01   7.466614e-01   8.563838e-01   8.610768e-01   9.858423e-01   8.852677e-01   7.169341e-01   9.908804e-01   1.843981e-01
   6.875291e-01   1.435428e-01   9.219423e-02   2.970312e-01   7.265253e-02   9.486825e-01   7.467902e-01   9.997178e-01   8.038446e-01   9.655283e-01   1.000000e+00   8.824951e-01   9.567544e-01   9.569977e-01
   5.899168e-01   0.000000e+00   0.000000e+00   5.991132e-04   9.750001e-01   6.958905e-01   9.023344e-01   5.863641e-01   9.312736e-01   9.881349e-01   8.758786e-01   7.435713e-01   7.381833e-01   7.361395e-01
   9.988501e-01   0.000000e+00   2.731409e-01   2.312465e-03   6.124796e-01   6.046339e-01   7.466614e-01   8.504855e-01   8.601011e-01   9.862860e-01   8.474843e-01   7.376176e-01   1.000000e+00   7.657328e-01
   9.467408e-01   0.000000e+00   2.018849e-03   6.998837e-06   5.946876e-01   6.129466e-01   8.083119e-01   8.778883e-01   8.628176e-01   9.905431e-01   8.433013e-01   7.376176e-01   1.000000e+00   1.000000e+00
   8.996185e-01   0.000000e+00   9.857494e-01   3.063668e-02   1.000000e+00   5.585286e-01   7.822480e-01   8.484150e-01   9.490371e-01   8.771513e-01   5.963053e-01   8.772344e-01   7.955450e-01   9.551419e-01
   4.414279e-01   1.428672e-01   1.242942e-06   0.000000e+00   9.789332e-01   9.218329e-01   4.818383e-01   7.511147e-01   5.956949e-01   8.587768e-01   7.416220e-01   3.489487e-01   1.000000e+00   8.538258e-01
   5.926813e-01   9.472421e-01   0.000000e+00   4.751749e-03   7.612520e-01   5.513462e-01   7.428935e-01   9.883137e-01   9.205657e-01   9.218440e-01   9.686151e-01   9.222226e-01   9.768701e-01   8.523643e-01
   2.306360e-01   1.312000e-03   0.000000e+00   0.000000e+00   7.741025e-01   9.634289e-01   7.252944e-01   9.857098e-01   9.780176e-01   4.642815e-01   9.675911e-01   9.147930e-01   7.975968e-01   9.394045e-01
   0.000000e+00   0.000000e+00   9.406202e-04   0.000000e+00   7.741025e-01   9.580853e-01   5.704307e-01   9.857098e-01   9.780176e-01   1.000000e+00   9.675911e-01   9.126135e-01   7.975968e-01   8.194006e-01
   2.902637e-02   6.271383e-02   3.143988e-02   1.250321e-04   9.943949e-01   6.849568e-01   6.375034e-01   9.969061e-01   8.029862e-01   9.806011e-01   8.961864e-01   8.312627e-01   7.444727e-01   8.537922e-01
   0.000000e+00   4.417118e-01   0.000000e+00   1.862043e-05   4.796433e-01   5.801831e-01   8.817251e-01   7.587892e-01   6.676411e-01   1.000000e+00   7.070874e-01   9.197824e-01   9.771803e-01   8.168213e-01
   5.115217e-01   6.619716e-01   0.000000e+00   2.126498e-01   9.239555e-01   7.006136e-01   7.702581e-01   9.883558e-01   8.205746e-01   8.569310e-03   9.044621e-01   8.502637e-01   6.743845e-01   8.606933e-01
   0.000000e+00   9.492784e-01   7.299972e-02   7.823386e-01   7.673548e-01   5.516535e-01   4.791511e-01   8.921700e-01   8.275451e-01   8.810083e-01   6.723420e-01   9.758834e-01   5.372381e-01   4.068521e-01
   6.890805e-01   0.000000e+00   9.009232e-05   7.098915e-03   9.145041e-01   6.565830e-01   4.968920e-01   9.205156e-01   5.793751e-01   6.539086e-01   9.953581e-01   7.044665e-01   9.633491e-01   7.635938e-01
   5.076481e-01   5.961833e-01   3.509546e-09   0.000000e+00   8.141750e-01   8.056997e-01   4.344329e-01   6.967592e-01   8.882919e-01   2.324077e-01   9.744146e-01   8.399626e-01   8.445287e-01   9.716681e-01
   4.944784e-01   9.561523e-01   8.358876e-01   5.114739e-01   9.913828e-01   7.268938e-01   8.382112e-01   7.398154e-01   8.612054e-01   9.719565e-01   8.842938e-01   8.669197e-01   7.454819e-01   8.823095e-01
   6.903056e-04   0.000000e+00   3.361109e-04   6.054867e-01   9.091727e-01   7.985815e-01   8.123323e-01   9.751873e-01   8.020792e-01   8.601607e-01   7.823661e-01   8.999740e-01   7.970554e-01   6.596539e-01
   4.934119e-01   5.897736e-01   6.465549e-01   1.491860e-01   9.185832e-01   9.305285e-01   6.803634e-01   8.255586e-01   8.034689e-01   9.671854e-01   8.915294e-01   7.128730e-01   7.319312e-01   6.297477e-01
   9.151114e-01   1.000000e+00   0.000000e+00   5.604194e-01   5.931430e-01   7.290513e-01   5.820907e-01   9.517915e-01   8.175813e-01   7.453259e-01   1.000000e+00   7.039150e-01   1.000000e+00   7.376531e-01
   6.274326e-03   0.000000e+00   1.522866e-05   0.000000e+00   2.698177e-01   4.375292e-01   7.787194e-01   9.580736e-01   6.079084e-01   6.122118e-01   5.862528e-01   7.718022e-01   8.218436e-01   7.532618e-01
   2.493091e-01   1.084623e-02   1.474640e-02   0.000000e+00   9.953969e-01   5.984625e-01   8.680215e-01   8.519726e-01   8.164700e-01   8.693294e-01   1.000000e+00   8.660483e-01   8.539086e-01   8.109363e-01
   9.910954e-01   0.000000e+00   5.421563e-02   0.000000e+00   7.641015e-01   9.580853e-01   9.309718e-01   2.149645e-01   9.780176e-01   9.991423e-01   9.675911e-01   8.954669e-01   7.263256e-01   9.413239e-01
   9.963840e-01   1.000000e+00   9.976759e-01   1.000000e+00   8.216289e-01   8.563262e-01   7.901216e-01   9.954502e-01   6.446272e-01   8.627031e-01   8.607697e-01   8.467005e-01   7.827679e-01   9.526741e-01
   6.559735e-01   0.000000e+00   4.518871e-01   1.207504e-04   9.416539e-01   8.140684e-01   6.150403e-01   9.941413e-01   6.521932e-01   7.123778e-01   5.701187e-01   8.833994e-01   8.889040e-01   4.841359e-01
   6.063854e-04   0.000000e+00   4.781401e-03   0.000000e+00   2.698177e-01   4.308416e-01   7.787194e-01   9.580736e-01   2.820692e-01   6.122118e-01   5.728097e-01   1.130198e-01   8.178898e-01   7.552878e-01
   7.049364e-01   1.143423e-02   1.042455e-01   1.433843e-01   8.944095e-01   7.122392e-01   8.475864e-01   8.513440e-01   8.606210e-01   6.753087e-01   2.911439e-01   9.048796e-01   8.222787e-01   9.872127e-01
   0.000000e+00   8.165900e-03   0.000000e+00   2.831246e-02   6.625914e-01   9.334989e-01   8.075531e-01   6.281046e-01   9.811405e-01   7.641362e-01   9.438893e-01   9.613560e-01   8.077066e-01   7.735245e-01
   9.447763e-01   8.707605e-01   2.018849e-03   8.485510e-01   5.946876e-01   6.129466e-01   8.083119e-01   8.668480e-01   8.545828e-01   9.999719e-01   8.487319e-01   7.376176e-01   1.000000e+00   1.000000e+00
   5.899168e-01   0.000000e+00   1.190131e-03   5.991132e-04   9.757345e-01   6.958905e-01   8.124952e-01   9.777632e-01   9.312736e-01   9.881349e-01   8.758786e-01   7.435713e-01   7.381833e-01   7.361395e-01
   0.000000e+00   0.000000e+00   0.000000e+00   0.000000e+00   7.741025e-01   9.580853e-01   7.252944e-01   9.857098e-01   9.729391e-01   1.000000e+00   9.656804e-01   9.186979e-01   7.975968e-01   9.413239e-01
   2.483583e-01   0.000000e+00   3.690259e-05   0.000000e+00   6.697965e-01   6.410094e-01   5.446419e-01   8.271557e-01   8.066391e-01   9.930467e-01   8.076269e-01   9.463624e-01   9.944249e-01   7.913835e-01
   7.956764e-04   5.769214e-01   0.000000e+00   0.000000e+00   8.906691e-01   6.390221e-01   9.772712e-01   9.690001e-01   7.462816e-01   9.761636e-01   9.980690e-01   9.296629e-01   8.877032e-01   1.000000e+00
   4.200832e-01   1.102884e-02   1.272748e-06   0.000000e+00   9.928000e-01   7.984265e-01   5.036385e-01   7.467150e-01   8.355818e-01   8.524162e-01   2.552409e-01   7.325881e-01   9.713808e-01   8.589432e-01
   0.000000e+00   0.000000e+00   4.620311e-02   0.000000e+00   1.000000e+00   6.883868e-01   7.909690e-01   9.552214e-01   8.050779e-01   8.709172e-01   8.768218e-01   9.819215e-01   9.003072e-01   6.249187e-01
   0.000000e+00   0.000000e+00   1.522866e-05   0.000000e+00   5.770611e-01   4.238773e-01   7.671032e-01   9.580736e-01   5.211366e-01   6.122118e-01   5.724192e-01   7.718022e-01   8.218436e-01   7.532618e-01
   4.846992e-03   0.000000e+00   0.000000e+00   7.854774e-02   6.653676e-01   6.855017e-01   6.650414e-01   9.543330e-01   6.419763e-01   5.017880e-01   8.181195e-01   9.828736e-01   9.025587e-01   3.877650e-01
   0.000000e+00   5.893822e-01   8.632167e-01   2.779020e-02   6.414901e-01   8.803834e-01   9.517471e-01   7.545157e-01   7.954668e-01   7.667144e-01   9.907285e-01   7.075452e-01   7.924633e-01   7.745761e-01
   0.000000e+00   9.520403e-03   0.000000e+00   0.000000e+00   9.914827e-01   5.380641e-01   9.599638e-01   9.919567e-01   7.104666e-01   8.780264e-01   8.790523e-01   7.678382e-01   8.694459e-01   5.147133e-01
   2.902637e-02   6.245470e-02   4.640595e-03   1.250321e-04   7.647384e-01   7.550837e-01   4.407220e-01   8.972061e-01   8.034310e-01   9.706580e-01   8.961864e-01   9.309069e-01   7.470219e-01   9.682423e-01
   0.000000e+00   9.369330e-01   6.288388e-01   0.000000e+00   7.454214e-01   7.056670e-01   7.372407e-01   1.000000e+00   5.670103e-01   9.971452e-01   7.361656e-01   8.939713e-01   4.176885e-01   8.897324e-01
   0.000000e+00   0.000000e+00   0.000000e+00   6.998837e-06   7.615592e-01   6.074356e-01   7.388391e-01   9.867375e-01   8.595396e-01   9.690209e-01   8.852677e-01   9.207353e-01   9.744761e-01   8.199103e-01
   6.440040e-01   8.855088e-01   9.628954e-04   8.317262e-01   9.908935e-01   7.042523e-01   9.662307e-01   9.555022e-01   8.738381e-01   1.000000e+00   1.000000e+00   9.134046e-01   8.368669e-01   9.576889e-01
   6.044881e-02   3.085721e-01   1.140703e-02   4.664425e-02   9.830067e-01   7.691960e-01   9.619131e-01   9.823626e-01   9.375439e-01   8.877352e-01   8.797072e-01   9.884730e-01   7.398308e-01   7.466258e-01
   1.078301e-02   1.162670e-04   0.000000e+00   3.135610e-03   6.377725e-01   6.603451e-01   9.199864e-01   9.799683e-01   9.473075e-01   8.830635e-01   9.962362e-01   9.328415e-01   8.759671e-01   9.978109e-01
   2.493091e-01   3.548878e-01   1.474640e-02   0.000000e+00   6.089113e-02   5.328554e-01   8.680215e-01   8.519726e-01   8.140324e-01   8.725704e-01   1.000000e+00   8.660483e-01   8.539086e-01   9.830253e-01
   9.353761e-01   9.878842e-01   0.000000e+00   2.929597e-01   8.987041e-01   7.297821e-01   7.621516e-01   9.573190e-01   8.757689e-01   9.682892e-01   1.000000e+00   9.147053e-01   9.909413e-01   8.184554e-01
   7.448759e-01   0.000000e+00   0.000000e+00   7.719060e-03   9.701957e-01   1.000000e+00   6.881211e-01   7.410083e-01   9.139496e-01   9.849787e-01   8.933888e-01   8.684273e-01   8.997434e-01   9.824401e-01
   8.114966e-02   7.702390e-02   9.179169e-02   1.346493e-04   6.344575e-01   7.523327e-01   8.173440e-01   9.563756e-01   3.304483e-01   9.854572e-01   6.824791e-01   7.290582e-01   8.744828e-01   9.569973e-01
   2.663651e-02   6.537844e-02   9.151400e-02   1.019300e-04   7.256637e-01   6.962208e-01   5.153869e-01   9.962612e-01   8.740943e-01   6.662960e-01   6.791606e-01   8.787231e-01   8.745865e-01   9.398320e-01
   9.467408e-01   0.000000e+00   9.272404e-01   6.998837e-06   1.000000e+00   6.029302e-01   8.357274e-01   8.778883e-01   8.833482e-01   9.905431e-01   8.540271e-01   3.354282e-01   1.000000e+00   1.000000e+00
   4.995852e-01   9.561523e-01   8.353616e-01   2.108342e-01   9.991585e-01   8.157700e-01   6.550275e-01   9.733252e-01   8.605786e-01   9.646198e-01   8.952458e-01   9.041140e-01   8.304515e-01   8.823095e-01
   2.057383e-03   0.000000e+00   5.320351e-02   6.054867e-01   9.081364e-01   7.985815e-01   7.695546e-01   9.658154e-01   8.057574e-01   8.601607e-01   8.018085e-01   9.065878e-01   7.970554e-01   7.412934e-01
   7.112456e-01   0.000000e+00   4.249731e-01   6.373644e-05   6.223837e-01   7.585153e-01   7.457871e-01   2.987942e-01   6.678615e-01   7.086250e-01   4.993850e-01   8.833994e-01   1.000000e+00   9.339737e-01
   6.162189e-04   0.000000e+00   0.000000e+00   3.027283e-01   8.133676e-01   7.449463e-01   9.214134e-01   1.000000e+00   8.176089e-01   9.695337e-01   8.805036e-01   8.912522e-01   1.000000e+00   5.606059e-01
   1.752893e-01   1.925596e-01   9.672704e-03   2.870811e-02   1.204613e-01   3.578691e-01   9.307060e-01   8.273641e-01   1.000000e+00   9.880627e-01   1.000000e+00   6.643855e-01   8.316148e-01   9.696719e-01
   8.114966e-02   7.148658e-01   9.179169e-02   1.346493e-04   9.013980e-01   5.634109e-01   8.750901e-01   9.472456e-01   9.698227e-01   9.796020e-01   6.826653e-01   7.249448e-01   8.730134e-01   9.538190e-01
   4.866226e-01   2.931347e-02   0.000000e+00   2.218591e-01   2.119658e-01   6.807461e-01   7.702581e-01   9.880333e-01   8.338917e-01   9.676375e-01   9.079796e-01   8.586020e-01   6.575939e-01   8.587544e-01
   6.573087e-01   1.679787e-03   9.009232e-05   0.000000e+00   7.994402e-01   8.074250e-01   9.414213e-01   9.780726e-01   6.169164e-01   8.419377e-01   9.803933e-01   7.190598e-01   8.291050e-01   7.660593e-01
   9.467408e-01   0.000000e+00   2.018849e-03   1.830448e-01   5.946876e-01   6.283152e-01   8.141682e-01   8.784688e-01   8.628176e-01   9.905431e-01   8.433013e-01   7.376176e-01   3.416745e-01   9.796512e-01
   4.908684e-01   1.944916e-01   1.949507e-03   2.127737e-01   9.276577e-01   6.343336e-01   9.808260e-01   8.268160e-01   1.000000e+00   9.694198e-01   9.945853e-01   7.040934e-01   8.677792e-01   9.820864e-01
   4.962945e-01   0.000000e+00   9.956552e-01   2.109139e-01   1.000000e+00   7.773880e-01   9.524929e-01   8.493698e-01   9.541818e-01   9.703831e-01   7.839359e-01   6.981696e-01   3.550519e-01   9.314214e-01
   4.453676e-01   1.437136e-01   3.188733e-04   6.238509e-04   7.757787e-01   4.537185e-01   8.079720e-01   7.404188e-01   8.030302e-01   4.995274e-01   8.754068e-01   8.971333e-01   8.730607e-01   9.643109e-01
   4.802863e-03   0.000000e+00   3.047223e-01   6.429845e-01   7.679024e-01   2.216959e-01   7.388391e-01   9.885961e-01   5.283248e-01   9.690209e-01   8.852677e-01   9.312612e-01   9.915340e-01   8.199103e-01
   6.852253e-01   9.471541e-01   3.054617e-02   2.059392e-02   9.981785e-01   8.170494e-01   5.644462e-01   2.637662e-01   5.367069e-01   7.621615e-01   6.016898e-01   7.288010e-01   8.363183e-01   7.931562e-01
   6.875294e-01   0.000000e+00   9.219423e-02   2.338473e-02   1.095539e-01   7.372385e-01   5.115262e-01   9.551799e-01   8.740943e-01   6.771533e-01   6.801561e-01   8.793946e-01   8.758805e-01   9.569977e-01
