   3.828552e-01   9.643040e-01   6.102198e-01   9.938816e-01   7.963255e-01   8.236650e-01   3.575617e-01   2.515638e-01   2.129590e-01   1.419911e-01   1.542931e-01   5.921659e-02   4.423226e-02   3.580282e-02
   2.782039e-01   7.122518e-01   2.874455e-01   6.303561e-01   7.901266e-01   9.346371e-01   2.306070e-01   2.891648e-01   3.619192e-02   5.758180e-02   2.229548e-02   1.821122e-02   1.252066e-02   2.334548e-03
   3.828552e-01   9.248061e-01   7.459089e-01   9.938816e-01   7.962946e-01   4.335460e-01   3.791425e-01   2.616607e-01   2.153427e-01   1.112880e-01   1.399576e-01   6.573977e-02   3.884803e-02   3.000493e-02
   2.192253e-01   7.297736e-01   2.874455e-01   4.978770e-01   7.901266e-01   6.425613e-01   2.306070e-01   2.891648e-01   3.619192e-02   3.201803e-02   1.602789e-02   4.542907e-03   1.252066e-02   2.334548e-03
   8.582028e-01   9.120826e-01   9.089487e-01   6.702048e-01   9.953977e-01   9.369995e-01   8.130178e-01   8.596351e-01   4.850675e-01   7.019891e-01   3.960666e-01   3.554783e-01   2.234920e-01   2.133948e-01
   3.838845e-01   9.248061e-01   7.459089e-01   9.819776e-01   7.970651e-01   4.611325e-01   3.822345e-01   2.589127e-01   2.122998e-01   1.112880e-01   1.399576e-01   6.573977e-02   3.884803e-02   3.000493e-02
   8.304003e-01   4.963771e-01   7.759210e-01   8.313256e-01   7.555696e-01   6.442407e-01   5.136929e-01   3.484716e-01   2.803945e-01   2.341352e-01   1.466199e-01   1.143801e-01   1.140569e-01   6.846202e-02
   6.054422e-01   3.957386e-02   7.116097e-02   7.517926e-01   7.882098e-01   9.499476e-01   2.306070e-01   1.855163e-01   3.619192e-02   5.758180e-02   2.229548e-02   1.821122e-02   1.252066e-02   2.334548e-03
   9.460373e-01   9.287509e-01   6.756707e-01   6.702048e-01   9.953977e-01   9.297655e-01   8.153494e-01   8.596351e-01   4.764735e-01   5.368998e-01   3.447086e-01   3.554783e-01   2.234920e-01   2.133948e-01
   3.828552e-01   8.499949e-01   7.461712e-01   1.000000e+00   7.962946e-01   4.375438e-01   3.667697e-01   2.543395e-01   1.431304e-01   1.112880e-01   1.406996e-01   6.573977e-02   4.964015e-02   2.508684e-02
   3.828552e-01   8.499949e-01   7.460901e-01   7.724501e-01   7.493521e-01   4.375438e-01   3.667697e-01   2.543395e-01   1.331389e-01   1.112880e-01   1.406996e-01   6.744102e-02   3.487349e-02   1.831771e-02
   9.158396e-01   9.747581e-01   7.375353e-01   6.904471e-01   9.960542e-01   9.484383e-01   8.436329e-01   8.276430e-01   6.469457e-01   3.892189e-01   4.078788e-01   3.528966e-01   2.487366e-01   2.558494e-01
   8.361787e-01   9.616643e-01   6.400906e-01   8.208483e-01   9.046155e-01   8.250999e-01   7.596426e-01   5.839234e-01   4.987725e-01   3.933458e-01   4.691646e-01   2.972199e-01   2.112628e-01   1.928847e-01
   8.178302e-01   1.000000e+00   6.160679e-01   3.902857e-01   9.971341e-01   8.833164e-01   7.785761e-01   5.859210e-01   4.755082e-01   3.537076e-01   2.589865e-01   2.878853e-01   1.945185e-01   1.307010e-01
   2.364422e-01   9.878875e-01   7.900745e-01   7.434680e-01   3.109185e-01   4.813373e-01   3.190656e-01   1.589616e-01   1.281254e-01   6.841543e-02   1.823178e-01   1.931934e-02   1.252066e-02   8.542987e-03
   8.358665e-01   9.616643e-01   6.389169e-01   8.208483e-01   9.070162e-01   8.250999e-01   7.596426e-01   5.839234e-01   4.959880e-01   3.933458e-01   4.691646e-01   2.954823e-01   1.948856e-01   1.928847e-01
   9.290762e-01   9.358712e-01   9.566063e-01   7.649138e-01   8.370908e-01   8.197701e-01   8.274290e-01   8.092012e-01   6.534593e-01   7.618340e-01   4.073744e-01   3.544222e-01   3.004653e-01   2.560385e-01
   8.721029e-01   9.120826e-01   9.105966e-01   6.702048e-01   9.953977e-01   9.369995e-01   8.209754e-01   8.596351e-01   4.850675e-01   7.046704e-01   3.960666e-01   3.554783e-01   2.234920e-01   2.133948e-01
   2.364422e-01   9.933843e-01   5.705721e-01   4.789100e-01   3.265720e-01   2.316449e-01   5.990495e-02   2.270168e-01   3.948410e-02   2.958366e-02   1.451203e-01   1.622629e-02   5.967249e-03   2.325743e-03
   8.304003e-01   4.964152e-01   7.759210e-01   9.209479e-01   7.558788e-01   6.431606e-01   5.136929e-01   3.484716e-01   2.800028e-01   2.341352e-01   1.684134e-01   1.143801e-01   1.072502e-01   6.554490e-02
   2.395696e-01   9.910222e-01   5.744777e-01   7.507068e-01   3.302511e-01   2.444577e-01   3.036183e-01   1.790780e-01   4.858468e-02   2.958366e-02   1.592078e-01   1.227110e-02   5.967249e-03   1.701249e-03
   2.362761e-01   9.933843e-01   5.708422e-01   3.588924e-01   5.675255e-01   2.394705e-01   5.990495e-02   2.270168e-01   3.948410e-02   2.958366e-02   1.355436e-01   1.622629e-02   5.967249e-03   2.325743e-03
   5.966254e-01   3.957386e-02   3.594755e-01   7.475394e-01   7.166723e-01   9.499476e-01   2.306070e-01   1.889950e-01   3.619192e-02   5.741091e-02   4.071745e-02   1.821122e-02   1.252066e-02   2.334548e-03
   5.966254e-01   2.873782e-02   2.785126e-01   6.325069e-01   7.166723e-01   9.499476e-01   2.304879e-01   1.889950e-01   3.852347e-02   5.741091e-02   4.134717e-02   1.821122e-02   1.356493e-02   2.334548e-03
   9.397044e-01   3.872309e-01   2.185804e-01   9.587789e-01   7.547432e-01   4.891521e-01   4.220310e-01   2.817221e-01   2.069497e-01   1.370301e-01   1.161469e-01   7.016066e-02   5.225231e-02   4.356868e-02
   8.297671e-01   9.667157e-01   6.400906e-01   7.117080e-01   9.954034e-01   8.301608e-01   7.804479e-01   5.842000e-01   4.987739e-01   3.924932e-01   4.691646e-01   2.907675e-01   2.112628e-01   1.928847e-01
   2.395696e-01   9.920825e-01   5.558080e-01   7.302236e-01   3.302511e-01   2.481319e-01   3.074232e-01   1.790780e-01   4.858468e-02   2.958366e-02   1.592078e-01   1.227110e-02   6.588599e-03   1.701249e-03
   8.361787e-01   9.616643e-01   6.433525e-01   8.085261e-01   9.031245e-01   8.233636e-01   7.596426e-01   5.839234e-01   4.987725e-01   3.963525e-01   4.691646e-01   2.972199e-01   2.117759e-01   1.928847e-01
   8.490775e-01   4.963771e-01   7.759210e-01   6.201846e-01   8.274642e-01   6.414476e-01   4.993038e-01   3.484411e-01   2.901129e-01   2.341352e-01   1.588376e-01   1.150641e-01   9.666406e-02   6.846202e-02
   9.460373e-01   9.287509e-01   6.849889e-01   6.702048e-01   9.953977e-01   9.297655e-01   8.153494e-01   8.596351e-01   4.764735e-01   5.368998e-01   3.447086e-01   3.576191e-01   2.234920e-01   2.133948e-01
   9.258832e-01   3.872309e-01   3.258407e-01   7.822971e-01   7.543374e-01   4.948006e-01   4.170062e-01   2.817221e-01   2.224000e-01   1.370301e-01   1.173239e-01   7.016066e-02   5.265818e-02   4.356868e-02
   8.278674e-01   4.954191e-01   7.805268e-01   6.341146e-01   7.790380e-01   6.775734e-01   5.054419e-01   3.498092e-01   2.803945e-01   2.341352e-01   1.441402e-01   1.143801e-01   1.004453e-01   6.846202e-02
   2.535545e-01   9.942648e-01   5.755233e-01   5.045675e-01   3.222416e-01   2.316449e-01   6.729418e-02   2.017314e-01   3.996484e-02   2.958366e-02   1.648687e-01   1.622629e-02   5.967249e-03   2.325743e-03
   9.032725e-01   9.275841e-01   9.975713e-01   9.288478e-01   8.808754e-01   8.197701e-01   8.274290e-01   8.423781e-01   6.559630e-01   7.743816e-01   4.256502e-01   3.510204e-01   3.070009e-01   2.593338e-01
   8.279561e-01   5.047826e-01   7.759210e-01   9.209479e-01   7.558788e-01   6.431606e-01   5.136929e-01   3.484716e-01   2.800028e-01   2.341352e-01   1.684134e-01   1.143801e-01   1.072502e-01   6.455358e-02
   7.981325e-01   9.786377e-01   7.721272e-01   3.979337e-01   9.971341e-01   8.837416e-01   7.323577e-01   5.855873e-01   4.755082e-01   3.901148e-01   2.974493e-01   2.714275e-01   2.119734e-01   1.307010e-01
   9.158396e-01   9.747581e-01   7.375353e-01   4.908584e-01   9.960542e-01   9.818138e-01   8.436329e-01   8.276430e-01   5.339356e-01   3.892189e-01   4.051188e-01   3.528966e-01   2.487366e-01   2.558494e-01
   8.445667e-01   9.616643e-01   6.433525e-01   8.152408e-01   9.031245e-01   8.233636e-01   7.596426e-01   5.741509e-01   4.987725e-01   3.963525e-01   4.712668e-01   2.972199e-01   2.018319e-01   1.928847e-01
   9.552539e-01   3.842584e-01   3.783455e-02   8.542810e-01   7.525958e-01   4.769882e-01   4.726472e-01   2.892951e-01   2.174781e-01   1.370301e-01   8.714612e-02   7.016066e-02   3.983809e-02   3.351659e-02
   9.032725e-01   9.803329e-01   9.909862e-01   7.649138e-01   8.324660e-01   8.197701e-01   8.274290e-01   7.844492e-01   6.532965e-01   7.618340e-01   4.073744e-01   3.544222e-01   3.011073e-01   2.560385e-01
   8.311511e-01   9.666951e-01   6.521552e-01   8.809177e-01   9.956403e-01   8.302860e-01   7.729049e-01   5.839234e-01   5.034442e-01   3.934174e-01   4.583571e-01   2.926845e-01   2.037414e-01   1.928847e-01
   8.128422e-01   8.086162e-01   9.833226e-01   8.152408e-01   9.031245e-01   8.112827e-01   7.596426e-01   5.741509e-01   4.988433e-01   4.010165e-01   4.712668e-01   2.972199e-01   2.018319e-01   1.928847e-01
   7.955295e-01   9.666546e-01   7.722373e-01   5.217912e-01   9.690346e-01   8.123566e-01   7.785761e-01   5.829096e-01   4.752554e-01   3.651176e-01   2.655572e-01   2.878853e-01   2.121896e-01   1.307010e-01
   3.934172e-01   9.248061e-01   7.459089e-01   9.821260e-01   7.970651e-01   4.551230e-01   3.787888e-01   2.552537e-01   2.122998e-01   1.164240e-01   1.356757e-01   6.573977e-02   4.141141e-02   2.986424e-02
   9.566961e-01   3.830126e-01   1.741654e-02   9.014927e-01   7.525958e-01   4.720211e-01   4.768226e-01   2.892951e-01   2.396020e-01   1.362916e-01   8.714612e-02   7.016066e-02   3.983809e-02   3.351659e-02
   9.404237e-01   3.872309e-01   2.214928e-01   9.587789e-01   7.547432e-01   4.891521e-01   4.220310e-01   2.823240e-01   2.069497e-01   1.370301e-01   1.161469e-01   7.016066e-02   5.225231e-02   4.356868e-02
   8.096583e-01   4.963771e-01   9.872885e-01   6.269135e-01   7.218108e-01   6.463705e-01   5.051506e-01   3.474838e-01   3.017697e-01   2.341352e-01   1.409645e-01   1.252460e-01   1.004453e-01   7.799354e-02
   3.828552e-01   8.499949e-01   7.332896e-01   1.000000e+00   8.000067e-01   4.375438e-01   3.667697e-01   2.543395e-01   1.431304e-01   1.112880e-01   1.349465e-01   6.573977e-02   4.964015e-02   2.508684e-02
   8.445667e-01   9.616643e-01   6.433525e-01   7.083735e-01   9.031245e-01   8.233636e-01   7.339092e-01   5.857891e-01   4.987725e-01   3.963525e-01   4.717027e-01   2.972199e-01   2.018319e-01   1.799814e-01
   2.362761e-01   9.933843e-01   3.725160e-01   3.588924e-01   5.654264e-01   2.327146e-01   5.990495e-02   7.030881e-01   3.948410e-02   2.931697e-02   1.355436e-01   1.622629e-02   5.967249e-03   2.325743e-03
   2.535545e-01   9.942648e-01   3.650543e-01   5.045675e-01   3.189960e-01   2.316449e-01   6.729418e-02   2.017314e-01   3.996484e-02   2.276608e-02   1.648687e-01   1.622629e-02   5.967249e-03   2.325743e-03
   9.286970e-01   3.872309e-01   2.741977e-01   9.693808e-01   6.864604e-01   4.891521e-01   4.220310e-01   2.817221e-01   2.134516e-01   1.272276e-01   1.161469e-01   7.016066e-02   5.225231e-02   4.356868e-02
   8.554646e-01   4.963771e-01   7.334806e-01   8.326637e-01   7.453988e-01   6.420848e-01   5.139307e-01   3.523563e-01   2.878249e-01   2.341352e-01   1.454760e-01   1.143801e-01   1.218887e-01   6.846202e-02
   8.561598e-01   9.123352e-01   9.355293e-01   6.702048e-01   9.954583e-01   9.152014e-01   8.055515e-01   8.709157e-01   4.850675e-01   6.907449e-01   3.960666e-01   3.430201e-01   2.234920e-01   2.135476e-01
   8.129671e-01   1.000000e+00   7.512951e-01   4.900188e-01   9.661187e-01   7.840722e-01   7.538435e-01   5.855107e-01   5.033127e-01   3.574214e-01   2.688431e-01   2.957830e-01   1.856840e-01   1.296170e-01
   9.351308e-01   3.842584e-01   3.783455e-02   9.088828e-01   7.530194e-01   4.769882e-01   4.178245e-01   2.892951e-01   2.174781e-01   1.368602e-01   9.697665e-02   7.016066e-02   3.983809e-02   3.351659e-02
   8.311511e-01   9.666951e-01   6.401476e-01   9.318614e-01   9.445487e-01   8.547508e-01   7.729049e-01   5.940698e-01   4.977888e-01   3.911695e-01   4.690079e-01   2.907675e-01   2.271651e-01   1.928847e-01
   7.955295e-01   9.666546e-01   8.599869e-01   5.178293e-01   9.690346e-01   8.123566e-01   7.785761e-01   5.915113e-01   4.752554e-01   3.651176e-01   2.488424e-01   2.878853e-01   1.850289e-01   1.307010e-01
   8.096583e-01   4.963771e-01   9.666332e-01   6.296611e-01   7.517284e-01   6.499935e-01   5.054419e-01   3.474838e-01   3.025727e-01   2.341352e-01   1.409645e-01   1.232446e-01   1.004453e-01   6.045825e-02
   8.627331e-01   4.963771e-01   7.759210e-01   6.201846e-01   8.170233e-01   6.432303e-01   4.898090e-01   3.484411e-01   2.901131e-01   2.341352e-01   1.588376e-01   1.150641e-01   9.666406e-02   6.846202e-02
   6.070799e-01   3.957386e-02   3.587218e-01   7.475394e-01   7.166723e-01   8.853310e-01   2.306070e-01   1.889950e-01   3.619192e-02   5.531483e-02   4.071745e-02   1.852179e-02   1.252066e-02   2.334548e-03
   7.955295e-01   9.606548e-01   8.599869e-01   5.178293e-01   9.690346e-01   7.691486e-01   7.709461e-01   5.915113e-01   4.752554e-01   3.651176e-01   2.488424e-01   2.716630e-01   1.850289e-01   1.307010e-01
   8.218746e-01   8.086162e-01   9.833226e-01   8.152408e-01   9.003889e-01   8.155824e-01   7.663469e-01   5.741738e-01   5.177613e-01   4.010165e-01   4.712668e-01   2.716190e-01   2.018319e-01   1.928847e-01
   8.134276e-01   4.963771e-01   9.872885e-01   6.314815e-01   7.218108e-01   6.463705e-01   5.051506e-01   3.474838e-01   3.017697e-01   2.341352e-01   1.409645e-01   1.261986e-01   1.004453e-01   7.799354e-02
   4.119888e-01   8.192415e-01   7.460901e-01   7.724501e-01   9.715276e-01   4.361185e-01   3.667697e-01   2.543395e-01   2.839992e-01   1.112880e-01   1.244642e-01   6.744102e-02   3.487349e-02   1.831771e-02
   9.833511e-01   3.842584e-01   3.783455e-02   8.542810e-01   7.525958e-01   5.064465e-01   4.809698e-01   2.892951e-01   2.174781e-01   1.370301e-01   1.010298e-01   7.188213e-02   3.983809e-02   3.351659e-02
   9.032725e-01   8.641477e-01   9.909862e-01   7.703226e-01   8.324660e-01   9.323932e-01   8.544743e-01   7.844492e-01   6.532965e-01   7.618340e-01   4.073744e-01   3.544222e-01   3.011073e-01   2.487609e-01
   9.460373e-01   9.287509e-01   6.849889e-01   6.690565e-01   1.000000e+00   9.297655e-01   8.153494e-01   8.610159e-01   4.764735e-01   5.341705e-01   3.447086e-01   3.615299e-01   2.234920e-01   2.140900e-01
