   7.680942e-01   2.415642e-02   9.975525e-01   6.023285e-05   4.474112e-01   9.493199e-01   2.938946e-01   3.364960e-01   3.767254e-01   4.134293e-01   4.655075e-01   5.028954e-01   5.386264e-01   5.756145e-01   6.493413e-01   6.695265e-01
   1.000000e+00   0.000000e+00   1.000000e+00   1.434869e-04   5.357295e-01   7.828003e-01   2.944314e-01   3.365049e-01   3.765816e-01   4.134759e-01   4.664718e-01   5.028672e-01   5.371690e-01   5.776904e-01   6.476551e-01   6.740681e-01
   6.113064e-01   6.621475e-01   4.732905e-06   1.987220e-06   5.534212e-01   8.502086e-01   2.939208e-01   3.349582e-01   3.763653e-01   4.134317e-01   4.652499e-01   5.029229e-01   5.386873e-01   5.775325e-01   6.471044e-01   6.697740e-01
   9.692505e-01   9.282186e-03   2.786186e-01   2.999216e-02   4.349203e-01   5.872296e-01   2.944459e-01   3.371256e-01   3.763863e-01   4.134231e-01   4.672578e-01   5.039201e-01   5.371488e-01   5.772410e-01   6.476674e-01   5.723569e-01
   2.162125e-01   9.016788e-01   1.730951e-01   1.467401e-04   5.301984e-01   7.828092e-01   2.794718e-01   3.364954e-01   3.765347e-01   4.134187e-01   4.651612e-01   5.028678e-01   5.362692e-01   5.773154e-01   6.476498e-01   6.741467e-01
   6.308941e-01   5.721402e-02   9.386036e-01   6.023285e-05   9.927451e-02   6.795939e-01   2.938946e-01   3.214117e-01   3.767244e-01   4.138264e-01   4.668776e-01   5.039375e-01   5.387046e-01   5.776050e-01   6.493964e-01   6.739656e-01
   1.000000e+00   0.000000e+00   0.000000e+00   5.026695e-05   5.357295e-01   7.828003e-01   2.944314e-01   3.365049e-01   3.765816e-01   4.134759e-01   4.664718e-01   5.028793e-01   5.371820e-01   5.776904e-01   6.476841e-01   6.741698e-01
   1.875429e-01   7.674366e-01   7.784519e-01   6.076025e-02   1.185970e-01   8.506867e-01   2.960324e-01   3.365868e-01   3.767298e-01   4.138510e-01   4.472032e-01   5.039092e-01   5.362084e-01   5.764556e-01   6.491542e-01   6.743825e-01
   6.360167e-01   6.748723e-01   1.625966e-01   4.121890e-07   5.402052e-01   7.875895e-01   2.940300e-01   3.373685e-01   3.765254e-01   4.137349e-01   4.488227e-01   5.029309e-01   5.370905e-01   5.756034e-01   6.476496e-01   6.742835e-01
   1.971850e-02   9.216801e-01   7.141866e-01   8.091813e-06   5.113024e-01   6.621187e-01   2.876902e-01   3.364954e-01   3.765702e-01   4.137577e-01   4.657772e-01   5.029238e-01   5.370362e-01   5.775397e-01   6.476427e-01   6.742222e-01
   1.442892e-01   9.121350e-01   9.586832e-01   9.044114e-04   5.410257e-01   8.477556e-01   3.661264e-01   3.356062e-01   3.765675e-01   4.134329e-01   4.467275e-01   5.038980e-01   5.364063e-01   5.764104e-01   6.493842e-01   6.744152e-01
   1.310972e-01   5.703294e-01   9.575166e-01   3.208706e-04   1.043670e-01   8.313722e-01   2.944263e-01   3.373166e-01   3.764057e-01   4.134013e-01   4.670861e-01   5.038980e-01   5.363663e-01   5.743837e-01   6.475689e-01   6.761508e-01
   1.320656e-01   2.750509e-02   3.322136e-01   1.021506e-05   5.513697e-01   7.003138e-01   2.949667e-01   3.337225e-01   3.765595e-01   4.134325e-01   4.481653e-01   5.029209e-01   5.371670e-01   5.749640e-01   6.471075e-01   6.741526e-01
   6.108460e-01   6.874629e-01   9.959531e-01   6.468695e-05   6.237145e-02   8.494727e-01   2.940299e-01   3.362670e-01   3.765594e-01   4.134267e-01   4.659862e-01   5.029232e-01   5.385896e-01   5.774357e-01   6.476178e-01   6.702050e-01
   9.079234e-01   2.075117e-02   8.219109e-01   2.630217e-05   6.311114e-01   7.900147e-01   1.152712e-01   3.365654e-01   3.767468e-01   4.134517e-01   4.661414e-01   5.039020e-01   5.372368e-01   5.756841e-01   6.476636e-01   6.754071e-01
   1.000000e+00   6.286488e-01   9.779001e-01   7.515271e-05   1.330018e-01   8.591405e-01   2.942203e-01   3.365751e-01   3.763669e-01   4.138549e-01   4.670465e-01   5.029430e-01   5.386782e-01   5.776514e-01   6.476073e-01   6.741960e-01
   2.087208e-01   5.310426e-01   6.220112e-01   1.604560e-03   5.466769e-01   6.911668e-01   2.939294e-01   3.364110e-01   3.763404e-01   4.134966e-01   4.492107e-01   5.039903e-01   5.371164e-01   5.777613e-01   6.476865e-01   6.754125e-01
   9.186935e-01   2.433665e-02   0.000000e+00   1.460940e-04   5.305721e-01   6.789337e-01   2.944359e-01   2.413886e-01   3.767204e-01   4.134304e-01   4.668130e-01   5.029373e-01   5.385575e-01   5.778305e-01   6.494359e-01   6.697890e-01
   9.519516e-01   0.000000e+00   3.791881e-04   7.070279e-01   4.515373e-01   6.761196e-01   2.984263e-01   3.357634e-01   3.765717e-01   4.134274e-01   4.668559e-01   5.039845e-01   5.371455e-01   5.755986e-01   6.493367e-01   6.696165e-01
   1.460489e-01   6.648810e-01   6.123118e-05   7.118208e-01   5.755942e-01   7.941498e-01   2.942695e-01   3.336393e-01   3.767089e-01   4.134274e-01   4.668324e-01   5.040324e-01   5.386287e-01   5.777659e-01   6.492624e-01   6.698477e-01
   9.424397e-01   8.039108e-01   6.698416e-01   9.044114e-04   1.041266e-01   6.820578e-01   2.940343e-01   2.779355e-01   3.764174e-01   4.134052e-01   4.488536e-01   5.038980e-01   5.363663e-01   5.743837e-01   6.494270e-01   6.761508e-01
   8.180634e-01   7.921682e-01   1.581144e-01   5.898299e-05   5.202548e-01   8.417236e-01   2.940904e-01   2.983051e-01   3.765734e-01   4.134439e-01   4.670161e-01   5.039526e-01   5.385309e-01   5.755748e-01   6.492788e-01   6.756352e-01
   1.975493e-01   8.043684e-01   3.242065e-04   7.267023e-01   4.497562e-01   7.912621e-01   2.951782e-01   3.336116e-01   3.767405e-01   4.134290e-01   4.670826e-01   5.040235e-01   5.386177e-01   5.773007e-01   6.493591e-01   6.740221e-01
   8.449136e-01   5.136944e-01   1.689214e-01   1.509385e-03   5.402052e-01   8.442118e-01   2.940733e-01   3.373685e-01   3.763777e-01   4.134353e-01   4.497737e-01   5.029309e-01   5.385550e-01   5.756034e-01   6.476496e-01   6.742835e-01
   8.514524e-01   6.288685e-01   9.091624e-01   7.900301e-04   5.525518e-01   7.641495e-01   2.944405e-01   3.338733e-01   3.765799e-01   4.134092e-01   4.665285e-01   5.038950e-01   5.385302e-01   5.756309e-01   6.471765e-01   6.740445e-01
   6.113064e-01   0.000000e+00   4.321510e-06   7.467975e-01   1.330018e-01   8.428642e-01   2.450542e-01   4.358458e-01   3.765821e-01   4.134767e-01   4.664693e-01   5.029222e-01   5.371158e-01   5.777788e-01   6.471927e-01   6.741960e-01
   1.307196e-01   8.220304e-01   9.459316e-01   3.208706e-04   9.393306e-02   8.501573e-01   2.944265e-01   3.373166e-01   3.764057e-01   4.134013e-01   4.670861e-01   5.038467e-01   5.363646e-01   5.740419e-01   6.496993e-01   6.761316e-01
   9.036160e-01   8.305535e-03   3.169045e-01   8.967773e-04   5.471142e-01   2.494121e-01   2.944384e-01   3.361623e-01   3.765600e-01   4.134329e-01   4.478268e-01   5.028975e-01   5.371567e-01   5.749559e-01   6.531954e-01   6.698496e-01
   5.720486e-01   8.095366e-01   2.734457e-02   1.830652e-04   1.060211e-01   6.450900e-01   2.944314e-01   3.363863e-01   3.763737e-01   4.134337e-01   4.669310e-01   5.039929e-01   5.370237e-01   5.764236e-01   6.476520e-01   6.743851e-01
   9.690791e-01   6.272363e-01   5.344855e-05   7.536918e-01   5.495279e-01   8.425581e-01   2.941162e-01   4.383478e-01   3.765603e-01   4.137629e-01   4.668671e-01   5.039879e-01   5.385856e-01   5.756494e-01   6.496391e-01   6.742341e-01
   8.021180e-01   6.250035e-01   9.063739e-01   7.955823e-04   5.130493e-01   7.663959e-01   2.940303e-01   3.366717e-01   3.765611e-01   4.134195e-01   4.668196e-01   5.039495e-01   5.385250e-01   5.756309e-01   6.471765e-01   6.740445e-01
   8.140736e-01   5.264611e-01   7.129734e-01   2.127521e-04   5.751032e-01   8.409350e-01   2.951868e-01   3.364330e-01   3.759393e-01   4.134292e-01   4.669680e-01   5.029545e-01   5.386228e-01   5.777297e-01   6.492973e-01   6.754515e-01
   7.756018e-01   7.689101e-01   9.161973e-06   6.270515e-01   5.568570e-01   8.437259e-01   2.933815e-01   3.364280e-01   3.765709e-01   4.137664e-01   4.673734e-01   5.029597e-01   5.370470e-01   5.777147e-01   6.494244e-01   6.741961e-01
   9.247766e-01   6.278239e-01   9.845599e-01   8.217398e-05   1.330625e-01   8.433399e-01   2.940298e-01   3.363941e-01   3.763727e-01   4.134082e-01   4.670845e-01   5.029068e-01   5.370260e-01   5.773129e-01   6.471664e-01   6.753001e-01
   9.957694e-01   2.596778e-02   6.142628e-01   1.357613e-04   5.347782e-01   7.392656e-01   2.852674e-01   3.371597e-01   3.767623e-01   4.134330e-01   4.462705e-01   5.029232e-01   5.371683e-01   5.774145e-01   6.493376e-01   6.756002e-01
   6.082308e-01   1.966790e-02   1.000000e+00   2.605520e-06   4.378464e-01   7.251706e-01   2.937853e-01   2.132745e-01   3.767221e-01   4.134294e-01   4.674920e-01   5.028084e-01   5.371664e-01   5.756114e-01   6.493867e-01   6.742074e-01
   6.120852e-01   6.278239e-01   1.784110e-08   3.480418e-01   1.330018e-01   8.590448e-01   2.940576e-01   3.366390e-01   3.763669e-01   4.138549e-01   4.664693e-01   5.029867e-01   5.387036e-01   5.776648e-01   6.472149e-01   6.741960e-01
   1.000000e+00   6.824403e-01   0.000000e+00   1.292877e-01   5.068857e-01   8.484945e-01   2.940154e-01   3.381550e-01   3.767319e-01   4.137524e-01   4.660693e-01   5.029218e-01   5.386579e-01   5.773108e-01   6.476245e-01   6.753295e-01
   6.116964e-01   5.487552e-01   7.118613e-01   1.710033e-03   1.295273e-01   8.481703e-01   2.944183e-01   3.354799e-01   3.765649e-01   4.134095e-01   4.465281e-01   5.038810e-01   5.372185e-01   5.777548e-01   6.493427e-01   6.754323e-01
   1.993261e-01   6.623720e-01   3.449464e-02   1.088683e-04   5.348661e-01   9.111140e-01   2.944314e-01   3.364330e-01   3.763973e-01   4.134266e-01   4.670175e-01   5.028675e-01   5.385851e-01   5.777004e-01   6.476526e-01   6.701702e-01
   5.860582e-01   7.649445e-01   8.003536e-02   3.761487e-01   5.620970e-01   7.865822e-01   2.902651e-01   3.368229e-01   3.763926e-01   4.134294e-01   4.473058e-01   5.041406e-01   5.370367e-01   5.756404e-01   6.493788e-01   6.741820e-01
   7.712272e-01   6.299677e-01   1.000000e+00   1.271641e-05   5.180883e-01   8.844611e-01   2.940268e-01   3.363855e-01   3.763755e-01   4.134348e-01   4.666707e-01   5.039042e-01   5.386129e-01   5.756088e-01   6.476054e-01   6.740507e-01
   9.985583e-01   8.402759e-03   1.000000e+00   1.478406e-04   5.357295e-01   7.828003e-01   2.054424e-01   3.365049e-01   3.765658e-01   4.134747e-01   4.665239e-01   5.029233e-01   5.371690e-01   5.756132e-01   6.477111e-01   6.740364e-01
   6.456589e-01   6.688527e-01   8.467402e-01   2.701916e-11   5.661462e-01   6.883085e-01   2.929802e-01   3.359193e-01   3.763817e-01   4.134329e-01   4.493794e-01   5.029232e-01   5.371651e-01   5.776154e-01   6.493367e-01   6.754163e-01
   9.658026e-01   6.385258e-01   9.847487e-01   6.638725e-05   5.345523e-01   7.925547e-01   2.934725e-01   3.462232e-01   3.767241e-01   4.134324e-01   4.467414e-01   5.039773e-01   5.363535e-01   5.764909e-01   6.494705e-01   6.743388e-01
   1.334066e-01   6.886870e-01   1.000000e+00   1.135236e-04   7.504190e-02   7.862348e-01   2.944271e-01   3.364959e-01   3.765619e-01   4.134978e-01   4.482516e-01   5.038728e-01   5.386027e-01   5.756110e-01   6.470172e-01   6.741691e-01
   2.106128e-01   6.795977e-01   9.633667e-01   3.210883e-04   5.268728e-01   8.506519e-01   2.940987e-01   3.366441e-01   3.767198e-01   4.134314e-01   4.665392e-01   5.039100e-01   5.371627e-01   5.773130e-01   6.492835e-01   6.752352e-01
   9.690791e-01   7.654212e-01   1.404665e-01   7.536918e-01   1.314316e-01   8.425006e-01   2.941078e-01   3.178994e-01   3.765724e-01   4.134274e-01   4.668845e-01   5.039845e-01   5.385903e-01   5.756564e-01   6.471156e-01   6.754525e-01
   1.875429e-01   7.679358e-01   1.040448e-02   6.076025e-02   5.622430e-01   8.506867e-01   2.945741e-01   3.365868e-01   3.767298e-01   4.138488e-01   4.472032e-01   5.039092e-01   5.371523e-01   5.764556e-01   6.491611e-01   6.744958e-01
   9.186935e-01   2.433665e-02   9.753357e-01   1.683240e-06   4.937817e-01   6.800200e-01   2.944359e-01   3.371039e-01   3.767249e-01   4.134258e-01   4.489040e-01   5.029222e-01   5.385575e-01   5.755647e-01   6.476889e-01   6.741911e-01
   8.754454e-01   8.305535e-03   3.086795e-01   8.967773e-04   5.471142e-01   2.494121e-01   2.944384e-01   3.361611e-01   3.765619e-01   4.134346e-01   4.478268e-01   5.029105e-01   5.369972e-01   5.749473e-01   6.531954e-01   6.698496e-01
   1.000000e+00   2.975621e-02   3.300174e-01   1.945224e-04   5.363539e-01   9.367338e-01   2.940716e-01   3.336217e-01   3.764118e-01   4.133067e-01   4.669918e-01   5.039337e-01   5.386226e-01   5.776770e-01   6.476603e-01   5.690590e-01
   0.000000e+00   0.000000e+00   1.961805e-04   1.286770e-04   5.065781e-01   8.513603e-01   2.940409e-01   3.364961e-01   3.765593e-01   4.134972e-01   4.670972e-01   5.029229e-01   5.387088e-01   5.774174e-01   6.470358e-01   6.741196e-01
   6.499304e-01   0.000000e+00   8.467402e-01   0.000000e+00   5.732040e-01   6.814740e-01   2.929802e-01   3.359648e-01   3.763788e-01   4.134329e-01   4.492606e-01   5.029232e-01   5.371651e-01   5.774874e-01   6.493367e-01   6.754479e-01
   9.807819e-01   0.000000e+00   4.294774e-02   8.542519e-05   9.277114e-02   8.499626e-01   2.940695e-01   2.810310e-01   3.763888e-01   4.133781e-01   4.484807e-01   5.038801e-01   5.370442e-01   5.769188e-01   6.494109e-01   6.761227e-01
   9.446276e-01   6.292066e-01   7.463184e-01   7.127825e-05   1.281714e-01   8.498848e-01   2.940071e-01   3.373087e-01   3.763683e-01   4.134057e-01   4.488159e-01   5.029302e-01   5.364665e-01   5.777817e-01   6.472012e-01   6.761155e-01
   2.013579e-01   7.454706e-01   3.427552e-04   3.546518e-01   5.537003e-01   8.447576e-01   2.941695e-01   3.364636e-01   3.765937e-01   4.134338e-01   4.487100e-01   5.039144e-01   5.370374e-01   5.772519e-01   6.495579e-01   6.741651e-01
   2.549779e-01   1.000000e+00   3.302407e-04   7.342441e-01   1.425275e-01   8.315395e-01   2.936316e-01   3.364961e-01   3.765648e-01   4.134141e-01   4.664462e-01   5.039373e-01   5.387000e-01   5.755224e-01   6.471768e-01   6.700005e-01
   9.407941e-01   6.623520e-01   9.885795e-04   2.473343e-04   9.595798e-02   2.494121e-01   2.944269e-01   3.361656e-01   3.760803e-01   4.134329e-01   4.478304e-01   5.029232e-01   5.371673e-01   5.765132e-01   6.493600e-01   6.697906e-01
   9.013665e-01   6.294217e-01   2.078376e-02   2.778017e-02   5.372670e-01   6.940537e-01   2.928519e-01   4.183300e-01   3.767286e-01   4.134264e-01   4.495579e-01   5.029229e-01   5.369710e-01   5.756720e-01   6.471296e-01   6.750923e-01
   8.809576e-01   5.638662e-01   3.083206e-01   9.308181e-04   5.486851e-01   2.292076e-01   2.945550e-01   3.362416e-01   3.765601e-01   4.134254e-01   4.478268e-01   5.029218e-01   5.371567e-01   5.747174e-01   6.475119e-01   6.742812e-01
   6.622446e-01   6.661499e-01   6.168769e-05   3.431228e-01   1.144704e-01   8.590446e-01   2.938862e-01   3.557986e-01   3.763373e-01   4.134253e-01   4.664564e-01   5.039397e-01   5.387036e-01   5.776649e-01   6.472150e-01   6.742391e-01
   5.666528e-01   3.247151e-02   0.000000e+00   3.597748e-03   5.907937e-01   6.450162e-01   2.943863e-01   3.364594e-01   3.763971e-01   4.134267e-01   4.664200e-01   5.040041e-01   5.370229e-01   5.772745e-01   6.476524e-01   6.698240e-01
   9.556729e-01   1.615584e-01   3.985173e-01   3.382132e-01   4.100496e-01   1.932358e-01   5.681906e-01   5.004503e-01   4.807926e-01   4.060606e-01   4.668986e-01   9.072511e-01   7.798481e-01   9.612624e-01   6.474550e-01   7.821114e-01
   9.443905e-01   7.218694e-01   2.608224e-01   2.863527e-02   4.351765e-01   8.540587e-01   2.938460e-01   3.364603e-01   3.765587e-01   4.134231e-01   4.493752e-01   5.039466e-01   5.371769e-01   5.772410e-01   6.492719e-01   6.749886e-01
   9.786006e-01   6.241764e-01   6.221869e-01   6.110929e-05   5.332079e-01   7.392656e-01   2.941275e-01   3.196866e-01   3.767620e-01   4.134330e-01   4.666337e-01   5.029389e-01   5.387385e-01   5.776334e-01   6.493376e-01   6.741692e-01
   8.722934e-01   7.945562e-01   3.110689e-01   6.836753e-05   5.496983e-01   8.398945e-01   2.940768e-01   3.364656e-01   3.767107e-01   4.150377e-01   4.668597e-01   5.028695e-01   5.371704e-01   5.755802e-01   6.476525e-01   6.765068e-01
   7.820567e-01   6.924404e-01   6.217627e-01   1.708425e-05   5.484083e-01   6.903278e-01   2.940991e-01   3.364160e-01   3.763421e-01   4.138504e-01   4.654814e-01   5.029732e-01   5.371986e-01   5.777613e-01   6.477071e-01   6.742570e-01
   1.478868e-01   0.000000e+00   1.979559e-04   1.286770e-04   5.065781e-01   8.513603e-01   4.328200e-01   3.336317e-01   3.767052e-01   4.134293e-01   4.669716e-01   5.041257e-01   5.387088e-01   5.774174e-01   6.491601e-01   6.741196e-01
   1.000000e+00   1.448612e-01   8.874530e-01   0.000000e+00   8.307552e-02   8.483960e-01   2.659322e-01   3.364269e-01   3.765518e-01   4.137578e-01   4.488230e-01   5.028980e-01   5.371676e-01   5.755772e-01   6.476523e-01   6.741521e-01
   9.235344e-01   6.712399e-01   3.083000e-01   9.480226e-04   4.915982e-01   2.721150e-01   2.945958e-01   4.158241e-01   3.759485e-01   4.134318e-01   4.667528e-01   5.029225e-01   5.371722e-01   5.781517e-01   6.492639e-01   6.750795e-01
   1.345277e-01   9.890855e-01   9.911962e-01   1.488012e-04   4.541729e-01   9.043609e-01   2.948258e-01   3.336300e-01   3.761082e-01   4.134094e-01   4.493688e-01   5.040318e-01   5.386686e-01   5.756150e-01   6.470442e-01   6.741368e-01
   8.571634e-01   5.264611e-01   7.393227e-01   2.156252e-04   5.192248e-01   8.453163e-01   2.940278e-01   4.147187e-01   3.763384e-01   4.134296e-01   4.495441e-01   5.039718e-01   5.371225e-01   5.776842e-01   6.491107e-01   6.754515e-01
   9.040493e-03   7.034972e-01   5.195386e-06   2.193098e-04   4.986777e-01   7.839853e-01   2.939325e-01   3.365903e-01   3.767124e-01   4.134293e-01   4.670204e-01   5.039883e-01   5.361735e-01   5.778612e-01   6.493396e-01   6.700132e-01
   2.244396e-01   0.000000e+00   3.083000e-01   9.480226e-04   4.533526e-01   2.669800e-01   2.946014e-01   4.183300e-01   3.767285e-01   4.134318e-01   4.495579e-01   5.040199e-01   5.371454e-01   5.756706e-01   6.493404e-01   6.742013e-01
   2.043808e-01   5.631542e-01   9.980788e-01   9.330769e-04   5.755128e-01   8.325699e-01   2.945706e-01   3.365160e-01   3.767316e-01   4.134734e-01   4.476388e-01   5.029103e-01   5.371747e-01   5.773111e-01   6.476521e-01   6.740512e-01
   0.000000e+00   7.674366e-01   7.454464e-01   5.976711e-02   1.185970e-01   8.506867e-01   2.941631e-01   3.359822e-01   3.767218e-01   4.138510e-01   4.472032e-01   5.039115e-01   5.362084e-01   5.764556e-01   6.491698e-01   6.695226e-01
   8.452769e-01   6.985572e-01   2.125110e-04   6.046683e-01   6.331466e-01   8.444772e-01   2.940630e-01   3.364280e-01   3.765911e-01   4.137833e-01   4.661707e-01   5.029219e-01   5.386228e-01   5.777052e-01   6.476553e-01   6.742966e-01
   8.047301e-01   6.288685e-01   3.171191e-04   6.950186e-01   5.191949e-01   7.663959e-01   2.940303e-01   3.366717e-01   3.763810e-01   4.134197e-01   4.668196e-01   5.039861e-01   5.386297e-01   5.777621e-01   6.471765e-01   6.697491e-01
   8.888387e-01   6.795661e-01   0.000000e+00   6.746322e-05   5.044721e-01   8.499784e-01   2.944452e-01   3.362861e-01   3.759096e-01   4.134304e-01   4.659316e-01   5.029082e-01   5.387188e-01   5.777349e-01   6.470577e-01   6.698467e-01
   7.677157e-01   6.724152e-01   4.321510e-06   5.968435e-05   1.330018e-01   8.545093e-01   2.940298e-01   3.359331e-01   3.767248e-01   4.134315e-01   4.660086e-01   5.040369e-01   5.387410e-01   5.755615e-01   6.470577e-01   6.742073e-01
   9.519465e-01   5.720058e-01   4.392997e-02   0.000000e+00   4.956302e-01   7.865810e-01   2.938238e-01   3.364959e-01   3.767249e-01   4.134329e-01   4.489039e-01   5.029151e-01   5.386408e-01   5.756290e-01   6.477059e-01   6.741691e-01
   1.701680e-01   0.000000e+00   1.000000e+00   8.915818e-05   9.619164e-02   7.862809e-01   2.944272e-01   3.365587e-01   3.765570e-01   4.138513e-01   4.484441e-01   5.038808e-01   5.363975e-01   5.739761e-01   6.469375e-01   6.741817e-01
   9.970783e-01   6.249301e-01   6.758158e-01   6.004764e-05   5.048991e-01   8.502770e-01   2.763421e-01   3.190462e-01   3.763697e-01   4.134707e-01   4.462705e-01   5.029483e-01   5.385932e-01   5.756317e-01   6.492442e-01   6.741686e-01
   4.953158e-01   6.169993e-01   1.776159e-06   3.955022e-01   1.285355e-01   8.576856e-01   2.940363e-01   3.363352e-01   3.767802e-01   4.098599e-01   4.471401e-01   5.040338e-01   5.359308e-01   5.776415e-01   6.496541e-01   6.693759e-01
   9.835445e-02   1.902209e-02   9.901281e-01   2.142005e-04   5.620699e-01   7.925547e-01   2.934725e-01   3.462232e-01   3.767241e-01   4.138505e-01   4.467414e-01   5.029688e-01   5.363860e-01   5.764079e-01   6.494406e-01   6.743360e-01
   8.514524e-01   6.288685e-01   2.469232e-02   7.854921e-04   1.149403e-01   7.883482e-01   2.944407e-01   3.373437e-01   3.764102e-01   4.134092e-01   4.677223e-01   5.038950e-01   5.385453e-01   5.756431e-01   6.476674e-01   6.740475e-01
   6.318790e-01   5.838581e-02   3.187991e-01   0.000000e+00   1.303386e-01   6.795939e-01   2.938946e-01   3.214117e-01   3.769333e-01   4.404543e-01   4.661528e-01   5.039375e-01   4.963406e-01   5.776050e-01   6.471853e-01   5.592526e-01
   5.666528e-01   0.000000e+00   1.000000e+00   1.131897e-04   1.334470e-01   9.171173e-01   2.940333e-01   3.364601e-01   3.763722e-01   4.134091e-01   4.664200e-01   5.029239e-01   5.386306e-01   5.764073e-01   6.476526e-01   6.696738e-01
   9.491459e-01   7.330292e-02   2.452879e-02   1.838932e-04   4.580607e-01   7.767671e-01   2.938915e-01   3.364284e-01   3.763705e-01   4.134266e-01   4.653276e-01   5.029680e-01   5.361976e-01   5.756117e-01   6.470917e-01   6.754651e-01
   2.166063e-01   3.631937e-02   5.195386e-06   6.023285e-05   4.532128e-01   8.427708e-01   2.939671e-01   3.275910e-01   3.765676e-01   4.134253e-01   4.668795e-01   5.040028e-01   5.371455e-01   5.754758e-01   6.470914e-01   6.741957e-01
   5.822200e-01   6.284912e-01   6.163576e-01   1.604560e-03   5.568363e-01   6.815264e-01   2.940303e-01   3.364110e-01   3.763736e-01   4.134966e-01   4.675505e-01   5.039903e-01   5.371164e-01   5.773203e-01   6.476865e-01   6.754977e-01
   6.423847e-01   1.462508e-02   9.979861e-01   6.024542e-05   4.535263e-01   6.794905e-01   2.937574e-01   3.364966e-01   3.767237e-01   4.134321e-01   4.670204e-01   5.029234e-01   5.372156e-01   5.756172e-01   6.471731e-01   6.740710e-01
   9.491459e-01   6.555653e-02   6.967548e-01   6.082869e-05   4.736924e-01   6.726981e-01   2.939339e-01   3.364364e-01   3.763663e-01   4.134292e-01   4.652883e-01   5.029680e-01   5.371365e-01   5.756117e-01   6.470917e-01   6.696736e-01
   8.252411e-01   6.816170e-01   0.000000e+00   6.816339e-05   4.409747e-01   7.893027e-01   2.530026e-01   3.363482e-01   3.765644e-01   4.135107e-01   4.657673e-01   5.039028e-01   5.363879e-01   5.773227e-01   6.476418e-01   6.742259e-01
   6.130916e-01   2.449290e-02   1.062217e-06   6.932469e-03   4.524219e-01   8.237471e-01   2.953450e-01   3.371664e-01   3.765618e-01   4.134959e-01   4.488715e-01   5.029224e-01   5.371759e-01   5.773487e-01   6.476555e-01   6.753967e-01
   6.113064e-01   8.120943e-01   4.321510e-06   2.373237e-05   1.330018e-01   8.502086e-01   2.146877e-01   3.336612e-01   3.763703e-01   4.134315e-01   4.660086e-01   5.029229e-01   5.386880e-01   5.755627e-01   6.470577e-01   6.697753e-01
   1.430901e-01   8.039108e-01   8.354007e-01   9.089494e-04   5.417580e-01   7.641028e-01   2.944262e-01   3.338537e-01   3.765752e-01   4.132665e-01   4.476599e-01   5.038980e-01   5.370148e-01   5.756310e-01   6.471949e-01   6.741695e-01
   6.805404e-01   6.282826e-01   1.659065e-01   8.288907e-05   1.330018e-01   8.433399e-01   2.940298e-01   3.363941e-01   3.763727e-01   4.134097e-01   4.677319e-01   5.029148e-01   5.370974e-01   5.773129e-01   6.471927e-01   6.698842e-01
   8.038734e-01   5.379561e-01   9.871275e-01   7.933393e-04   1.378143e-01   7.663959e-01   2.942187e-01   3.366717e-01   3.763810e-01   4.134197e-01   4.668196e-01   5.029387e-01   5.385326e-01   5.776016e-01   6.471765e-01   6.741960e-01
