   6.610488e-01   4.868025e-01   2.757736e-01   8.876154e-01   2.266722e-01   3.360644e-01   3.960476e-01   4.537216e-01   5.133595e-01   5.218109e-01   5.549270e-01   6.966391e-01   6.443413e-01   7.686022e-01
   9.996225e-01   9.656687e-01   4.699158e-01   3.334831e-02   3.088788e-01   3.012041e-01   3.710526e-01   4.537216e-01   5.192693e-01   5.955545e-01   6.914200e-01   6.949289e-01   6.364886e-01   7.720150e-01
   9.915054e-01   9.975020e-01   5.469556e-01   3.483748e-01   2.415919e-01   3.062014e-01   3.662786e-01   4.441416e-01   5.022730e-01   6.712015e-01   5.586828e-01   5.972464e-01   6.502486e-01   7.720499e-01
   9.951726e-01   6.912399e-01   7.773747e-01   6.164979e-01   2.844909e-01   2.755604e-01   4.106570e-01   4.433015e-01   5.044132e-01   5.825639e-01   6.136784e-01   5.486612e-01   7.476941e-01   7.600201e-01
   9.298146e-01   7.440186e-01   2.854517e-02   7.899875e-01   3.046749e-01   3.957410e-01   3.792593e-01   4.592529e-01   6.123476e-01   5.538909e-01   6.021379e-01   7.070245e-01   7.417507e-01   8.668101e-01
   8.437165e-01   4.632374e-01   4.969252e-01   8.603389e-01   2.567655e-01   2.787332e-01   3.234834e-01   4.159831e-01   4.289112e-01   5.825639e-01   5.552002e-01   5.994098e-01   6.290501e-01   7.646766e-01
   4.642536e-01   8.826570e-01   5.175674e-01   8.868432e-01   2.806897e-01   2.672878e-01   3.646473e-01   4.210562e-01   5.264778e-01   5.233977e-01   6.195459e-01   6.091297e-01   6.507746e-01   7.773642e-01
   1.000000e+00   9.656687e-01   1.727082e-01   3.334831e-02   3.089718e-01   3.033922e-01   3.710526e-01   4.537216e-01   5.192693e-01   5.955545e-01   6.914200e-01   6.949289e-01   5.987892e-01   7.720150e-01
   6.610488e-01   4.744903e-01   2.389330e-01   4.237498e-01   2.293560e-01   2.963926e-01   3.654050e-01   4.008956e-01   5.133595e-01   5.233820e-01   5.549270e-01   6.105407e-01   6.423270e-01   7.594794e-01
   1.661024e-01   6.778773e-01   4.822339e-01   8.586329e-01   2.709093e-01   3.526732e-01   5.068675e-01   4.598814e-01   4.953925e-01   5.913822e-01   6.940133e-01   7.409607e-01   7.685775e-01   8.232467e-01
   4.697955e-01   8.253683e-02   5.787941e-01   8.876154e-01   2.798338e-01   2.867229e-01   3.921326e-01   4.537216e-01   5.311230e-01   5.268996e-01   6.195459e-01   5.727007e-01   6.443413e-01   7.686022e-01
   9.951726e-01   7.679608e-01   7.773747e-01   6.164979e-01   2.523718e-01   2.755604e-01   4.106570e-01   4.433015e-01   5.044132e-01   5.825639e-01   6.136784e-01   5.760068e-01   7.493725e-01   7.600201e-01
   5.216143e-01   4.842189e-01   5.471773e-01   8.858380e-01   2.266722e-01   3.028028e-01   3.654050e-01   4.008956e-01   5.127325e-01   5.256808e-01   5.549270e-01   6.140030e-01   6.443413e-01   7.671361e-01
   9.856050e-01   1.000000e+00   5.451278e-01   3.483748e-01   2.440986e-01   3.155953e-01   3.662786e-01   4.375577e-01   5.167779e-01   6.740652e-01   5.722974e-01   5.709894e-01   6.502486e-01   7.694906e-01
   4.660978e-01   5.264154e-01   5.549026e-01   8.876154e-01   2.777063e-01   2.867229e-01   3.920881e-01   4.537216e-01   5.306864e-01   5.249818e-01   6.235542e-01   5.713379e-01   6.443413e-01   7.676198e-01
   9.819098e-01   9.497330e-01   4.865086e-01   8.662206e-01   3.076011e-01   2.799338e-01   3.813163e-01   4.537216e-01   5.263653e-01   5.966695e-01   5.705497e-01   5.738321e-01   6.205883e-01   7.720150e-01
   8.172845e-01   4.456949e-01   1.821467e-01   8.180840e-01   2.592375e-01   3.104537e-01   3.233230e-01   4.480803e-01   5.032050e-01   5.965606e-01   5.464376e-01   6.126398e-01   6.312182e-01   8.141981e-01
   1.764521e-01   5.860252e-01   6.042404e-01   7.001911e-01   2.524880e-01   3.136860e-01   3.590258e-01   4.676084e-01   5.052322e-01   5.850442e-01   6.610552e-01   7.198202e-01   8.363919e-01   8.211888e-01
   5.288929e-01   7.373542e-01   3.519148e-01   8.809523e-01   3.055366e-01   3.368742e-01   3.813972e-01   4.563938e-01   5.183026e-01   5.441485e-01   7.172440e-01   6.952741e-01   7.961577e-01   7.386498e-01
   7.573948e-01   6.141335e-01   5.196766e-01   9.961940e-01   3.204160e-01   3.850797e-01   4.509746e-01   4.610888e-01   6.079190e-01   6.013924e-01   7.366422e-01   7.803759e-01   7.616239e-01   8.427097e-01
   1.687139e-01   6.778773e-01   8.350207e-01   3.240558e-01   2.709093e-01   3.526732e-01   3.645412e-01   4.654276e-01   4.974361e-01   5.913822e-01   6.940133e-01   7.273341e-01   7.685775e-01   8.242457e-01
   9.956315e-01   5.879046e-01   7.476419e-01   3.352148e-01   2.559463e-01   2.958770e-01   3.655557e-01   4.441416e-01   5.050787e-01   6.626263e-01   5.582152e-01   5.972464e-01   6.493006e-01   7.720499e-01
   6.851361e-01   6.887006e-01   2.389330e-01   8.894878e-01   2.266722e-01   3.026978e-01   3.654050e-01   4.008956e-01   5.136799e-01   5.222704e-01   5.549379e-01   6.098506e-01   6.276958e-01   7.681079e-01
   1.058515e-01   2.250252e-01   2.817013e-01   3.549363e-01   2.463102e-01   2.437314e-01   3.595542e-01   4.441416e-01   5.022730e-01   4.694744e-01   5.532675e-01   5.963583e-01   6.532636e-01   7.398392e-01
   7.573948e-01   5.818535e-01   5.203284e-01   9.996102e-01   3.204160e-01   3.873024e-01   4.509746e-01   4.610888e-01   6.083897e-01   6.013924e-01   7.366422e-01   8.095189e-01   7.616239e-01   8.441094e-01
   5.360461e-01   7.672539e-01   3.268320e-01   3.553902e-01   3.050943e-01   3.633126e-01   3.784981e-01   4.542754e-01   5.183026e-01   5.441485e-01   7.238513e-01   6.842668e-01   7.969961e-01   7.461390e-01
   9.651379e-01   8.853589e-01   3.022039e-01   8.877168e-02   3.089076e-01   3.385711e-01   3.655106e-01   4.057193e-01   5.096211e-01   5.218109e-01   6.914200e-01   6.952741e-01   7.980985e-01   7.618932e-01
   1.000000e+00   9.243810e-01   3.004223e-01   1.371945e-01   3.089076e-01   3.448302e-01   3.782961e-01   4.057193e-01   5.096211e-01   5.218109e-01   6.914200e-01   6.952741e-01   7.980985e-01   7.620065e-01
   7.520034e-01   7.016723e-01   5.237276e-01   2.511670e-01   2.921423e-01   3.921661e-01   5.358419e-01   5.348931e-01   5.474362e-01   5.913915e-01   6.583138e-01   7.324351e-01   7.432790e-01   8.365915e-01
   1.000000e+00   1.000000e+00   1.672483e-01   3.334831e-02   3.089718e-01   3.033922e-01   3.710526e-01   4.415102e-01   5.192693e-01   5.955545e-01   6.914200e-01   6.949289e-01   6.348175e-01   7.599455e-01
   6.556670e-01   9.028312e-01   2.315735e-01   6.721364e-01   2.579853e-01   2.808773e-01   3.418458e-01   3.979797e-01   5.063861e-01   5.206413e-01   5.576514e-01   6.074152e-01   6.287160e-01   6.487075e-01
   7.714372e-02   1.119494e-02   1.228159e-01   3.682629e-01   2.638025e-01   3.125950e-01   3.271564e-01   4.128660e-01   4.240211e-01   6.204989e-01   5.552002e-01   6.050787e-01   6.170361e-01   6.373961e-01
   9.717518e-02   9.103357e-01   4.182012e-01   9.754652e-01   2.579853e-01   2.808773e-01   3.432877e-01   3.979761e-01   5.063736e-01   5.206413e-01   5.655128e-01   6.074152e-01   6.287160e-01   6.707656e-01
   6.610488e-01   4.843224e-01   2.343526e-01   2.395158e-01   2.293560e-01   2.963926e-01   3.654050e-01   4.008956e-01   5.138013e-01   5.233820e-01   5.540815e-01   6.105407e-01   6.443118e-01   7.594794e-01
   9.945299e-01   6.016483e-01   6.426129e-02   7.098162e-01   2.536836e-01   3.249732e-01   3.572980e-01   4.611106e-01   4.586604e-01   5.237471e-01   5.711484e-01   5.695398e-01   6.596483e-01   7.504329e-01
   6.270242e-02   8.818953e-01   3.270783e-01   4.729229e-01   3.154025e-01   3.328739e-01   3.725014e-01   4.537216e-01   5.172323e-01   5.287768e-01   5.539631e-01   7.476161e-01   6.383032e-01   7.649898e-01
   9.855382e-01   9.652525e-01   5.478564e-01   3.483748e-01   2.468379e-01   3.155953e-01   3.643333e-01   4.361334e-01   5.167779e-01   6.740652e-01   5.722974e-01   6.908529e-01   6.496608e-01   7.694906e-01
   8.511589e-01   6.818414e-01   4.822120e-01   6.984506e-01   2.521222e-01   3.488654e-01   5.013374e-01   4.149735e-01   5.206237e-01   5.865885e-01   6.151487e-01   7.377379e-01   7.660996e-01   7.647994e-01
   8.562873e-01   5.704510e-01   5.666534e-01   5.636793e-01   3.153687e-01   3.328739e-01   3.227213e-01   4.584225e-01   5.451941e-01   5.287768e-01   6.171574e-01   6.795013e-01   6.380964e-01   6.751629e-01
   1.000000e+00   6.979374e-01   5.787941e-01   8.876154e-01   2.798338e-01   2.812076e-01   3.978056e-01   4.580667e-01   5.308179e-01   5.237021e-01   6.194365e-01   5.682745e-01   7.997441e-01   7.536604e-01
   6.103418e-01   4.748141e-01   2.384005e-01   4.237498e-01   2.503544e-01   2.923122e-01   3.654050e-01   4.410527e-01   5.133595e-01   5.233820e-01   5.549270e-01   6.105407e-01   6.423270e-01   7.594794e-01
   1.687139e-01   7.043050e-01   8.350207e-01   3.240558e-01   2.530603e-01   3.527942e-01   3.645412e-01   4.658966e-01   5.038120e-01   5.962376e-01   6.924387e-01   7.273341e-01   7.662533e-01   8.240675e-01
   6.753107e-01   6.945385e-01   5.681179e-01   8.973011e-01   2.679812e-01   3.100182e-01   3.541277e-01   4.541788e-01   5.315453e-01   5.250272e-01   6.195459e-01   5.723316e-01   6.841433e-01   7.536604e-01
   9.403029e-01   6.984127e-01   1.672483e-01   4.459299e-02   3.089718e-01   3.314743e-01   3.710526e-01   4.382801e-01   5.192693e-01   5.955545e-01   6.930691e-01   6.946983e-01   6.323953e-01   8.197181e-01
   6.059821e-01   3.314720e-01   4.969252e-01   2.575533e-01   2.567690e-01   2.809734e-01   3.234834e-01   4.315674e-01   4.287399e-01   5.740310e-01   5.552002e-01   5.994098e-01   6.288485e-01   7.646889e-01
   5.288929e-01   5.884573e-01   2.156627e-01   3.602513e-01   3.055366e-01   3.111634e-01   4.354813e-01   5.916138e-01   5.183026e-01   5.525360e-01   7.172440e-01   6.952741e-01   7.961577e-01   7.386498e-01
   8.487874e-01   6.945385e-01   5.679295e-01   5.788541e-01   2.737894e-01   3.100182e-01   3.541277e-01   4.541788e-01   4.086478e-01   5.253330e-01   6.195459e-01   5.730905e-01   6.841433e-01   7.747574e-01
   8.898882e-02   2.418180e-01   4.074309e-01   8.632267e-01   2.579853e-01   2.808773e-01   3.419025e-01   4.606575e-01   5.083067e-01   5.262672e-01   5.745154e-01   6.074152e-01   6.287160e-01   6.487075e-01
   6.464882e-01   7.392672e-01   5.203284e-01   5.759334e-01   3.170394e-01   3.905231e-01   4.509746e-01   4.605400e-01   6.029977e-01   6.109705e-01   7.366422e-01   7.987709e-01   7.622222e-01   8.441094e-01
   9.403029e-01   1.758774e-01   1.816950e-01   2.566100e-01   3.089718e-01   2.912455e-01   3.710526e-01   4.415102e-01   5.578809e-01   5.955545e-01   6.929620e-01   6.949289e-01   8.611452e-01   8.549694e-01
   1.000000e+00   9.936050e-01   4.092935e-01   4.170430e-02   3.800695e-01   3.944227e-01   5.339872e-01   4.771943e-01   6.099308e-01   6.019266e-01   7.294738e-01   7.459119e-01   8.142659e-01   9.088532e-01
   5.887514e-01   3.733157e-01   6.716483e-02   6.406195e-01   3.206665e-01   3.906637e-01   4.755270e-01   5.346938e-01   5.474300e-01   5.913915e-01   6.341238e-01   7.324351e-01   7.465683e-01   8.365915e-01
   1.015796e-01   6.594086e-01   3.957459e-01   7.028068e-01   3.091304e-01   3.328739e-01   3.730581e-01   4.537216e-01   5.162138e-01   5.294070e-01   5.526043e-01   6.805753e-01   6.172344e-01   6.386325e-01
   9.516123e-01   8.253683e-02   5.814121e-01   8.876154e-01   2.798338e-01   2.869548e-01   3.884584e-01   4.537216e-01   5.311230e-01   5.268996e-01   6.195459e-01   5.707378e-01   6.443413e-01   8.231479e-01
   8.006953e-01   4.744903e-01   4.094839e-01   4.237498e-01   2.532948e-01   2.963926e-01   3.654050e-01   4.008669e-01   5.133595e-01   5.233820e-01   5.549270e-01   6.105407e-01   6.423270e-01   7.594794e-01
   1.653626e-01   1.934401e-01   8.350207e-01   3.240558e-01   2.603776e-01   3.526732e-01   3.640610e-01   4.655561e-01   5.082325e-01   5.913822e-01   6.940133e-01   7.273341e-01   7.685775e-01   8.242457e-01
   8.146641e-02   2.498263e-01   9.486091e-02   7.999750e-02   2.266722e-01   2.931909e-01   3.616269e-01   4.007148e-01   5.133595e-01   5.173439e-01   5.536133e-01   6.141567e-01   7.891228e-01   7.644974e-01
   8.146641e-02   2.498263e-01   7.626696e-02   5.714028e-01   2.154534e-01   2.931909e-01   3.598395e-01   4.008956e-01   3.870088e-01   5.173439e-01   5.536133e-01   6.105407e-01   6.443413e-01   7.646589e-01
   6.747455e-01   5.047518e-01   2.399427e-01   7.055744e-01   3.142241e-01   4.112326e-01   5.055757e-01   5.954844e-01   5.192050e-01   6.675897e-01   7.367973e-01   7.782012e-01   7.527838e-01   8.580065e-01
   9.496457e-01   2.453203e-01   4.147337e-01   7.011770e-01   2.579853e-01   2.808773e-01   3.582496e-01   4.703036e-01   5.092023e-01   5.206413e-01   5.654090e-01   6.074152e-01   6.290875e-01   8.246620e-01
   4.641556e-01   1.387789e-01   5.787903e-01   9.202990e-01   2.806897e-01   3.073755e-01   4.000384e-01   4.210562e-01   4.644018e-01   5.218109e-01   6.240535e-01   5.729326e-01   6.421685e-01   7.745342e-01
   8.477295e-01   8.924105e-01   3.337891e-01   4.722896e-01   3.154025e-01   3.328739e-01   3.725014e-01   4.537216e-01   5.172323e-01   5.287768e-01   5.585645e-01   6.795013e-01   6.368630e-01   8.233480e-01
   5.280654e-01   7.672539e-01   3.352406e-01   3.553902e-01   3.040631e-01   3.633126e-01   3.785072e-01   4.631853e-01   5.200060e-01   5.441485e-01   7.238513e-01   6.842668e-01   7.920609e-01   7.461390e-01
   8.082715e-01   4.807030e-01   4.124721e-01   4.242804e-01   2.565061e-01   2.963926e-01   3.654050e-01   4.008669e-01   5.133595e-01   5.233820e-01   5.549270e-01   6.105353e-01   6.449032e-01   7.621533e-01
   6.468464e-01   7.392672e-01   5.210602e-01   8.630552e-01   3.177004e-01   3.905231e-01   4.509746e-01   4.670795e-01   6.028616e-01   6.109705e-01   7.366422e-01   7.988283e-01   7.644273e-01   8.441094e-01
   1.457903e-01   1.740042e-01   5.710414e-01   6.960718e-01   3.023411e-01   3.441518e-01   3.537543e-01   4.500588e-01   5.084512e-01   4.597496e-01   6.594739e-01   7.027713e-01   7.389791e-01   8.258675e-01
   5.151079e-01   4.807030e-01   4.124721e-01   4.242804e-01   2.565061e-01   2.964170e-01   3.654050e-01   4.008669e-01   5.133595e-01   5.233820e-01   5.549270e-01   6.146274e-01   6.449032e-01   7.621533e-01
   9.876709e-01   1.000000e+00   5.409741e-01   3.334831e-02   3.041958e-01   3.018041e-01   3.710526e-01   4.415102e-01   5.443917e-01   5.955545e-01   6.914200e-01   5.882957e-01   6.348175e-01   7.605767e-01
   9.945299e-01   6.016483e-01   3.955506e-01   7.098162e-01   2.536836e-01   3.249732e-01   3.564926e-01   4.611106e-01   4.586604e-01   6.750402e-01   5.711484e-01   5.695398e-01   6.596483e-01   7.504329e-01
   9.403029e-01   1.000000e+00   1.672483e-01   4.126310e-02   3.071189e-01   2.962865e-01   3.777059e-01   4.401634e-01   5.192693e-01   5.955545e-01   6.930062e-01   6.949289e-01   6.323456e-01   8.197181e-01
   8.006953e-01   4.744903e-01   2.545441e-01   4.237498e-01   2.532948e-01   3.051756e-01   3.654050e-01   4.008669e-01   5.133595e-01   5.233820e-01   5.639140e-01   5.531337e-01   6.425608e-01   7.594794e-01
   9.945299e-01   2.160856e-01   2.163203e-01   5.661489e-02   2.536836e-01   3.249732e-01   3.318477e-01   4.611106e-01   4.590566e-01   5.211996e-01   5.762917e-01   5.677748e-01   6.596483e-01   7.504329e-01
   9.523982e-01   6.912399e-01   6.267358e-01   6.247313e-01   2.847614e-01   2.776186e-01   4.000524e-01   4.445926e-01   4.995756e-01   5.830676e-01   6.136784e-01   5.707903e-01   7.476961e-01   8.853037e-01
   4.348731e-01   1.387789e-01   5.787903e-01   4.708854e-01   2.920462e-01   2.980570e-01   3.996884e-01   4.175826e-01   4.657194e-01   5.218109e-01   6.238600e-01   6.065887e-01   6.421685e-01   7.718665e-01
   8.772011e-02   1.749802e-01   7.626696e-02   5.723533e-01   2.432778e-01   2.970333e-01   3.893613e-01   4.010376e-01   3.890573e-01   5.173439e-01   5.536133e-01   6.105407e-01   6.443413e-01   7.646589e-01
   1.764521e-01   8.407529e-01   6.044662e-01   7.001911e-01   2.524880e-01   3.209168e-01   3.600168e-01   4.676084e-01   5.052322e-01   5.850442e-01   6.610552e-01   7.198202e-01   8.363919e-01   8.211888e-01
   9.651379e-01   7.096368e-02   3.022039e-01   9.856535e-01   2.541322e-01   3.385711e-01   3.655106e-01   4.057193e-01   5.090101e-01   6.053452e-01   6.914200e-01   6.952741e-01   7.980985e-01   7.613156e-01
   1.393471e-01   1.363571e-01   4.822339e-01   8.586329e-01   2.709093e-01   3.526732e-01   5.068675e-01   4.598814e-01   4.953925e-01   5.913822e-01   6.940133e-01   7.409607e-01   7.685775e-01   7.884158e-01
   6.851361e-01   6.877024e-01   2.389330e-01   3.990101e-01   2.266722e-01   2.964447e-01   3.654050e-01   4.008956e-01   5.136799e-01   5.230726e-01   5.549379e-01   6.098506e-01   6.276958e-01   7.651125e-01
   1.312891e-01   8.503093e-01   4.861497e-01   3.950812e-01   2.709093e-01   2.953958e-01   5.068675e-01   4.598814e-01   4.953925e-01   5.969936e-01   6.950772e-01   7.409607e-01   7.790910e-01   7.877005e-01
   5.318515e-01   7.610294e-01   3.519148e-01   8.809523e-01   3.377877e-01   3.659944e-01   3.813972e-01   5.313049e-01   5.183026e-01   5.441485e-01   6.249206e-01   6.992866e-01   7.961577e-01   7.408537e-01
   9.290399e-01   7.440186e-01   5.184246e-01   8.557418e-01   2.792675e-01   4.280363e-01   3.902191e-01   4.593931e-01   4.626198e-01   5.538909e-01   6.021379e-01   7.042080e-01   7.654549e-01   8.654971e-01
   1.687139e-01   6.778773e-01   5.648003e-01   3.240558e-01   2.895274e-01   3.526732e-01   3.645412e-01   4.654276e-01   4.974361e-01   5.962348e-01   6.940133e-01   7.273341e-01   7.685775e-01   8.242457e-01
   1.653626e-01   1.934401e-01   8.423042e-01   6.413151e-01   2.603776e-01   3.526732e-01   3.640610e-01   5.008339e-01   5.082325e-01   5.913822e-01   6.940944e-01   7.267079e-01   7.685775e-01   8.242457e-01
   1.106113e-01   6.778773e-01   4.822339e-01   8.586329e-01   2.709093e-01   3.526732e-01   5.068675e-01   4.598814e-01   4.953925e-01   5.914596e-01   6.940133e-01   7.404585e-01   7.685775e-01   8.232467e-01
   9.629640e-01   6.017607e-01   6.426129e-02   3.399317e-01   2.497773e-01   3.249732e-01   3.572683e-01   4.611106e-01   4.622476e-01   5.237471e-01   5.711484e-01   5.695398e-01   6.579013e-01   7.504329e-01
   6.765009e-01   6.866392e-01   2.389330e-01   4.714491e-01   2.219622e-01   2.964447e-01   3.654050e-01   3.992050e-01   5.053201e-01   5.211703e-01   5.549379e-01   6.098506e-01   6.276958e-01   7.651125e-01
   8.562873e-01   5.704510e-01   5.789598e-01   2.517886e-01   3.153687e-01   3.328739e-01   3.227213e-01   4.596726e-01   5.451941e-01   5.287768e-01   6.138049e-01   6.795013e-01   6.380964e-01   6.751629e-01
   7.936627e-01   6.017065e-01   6.445361e-02   3.399317e-01   2.497773e-01   3.216213e-01   3.572683e-01   4.611106e-01   4.622476e-01   5.237471e-01   5.711484e-01   5.695398e-01   6.579013e-01   7.504329e-01
   8.562873e-01   6.594086e-01   3.511872e-01   6.232205e-02   3.001876e-01   3.328739e-01   3.720272e-01   4.537216e-01   5.280290e-01   5.296884e-01   5.526043e-01   6.755018e-01   6.002073e-01   7.645281e-01
   5.124861e-01   4.804065e-01   1.000000e+00   4.289114e-01   2.565061e-01   2.964170e-01   3.654050e-01   4.008669e-01   5.133595e-01   5.233820e-01   5.544854e-01   6.125495e-01   6.490799e-01   7.621533e-01
   6.588305e-01   9.174556e-01   2.258076e-01   6.487860e-01   2.614111e-01   2.808773e-01   3.404036e-01   3.894160e-01   4.975490e-01   5.206413e-01   5.576514e-01   5.719086e-01   6.287320e-01   6.444114e-01
   7.707799e-02   3.349460e-01   4.332679e-01   9.754652e-01   2.579853e-01   2.842188e-01   3.432877e-01   3.979761e-01   5.054631e-01   5.206413e-01   5.655128e-01   6.074152e-01   6.299361e-01   6.707656e-01
   8.206727e-01   4.456949e-01   1.821467e-01   7.840155e-01   2.592375e-01   3.061763e-01   3.233230e-01   4.480803e-01   4.586943e-01   5.965606e-01   5.464376e-01   6.113252e-01   6.361895e-01   5.613316e-01
   9.290399e-01   3.302779e-01   5.184246e-01   8.606414e-01   2.792675e-01   4.260261e-01   3.917593e-01   4.593931e-01   4.626198e-01   5.538909e-01   6.021379e-01   7.763087e-01   7.654549e-01   8.753374e-01
   1.687139e-01   7.043050e-01   8.350207e-01   5.613737e-01   2.530603e-01   3.527942e-01   3.645412e-01   4.658966e-01   5.038120e-01   5.962376e-01   6.924387e-01   7.254430e-01   7.671471e-01   8.144910e-01
   9.915054e-01   9.975020e-01   5.469556e-01   4.656468e-01   2.415919e-01   3.062014e-01   3.662786e-01   4.440092e-01   5.022730e-01   6.617291e-01   5.542923e-01   5.973575e-01   6.502486e-01   7.720499e-01
   9.328902e-01   7.679608e-01   7.773747e-01   6.164979e-01   2.523718e-01   3.042705e-01   4.106570e-01   4.433015e-01   5.044132e-01   5.825639e-01   6.022947e-01   5.760068e-01   7.493725e-01   7.600201e-01
   5.070000e-01   2.498263e-01   9.099337e-02   5.714028e-01   2.569537e-01   2.423433e-01   3.594586e-01   4.008956e-01   4.546639e-01   5.186363e-01   5.536133e-01   6.105407e-01   6.519811e-01   7.579787e-01
   1.661024e-01   6.778773e-01   4.474192e-01   8.586329e-01   2.709093e-01   3.450448e-01   5.067869e-01   4.598814e-01   4.912636e-01   5.913822e-01   6.940133e-01   7.542426e-01   7.685775e-01   8.232467e-01
