   0.000000e+00   0.000000e+00   6.501070e-01   3.390812e-01   1.765662e-01   4.211529e-01   6.364366e-01   8.196017e-01   3.423670e-01   2.611777e-02   5.625114e-01   6.601699e-01   7.563456e-01   9.139898e-01   7.528184e-01   8.717527e-01   7.267918e-01   7.975135e-01   4.499649e-01   4.246207e-01
   7.088772e-03   8.029469e-01   8.184965e-01   8.315504e-01   1.472942e-01   4.502461e-01   6.314587e-01   1.333357e-01   3.747604e-02   1.446478e-01   9.262688e-01   9.574290e-01   9.354465e-01   9.581034e-01   7.994674e-01   8.459895e-01   5.912357e-01   6.317219e-01   9.206910e-01   7.579889e-01
   0.000000e+00   4.387879e-01   8.184965e-01   8.315504e-01   1.472942e-01   3.601607e-01   6.314587e-01   1.333357e-01   3.823919e-01   5.438666e-02   9.262688e-01   9.772767e-01   9.354465e-01   9.581034e-01   7.994674e-01   8.459464e-01   5.942817e-01   6.315041e-01   9.170885e-01   7.563008e-01
   1.483323e-02   0.000000e+00   6.501070e-01   8.995126e-01   1.765662e-01   2.052776e-02   6.334319e-01   8.195235e-01   3.417413e-01   2.611777e-02   5.698155e-01   6.601699e-01   3.861482e-01   9.916063e-01   7.539839e-01   8.700196e-01   7.267918e-01   7.975135e-01   4.679403e-01   8.656657e-01
   6.249057e-03   6.140929e-02   8.184965e-01   8.315504e-01   1.230430e-01   4.502461e-01   6.314587e-01   4.050520e-01   3.747604e-02   1.433935e-01   9.262688e-01   9.574290e-01   9.354465e-01   9.581034e-01   7.911259e-01   8.459895e-01   5.912357e-01   6.317219e-01   9.206910e-01   7.544624e-01
   5.919707e-01   8.029469e-01   7.684181e-01   8.431630e-01   1.319066e-01   2.237897e-01   7.367870e-01   1.333357e-01   7.919683e-01   1.499401e-01   9.262688e-01   9.403412e-01   9.354465e-01   9.581034e-01   7.994674e-01   7.810935e-01   5.912357e-01   6.317219e-01   7.028536e-01   7.588699e-01
   9.802964e-01   6.102360e-01   2.673237e-02   5.272862e-02   4.888802e-01   7.239282e-02   4.003687e-01   8.594732e-01   7.623809e-01   7.011068e-01   7.863057e-01   7.255706e-01   8.987741e-01   9.834510e-01   6.847163e-01   6.494117e-01   2.098257e-01   5.086579e-01   4.790800e-01   7.923035e-01
   4.253936e-01   7.054039e-01   5.711803e-01   9.179964e-01   1.594236e-02   5.980834e-01   5.741878e-01   6.246870e-01   1.786001e-01   5.050288e-01   9.059844e-01   9.906858e-01   8.210803e-01   8.586889e-01   8.309609e-01   8.086747e-01   8.879084e-01   8.120493e-01   1.354118e-01   4.954414e-01
   6.960105e-01   7.996127e-01   8.724425e-01   8.314472e-01   1.461057e-01   3.048750e-02   7.352821e-01   5.431206e-02   3.392155e-01   1.463540e-01   8.244172e-01   9.574290e-01   9.354465e-01   9.826010e-01   8.552807e-01   9.508955e-01   5.204945e-01   6.317219e-01   9.241459e-01   8.504534e-01
   9.631251e-01   9.491410e-01   1.606058e-02   2.783148e-02   1.396893e-01   7.549658e-01   5.574325e-01   5.937502e-01   2.504477e-01   2.011503e-01   4.376688e-01   9.298134e-01   4.446839e-01   8.417154e-01   7.963140e-01   6.523334e-01   8.251186e-01   4.710726e-01   4.784186e-01   1.637752e-01
   7.555572e-01   8.021942e-01   8.209714e-01   8.315504e-01   1.472942e-01   4.502461e-01   6.314700e-01   5.846644e-01   3.514910e-01   1.446478e-01   9.391056e-01   9.702510e-01   9.310111e-01   9.581034e-01   7.992903e-01   8.474243e-01   5.912357e-01   6.218204e-01   9.207702e-01   7.579889e-01
   8.443837e-01   8.029469e-01   7.684181e-01   8.431630e-01   7.902630e-01   2.237897e-01   7.367870e-01   1.333357e-01   7.919683e-01   5.366113e-01   9.262688e-01   9.403412e-01   9.465830e-01   9.581034e-01   7.994674e-01   7.810935e-01   5.903841e-01   6.317219e-01   7.030108e-01   7.716683e-01
   2.556665e-01   1.000000e+00   2.105032e-02   4.738717e-02   6.987348e-01   6.203768e-01   5.280781e-01   5.136637e-01   7.749348e-01   3.642022e-01   7.340842e-01   9.822983e-01   9.168007e-01   9.806673e-01   9.259794e-01   6.504605e-01   5.110848e-01   5.453825e-01   6.096240e-01   6.497225e-01
   8.754883e-01   8.637963e-01   5.281235e-01   2.016039e-01   7.213787e-01   5.190846e-01   4.664025e-01   2.077372e-01   9.017075e-02   9.558803e-01   6.629667e-01   8.234772e-01   8.718741e-01   9.689626e-01   9.585823e-01   7.408272e-01   8.497917e-01   8.365932e-01   9.006835e-01   7.656519e-01
   1.000000e+00   8.029469e-01   8.184965e-01   8.315504e-01   8.589091e-01   4.813334e-01   6.471260e-01   1.335714e-01   3.747604e-02   4.057670e-01   2.197998e-01   3.874763e-01   7.711408e-01   9.605713e-01   7.994674e-01   8.459895e-01   3.907688e-01   6.334802e-01   9.141617e-01   5.713844e-01
   6.153629e-01   4.403545e-01   2.826577e-02   8.315504e-01   1.472942e-01   3.601607e-01   6.314587e-01   1.333357e-01   3.823919e-01   5.438666e-02   9.269154e-01   9.772767e-01   9.354465e-01   9.581034e-01   7.980633e-01   8.459464e-01   5.942817e-01   6.519197e-01   9.170885e-01   7.625348e-01
   4.360846e-02   7.773897e-01   8.209714e-01   8.012120e-01   6.266165e-01   4.502461e-01   6.248148e-01   5.846644e-01   3.210906e-01   1.179710e-02   6.723340e-01   9.702510e-01   9.287384e-01   9.581034e-01   7.992903e-01   8.452666e-01   5.962783e-01   5.845157e-01   9.221128e-01   7.579889e-01
   9.203636e-01   6.080309e-01   3.554668e-02   8.510590e-02   6.992871e-01   3.364293e-01   5.129015e-01   5.728843e-02   6.639286e-01   5.579469e-01   7.472343e-01   7.521862e-01   4.530806e-01   5.478921e-01   4.737824e-01   6.822502e-01   5.826933e-01   6.527269e-01   6.954084e-01   4.792508e-01
   5.230721e-01   1.324720e-01   2.826577e-02   8.901231e-02   1.472942e-01   6.895443e-01   6.314587e-01   1.462863e-01   3.823919e-01   5.438666e-02   7.045301e-01   9.772767e-01   9.216054e-01   9.581034e-01   7.990428e-01   8.459464e-01   5.204177e-01   6.519197e-01   9.102234e-01   7.624406e-01
   9.149050e-01   9.834705e-01   8.774627e-02   5.431515e-01   6.388946e-01   2.335006e-02   5.567294e-01   5.765494e-02   1.458532e-02   9.861411e-01   5.651728e-01   2.715650e-01   8.676257e-01   3.484271e-01   1.168638e-01   6.316118e-01   3.287992e-01   5.141953e-01   2.421717e-01   5.845081e-01
   1.000000e+00   1.000000e+00   5.270124e-01   6.119412e-01   8.007102e-01   6.256214e-01   5.450547e-02   1.871479e-01   7.621408e-01   5.315703e-01   8.580086e-01   6.511970e-01   9.166187e-01   9.420535e-01   7.689535e-01   6.476362e-01   5.081521e-01   5.185583e-01   4.636244e-01   7.757620e-01
   4.284665e-01   4.383392e-01   8.136153e-01   8.315504e-01   1.472942e-01   3.601607e-01   9.859032e-01   1.000000e+00   3.860775e-01   5.316155e-02   9.314631e-01   9.772767e-01   9.342558e-01   9.581034e-01   8.095353e-01   8.459464e-01   5.942817e-01   6.315041e-01   9.159161e-01   7.563008e-01
   8.744271e-01   5.168462e-01   6.362845e-01   5.951741e-01   8.797508e-01   9.236373e-01   9.609870e-01   9.656674e-01   9.464019e-01   7.037786e-01   8.485060e-01   9.532187e-01   4.387190e-01   9.609558e-01   7.156943e-01   8.467785e-01   6.004764e-01   6.700906e-01   7.578176e-01   7.716960e-01
   5.999428e-01   4.970623e-01   5.913570e-01   5.498651e-01   6.562399e-01   2.537370e-02   2.989506e-01   1.527780e-01   7.726858e-01   2.217278e-01   8.136812e-01   7.285953e-01   8.460081e-01   3.585949e-01   7.687622e-01   8.460659e-01   3.257805e-01   3.232127e-01   7.573702e-01   5.822411e-01
   8.754883e-01   8.223817e-01   5.341653e-01   2.016039e-01   4.255296e-01   5.190846e-01   4.664025e-01   2.077372e-01   1.018528e-01   8.632309e-01   8.678132e-01   9.206819e-01   8.718741e-01   9.689626e-01   9.585504e-01   7.408272e-01   8.497917e-01   8.365932e-01   9.006835e-01   7.628644e-01
   1.000000e+00   1.000000e+00   1.051842e-02   8.964866e-02   7.316410e-01   1.067203e-01   5.542327e-02   1.874594e-01   7.621408e-01   3.876542e-02   8.493140e-01   9.765686e-01   9.168007e-01   9.806673e-01   7.458099e-01   6.545296e-01   5.110848e-01   5.114096e-01   8.368870e-01   6.664868e-01
   1.000000e+00   1.000000e+00   1.000000e+00   8.388109e-01   3.166459e-01   2.671298e-01   9.952464e-02   7.195075e-01   2.560504e-01   5.211817e-01   9.797335e-01   3.780478e-01   9.223585e-01   9.341607e-01   3.861612e-01   8.116008e-01   5.732834e-01   5.405141e-01   8.936897e-01   4.332949e-01
   2.623911e-01   3.305190e-01   1.268907e-01   5.378834e-02   4.176241e-01   2.671133e-01   7.778641e-01   4.913193e-01   8.056585e-01   9.398100e-01   1.703516e-01   7.802816e-01   2.779575e-01   6.966724e-01   9.683965e-02   7.221159e-01   4.782001e-01   5.796986e-01   7.043731e-01   8.260191e-01
   1.907862e-02   7.629419e-02   6.218008e-01   4.243371e-01   3.689259e-01   5.218846e-01   9.984967e-01   5.933893e-01   5.771968e-01   0.000000e+00   6.380789e-01   7.694327e-01   1.877520e-01   2.926880e-01   3.700952e-01   6.862241e-01   6.872017e-01   6.945820e-01   5.349485e-01   5.501912e-01
   7.550202e-01   6.403206e-01   6.198909e-01   6.922550e-01   4.829855e-01   3.404383e-01   1.480106e-01   9.964626e-02   3.457394e-02   1.742726e-01   6.794499e-01   7.731920e-01   7.991013e-01   9.404530e-01   3.776915e-01   3.017159e-01   5.618125e-01   4.800826e-01   8.817238e-01   4.939656e-01
   9.191429e-01   1.481024e-01   5.091760e-02   6.229958e-01   5.343262e-02   5.825703e-01   7.204303e-02   8.839273e-01   3.105171e-01   1.065159e-02   5.692252e-01   9.041605e-01   9.378273e-01   5.381316e-01   1.056396e-01   6.637428e-01   4.968087e-01   5.315487e-01   5.183445e-01   1.851953e-01
   9.149050e-01   9.834705e-01   8.774627e-02   5.431515e-01   6.360391e-01   2.335006e-02   5.551245e-01   2.095861e-01   5.475745e-01   9.861411e-01   5.651728e-01   2.748825e-01   8.560905e-01   3.365214e-01   1.168638e-01   6.316118e-01   3.291415e-01   5.135407e-01   2.421717e-01   5.845081e-01
   7.088772e-03   5.038532e-01   8.184965e-01   8.336309e-01   1.331477e-01   4.493140e-01   2.445712e-01   1.333357e-01   1.463664e-01   5.377437e-01   9.262688e-01   9.361492e-01   9.354465e-01   9.581034e-01   7.687226e-01   8.375213e-01   3.299859e-01   6.317219e-01   8.884199e-01   7.588283e-01
   1.865059e-01   1.666081e-01   5.101709e-02   9.966512e-01   3.313469e-01   1.332043e-01   8.600672e-01   5.316163e-01   2.485565e-01   8.367651e-01   2.035049e-01   4.382183e-01   4.932204e-02   6.889979e-02   8.375127e-01   7.526313e-01   5.086681e-01   6.863998e-01   9.491186e-01   7.780922e-01
   5.272116e-01   9.878624e-01   6.457592e-02   5.424333e-01   6.927565e-01   5.736349e-01   5.916046e-01   3.728475e-02   6.624590e-01   2.949308e-02   7.668250e-01   2.736537e-01   9.037057e-01   5.839512e-01   2.834904e-01   6.799095e-01   3.356341e-02   5.317446e-01   2.650875e-01   7.507805e-01
   2.633603e-01   5.321274e-01   7.313533e-01   1.313121e-02   6.937745e-01   3.997774e-01   6.751516e-01   7.787391e-01   1.487332e-01   9.616107e-01   9.629611e-01   9.914665e-01   9.969233e-01   9.443108e-01   7.647859e-01   8.540900e-01   8.380518e-01   5.787661e-01   8.883360e-01   3.256022e-01
   8.940323e-01   8.306593e-01   8.176052e-01   4.493981e-01   5.224150e-02   6.854696e-03   6.283092e-01   7.833279e-01   3.774240e-01   5.653327e-01   5.865066e-01   2.638670e-01   8.689537e-01   5.841363e-01   1.197831e-01   6.244029e-01   8.581548e-01   5.151421e-01   7.013386e-01   3.451740e-01
   2.048923e-01   3.259437e-01   6.139844e-01   5.227861e-02   5.569658e-01   2.668716e-01   5.539656e-02   2.761109e-01   2.701079e-01   6.004395e-02   8.864453e-01   8.908650e-01   2.185571e-01   7.503183e-01   3.528969e-01   3.462226e-02   3.079391e-01   5.737995e-01   8.469695e-01   6.785366e-01
   8.244408e-02   5.094007e-01   5.174566e-01   1.488092e-01   6.306087e-01   2.017098e-02   2.950632e-01   7.876606e-01   4.557902e-01   0.000000e+00   6.629450e-01   7.267139e-01   8.455716e-01   9.261823e-01   3.076509e-01   6.723220e-01   4.019949e-01   5.952004e-01   8.975931e-01   7.972286e-01
   1.185140e-01   7.268790e-03   9.055438e-01   3.842736e-01   9.417919e-01   6.544240e-01   3.072051e-01   9.236442e-01   3.673719e-01   7.393727e-01   5.650365e-01   2.077796e-01   3.578489e-01   6.243024e-01   2.703148e-01   2.718683e-01   5.330936e-01   3.730268e-01   7.666922e-01   5.368063e-01
   8.744337e-01   1.503229e-01   2.713876e-02   6.229958e-01   5.654454e-02   5.844942e-01   8.498099e-01   8.757345e-01   6.803904e-01   7.697105e-02   6.356837e-01   8.932031e-01   9.496620e-01   5.381316e-01   1.056396e-01   6.637428e-01   4.968087e-01   9.208625e-01   5.183445e-01   1.870175e-01
   8.734904e-01   9.880666e-01   1.059374e-03   5.872252e-01   8.769816e-01   9.301742e-01   9.606348e-01   9.613916e-01   3.790750e-01   7.079060e-01   8.500908e-01   9.795676e-01   4.335588e-01   5.398348e-01   4.477832e-01   6.750189e-01   5.973853e-01   6.564484e-01   7.578176e-01   7.723300e-01
   1.000000e+00   3.750042e-01   8.189570e-01   3.828114e-01   8.346575e-01   4.813334e-01   6.471260e-01   1.335714e-01   4.860631e-01   3.958880e-01   2.197998e-01   3.874763e-01   8.319081e-01   9.605713e-01   8.007428e-01   8.478184e-01   3.907688e-01   6.334802e-01   9.172469e-01   5.713844e-01
   9.091667e-01   9.350234e-01   1.746435e-01   8.406136e-01   7.133149e-01   3.410629e-01   1.000000e+00   9.093516e-01   4.745965e-01   1.810779e-01   5.686398e-01   2.814701e-01   8.475900e-01   5.633631e-01   7.943400e-01   7.200930e-01   7.426843e-01   5.160955e-01   5.260145e-01   5.401839e-01
   9.893479e-01   9.954377e-01   1.123143e-02   2.263596e-02   8.093234e-01   6.188018e-01   5.574705e-01   5.218377e-01   7.789428e-01   4.597496e-01   8.602666e-01   9.772297e-01   7.611339e-01   4.620372e-01   5.075502e-01   5.520506e-01   8.556453e-01   6.634751e-01   7.008518e-01   5.993375e-01
   8.296752e-01   4.320990e-01   6.758351e-01   6.891938e-01   7.228262e-01   4.079604e-01   6.705172e-01   1.985599e-01   3.823919e-01   5.095197e-01   9.629889e-01   9.772767e-01   7.727341e-01   9.581034e-01   7.769087e-01   8.532831e-01   8.173901e-01   6.315041e-01   2.233177e-01   7.598054e-01
   7.052902e-01   7.241927e-01   3.963374e-02   2.682203e-01   9.478953e-01   9.523002e-01   5.269545e-01   5.137464e-01   7.165781e-02   8.502864e-01   4.328330e-01   5.613260e-01   5.376955e-01   3.987591e-02   8.173146e-01   6.385390e-01   8.300218e-01   9.603607e-01   7.638632e-01   3.291481e-01
   8.704331e-01   7.051991e-01   9.586906e-01   9.325052e-01   2.188861e-01   5.340666e-02   5.084493e-01   5.318261e-01   2.507604e-01   8.708533e-01   7.371191e-01   6.181235e-01   4.186347e-01   8.109932e-01   6.661697e-01   6.516254e-01   2.846563e-01   1.751886e-01   7.965649e-01   7.759789e-01
   8.314326e-01   3.542144e-01   8.605780e-01   1.445235e-01   3.692240e-02   3.589602e-01   4.787001e-01   7.893894e-01   9.010932e-01   2.448517e-02   9.258839e-01   9.120294e-01   3.418233e-01   1.914724e-01   8.738238e-01   8.161381e-01   8.835076e-01   8.096564e-01   9.378322e-01   2.516527e-01
   8.848177e-01   1.000000e+00   9.082733e-01   4.493981e-01   4.559596e-02   5.550139e-01   5.571962e-01   7.636287e-01   3.774240e-01   7.514742e-01   7.772572e-01   2.808836e-01   6.054896e-01   5.391286e-01   1.197831e-01   6.232514e-01   4.749123e-01   5.139521e-01   5.201618e-01   5.403413e-01
   6.637369e-02   1.501816e-02   4.153084e-01   7.102201e-02   8.556498e-01   1.161094e-02   7.386746e-01   8.003510e-01   5.023548e-01   8.330992e-03   6.279127e-01   1.472279e-02   6.095007e-01   9.006989e-01   3.147773e-01   6.706052e-01   5.961323e-01   1.000000e+00   8.563020e-02   4.440978e-01
   6.321981e-01   2.136894e-01   4.001107e-02   7.169679e-02   1.335177e-01   2.665983e-01   7.365512e-01   4.192261e-01   3.401608e-01   5.739065e-01   6.283799e-01   8.432503e-01   7.020604e-01   5.741459e-01   3.335102e-01   5.631911e-01   8.879383e-01   9.919015e-01   4.469173e-02   6.321337e-01
   8.731094e-01   2.199340e-01   5.607369e-01   6.750606e-01   8.687869e-01   9.041875e-02   7.044832e-01   1.530586e-01   3.331438e-01   9.867219e-01   5.521482e-01   6.612533e-01   2.780956e-01   5.545311e-01   7.440392e-01   8.804911e-01   7.399878e-01   7.952458e-01   6.972460e-01   8.593735e-01
   9.102864e-01   5.220756e-01   7.313533e-01   1.313121e-02   6.937745e-01   9.059219e-01   6.751516e-01   7.787391e-01   1.485303e-01   4.423768e-01   9.619524e-01   9.914665e-01   9.969233e-01   9.306274e-01   7.775697e-01   8.540900e-01   8.370117e-01   7.604438e-01   4.659028e-01   3.256022e-01
   1.639038e-03   3.036412e-01   5.160174e-01   9.172177e-01   1.279073e-01   2.983869e-02   7.168613e-01   8.315432e-01   3.417551e-01   9.380316e-01   6.190362e-01   3.737363e-01   7.804697e-01   9.902899e-01   8.021361e-01   9.664146e-01   5.912415e-01   4.696224e-01   8.840222e-01   8.343644e-01
   9.093447e-01   8.474744e-01   2.749756e-01   1.393813e-01   1.163005e-01   5.986718e-01   5.836380e-01   7.819447e-02   1.773925e-01   7.731285e-01   8.153886e-01   7.666280e-01   3.994201e-01   2.967105e-01   5.236112e-01   6.178272e-01   7.118210e-01   8.516449e-01   1.249773e-01   6.887498e-01
   5.571828e-01   1.453910e-01   5.575688e-01   4.962116e-01   3.177463e-01   6.297837e-02   9.677804e-02   9.064332e-01   3.520916e-01   2.790971e-02   5.516109e-01   6.601699e-01   6.347726e-01   7.765089e-01   7.462200e-01   8.517689e-01   9.146802e-01   7.952458e-01   4.651195e-01   3.601647e-01
   8.450431e-01   8.029469e-01   3.951986e-01   1.580957e-01   3.322430e-01   2.029903e-01   7.340479e-02   1.370775e-01   8.842762e-01   8.320461e-01   9.262688e-01   5.206841e-01   9.465830e-01   9.520186e-01   7.956999e-01   7.828217e-01   5.903841e-01   6.317219e-01   6.795766e-01   7.679849e-01
   1.000000e+00   7.060155e-01   9.981769e-01   9.254600e-01   3.034246e-01   2.989098e-01   9.952464e-02   5.230183e-01   2.560504e-01   8.630991e-01   9.698630e-01   3.780478e-01   9.114684e-01   9.341607e-01   3.861612e-01   8.116008e-01   5.784772e-01   4.897163e-01   8.936897e-01   4.332949e-01
   8.734850e-01   5.141955e-01   1.059374e-03   3.239225e-01   8.525510e-01   9.236373e-01   9.609870e-01   9.656674e-01   3.790750e-01   1.309173e-01   8.485060e-01   9.800539e-01   4.401028e-01   9.580309e-01   4.069591e-01   8.089631e-01   6.004764e-01   6.564484e-01   7.578176e-01   7.716960e-01
   1.048513e-01   6.768708e-01   3.631811e-01   1.927712e-01   5.615628e-01   5.352637e-01   3.284049e-02   9.144182e-01   7.893223e-01   2.972315e-01   8.483580e-01   6.230476e-01   9.769617e-01   6.172760e-01   4.664622e-01   9.148767e-01   7.460392e-02   6.347824e-01   7.632979e-01   7.673283e-01
   4.295962e-01   8.571850e-01   6.202517e-01   8.381874e-01   7.003170e-01   3.481774e-01   9.824076e-01   9.931265e-01   6.216197e-01   7.295103e-03   4.045961e-01   7.715728e-01   8.157519e-01   6.113860e-01   3.779461e-01   9.338511e-01   5.829318e-01   4.819226e-01   8.735183e-01   4.925697e-01
   3.433801e-02   5.461089e-01   3.339203e-01   6.140668e-02   9.764881e-01   1.346921e-01   4.566712e-01   1.352062e-01   8.224083e-02   7.392710e-01   7.430788e-01   3.832974e-01   7.694730e-01   5.104681e-01   6.676716e-01   6.931305e-01   3.975005e-01   8.941669e-01   1.691699e-01   1.319124e-01
   5.262242e-01   1.562863e-01   6.182314e-02   4.493981e-01   4.666535e-02   5.545118e-01   5.915408e-01   7.767784e-01   3.903443e-01   2.011503e-01   5.686949e-01   9.041605e-01   2.127487e-01   9.095754e-01   1.197831e-01   6.321342e-01   5.056528e-01   5.100590e-01   5.183445e-01   1.851953e-01
   5.990583e-01   8.592120e-01   1.600395e-02   8.822434e-01   8.093234e-01   2.203626e-01   7.974955e-01   2.879654e-01   7.803025e-01   9.275070e-01   8.596687e-01   5.903292e-01   4.597766e-01   4.620372e-01   4.757172e-01   4.516947e-01   1.026235e-01   3.357298e-01   6.986598e-01   5.428838e-01
   4.945492e-01   4.725290e-01   8.935713e-01   1.349842e-01   5.852950e-03   5.332194e-01   5.915408e-01   7.573606e-01   8.884211e-01   3.884775e-01   5.686949e-01   2.717108e-01   9.644815e-01   5.841363e-01   1.232953e-01   6.274797e-01   2.256163e-01   4.433966e-01   5.201618e-01   3.762019e-01
   7.507952e-01   3.446305e-01   5.611796e-01   4.249895e-02   8.538198e-01   2.858810e-01   2.793918e-01   5.905975e-01   1.997468e-01   8.205625e-02   3.139353e-01   7.902598e-01   3.206628e-01   4.350175e-01   4.903247e-01   8.473601e-01   6.670878e-01   7.588708e-01   9.438014e-01   8.613285e-01
   8.386213e-01   5.170067e-01   1.769199e-03   5.825100e-01   3.641170e-01   9.236373e-01   7.527291e-02   8.449046e-01   8.918285e-01   7.106451e-01   7.362642e-01   6.078076e-01   4.179950e-01   9.479031e-01   4.508419e-01   9.334865e-02   7.288151e-02   8.732255e-01   7.580766e-01   7.716960e-01
   5.541057e-01   4.987408e-01   8.977298e-02   3.852345e-01   9.355588e-01   6.553370e-01   3.069605e-01   9.236442e-01   7.454261e-02   3.903258e-01   2.393008e-01   6.340440e-01   3.479569e-01   7.622535e-01   2.743608e-01   8.591111e-01   5.330936e-01   3.718133e-01   7.666922e-01   3.599371e-01
   6.901366e-01   2.415247e-02   8.714742e-01   9.071270e-01   1.037536e-01   9.966074e-02   7.316205e-01   7.770680e-01   6.425208e-01   5.572437e-01   5.454484e-01   3.719433e-01   3.915240e-01   9.905844e-01   8.642145e-01   9.503685e-01   5.051783e-01   5.154474e-01   8.652097e-01   8.523657e-01
   9.076828e-01   6.003533e-01   0.000000e+00   5.348277e-01   8.198060e-01   2.203626e-01   8.060961e-01   1.182201e-01   8.134416e-01   5.407687e-01   8.589952e-01   7.299159e-01   4.530806e-01   5.392065e-01   2.843530e-01   7.822588e-01   1.018157e-01   6.527269e-01   6.954084e-01   5.486885e-01
   6.012172e-01   7.438415e-01   5.931246e-01   3.865697e-01   8.393751e-01   6.091873e-02   2.326446e-01   9.158163e-01   4.768262e-01   1.905676e-01   7.438587e-01   3.880997e-01   8.335765e-01   7.947407e-01   6.924238e-01   7.112611e-01   2.557105e-01   2.169093e-01   1.286264e-01   4.008827e-02
   2.596005e-01   4.681434e-01   8.184965e-01   8.336309e-01   1.187532e-01   9.690717e-01   2.445712e-01   1.333357e-01   1.390579e-01   7.749588e-01   9.234990e-01   9.361492e-01   9.354465e-01   9.581034e-01   7.687226e-01   8.404582e-01   3.299859e-01   6.317219e-01   6.042165e-01   7.576388e-01
   1.000000e+00   9.232551e-01   8.946908e-01   3.620940e-01   1.502782e-02   4.778040e-02   6.271929e-01   1.501887e-01   4.750083e-01   8.675236e-02   6.124242e-01   6.676189e-01   7.540525e-01   9.205972e-01   9.695436e-01   8.958855e-01   5.978497e-01   6.250809e-01   1.623184e-01   3.616239e-01
   5.955384e-01   6.014358e-01   1.589828e-01   9.266750e-02   3.566092e-01   9.391219e-01   7.979690e-01   1.234447e-01   3.010004e-01   7.522466e-01   8.643950e-01   7.334029e-01   4.530566e-01   4.623064e-01   4.733962e-01   6.277134e-01   4.929700e-01   1.866883e-01   5.281224e-01   1.454528e-01
   2.955095e-01   7.981292e-01   9.466905e-02   7.809555e-01   4.155835e-01   7.279368e-01   7.060901e-01   1.408345e-01   2.003619e-01   1.000000e+00   9.262688e-01   9.574290e-01   9.354465e-01   5.783540e-01   7.988455e-01   9.648919e-01   5.912357e-01   6.317219e-01   9.206910e-01   6.346181e-01
   8.384142e-01   1.456884e-01   6.758351e-01   7.080093e-01   7.228262e-01   5.609748e-01   6.705172e-01   2.031905e-01   3.824788e-01   2.095398e-01   9.629889e-01   9.772767e-01   7.727341e-01   9.581034e-01   7.769087e-01   8.342712e-01   8.173901e-01   6.315041e-01   2.233177e-01   7.598054e-01
   7.627315e-02   3.002131e-01   9.712616e-02   9.076365e-01   1.027612e-01   1.071050e-03   5.437852e-01   8.415526e-01   3.417551e-01   5.359580e-01   9.082887e-01   7.439472e-01   7.804697e-01   3.567533e-01   8.045973e-01   9.664146e-01   5.912415e-01   4.696224e-01   8.840222e-01   8.343644e-01
   9.901408e-01   9.879417e-01   4.025195e-01   7.009461e-02   4.737685e-02   5.577013e-01   5.974934e-01   8.807580e-01   2.191690e-01   1.102215e-02   5.724416e-01   2.198615e-02   6.153827e-01   9.852284e-01   8.590122e-01   8.255014e-01   9.171307e-01   5.456489e-01   8.544020e-01   5.400541e-01
   8.771194e-01   8.822566e-01   5.607559e-01   6.750977e-01   7.122180e-01   1.119409e-01   7.044832e-01   9.652212e-01   3.335163e-01   3.527197e-02   5.521482e-01   6.632193e-01   1.628198e-01   6.119514e-01   7.440392e-01   8.804911e-01   7.399878e-01   7.952458e-01   8.779397e-01   8.593735e-01
   2.955095e-01   7.981292e-01   8.184965e-01   7.809555e-01   4.050367e-01   7.158709e-01   7.133974e-01   1.333357e-01   3.911155e-02   1.000000e+00   9.262688e-01   9.574290e-01   9.271730e-01   9.581034e-01   7.992142e-01   9.556551e-01   5.912357e-01   6.317219e-01   9.206910e-01   6.351274e-01
   6.507360e-01   8.573699e-02   7.085266e-02   3.801865e-01   2.992560e-01   7.235988e-01   4.910200e-01   9.152609e-01   4.794948e-01   8.993356e-01   6.128541e-01   7.182671e-01   7.111437e-01   7.956372e-01   7.935772e-01   5.631911e-01   9.141716e-01   2.347231e-01   4.469173e-02   6.471478e-01
   5.182850e-01   7.050250e-01   9.729566e-01   1.385110e-01   3.366593e-01   9.594425e-01   6.266023e-01   4.034708e-01   8.514792e-01   8.258853e-01   4.044633e-02   1.205976e-01   9.483096e-01   2.834148e-01   5.821579e-01   8.256867e-01   2.442164e-02   4.430459e-01   6.885932e-01   7.719769e-01
   2.520708e-02   7.390581e-01   9.603513e-01   5.111334e-02   7.452536e-01   9.077408e-01   3.397709e-01   4.124941e-01   2.650084e-01   9.292625e-01   3.280370e-01   5.869463e-01   8.385971e-01   8.161614e-01   9.630736e-01   7.239942e-01   8.499726e-01   4.761222e-01   7.036534e-01   6.020096e-01
   9.500333e-02   8.228350e-01   5.670443e-01   8.461508e-01   4.283579e-01   3.069757e-01   9.705565e-01   6.122872e-01   4.427145e-01   8.602495e-01   8.379389e-01   9.084315e-01   4.257168e-01   9.260874e-01   6.437351e-01   4.426423e-01   7.389840e-01   3.725426e-01   2.554540e-01   4.826591e-01
   7.200897e-01   7.969889e-01   9.160191e-01   8.393265e-01   9.540087e-01   2.786375e-01   3.525631e-01   5.843920e-01   3.811842e-01   8.757248e-01   5.088806e-01   5.021201e-01   4.496743e-01   5.355336e-01   8.550770e-01   4.165417e-01   5.331143e-01   7.182923e-01   2.413058e-01   7.400515e-01
   4.883100e-01   5.343415e-01   6.120986e-01   3.522648e-01   7.117769e-01   8.111488e-01   7.225881e-01   1.390982e-01   6.040464e-01   4.175061e-03   4.091813e-01   5.565657e-01   8.177299e-01   3.622643e-01   7.634343e-01   1.000000e+00   5.881002e-01   3.334210e-01   9.044011e-01   5.472029e-01
   8.273783e-02   5.362382e-01   9.639196e-01   3.850192e-01   6.217783e-01   6.411484e-01   7.225881e-01   8.553824e-01   0.000000e+00   7.891762e-02   6.711061e-01   5.565657e-01   8.892450e-01   8.442721e-01   5.870498e-01   6.108964e-01   8.024196e-01   3.279947e-01   5.161646e-01   3.954850e-01
   6.079398e-01   5.478203e-01   4.457826e-02   2.132618e-01   8.093234e-01   9.357944e-01   6.731682e-01   8.059464e-01   1.395176e-01   9.647407e-01   8.573014e-01   7.313864e-01   1.237931e-01   5.232999e-01   7.681656e-01   7.824349e-01   8.582214e-01   6.533151e-01   6.935497e-01   5.437299e-01
   8.719158e-01   9.245292e-01   6.363657e-01   9.041320e-01   4.265128e-01   5.949641e-01   5.513306e-01   1.543910e-01   3.775588e-01   1.248343e-01   6.193144e-01   5.580926e-01   3.494393e-01   3.960584e-01   7.987132e-01   1.951527e-03   7.752113e-02   4.680846e-01   8.452145e-01   1.209748e-01
   8.220895e-01   8.699240e-01   2.140428e-02   7.167206e-01   4.549904e-02   1.359838e-01   1.008098e-01   8.765181e-01   2.223131e-01   2.142063e-01   4.494911e-01   3.801936e-01   5.405396e-01   6.175291e-01   5.018642e-02   8.165240e-01   9.145387e-01   5.310260e-01   7.549568e-01   3.453313e-01
   9.192045e-01   5.105728e-01   4.539257e-02   3.394278e-01   8.076284e-01   9.522532e-01   2.844342e-01   4.116641e-01   5.466361e-01   4.587663e-01   6.911458e-01   4.252973e-01   9.712238e-02   4.014841e-01   5.293397e-01   5.403009e-01   8.356551e-01   7.976059e-01   4.654499e-01   5.435419e-01
   0.000000e+00   5.022888e-01   4.795328e-01   3.533901e-01   6.712643e-01   6.122626e-01   7.174766e-01   1.456007e-01   7.819060e-01   9.345453e-01   6.104302e-01   3.579957e-01   8.454020e-01   9.921316e-01   7.663010e-01   8.407065e-01   2.363083e-01   3.224219e-01   2.280747e-01   6.504213e-01
   4.936615e-01   1.435187e-01   9.045952e-01   4.438435e-01   3.392982e-01   0.000000e+00   4.510450e-02   7.767784e-01   3.774240e-01   5.554964e-01   6.572746e-01   2.795445e-01   6.075301e-01   5.841363e-01   1.197831e-01   6.274797e-01   5.001602e-01   5.145948e-01   5.228875e-01   4.478382e-01
   1.000000e+00   5.766762e-01   9.032945e-01   8.443463e-01   4.559596e-02   4.830695e-01   5.933775e-01   1.301509e-01   3.774240e-01   7.514742e-01   2.225637e-01   3.829049e-01   6.075301e-01   6.173435e-01   1.197831e-01   6.408111e-01   4.983419e-01   5.138304e-01   5.154178e-01   5.403413e-01
   1.970358e-02   1.502568e-01   8.378058e-01   2.356055e-01   1.501644e-01   6.338983e-02   9.960306e-02   1.298561e-01   6.956766e-01   1.762329e-01   4.028866e-01   4.878881e-01   6.299425e-01   4.800637e-01   4.824871e-01   2.263676e-01   9.145791e-01   5.470185e-01   6.419901e-01   7.591007e-01
   6.321981e-01   6.483182e-02   7.085266e-02   1.334901e-01   1.225670e-01   4.357850e-01   4.937094e-01   4.150719e-01   3.533855e-01   6.696656e-01   5.746678e-01   7.182671e-01   7.174349e-01   5.741459e-01   7.908032e-01   5.724279e-01   8.879383e-01   2.314813e-01   4.469173e-02   5.673742e-01
   9.913838e-01   4.241077e-01   8.958932e-01   4.784344e-01   1.140228e-01   6.083573e-01   6.938250e-01   1.335566e-01   4.859051e-01   3.979627e-01   2.503192e-01   8.178579e-01   5.049683e-02   4.078567e-01   5.885426e-01   3.215309e-01   6.555460e-01   6.334304e-01   8.784805e-01   4.339667e-01
   8.921383e-01   5.146754e-01   1.868695e-01   4.168177e-01   8.794577e-01   2.963088e-01   9.699787e-01   6.122872e-01   2.010696e-01   3.002268e-01   8.488699e-01   9.537646e-01   4.255540e-01   5.617795e-01   8.123414e-02   1.000000e+00   7.464593e-01   6.600354e-01   7.588968e-01   4.817066e-01
   6.079398e-01   6.005611e-01   4.457826e-02   2.132618e-01   8.059826e-01   5.664630e-01   7.974955e-01   1.215297e-01   7.766222e-01   4.599088e-01   8.735645e-01   7.313864e-01   9.533241e-02   4.806273e-01   5.291419e-01   7.838175e-01   2.397598e-02   6.523104e-01   6.936851e-01   5.437299e-01
