   0.000000e+00   0.000000e+00   6.864201e-01   2.302104e-04   6.335829e-01   5.675114e-01   7.177864e-01   8.452563e-01   8.784200e-01   5.110119e-01   9.700481e-01   4.936535e-01   6.199461e-01   6.332225e-01   6.377106e-01   9.556547e-01
   1.718157e-01   7.893650e-07   1.968115e-01   1.453833e-03   1.539007e-02   7.404457e-01   9.342232e-01   7.417007e-01   3.175676e-01   5.159590e-01   2.260297e-01   1.558659e-01   7.841403e-01   7.505783e-01   3.938654e-01   1.996143e-01
   0.000000e+00   6.144924e-05   7.479169e-01   3.838699e-04   9.745393e-01   9.652198e-03   5.481225e-01   9.501993e-01   1.575588e-01   7.631371e-01   7.383239e-01   1.243959e-01   5.282105e-01   8.228913e-01   9.624707e-01   8.182547e-01
   6.493139e-01   6.144924e-05   6.532664e-01   5.850824e-06   7.669259e-01   5.364371e-01   2.132083e-01   4.088774e-01   9.725017e-01   8.455792e-01   7.749419e-01   7.132596e-01   1.033934e-01   3.726023e-01   0.000000e+00   1.707898e-01
   6.512221e-01   6.144924e-05   8.706842e-01   1.962546e-03   8.398026e-01   9.686322e-03   6.114089e-01   9.728799e-01   9.491258e-01   7.618355e-01   7.384226e-01   1.238261e-01   1.013688e-01   8.352907e-01   5.376272e-01   8.321545e-01
   8.610737e-01   4.210018e-05   5.128875e-03   9.940802e-01   2.819057e-05   7.784134e-01   7.660109e-01   6.481506e-01   9.732229e-01   5.448722e-01   8.557495e-01   5.395186e-01   6.830889e-01   1.113934e-01   8.587575e-02   6.390221e-01
   3.519356e-02   7.893650e-07   4.380169e-01   4.295173e-03   4.371477e-04   8.390870e-01   7.064760e-01   9.969686e-01   9.217606e-01   4.396763e-01   5.211272e-01   2.976470e-01   7.861217e-01   1.024049e-01   4.065937e-01   1.918135e-01
   1.000000e+00   6.144924e-05   6.721142e-01   1.108467e-07   9.630495e-02   3.219103e-02   6.984884e-01   2.747743e-02   5.238243e-01   8.455700e-01   5.150768e-01   6.803899e-01   5.995396e-01   3.391594e-01   1.812635e-02   1.842118e-01
   9.715635e-01   6.144924e-05   5.496593e-01   5.850824e-06   6.553563e-02   7.305746e-03   3.659620e-01   2.999810e-02   7.091557e-02   8.455700e-01   3.137625e-01   6.674776e-01   5.995396e-01   5.785264e-01   6.200291e-01   9.621195e-01
   9.104062e-01   2.873860e-03   5.128875e-03   9.940802e-01   2.819057e-05   7.498110e-01   7.660109e-01   6.632550e-01   9.879561e-01   5.802984e-02   8.570992e-01   5.395186e-01   4.625869e-01   1.113934e-01   6.532571e-01   6.460878e-01
   0.000000e+00   0.000000e+00   1.980226e-01   2.613354e-01   0.000000e+00   9.043294e-01   4.003259e-01   3.333337e-01   5.188748e-01   5.422264e-01   5.467328e-01   6.167398e-01   7.807649e-01   6.190410e-01   9.227215e-01   8.897844e-01
   0.000000e+00   1.058771e-03   8.721192e-01   5.340715e-04   8.363645e-01   2.456325e-02   5.389995e-01   8.481102e-01   8.001156e-01   6.362060e-01   7.300842e-01   2.865771e-01   4.371636e-01   7.338411e-01   2.049952e-01   5.453391e-01
   8.553567e-01   1.714534e-03   6.268394e-02   9.940802e-01   2.819057e-05   7.120813e-01   7.660109e-01   6.481506e-01   9.738593e-01   1.637751e-01   8.646712e-01   1.447487e-01   7.914081e-01   5.796916e-01   8.955515e-01   6.390221e-01
   0.000000e+00   3.604519e-05   2.362623e-01   8.436469e-01   4.799684e-02   5.366515e-01   7.152786e-01   7.419458e-01   5.673475e-01   8.989042e-01   6.676127e-01   7.684704e-01   3.930643e-01   7.382065e-01   4.252946e-01   6.006627e-01
   6.475002e-01   1.044454e-03   6.532664e-01   1.382825e-03   7.605192e-01   5.330541e-01   2.122391e-01   4.098772e-01   9.728978e-01   8.455792e-01   7.738940e-01   7.132596e-01   1.033934e-01   3.747600e-01   1.073634e-02   1.707898e-01
   3.848070e-01   3.625591e-04   8.644366e-01   1.633792e-03   9.296445e-04   5.823979e-01   3.538980e-01   6.683675e-01   9.941689e-01   7.049141e-01   7.275075e-01   8.714655e-01   9.078051e-01   7.406780e-01   4.035915e-01   1.739611e-01
   6.963231e-01   1.427828e-02   7.767332e-01   2.784410e-03   5.641877e-01   1.489093e-02   6.619936e-01   3.457049e-01   9.636430e-01   4.435540e-01   4.026373e-01   9.639496e-01   5.241246e-01   7.157160e-01   8.862232e-01   3.921793e-01
   8.520063e-01   2.614733e-03   7.935710e-04   1.000000e+00   2.291062e-03   7.138635e-01   7.660109e-01   6.481316e-01   9.656428e-01   5.438247e-01   7.497570e-01   5.517032e-01   6.830889e-01   5.633393e-01   1.190236e-01   8.370800e-01
   8.883165e-01   2.241689e-02   5.573824e-01   1.962546e-03   8.465258e-01   2.560574e-05   5.125728e-01   9.728799e-01   9.916041e-01   7.618355e-01   7.231903e-01   1.314510e-01   9.009101e-01   8.352907e-01   5.376272e-01   5.240160e-01
   5.737539e-01   2.222288e-01   8.639329e-01   5.194750e-05   7.150352e-01   4.658917e-01   7.770057e-02   6.354433e-01   4.869022e-01   8.204821e-01   4.939096e-01   1.440229e-01   9.091992e-01   6.335672e-01   9.713775e-01   7.806648e-01
   7.823470e-01   7.284836e-02   7.157584e-05   7.692122e-01   1.808794e-04   5.746778e-01   6.820527e-01   8.289659e-01   7.986996e-01   4.349627e-01   8.909702e-01   5.313997e-02   2.550388e-01   4.249826e-01   8.908303e-01   9.483705e-01
   0.000000e+00   3.758773e-02   4.346581e-01   2.478987e-03   9.601351e-01   7.785455e-04   5.451102e-01   8.500625e-01   1.585502e-01   5.134336e-01   7.383239e-01   9.965094e-02   5.092194e-01   8.221403e-01   9.677966e-01   8.190227e-01
   8.341244e-01   9.190481e-06   7.828525e-01   6.797879e-02   1.014590e-03   9.088849e-01   8.916843e-01   5.986460e-01   5.502709e-01   7.105676e-01   4.316648e-01   8.747159e-01   6.884138e-01   7.587862e-01   5.985357e-01   6.397110e-02
   0.000000e+00   1.797449e-04   1.000000e+00   9.889193e-01   6.987963e-01   5.459007e-01   5.166594e-01   1.069797e-01   3.829901e-01   3.766125e-01   8.081405e-01   7.725687e-01   4.711078e-01   2.029694e-01   6.375434e-01   2.384202e-01
   7.941779e-01   7.284836e-02   7.157584e-05   7.692122e-01   0.000000e+00   5.741719e-01   7.023225e-01   7.432724e-01   7.974124e-01   8.902742e-01   8.909702e-01   5.665340e-01   2.550388e-01   4.249826e-01   8.908303e-01   9.483705e-01
   0.000000e+00   7.893650e-07   4.395407e-01   4.311693e-03   4.371477e-04   3.101409e-01   5.361377e-01   6.426182e-01   9.260811e-01   6.148371e-01   5.934589e-01   9.760864e-01   7.843986e-01   5.627065e-01   4.284754e-01   2.029008e-01
   9.715635e-01   2.506486e-02   5.788610e-01   5.850824e-06   9.301252e-01   7.757767e-04   1.379942e-01   5.101725e-01   8.963159e-01   8.400736e-01   3.137625e-01   6.817081e-01   5.995396e-01   5.759531e-01   6.200291e-01   8.027028e-01
   0.000000e+00   0.000000e+00   9.649403e-01   2.997199e-01   7.386430e-05   9.043294e-01   4.003259e-01   3.245601e-01   5.188748e-01   5.422264e-01   5.467328e-01   6.167398e-01   7.807649e-01   6.207434e-01   9.227215e-01   8.897844e-01
   8.367297e-01   6.144924e-05   6.599069e-01   2.489958e-02   8.403903e-01   3.334530e-02   5.171011e-01   3.988879e-01   9.599411e-01   7.654382e-01   7.414424e-01   8.408653e-01   9.872475e-02   9.290396e-01   6.888159e-01   8.471595e-01
   3.426470e-03   3.461490e-01   8.692833e-01   2.418752e-03   7.667125e-01   9.301647e-01   2.995790e-01   5.776485e-01   2.865465e-01   1.696907e-01   7.722434e-01   1.312386e-01   5.760087e-01   8.368242e-01   5.452633e-01   6.242612e-01
   0.000000e+00   6.144924e-05   8.717082e-01   5.405121e-06   7.898161e-01   1.832258e-02   3.741796e-01   9.807957e-01   7.774149e-01   8.570821e-01   5.023246e-01   5.615652e-02   8.326888e-01   5.829723e-01   6.153249e-01   1.930981e-01
   2.170381e-04   4.158756e-01   8.311522e-03   9.953020e-01   7.982980e-01   5.548222e-01   4.887223e-01   1.516368e-02   4.395763e-01   5.387052e-01   5.525647e-01   6.811846e-01   1.164967e-03   1.268610e-01   1.153623e-02   1.959871e-01
   0.000000e+00   0.000000e+00   6.860816e-01   2.119448e-03   6.335829e-01   4.476682e-01   4.039740e-01   6.322750e-01   8.690053e-01   5.110119e-01   9.700481e-01   4.936535e-01   6.199461e-01   6.351148e-01   6.377106e-01   9.554247e-01
   7.645666e-01   5.854227e-02   8.237122e-01   1.962546e-03   8.398026e-01   2.678064e-02   7.105853e-01   9.728799e-01   5.318430e-01   7.618355e-01   7.176884e-01   1.238261e-01   5.978198e-01   8.352907e-01   5.376272e-01   8.361561e-01
   9.715635e-01   6.144924e-05   5.496593e-01   5.850824e-06   5.374485e-01   7.305746e-03   3.659620e-01   8.912946e-01   7.091557e-02   8.377257e-01   3.496154e-01   6.748284e-01   5.995396e-01   5.785264e-01   6.190392e-01   9.621195e-01
   8.809396e-01   4.548273e-03   5.941639e-02   2.795011e-01   2.819057e-05   7.784134e-01   7.752081e-01   6.457057e-01   8.428039e-01   5.449404e-01   8.517884e-01   5.395186e-01   6.861360e-01   8.911467e-02   8.979435e-02   2.110208e-01
   9.039840e-01   2.873860e-03   9.486547e-01   1.000000e+00   6.975683e-03   7.497874e-01   7.036863e-01   9.868327e-01   5.749424e-01   4.244372e-01   8.570992e-01   8.105996e-02   6.969789e-02   3.742420e-01   2.329113e-01   3.449036e-01
   8.553567e-01   1.714534e-03   7.607047e-01   9.839938e-01   2.819057e-05   7.120813e-01   8.284128e-01   6.481506e-01   9.738593e-01   1.637751e-01   8.646712e-01   1.447487e-01   7.914081e-01   5.796916e-01   8.955515e-01   6.389728e-01
   5.470378e-01   1.462509e-02   1.515260e-01   6.293431e-02   5.371751e-01   1.738335e-02   6.587633e-01   6.289751e-01   8.650114e-01   7.060231e-01   9.479234e-01   1.219591e-01   6.703667e-01   7.152697e-01   1.874313e-02   3.935287e-01
   9.863145e-06   0.000000e+00   1.920482e-02   2.767239e-03   5.019933e-01   3.120199e-01   4.911200e-01   8.398011e-01   8.979906e-01   6.298522e-01   8.699490e-01   7.613594e-01   5.570582e-01   7.181582e-01   1.745529e-01   8.044029e-01
   7.823470e-01   9.535096e-02   5.348067e-01   2.597897e-01   1.808794e-04   8.512781e-01   6.767048e-01   8.289659e-01   7.986996e-01   4.349627e-01   8.909702e-01   5.313997e-02   2.550388e-01   7.560743e-01   8.911159e-01   9.483705e-01
   8.520063e-01   2.593811e-03   7.935710e-04   5.075846e-02   2.291062e-03   7.138635e-01   7.685253e-01   6.665733e-01   9.556655e-01   5.438247e-01   7.475009e-01   5.517032e-01   6.843105e-01   5.633393e-01   1.190236e-01   8.370800e-01
   4.782452e-02   3.625591e-04   8.679108e-01   1.633792e-03   8.075975e-01   8.700450e-01   3.628242e-01   5.742165e-01   1.377283e-01   7.052789e-01   7.261655e-01   8.817441e-01   8.513660e-01   7.297808e-01   8.711534e-01   9.813724e-02
   8.610737e-01   4.210018e-05   3.972610e-02   9.940802e-01   2.819057e-05   7.784134e-01   7.586063e-01   6.513374e-01   9.732229e-01   5.477133e-01   3.246369e-01   5.395186e-01   6.830889e-01   8.592657e-01   8.587575e-02   6.390221e-01
   8.775166e-01   6.144924e-05   8.075431e-01   1.355273e-02   9.519765e-01   6.969610e-01   8.228444e-02   6.929352e-01   1.105232e-01   5.622033e-01   7.446724e-01   2.696618e-01   9.937761e-01   6.490855e-01   2.375504e-01   7.485923e-01
   2.008222e-03   0.000000e+00   1.920482e-02   2.593572e-03   5.019933e-01   3.122296e-01   4.889410e-01   8.453315e-01   8.739877e-01   6.313244e-01   8.699490e-01   7.613594e-01   5.213661e-01   1.329017e-01   1.745529e-01   8.044029e-01
   6.846327e-01   3.604519e-05   9.309519e-01   1.114323e-01   3.657514e-04   8.883794e-01   3.003737e-01   6.869483e-01   2.807985e-01   1.608514e-01   4.663754e-01   4.020401e-01   3.404948e-01   8.085774e-01   1.805696e-01   8.357597e-01
   4.595802e-03   4.223510e-01   6.909081e-01   9.066880e-05   7.258708e-01   1.467264e-02   9.413399e-01   8.343347e-01   2.216517e-01   4.979377e-01   7.491895e-01   5.917331e-01   7.802349e-01   7.937484e-01   6.591210e-01   6.389964e-01
   8.388602e-01   3.442919e-03   1.564106e-01   2.472727e-04   6.915737e-01   7.475566e-01   9.917450e-01   6.353757e-01   2.220725e-01   8.401629e-01   8.898458e-01   8.518176e-01   5.849044e-01   8.832843e-01   6.756663e-01   3.944751e-01
   6.885394e-01   3.908071e-02   1.152810e-02   9.876720e-01   8.149717e-01   8.539465e-01   6.454520e-01   3.765603e-01   5.948511e-01   6.088410e-01   4.048654e-01   3.928495e-01   5.195566e-01   2.862608e-01   5.406125e-01   3.421974e-01
   1.449575e-01   6.530232e-05   5.696005e-01   2.784410e-03   9.518437e-01   2.369518e-01   7.608338e-01   3.457049e-01   9.636430e-01   6.396117e-01   4.026373e-01   9.631856e-01   5.315033e-01   6.879063e-01   8.862232e-01   7.393875e-01
   3.848070e-01   3.625591e-04   8.332965e-01   1.633792e-03   2.498488e-03   5.718296e-01   3.956150e-01   1.785672e-01   9.941689e-01   7.049141e-01   7.275075e-01   8.714655e-01   9.141622e-01   7.406780e-01   4.035915e-01   1.739611e-01
   8.814193e-01   6.144924e-05   5.496593e-01   3.029737e-02   6.148165e-02   5.924177e-01   3.659620e-01   5.691167e-02   6.877582e-02   6.549527e-01   7.302209e-01   4.584437e-01   5.995396e-01   5.738496e-01   6.200291e-01   2.689220e-01
   1.630726e-02   5.259443e-01   8.127247e-01   2.829239e-02   4.736749e-01   3.375091e-01   5.945253e-02   6.907263e-01   4.862145e-02   7.211820e-01   3.050062e-01   8.658512e-01   4.607644e-01   6.344032e-01   6.077744e-01   6.322018e-01
   8.963937e-01   1.411489e-03   1.736154e-01   8.741427e-06   5.565377e-01   6.417806e-02   7.234187e-01   3.372307e-01   4.282716e-01   5.141158e-01   5.178540e-01   7.037581e-01   6.152421e-01   1.129082e-01   4.167525e-03   7.998830e-01
   6.338972e-02   1.115879e-01   9.649403e-01   1.907580e-02   4.601786e-05   9.043294e-01   6.767302e-01   8.477538e-01   1.531482e-01   5.393017e-01   7.359697e-01   6.073727e-01   5.201896e-01   7.571748e-01   9.243151e-01   6.326565e-01
   1.718157e-01   7.893650e-07   2.011202e-01   9.650208e-04   1.539007e-02   7.404457e-01   9.342232e-01   7.488718e-01   3.175676e-01   7.282934e-01   3.253317e-01   6.984605e-01   7.841403e-01   7.533570e-01   3.921206e-01   1.996742e-01
   9.166619e-01   2.592943e-03   8.284182e-01   2.227567e-03   9.310681e-02   5.844977e-01   7.075835e-01   6.792325e-01   5.234437e-01   8.920729e-01   7.713566e-01   6.192193e-01   5.217659e-01   6.151644e-01   6.968254e-01   6.188485e-01
   7.328358e-03   1.292521e-01   9.969361e-01   9.875707e-01   6.963505e-01   2.844871e-01   9.652053e-01   6.070384e-02   3.820635e-01   5.319788e-01   4.985013e-01   7.753421e-01   4.737547e-01   2.104807e-01   1.679566e-01   1.479952e-01
   1.331601e-01   4.311865e-03   4.308396e-02   4.680426e-01   5.596043e-01   7.768235e-01   2.552883e-01   9.460242e-01   2.096572e-01   8.371189e-01   8.610427e-01   5.381234e-01   5.804530e-01   6.944674e-01   8.979435e-02   4.338095e-01
   8.554120e-01   1.538871e-04   8.269355e-01   1.882266e-03   0.000000e+00   5.667502e-01   5.978445e-01   3.526682e-01   9.813361e-01   8.408045e-01   5.244773e-01   7.258139e-02   5.217659e-01   8.541846e-02   6.832219e-01   6.350302e-01
   1.646486e-04   4.035914e-01   5.052291e-01   9.890657e-01   7.791701e-01   7.490790e-01   5.137643e-01   3.370980e-01   3.673883e-02   2.965956e-02   7.502498e-01   6.352509e-01   4.707409e-01   8.158057e-01   9.583286e-01   8.457606e-01
   5.808271e-01   1.411489e-03   9.458637e-01   8.741427e-06   5.565377e-01   5.889626e-01   5.822550e-01   3.539189e-01   4.282716e-01   5.206039e-01   5.178540e-01   7.285004e-01   9.036138e-01   1.129082e-01   0.000000e+00   8.004690e-01
   8.775166e-01   6.144924e-05   8.075431e-01   2.472727e-04   6.485492e-01   7.275253e-01   3.788107e-01   2.021215e-01   1.102531e-01   1.513237e-01   7.456457e-01   6.041685e-02   9.937761e-01   5.693294e-01   8.393790e-01   8.522502e-01
   1.787588e-01   6.144924e-05   6.323347e-01   5.850824e-06   7.236598e-01   3.617925e-01   4.557439e-01   6.991843e-01   9.725017e-01   8.563479e-01   7.749419e-01   7.345847e-01   2.884254e-01   8.704521e-01   0.000000e+00   1.699252e-01
   7.490706e-01   1.797449e-04   2.059604e-01   9.576647e-01   9.535337e-01   5.467788e-01   4.985290e-01   1.077010e-01   2.802168e-01   9.052402e-01   8.080525e-01   5.521129e-01   8.370546e-01   4.419815e-01   2.220929e-01   2.438689e-01
   9.863145e-06   0.000000e+00   8.365851e-01   2.767239e-03   8.956462e-01   2.659084e-01   5.971747e-01   7.154022e-01   1.355643e-01   6.298522e-01   8.534713e-01   7.659118e-01   5.325929e-01   7.485834e-01   1.745529e-01   8.060345e-01
   8.789475e-02   1.094248e-01   5.588150e-01   7.394925e-04   7.326537e-01   1.024524e-01   3.717936e-01   5.858381e-01   4.887265e-02   8.366908e-01   5.232710e-01   1.443219e-01   9.063256e-01   2.575706e-01   4.063187e-01   7.756443e-01
   6.988624e-01   3.251397e-02   4.718143e-01   1.108023e-02   3.026384e-01   1.131986e-01   3.659884e-01   9.723981e-01   1.973537e-02   7.240083e-01   7.358029e-01   7.150291e-01   1.028249e-01   4.366252e-01   2.428086e-01   8.983579e-01
   8.341244e-01   9.190481e-06   9.631528e-01   6.836412e-02   1.014590e-03   3.123718e-01   8.916843e-01   5.981686e-01   5.500172e-01   6.201989e-01   4.316648e-01   9.360377e-01   6.821609e-01   7.296167e-01   5.985357e-01   6.397110e-02
   5.948989e-02   7.893650e-07   1.968115e-01   6.091839e-03   8.286570e-02   7.612279e-01   9.181418e-01   8.548956e-01   3.082126e-01   5.140950e-01   2.144663e-01   1.564427e-01   7.841403e-01   7.505783e-01   4.242700e-01   9.513803e-01
   8.960469e-01   8.737593e-03   8.634531e-01   2.112565e-01   8.444246e-01   6.472063e-01   5.519763e-01   3.539189e-01   3.446761e-01   5.150741e-01   6.955558e-01   7.037581e-01   6.146657e-01   1.129082e-01   0.000000e+00   8.028853e-01
   5.495186e-01   4.210018e-05   7.318749e-02   9.940768e-01   4.254114e-01   7.784134e-01   7.586063e-01   6.510460e-01   9.732229e-01   5.477133e-01   9.277740e-01   5.395186e-01   6.830889e-01   8.592657e-01   8.587575e-02   8.712614e-01
   7.490706e-01   3.723550e-03   3.277309e-03   7.720884e-02   9.535337e-01   1.185521e-02   4.985290e-01   1.077010e-01   4.264784e-01   9.052402e-01   8.078977e-01   5.704253e-01   8.370546e-01   4.419815e-01   1.813717e-01   2.071638e-01
   1.436511e-01   4.210018e-05   5.845839e-03   0.000000e+00   5.340846e-02   7.784134e-01   7.660109e-01   6.489373e-01   9.732229e-01   1.593090e-01   8.557495e-01   7.135539e-01   4.725619e-01   1.113934e-01   8.587575e-02   6.390221e-01
   5.529850e-02   3.774046e-01   1.564106e-01   2.472727e-04   7.307286e-01   1.464472e-02   5.005168e-01   6.353757e-01   4.355952e-01   8.247689e-01   8.926058e-01   8.518176e-01   5.849044e-01   9.455684e-01   6.756663e-01   3.832842e-01
   6.758742e-01   2.506486e-02   5.817588e-01   5.850824e-06   9.301252e-01   3.801787e-01   1.379942e-01   5.101725e-01   6.390919e-01   8.400736e-01   9.954820e-01   1.412053e-01   2.087150e-01   5.759531e-01   6.200291e-01   8.027028e-01
   8.594455e-01   1.421879e-03   1.287575e-02   7.071996e-02   1.993467e-03   6.480060e-01   1.000000e+00   8.450170e-01   2.183041e-01   5.255847e-01   7.531032e-01   9.650833e-01   6.152098e-01   2.787374e-02   1.816581e-01   8.463121e-01
   4.296838e-03   6.205121e-01   4.147038e-01   4.686872e-01   2.557911e-03   8.745810e-01   6.863965e-01   5.259750e-01   6.380329e-01   5.160090e-02   6.616216e-01   1.466622e-01   4.692900e-01   3.556229e-01   3.181681e-01   7.985889e-01
   6.332325e-01   5.867472e-02   9.026992e-02   1.537437e-02   9.693123e-02   4.218861e-01   7.446710e-01   3.644211e-01   5.146480e-01   8.908087e-01   5.164034e-01   6.036230e-01   7.834932e-01   1.269098e-01   8.392519e-01   6.141411e-01
   6.753370e-01   2.506486e-02   7.908135e-01   5.850824e-06   9.411792e-01   1.752176e-01   3.867733e-01   5.101725e-01   6.390919e-01   8.400736e-01   9.700091e-01   6.574859e-01   8.069848e-01   5.759531e-01   6.200291e-01   8.310329e-01
   7.450410e-02   0.000000e+00   8.365851e-01   4.662892e-03   8.956462e-01   5.439441e-01   5.981057e-01   7.142812e-01   1.355643e-01   6.298522e-01   8.534713e-01   2.186061e-01   2.278327e-01   7.485834e-01   6.482865e-01   7.762845e-01
   7.695243e-01   7.340540e-01   5.874582e-01   7.319264e-01   4.688594e-01   8.451217e-01   4.679555e-01   6.986380e-01   1.501072e-01   6.434840e-01   3.304444e-01   2.977873e-01   2.498061e-01   7.401260e-01   4.163928e-01   5.338212e-01
   8.680762e-01   5.476935e-03   6.526274e-01   9.544153e-01   6.777286e-01   4.962974e-01   7.538717e-01   2.634195e-01   2.913522e-01   1.665176e-01   7.708274e-01   7.334976e-01   6.967267e-01   4.306598e-01   2.738267e-01   2.069354e-01
   1.334386e-01   1.204942e-01   8.269355e-01   7.756694e-01   4.476825e-02   2.179994e-01   7.088463e-01   3.526682e-01   5.177306e-01   8.838621e-01   5.236305e-01   6.036230e-01   3.121480e-01   8.112412e-01   8.392519e-01   6.350302e-01
   6.767380e-01   5.564635e-04   9.735895e-01   9.653291e-01   2.076053e-03   8.697201e-01   7.010259e-01   6.194677e-01   5.603553e-01   4.196548e-01   8.365294e-01   7.803092e-01   5.107018e-02   3.905194e-01   4.142952e-01   8.257697e-01
   8.399658e-01   1.292016e-04   1.218987e-01   6.267144e-02   5.523762e-01   6.413794e-02   7.226424e-02   6.925118e-01   2.758011e-01   4.375224e-01   8.059610e-01   8.536014e-01   6.105431e-01   7.152697e-01   9.719144e-03   3.935287e-01
   7.486660e-03   4.295380e-01   7.156336e-01   4.209081e-01   7.791460e-01   3.588881e-01   4.571694e-02   9.758620e-01   3.592104e-01   6.968227e-01   6.684356e-01   1.487552e-01   7.505128e-01   3.557769e-01   6.107208e-01   7.985252e-01
   1.061710e-01   1.362877e-01   1.259827e-01   7.150872e-02   9.582468e-01   7.718553e-01   3.831382e-01   8.052499e-01   9.465863e-01   1.528182e-01   8.849012e-01   3.608925e-01   4.598346e-01   3.696694e-01   8.896783e-01   8.590554e-01
   2.753470e-03   2.222288e-01   8.587719e-01   9.875577e-02   7.326537e-01   1.074078e-01   9.718596e-01   6.368551e-01   7.907324e-01   8.191952e-01   3.813696e-01   1.443219e-01   5.342298e-01   2.575706e-01   4.253905e-01   7.815730e-01
   6.382962e-02   8.187310e-01   7.430522e-01   1.062248e-01   8.503186e-02   5.726604e-01   3.758946e-01   1.529452e-01   1.135707e-01   1.666318e-01   4.262905e-01   6.942078e-02   5.318175e-01   5.705333e-01   8.996980e-01   9.632572e-01
   7.751853e-01   8.483343e-01   1.675673e-02   3.215768e-01   8.376104e-01   5.424701e-01   3.964953e-01   1.000000e+00   5.578253e-01   3.713562e-01   9.682375e-01   2.248406e-01   2.448352e-01   5.980802e-01   6.486617e-01   7.382813e-01
   0.000000e+00   1.385037e-03   8.721192e-01   7.103996e-04   2.890467e-01   7.827377e-01   5.493027e-01   8.481102e-01   7.488950e-01   6.362060e-01   7.300842e-01   2.916487e-01   4.365533e-01   7.338411e-01   2.095981e-01   5.453391e-01
   2.170381e-04   4.158756e-01   8.311522e-03   8.097955e-02   7.982980e-01   5.726061e-01   4.857330e-01   1.516469e-02   4.395763e-01   5.387052e-01   5.646794e-01   6.811846e-01   8.407708e-01   1.132278e-01   1.153623e-02   2.096850e-01
   4.296838e-03   8.821231e-02   4.195141e-01   4.634632e-01   2.557911e-03   8.745810e-01   1.603536e-02   5.268149e-01   6.351283e-01   5.160090e-02   6.561919e-01   1.466622e-01   7.058380e-01   3.485573e-01   9.278122e-01   7.985889e-01
   9.263631e-01   1.035250e-01   9.402897e-01   1.848580e-02   7.386430e-05   9.043294e-01   6.865658e-01   3.528644e-01   8.013461e-01   5.393017e-01   5.936463e-01   6.031698e-01   2.263541e-01   9.950199e-02   9.219024e-01   1.038895e-01
   1.031939e-01   6.144924e-05   8.255792e-01   5.596548e-05   2.722566e-01   0.000000e+00   5.491897e-01   9.501993e-01   6.052697e-01   7.631371e-01   7.359060e-01   5.846257e-01   6.823472e-01   8.228913e-01   2.484929e-01   8.360383e-01
   1.449575e-01   3.380712e-04   1.366220e-02   1.153916e-04   9.047255e-01   2.395681e-01   7.608338e-01   3.457049e-01   9.636430e-01   6.972978e-01   4.126442e-01   9.631856e-01   4.631397e-01   6.883038e-01   8.513336e-01   1.336680e-02
   1.731388e-01   7.893650e-07   2.011202e-01   0.000000e+00   1.798928e-02   7.399443e-01   9.342232e-01   7.521507e-01   2.757736e-01   7.282934e-01   7.867903e-01   4.467830e-01   7.844391e-01   7.533570e-01   3.843374e-01   1.996742e-01
   3.519356e-02   7.893650e-07   4.380169e-01   4.295173e-03   1.692684e-04   8.390870e-01   7.064760e-01   0.000000e+00   9.217606e-01   4.396763e-01   5.208298e-01   2.984120e-01   7.861217e-01   1.023839e-01   4.065937e-01   8.398701e-01
