   1.606941e-06   0.000000e+00   1.070574e-07   3.135853e-06   2.419408e-03   0.000000e+00   9.912996e-03   1.000000e+00   9.821122e-01   1.000000e+00   9.999396e-01   1.000000e+00   9.966604e-01   1.000000e+00   9.999894e-01   9.999514e-01   1.000000e+00
   3.535670e-07   0.000000e+00   1.867770e-09   3.007719e-04   0.000000e+00   7.431035e-02   3.564216e-03   9.839147e-01   9.440085e-01   9.996525e-01   9.999973e-01   9.999937e-01   9.999123e-01   9.997924e-01   9.999873e-01   9.927994e-01   9.999235e-01
   2.213592e-06   0.000000e+00   5.523871e-06   3.451008e-05   0.000000e+00   4.617799e-03   3.411002e-04   9.417988e-01   9.933562e-01   9.992977e-01   9.992181e-01   1.000000e+00   9.967332e-01   9.997798e-01   9.992595e-01   9.996194e-01   9.998715e-01
   1.797113e-06   0.000000e+00   1.070574e-07   3.822191e-02   2.419408e-03   0.000000e+00   9.940818e-03   1.000000e+00   9.821122e-01   1.000000e+00   9.999396e-01   1.000000e+00   9.964396e-01   1.000000e+00   9.992971e-01   9.999637e-01   1.000000e+00
   6.383069e-07   0.000000e+00   4.143024e-07   7.617684e-04   7.923375e-04   6.317149e-02   0.000000e+00   9.803884e-01   9.999654e-01   9.993312e-01   1.000000e+00   9.999981e-01   9.999819e-01   9.989608e-01   1.000000e+00   9.999768e-01   9.998661e-01
   3.244255e-07   0.000000e+00   1.185907e-02   3.002325e-04   3.893385e-04   7.587620e-02   0.000000e+00   9.859087e-01   9.531627e-01   9.993022e-01   9.999999e-01   9.989597e-01   1.000000e+00   9.997991e-01   1.000000e+00   9.926960e-01   9.904439e-01
   9.413200e-02   0.000000e+00   0.000000e+00   6.506025e-05   8.774615e-02   1.590439e-04   0.000000e+00   9.949606e-01   1.000000e+00   9.977952e-01   9.988104e-01   9.979189e-01   9.999487e-01   9.999338e-01   9.999406e-01   9.999977e-01   1.000000e+00
   2.302359e-06   0.000000e+00   1.435433e-09   3.394841e-03   3.052479e-02   7.431035e-02   1.840877e-03   9.413334e-01   9.446596e-01   9.999921e-01   9.999959e-01   9.993953e-01   9.999900e-01   9.997923e-01   1.000000e+00   1.000000e+00   9.999235e-01
   9.359130e-02   0.000000e+00   0.000000e+00   0.000000e+00   1.644070e-02   0.000000e+00   3.222064e-04   9.320125e-01   9.997713e-01   9.999903e-01   9.995622e-01   9.980911e-01   9.993329e-01   9.996130e-01   1.000000e+00   9.999361e-01   9.999971e-01
   1.033299e-01   3.988736e-07   0.000000e+00   3.882576e-02   8.015128e-02   8.829932e-02   2.073877e-05   9.078191e-01   9.719323e-01   9.994446e-01   9.963518e-01   9.999317e-01   9.994052e-01   9.999542e-01   1.000000e+00   9.999470e-01   9.999707e-01
   1.031774e-01   1.911794e-10   0.000000e+00   5.786063e-05   0.000000e+00   1.124471e-02   0.000000e+00   9.320971e-01   9.987197e-01   1.000000e+00   9.994605e-01   1.000000e+00   9.997976e-01   1.000000e+00   1.000000e+00   1.000000e+00   9.999940e-01
   9.418467e-02   0.000000e+00   2.998317e-03   6.506025e-05   1.131445e-02   1.692576e-04   0.000000e+00   9.949606e-01   9.997963e-01   9.998763e-01   9.992983e-01   9.980473e-01   9.999487e-01   9.997315e-01   9.999982e-01   9.999999e-01   1.000000e+00
   9.983280e-02   4.085027e-07   0.000000e+00   3.428983e-03   1.116337e-01   1.183893e-02   1.469176e-02   9.417692e-01   9.998047e-01   9.999419e-01   9.994478e-01   9.957617e-01   9.976818e-01   1.000000e+00   9.999597e-01   9.856750e-01   1.000000e+00
   9.396038e-02   0.000000e+00   2.623690e-04   4.225355e-06   6.304667e-06   8.967417e-02   0.000000e+00   9.300504e-01   9.775773e-01   1.000000e+00   9.992671e-01   9.999943e-01   9.997915e-01   9.999982e-01   9.999829e-01   9.999386e-01   1.000000e+00
   9.038373e-02   0.000000e+00   4.144637e-05   6.506025e-05   0.000000e+00   0.000000e+00   1.182938e-02   9.588550e-01   9.963187e-01   1.000000e+00   9.992983e-01   9.979189e-01   9.997655e-01   9.996869e-01   1.000000e+00   9.999394e-01   9.997367e-01
   1.097091e-01   1.925261e-10   0.000000e+00   2.683037e-04   2.702188e-05   2.125570e-04   5.519973e-03   9.768817e-01   9.752348e-01   9.987591e-01   9.999131e-01   9.999994e-01   9.998578e-01   9.999959e-01   9.996128e-01   9.999983e-01   9.999975e-01
   9.418448e-02   0.000000e+00   2.998317e-03   6.506025e-05   1.128726e-02   1.109722e-04   0.000000e+00   9.986723e-01   9.997963e-01   9.999916e-01   9.999729e-01   9.980473e-01   9.999487e-01   9.997419e-01   9.999999e-01   9.999999e-01   9.998500e-01
   9.442002e-02   0.000000e+00   4.302120e-07   1.131572e-09   5.331437e-04   7.564709e-02   1.659859e-04   9.290419e-01   1.000000e+00   1.000000e+00   9.985298e-01   9.986434e-01   9.997951e-01   9.998565e-01   1.000000e+00   9.999770e-01   1.000000e+00
   1.002323e-01   3.957371e-07   0.000000e+00   2.092963e-07   0.000000e+00   1.359954e-04   2.069691e-02   9.278016e-01   9.997487e-01   9.995818e-01   9.998692e-01   9.999704e-01   9.968935e-01   9.999335e-01   9.993780e-01   9.999589e-01   9.993381e-01
   9.365783e-02   0.000000e+00   2.623690e-04   0.000000e+00   0.000000e+00   6.795411e-02   0.000000e+00   9.665314e-01   9.776285e-01   9.990548e-01   9.995590e-01   9.997369e-01   9.998134e-01   9.999977e-01   9.999999e-01   9.999113e-01   9.995690e-01
   2.273218e-06   0.000000e+00   6.725358e-08   3.107121e-04   3.303225e-02   1.192375e-03   3.606022e-02   9.406070e-01   9.447530e-01   9.996300e-01   1.000000e+00   9.994078e-01   9.998170e-01   9.997911e-01   1.000000e+00   9.954579e-01   9.999102e-01
   9.126781e-02   0.000000e+00   5.408584e-06   2.759914e-05   1.606588e-07   1.107737e-01   1.767843e-02   8.789070e-01   9.815874e-01   9.999873e-01   9.971554e-01   1.000000e+00   9.999985e-01   1.000000e+00   9.999963e-01   9.996230e-01   1.000000e+00
   9.398242e-02   6.099112e-07   3.571403e-08   0.000000e+00   0.000000e+00   1.359954e-04   1.473015e-02   9.831205e-01   1.000000e+00   9.995812e-01   9.971913e-01   9.994020e-01   9.968935e-01   9.989927e-01   9.994148e-01   9.999534e-01   9.888298e-01
   9.316124e-02   0.000000e+00   3.315527e-07   2.289623e-06   0.000000e+00   2.866686e-02   5.765866e-03   9.320971e-01   9.802859e-01   1.000000e+00   9.963275e-01   1.000000e+00   9.992696e-01   9.985108e-01   9.999623e-01   9.999973e-01   9.996515e-01
   1.030534e-01   4.085027e-07   0.000000e+00   3.466650e-05   7.687261e-03   3.089151e-04   2.007226e-02   9.777093e-01   1.000000e+00   9.994505e-01   9.963313e-01   9.999710e-01   9.994652e-01   9.998992e-01   9.992374e-01   9.956317e-01   9.959684e-01
   3.360574e-08   0.000000e+00   5.731529e-06   2.650406e-06   2.419408e-03   1.038492e-03   1.791744e-02   9.996416e-01   9.824922e-01   1.000000e+00   9.998445e-01   1.000000e+00   9.999229e-01   1.000000e+00   9.999894e-01   9.996316e-01   1.000000e+00
   9.388224e-02   0.000000e+00   2.987963e-03   2.484428e-04   7.079820e-02   0.000000e+00   0.000000e+00   9.833352e-01   9.994067e-01   9.998215e-01   9.999858e-01   1.000000e+00   9.999957e-01   9.998970e-01   9.999828e-01   9.999998e-01   9.999705e-01
   1.034430e-03   0.000000e+00   1.185907e-02   3.002325e-04   7.342529e-02   4.906569e-04   0.000000e+00   9.844061e-01   9.114272e-01   9.992842e-01   9.999999e-01   9.993952e-01   1.000000e+00   9.989015e-01   1.000000e+00   9.926960e-01   9.920503e-01
   9.421850e-02   0.000000e+00   0.000000e+00   2.144449e-05   0.000000e+00   8.191578e-02   1.649516e-02   9.378691e-01   9.808514e-01   9.998128e-01   9.996895e-01   1.000000e+00   9.975917e-01   9.998866e-01   1.000000e+00   1.000000e+00   1.000000e+00
   1.573335e-06   0.000000e+00   0.000000e+00   3.498301e-05   0.000000e+00   1.097352e-01   9.673983e-03   8.792654e-01   9.762213e-01   9.999872e-01   9.985148e-01   1.000000e+00   9.967365e-01   9.997797e-01   9.999540e-01   9.999393e-01   1.000000e+00
   9.435693e-02   0.000000e+00   2.998317e-03   3.786530e-07   1.089745e-02   0.000000e+00   0.000000e+00   9.987417e-01   9.997963e-01   9.993113e-01   9.992983e-01   9.980473e-01   9.999487e-01   9.997315e-01   9.999975e-01   9.999999e-01   1.000000e+00
   8.964162e-02   0.000000e+00   0.000000e+00   3.386296e-03   3.052479e-02   7.169264e-02   1.513183e-03   9.304093e-01   9.447592e-01   9.999921e-01   9.987835e-01   1.000000e+00   9.999900e-01   9.997923e-01   1.000000e+00   9.999996e-01   9.997584e-01
   8.568838e-02   1.925261e-10   0.000000e+00   2.604602e-04   2.702188e-05   5.438343e-03   5.519973e-03   9.768817e-01   9.988181e-01   9.987591e-01   9.991610e-01   9.999994e-01   8.504931e-01   9.997685e-01   9.996154e-01   1.000000e+00   9.999975e-01
   9.416499e-02   0.000000e+00   2.987963e-03   2.484428e-04   1.423736e-01   3.411872e-04   0.000000e+00   9.829023e-01   9.994067e-01   9.999418e-01   9.999858e-01   1.000000e+00   1.000000e+00   9.999977e-01   9.999600e-01   1.000000e+00   9.999705e-01
   9.087963e-02   4.095117e-07   4.056884e-08   2.050869e-07   0.000000e+00   3.332660e-02   1.004751e-04   8.802772e-01   9.668718e-01   9.976645e-01   9.994753e-01   9.948596e-01   9.899935e-01   9.960061e-01   9.984406e-01   9.994485e-01   9.993119e-01
   2.169222e-06   0.000000e+00   0.000000e+00   3.724530e-02   3.325781e-03   4.617799e-03   1.651856e-02   9.418634e-01   9.995920e-01   9.999894e-01   9.992313e-01   1.000000e+00   9.994873e-01   1.000000e+00   9.992595e-01   9.998432e-01   9.998591e-01
   1.016713e-01   4.085027e-07   0.000000e+00   3.072755e-04   1.170108e-01   0.000000e+00   1.567368e-02   9.283968e-01   1.000000e+00   9.999743e-01   9.971034e-01   1.000000e+00   9.998086e-01   9.991801e-01   9.982712e-01   9.853486e-01   9.998682e-01
   1.002875e-01   5.580669e-07   6.094212e-08   1.254609e-07   0.000000e+00   9.472881e-02   4.501151e-06   9.278016e-01   9.997529e-01   9.976970e-01   9.999890e-01   9.224036e-01   9.926457e-01   9.999987e-01   9.997561e-01   9.994498e-01   9.909100e-01
   9.677344e-02   6.087826e-07   4.252448e-08   0.000000e+00   0.000000e+00   3.047095e-04   1.711527e-02   9.424781e-01   9.799885e-01   1.000000e+00   9.990744e-01   9.992665e-01   1.000000e+00   1.000000e+00   9.999189e-01   9.999558e-01   9.886508e-01
   1.532929e-01   2.813962e-10   0.000000e+00   0.000000e+00   0.000000e+00   9.716362e-06   0.000000e+00   9.276039e-01   9.959557e-01   1.000000e+00   1.000000e+00   9.999222e-01   9.996788e-01   9.999824e-01   9.987299e-01   9.999987e-01   1.000000e+00
   1.428985e-01   2.813962e-10   0.000000e+00   3.115683e-04   7.128339e-04   9.570770e-06   0.000000e+00   9.281042e-01   9.830809e-01   8.777288e-01   9.964469e-01   9.999916e-01   9.928042e-01   9.998623e-01   9.999640e-01   9.845973e-01   7.986191e-01
   9.112531e-02   1.911794e-10   0.000000e+00   5.786063e-05   0.000000e+00   1.124471e-02   0.000000e+00   9.320971e-01   9.753428e-01   9.999868e-01   9.994605e-01   1.000000e+00   9.997581e-01   9.997780e-01   1.000000e+00   1.000000e+00   9.999940e-01
   9.677344e-02   5.787742e-07   4.252448e-08   0.000000e+00   4.941015e-02   3.047095e-04   1.711527e-02   9.429615e-01   9.802204e-01   1.000000e+00   9.990744e-01   9.992665e-01   9.999340e-01   1.000000e+00   9.999189e-01   9.999558e-01   9.886508e-01
   6.494159e-04   1.381467e-06   0.000000e+00   3.428983e-03   1.116337e-01   1.183893e-02   1.469176e-02   9.417692e-01   9.998047e-01   9.999418e-01   9.994478e-01   9.999334e-01   9.976818e-01   1.000000e+00   9.999980e-01   9.856750e-01   9.917776e-01
   9.423448e-02   0.000000e+00   4.144637e-05   6.506025e-05   9.138886e-02   0.000000e+00   1.182938e-02   9.585406e-01   9.963187e-01   1.000000e+00   9.992983e-01   9.979189e-01   9.997655e-01   9.996869e-01   1.000000e+00   9.999394e-01   9.997367e-01
   9.703991e-02   1.659280e-06   4.919524e-07   1.548292e-06   0.000000e+00   0.000000e+00   5.065194e-08   9.448759e-01   9.889476e-01   9.998127e-01   9.972636e-01   1.000000e+00   9.992622e-01   9.981707e-01   9.388247e-01   1.000000e+00   9.828014e-01
   1.635813e-01   3.787655e-05   0.000000e+00   6.824926e-04   1.199681e-01   5.366432e-03   4.255519e-05   9.418624e-01   9.952423e-01   9.999416e-01   9.981676e-01   9.999977e-01   9.998515e-01   1.000000e+00   9.992639e-01   9.999497e-01   9.999962e-01
   9.424421e-02   0.000000e+00   0.000000e+00   6.506025e-05   7.868561e-02   2.380205e-04   0.000000e+00   9.949606e-01   9.997968e-01   9.999413e-01   9.992983e-01   9.980473e-01   9.999487e-01   9.997315e-01   1.000000e+00   9.999999e-01   1.000000e+00
   1.030844e-01   6.087826e-07   4.262543e-08   0.000000e+00   0.000000e+00   3.047095e-04   4.300857e-02   9.242415e-01   9.801056e-01   9.999634e-01   9.990744e-01   9.992665e-01   1.000000e+00   1.000000e+00   9.999189e-01   9.999558e-01   9.891594e-01
   1.598738e-01   1.911794e-10   0.000000e+00   5.786063e-05   1.179263e-01   6.335694e-04   0.000000e+00   9.324553e-01   9.981926e-01   1.000000e+00   9.994605e-01   1.000000e+00   9.997976e-01   1.000000e+00   1.000000e+00   1.000000e+00   9.999940e-01
   9.689632e-02   1.911794e-10   0.000000e+00   6.076124e-05   1.591548e-05   1.124471e-02   1.451174e-02   9.321872e-01   9.813173e-01   1.000000e+00   9.971211e-01   1.000000e+00   9.997976e-01   9.990791e-01   1.000000e+00   9.999973e-01   9.999946e-01
   9.423709e-02   0.000000e+00   4.489222e-05   6.506025e-05   9.138886e-02   0.000000e+00   1.182328e-02   9.585406e-01   9.963187e-01   1.000000e+00   9.992979e-01   9.979189e-01   9.998906e-01   9.996620e-01   9.999825e-01   9.999394e-01   9.995751e-01
   9.954599e-02   4.085027e-07   0.000000e+00   8.824079e-02   7.906853e-03   3.089151e-04   1.997887e-02   9.282370e-01   1.000000e+00   9.990198e-01   9.963313e-01   9.960435e-01   9.994652e-01   9.998987e-01   9.998952e-01   1.000000e+00   9.888475e-01
   1.313082e-03   5.580669e-07   6.094212e-08   3.351490e-03   0.000000e+00   9.472881e-02   0.000000e+00   9.278016e-01   9.997529e-01   9.976970e-01   9.999891e-01   9.218864e-01   9.998515e-01   9.999987e-01   9.997554e-01   9.994498e-01   1.000000e+00
   1.008327e-01   5.787742e-07   5.564069e-06   0.000000e+00   4.941015e-02   0.000000e+00   1.934986e-02   9.429615e-01   9.980033e-01   9.978907e-01   9.990840e-01   9.992665e-01   9.999340e-01   9.999965e-01   9.999996e-01   9.999552e-01   9.917055e-01
   8.995353e-02   0.000000e+00   3.820438e-02   6.695012e-02   2.963778e-02   7.200188e-02   1.312045e-04   9.973420e-01   9.445287e-01   9.493958e-01   9.987883e-01   1.000000e+00   1.000000e+00   9.999354e-01   9.999875e-01   9.999991e-01   9.994723e-01
   2.324187e-06   0.000000e+00   1.867770e-09   5.940389e-02   0.000000e+00   7.345882e-02   3.441080e-03   9.412619e-01   9.440085e-01   9.996352e-01   9.999973e-01   9.999936e-01   9.999123e-01   9.997795e-01   9.993531e-01   9.996798e-01   9.999235e-01
   1.030844e-01   6.199732e-07   4.262543e-08   6.592494e-09   0.000000e+00   3.047095e-04   4.300857e-02   9.242415e-01   9.812702e-01   9.999475e-01   9.990882e-01   9.992665e-01   9.969674e-01   1.000000e+00   9.999189e-01   9.999819e-01   9.891594e-01
   1.120583e-01   9.289708e-05   5.517307e-05   0.000000e+00   1.886702e-04   0.000000e+00   1.189757e-03   9.964984e-01   9.332450e-01   9.999146e-01   9.985577e-01   9.977979e-01   9.992505e-01   1.000000e+00   1.000000e+00   9.999953e-01   9.999968e-01
   9.982934e-02   1.911794e-10   0.000000e+00   9.746028e-05   0.000000e+00   1.123825e-02   0.000000e+00   8.914298e-01   9.997699e-01   1.000000e+00   9.994477e-01   9.999685e-01   9.997575e-01   1.000000e+00   1.000000e+00   1.000000e+00   9.999936e-01
   1.176407e-01   1.659280e-06   4.841545e-07   1.037460e-06   0.000000e+00   0.000000e+00   0.000000e+00   9.448759e-01   9.880704e-01   9.966967e-01   9.972636e-01   1.000000e+00   9.992622e-01   9.981707e-01   9.388247e-01   1.000000e+00   9.828014e-01
   1.021257e-01   1.506315e-03   8.435410e-05   2.484428e-04   0.000000e+00   0.000000e+00   2.148455e-02   9.832515e-01   9.994067e-01   1.000000e+00   9.999865e-01   1.000000e+00   9.999957e-01   1.000000e+00   9.981152e-01   1.000000e+00   9.971415e-01
   1.719746e-01   1.423550e-06   4.236204e-06   0.000000e+00   2.787997e-04   6.550271e-02   4.739216e-02   9.415860e-01   9.457767e-01   9.998236e-01   9.994298e-01   9.987765e-01   9.996135e-01   9.999991e-01   1.000000e+00   9.994506e-01   9.999728e-01
   9.484855e-02   5.657792e-07   4.265533e-08   1.230918e-07   0.000000e+00   9.472881e-02   0.000000e+00   9.573339e-01   9.997529e-01   9.993065e-01   9.983220e-01   9.231051e-01   9.968761e-01   9.998706e-01   9.995239e-01   9.999991e-01   9.888441e-01
   1.631984e-01   1.911794e-10   0.000000e+00   5.786063e-05   0.000000e+00   4.898840e-04   0.000000e+00   9.324553e-01   9.982300e-01   1.000000e+00   9.994605e-01   1.000000e+00   9.997976e-01   1.000000e+00   1.000000e+00   1.000000e+00   9.999940e-01
   1.002823e-01   2.813962e-10   0.000000e+00   3.595513e-03   7.584102e-04   0.000000e+00   0.000000e+00   9.271713e-01   9.831829e-01   8.777288e-01   9.964469e-01   9.862848e-01   1.000000e+00   9.999357e-01   1.000000e+00   9.855811e-01   1.000000e+00
   0.000000e+00   2.010939e-02   5.553588e-06   0.000000e+00   5.514283e-04   9.023393e-02   0.000000e+00   9.420146e-01   9.718432e-01   9.999734e-01   9.992578e-01   9.998527e-01   1.000000e+00   9.999482e-01   1.000000e+00   9.999474e-01   1.000000e+00
   1.002323e-01   3.957371e-07   1.001296e-08   2.092963e-07   0.000000e+00   1.359954e-04   2.106258e-02   9.277974e-01   9.997870e-01   9.995712e-01   9.990809e-01   9.999997e-01   1.000000e+00   9.999359e-01   9.982331e-01   9.999589e-01   9.993381e-01
   9.359768e-02   0.000000e+00   8.590893e-04   1.407667e-10   5.331437e-04   3.327010e-03   0.000000e+00   9.042707e-01   1.000000e+00   9.994570e-01   9.995161e-01   1.000000e+00   1.000000e+00   9.998515e-01   1.000000e+00   9.999351e-01   9.999971e-01
   1.002697e-01   6.099112e-07   4.302442e-08   0.000000e+00   0.000000e+00   1.404152e-04   1.473015e-02   9.266235e-01   9.880174e-01   9.993200e-01   9.981863e-01   9.999953e-01   9.969595e-01   9.998448e-01   9.395510e-01   9.998310e-01   9.903649e-01
   1.380960e-04   4.085027e-07   0.000000e+00   3.112256e-04   1.175710e-01   0.000000e+00   1.711904e-02   9.418905e-01   9.160814e-01   9.381460e-01   9.973133e-01   1.000000e+00   9.998392e-01   9.989901e-01   9.999574e-01   9.999318e-01   9.998654e-01
   1.176407e-01   1.751873e-06   7.217241e-07   1.039493e-06   0.000000e+00   0.000000e+00   0.000000e+00   9.946358e-01   9.880704e-01   9.966967e-01   9.972636e-01   1.000000e+00   9.992622e-01   9.998006e-01   9.895136e-01   1.000000e+00   9.828990e-01
   9.438614e-02   0.000000e+00   3.572201e-07   0.000000e+00   1.477751e-05   2.866686e-02   8.335458e-03   9.320971e-01   9.802859e-01   1.000000e+00   9.994235e-01   9.999160e-01   9.997065e-01   9.985108e-01   9.999623e-01   9.999973e-01   9.999664e-01
   2.153124e-03   0.000000e+00   5.751242e-06   7.348975e-04   3.495478e-03   8.113150e-02   0.000000e+00   9.704454e-01   9.828350e-01   1.000000e+00   9.988729e-01   1.000000e+00   9.976306e-01   9.606277e-01   9.894170e-01   9.823966e-01   9.999339e-01
   1.030834e-01   4.085027e-07   0.000000e+00   3.154793e-04   4.490037e-10   3.052713e-04   2.007226e-02   9.814399e-01   1.000000e+00   9.995832e-01   9.990591e-01   9.994205e-01   9.968508e-01   9.999880e-01   9.987343e-01   9.996687e-01   9.962542e-01
   1.719746e-01   1.370045e-06   9.513248e-08   0.000000e+00   2.787997e-04   6.434157e-02   2.274821e-03   9.415860e-01   9.457767e-01   9.997538e-01   9.994298e-01   9.987765e-01   9.995084e-01   9.994630e-01   9.999996e-01   9.547872e-01   9.926676e-01
   1.727228e-01   3.679435e-05   0.000000e+00   0.000000e+00   1.912206e-04   0.000000e+00   3.365817e-04   9.418624e-01   9.327768e-01   9.999416e-01   9.981948e-01   9.999977e-01   9.995205e-01   1.000000e+00   9.988230e-01   9.999469e-01   9.999968e-01
   9.677344e-02   6.087826e-07   2.785436e-08   0.000000e+00   2.548404e-05   3.047095e-04   1.717193e-02   9.807072e-01   9.799885e-01   9.999791e-01   9.990744e-01   9.992665e-01   1.000000e+00   1.000000e+00   9.984918e-01   9.980406e-01   9.895171e-01
   9.399317e-02   3.957371e-07   0.000000e+00   2.096221e-07   0.000000e+00   1.359954e-04   2.069691e-02   9.278016e-01   9.997487e-01   9.999987e-01   9.998583e-01   9.999694e-01   9.968935e-01   9.999352e-01   9.993766e-01   9.999589e-01   9.993381e-01
   8.974036e-02   0.000000e+00   0.000000e+00   5.894029e-05   8.774615e-02   2.676580e-03   0.000000e+00   9.949606e-01   1.000000e+00   9.977952e-01   9.988104e-01   9.979852e-01   9.999487e-01   9.999335e-01   9.999406e-01   9.999977e-01   1.000000e+00
   4.122734e-03   0.000000e+00   5.088694e-07   3.428983e-03   0.000000e+00   1.183893e-02   8.699612e-03   9.416192e-01   9.998047e-01   9.999402e-01   9.994478e-01   9.999334e-01   9.976818e-01   1.000000e+00   9.999980e-01   9.856750e-01   9.917776e-01
   1.521953e-01   2.902447e-03   0.000000e+00   1.148959e-02   9.260975e-04   1.683162e-01   5.666228e-02   9.665929e-01   9.635756e-01   9.999441e-01   9.992085e-01   9.980068e-01   9.999427e-01   9.316453e-01   1.000000e+00   9.277444e-01   9.966051e-01
   1.630924e-01   3.473795e-02   5.691149e-02   0.000000e+00   6.073258e-03   6.564030e-02   1.462914e-02   9.404801e-01   9.765905e-01   7.119234e-01   9.994472e-01   9.885459e-01   9.997064e-01   9.997808e-01   9.999578e-01   9.997039e-01   9.998731e-01
   1.657513e-01   3.858884e-05   0.000000e+00   4.019919e-05   1.381276e-03   1.137815e-02   4.464858e-04   8.607236e-01   9.354147e-01   9.998615e-01   9.970658e-01   9.820761e-01   9.998415e-01   9.998437e-01   9.992825e-01   9.856635e-01   9.994376e-01
   1.176407e-01   1.663698e-06   4.831936e-07   0.000000e+00   0.000000e+00   0.000000e+00   0.000000e+00   9.057666e-01   9.880328e-01   9.967175e-01   9.972636e-01   1.000000e+00   9.992622e-01   9.980562e-01   9.421708e-01   9.992743e-01   9.962371e-01
   9.413200e-02   1.922786e-10   0.000000e+00   6.506025e-05   8.774615e-02   1.731217e-01   0.000000e+00   9.310864e-01   9.987527e-01   9.977952e-01   9.987603e-01   9.980110e-01   9.997934e-01   9.999987e-01   9.999416e-01   9.999977e-01   1.000000e+00
   4.546364e-03   0.000000e+00   2.987963e-03   6.617952e-07   7.079820e-02   1.610065e-04   0.000000e+00   9.833352e-01   9.994067e-01   9.998215e-01   9.992487e-01   1.000000e+00   9.999957e-01   9.998970e-01   9.999828e-01   9.999475e-01   9.999705e-01
   7.966208e-04   0.000000e+00   1.875120e-06   0.000000e+00   3.048064e-03   6.551471e-02   4.511734e-02   9.922800e-01   9.105942e-01   9.947554e-01   9.878980e-01   1.000000e+00   9.968486e-01   9.738668e-01   9.999376e-01   1.000000e+00   1.000000e+00
   5.559378e-07   0.000000e+00   1.296497e-05   5.930245e-08   7.444871e-02   6.658081e-02   0.000000e+00   9.998465e-01   1.000000e+00   9.945053e-01   9.995169e-01   1.000000e+00   1.000000e+00   1.000000e+00   9.777798e-01   9.999574e-01   9.922988e-01
   1.014786e-01   4.087804e-07   0.000000e+00   3.072755e-04   1.170108e-01   0.000000e+00   1.567368e-02   9.273262e-01   1.000000e+00   9.999743e-01   9.989819e-01   1.000000e+00   9.998086e-01   9.733376e-01   1.000000e+00   9.853486e-01   9.998682e-01
   1.657513e-01   3.846171e-05   7.640068e-07   9.593713e-09   0.000000e+00   5.207880e-03   4.464858e-04   8.764344e-01   9.764941e-01   9.998615e-01   9.971539e-01   9.967922e-01   9.998526e-01   9.998640e-01   9.992825e-01   9.861033e-01   9.887720e-01
   1.159299e-01   9.289708e-05   5.517307e-05   0.000000e+00   1.886702e-04   0.000000e+00   1.189757e-03   9.962348e-01   9.332110e-01   9.946836e-01   9.984404e-01   9.977979e-01   9.992505e-01   9.995842e-01   1.000000e+00   1.000000e+00   9.999968e-01
   9.401237e-02   6.087826e-07   4.252448e-08   0.000000e+00   6.982559e-06   3.047095e-04   2.121473e-02   9.424781e-01   9.993307e-01   1.000000e+00   9.990744e-01   9.992665e-01   9.341209e-01   1.000000e+00   9.999837e-01   9.965830e-01   9.886508e-01
   9.403326e-02   0.000000e+00   0.000000e+00   3.392416e-03   3.052479e-02   6.917511e-02   1.513183e-03   9.304093e-01   9.447592e-01   9.999921e-01   9.987835e-01   9.999337e-01   9.999900e-01   9.997927e-01   1.000000e+00   9.999996e-01   9.997584e-01
   9.365783e-02   6.057653e-07   1.577228e-06   0.000000e+00   0.000000e+00   7.444697e-02   7.837948e-06   9.728674e-01   9.882124e-01   9.990548e-01   9.998618e-01   9.997369e-01   9.998019e-01   9.999977e-01   9.999999e-01   9.999113e-01   9.997558e-01
   3.485966e-03   1.926157e-05   0.000000e+00   2.355784e-02   3.603931e-03   9.024542e-02   2.061971e-05   9.412466e-01   9.716512e-01   9.995139e-01   9.997716e-01   9.999982e-01   9.997694e-01   9.988453e-01   1.000000e+00   9.999469e-01   9.999981e-01
   1.176407e-01   1.659280e-06   4.841545e-07   7.484230e-07   0.000000e+00   0.000000e+00   0.000000e+00   9.448759e-01   9.880704e-01   9.966967e-01   9.972636e-01   1.000000e+00   9.992623e-01   9.981707e-01   9.424011e-01   1.000000e+00   9.995089e-01
   9.370161e-02   2.393806e-05   5.436073e-06   1.363991e-02   0.000000e+00   5.973409e-07   1.961054e-02   9.459810e-01   9.827083e-01   9.991313e-01   9.122527e-01   9.999916e-01   9.999152e-01   9.340113e-01   1.000000e+00   9.972076e-01   8.109001e-01
   1.638761e-01   3.841733e-05   0.000000e+00   1.728808e-07   0.000000e+00   1.123825e-02   4.151547e-06   8.911991e-01   9.999791e-01   9.998606e-01   9.994477e-01   9.999685e-01   9.997575e-01   9.999974e-01   1.000000e+00   9.998181e-01   9.999936e-01
   2.273218e-06   7.089227e-07   5.800485e-05   0.000000e+00   3.045787e-04   1.192375e-03   3.606022e-02   9.406070e-01   9.447530e-01   9.996121e-01   1.000000e+00   9.994006e-01   9.998170e-01   9.995825e-01   1.000000e+00   9.999572e-01   9.999162e-01
   9.979447e-02   4.989842e-07   0.000000e+00   3.396248e-06   1.881725e-03   9.722626e-03   0.000000e+00   9.858866e-01   9.999167e-01   9.995621e-01   9.989534e-01   1.000000e+00   9.999105e-01   9.729997e-01   1.000000e+00   9.999538e-01   1.000000e+00
   3.505376e-06   1.911794e-10   0.000000e+00   9.746028e-05   0.000000e+00   1.123825e-02   1.679240e-02   8.914298e-01   9.997699e-01   9.404335e-01   9.973226e-01   9.999685e-01   9.997575e-01   1.000000e+00   1.000000e+00   9.858990e-01   9.999936e-01
   9.122021e-02   1.649659e-06   4.831936e-07   0.000000e+00   0.000000e+00   0.000000e+00   0.000000e+00   8.787165e-01   9.880328e-01   9.967311e-01   9.972636e-01   1.000000e+00   9.992622e-01   9.980467e-01   9.421708e-01   9.992743e-01   9.960674e-01
   8.534584e-02   1.925261e-10   0.000000e+00   2.555645e-04   5.321348e-05   5.438343e-03   2.116975e-03   9.768817e-01   9.980100e-01   9.978211e-01   9.991569e-01   9.999994e-01   8.504931e-01   9.999952e-01   9.996159e-01   9.999542e-01   9.999975e-01
   9.365783e-02   9.903190e-05   2.623690e-04   0.000000e+00   0.000000e+00   2.512619e-03   0.000000e+00   9.660993e-01   9.772979e-01   9.999443e-01   9.985225e-01   9.996315e-01   9.998134e-01   9.999977e-01   9.999999e-01   9.999113e-01   9.995690e-01
   1.894986e-02   1.586407e-03   4.140517e-05   6.325799e-05   0.000000e+00   0.000000e+00   0.000000e+00   9.588550e-01   9.963187e-01   9.454859e-01   9.989499e-01   9.979189e-01   9.997655e-01   9.756369e-01   9.977545e-01   1.000000e+00   9.999352e-01
   9.985882e-02   2.056079e-02   0.000000e+00   1.459065e-06   1.153468e-01   1.855541e-03   1.486715e-02   9.259727e-01   9.351893e-01   9.999724e-01   9.992164e-01   9.995858e-01   9.670606e-01   9.993785e-01   9.999965e-01   9.977935e-01   1.000000e+00
   1.636806e-01   3.799207e-05   0.000000e+00   2.355784e-02   3.597397e-03   9.024542e-02   1.666382e-05   9.291381e-01   9.827610e-01   9.999733e-01   9.997484e-01   9.999982e-01   9.997698e-01   9.988453e-01   1.000000e+00   9.859974e-01   1.000000e+00
   9.039387e-02   4.107299e-07   4.262543e-08   0.000000e+00   0.000000e+00   3.047095e-04   8.099119e-02   9.239374e-01   9.670188e-01   9.976130e-01   9.994818e-01   9.992665e-01   1.000000e+00   9.960607e-01   9.999189e-01   9.999562e-01   9.890073e-01
   1.002697e-01   6.099112e-07   4.302442e-08   2.001118e-07   0.000000e+00   4.604887e-02   1.473015e-02   9.266235e-01   9.674081e-01   9.992468e-01   9.982793e-01   1.000000e+00   9.970671e-01   9.932652e-01   9.395510e-01   9.998327e-01   9.992049e-01
   9.103503e-02   0.000000e+00   3.826001e-08   2.759914e-05   0.000000e+00   1.107737e-01   1.767843e-02   8.572570e-01   9.766013e-01   9.999873e-01   9.976473e-01   1.000000e+00   1.000000e+00   9.998454e-01   9.999963e-01   9.996194e-01   1.000000e+00
   1.657513e-01   3.846171e-05   6.893693e-05   3.642357e-06   0.000000e+00   5.275727e-03   4.464858e-04   9.423572e-01   9.999587e-01   9.999728e-01   9.980644e-01   9.999528e-01   9.998526e-01   9.998640e-01   9.992825e-01   9.860185e-01   9.996374e-01
   1.001118e-01   0.000000e+00   0.000000e+00   3.115683e-04   7.126112e-04   9.570770e-06   1.606828e-02   9.281042e-01   9.830809e-01   8.185220e-01   9.964469e-01   9.999916e-01   9.928042e-01   9.998642e-01   9.999651e-01   9.848528e-01   7.986191e-01
   1.093318e-01   1.924436e-02   0.000000e+00   1.093817e-10   8.477878e-04   1.111656e-01   0.000000e+00   8.599779e-01   9.114057e-01   9.998366e-01   9.597378e-01   9.999992e-01   1.000000e+00   9.991587e-01   9.992634e-01   1.000000e+00   9.928623e-01
   1.425655e-01   6.099112e-07   3.571403e-08   0.000000e+00   0.000000e+00   8.423590e-02   1.466066e-02   9.831205e-01   9.993730e-01   9.995812e-01   9.591492e-01   9.999900e-01   9.964701e-01   9.989927e-01   9.994148e-01   9.999534e-01   9.888298e-01
   9.490674e-02   0.000000e+00   1.577228e-06   0.000000e+00   0.000000e+00   7.447369e-02   6.541280e-07   9.673927e-01   9.882124e-01   9.990548e-01   9.974758e-01   9.996919e-01   9.998019e-01   9.455062e-01   9.999999e-01   9.999113e-01   9.957800e-01
   1.159299e-01   9.289708e-05   5.603676e-05   0.000000e+00   1.834180e-04   0.000000e+00   1.189757e-03   9.956585e-01   9.867239e-01   9.989249e-01   9.997908e-01   9.977979e-01   9.997916e-01   9.995842e-01   1.000000e+00   9.999133e-01   9.997599e-01
   3.007700e-07   0.000000e+00   5.523871e-06   3.449757e-05   0.000000e+00   1.123266e-01   1.485733e-02   1.000000e+00   9.629478e-01   9.998445e-01   9.967273e-01   9.999788e-01   9.999985e-01   1.000000e+00   9.999987e-01   9.996090e-01   1.000000e+00
   9.370170e-02   2.393806e-05   4.632539e-08   1.516930e-05   7.478408e-04   5.973409e-07   9.046995e-08   9.280078e-01   9.882962e-01   9.991145e-01   1.000000e+00   9.997574e-01   9.926690e-01   1.000000e+00   9.999999e-01   9.998977e-01   8.109001e-01
   1.002697e-01   1.509875e-03   8.204253e-05   2.500385e-02   0.000000e+00   0.000000e+00   1.472231e-02   9.266235e-01   9.774335e-01   9.990223e-01   9.981863e-01   9.999953e-01   1.000000e+00   9.998448e-01   9.394882e-01   9.998310e-01   9.971441e-01
   9.410632e-02   6.087826e-07   4.040995e-08   0.000000e+00   6.982559e-06   3.047095e-04   2.121473e-02   9.424781e-01   9.991440e-01   1.000000e+00   9.990744e-01   9.680696e-01   1.000000e+00   1.000000e+00   9.999837e-01   9.337644e-01   9.890383e-01
   1.175977e-01   1.677370e-06   1.945514e-08   7.484230e-07   0.000000e+00   0.000000e+00   0.000000e+00   9.448759e-01   9.994438e-01   9.966967e-01   1.000000e+00   9.194919e-01   9.992623e-01   9.981696e-01   9.424011e-01   9.994774e-01   9.904503e-01
   8.827254e-02   2.393806e-05   3.605870e-06   1.744156e-04   0.000000e+00   5.973409e-07   1.459274e-02   9.459810e-01   9.827083e-01   9.991313e-01   9.796534e-01   9.999916e-01   9.999152e-01   1.000000e+00   9.999991e-01   9.972076e-01   1.000000e+00
   1.630924e-01   3.558022e-02   1.077564e-01   0.000000e+00   6.073258e-03   6.564030e-02   1.462914e-02   9.281567e-01   9.765905e-01   7.043955e-01   9.994472e-01   1.000000e+00   9.997064e-01   1.000000e+00   9.999578e-01   9.997039e-01   9.998731e-01
   2.246390e-03   2.050180e-06   0.000000e+00   3.714401e-02   3.707006e-03   9.134505e-02   2.061971e-05   9.424926e-01   9.719323e-01   9.995139e-01   9.998947e-01   9.999982e-01   9.994342e-01   9.999928e-01   9.999832e-01   9.999582e-01   9.999981e-01
   9.996393e-02   4.085027e-07   0.000000e+00   3.112256e-04   1.175710e-01   0.000000e+00   3.266472e-04   9.418905e-01   9.160814e-01   9.977125e-01   9.994384e-01   1.000000e+00   9.998392e-01   9.989866e-01   9.999574e-01   9.999334e-01   9.998654e-01
   9.370161e-02   4.806642e-07   5.436073e-06   3.664671e-04   0.000000e+00   2.571065e-08   1.831248e-02   9.941969e-01   9.827083e-01   9.991313e-01   9.122527e-01   9.999916e-01   9.999152e-01   9.340113e-01   1.000000e+00   9.972076e-01   8.109001e-01
   9.373829e-02   6.087826e-07   4.252448e-08   0.000000e+00   6.836046e-06   3.047095e-04   4.240386e-02   9.424781e-01   9.993307e-01   1.000000e+00   9.990744e-01   9.992665e-01   9.991693e-01   1.000000e+00   9.999195e-01   9.975680e-01   9.886508e-01
   9.401237e-02   0.000000e+00   4.256550e-08   0.000000e+00   4.378331e-04   1.313600e-05   2.121473e-02   9.424781e-01   9.985478e-01   9.999993e-01   9.990744e-01   9.992772e-01   9.962483e-01   1.000000e+00   9.999838e-01   9.964284e-01   9.910576e-01
   1.576188e-01   2.902447e-03   0.000000e+00   5.887497e-04   9.260975e-04   1.683162e-01   5.666228e-02   9.780094e-01   9.635756e-01   9.999443e-01   9.992085e-01   1.000000e+00   9.999427e-01   9.316453e-01   1.000000e+00   9.616262e-01   9.966051e-01
   1.176407e-01   1.659280e-06   4.784909e-07   6.275288e-09   0.000000e+00   6.501130e-02   0.000000e+00   8.176972e-01   9.623517e-01   9.966768e-01   9.972636e-01   1.000000e+00   9.992439e-01   9.998702e-01   9.424011e-01   9.999990e-01   9.707404e-01
   9.081042e-02   0.000000e+00   6.320005e-06   2.440400e-04   7.118941e-02   2.393925e-02   1.189362e-02   9.829666e-01   9.798197e-01   9.992784e-01   8.967893e-01   9.821361e-01   9.999116e-01   9.999668e-01   9.447255e-01   9.999379e-01   9.997389e-01
   1.719746e-01   4.200078e-07   2.296950e-07   0.000000e+00   2.787997e-04   6.550271e-02   4.739216e-02   9.415860e-01   9.450230e-01   9.998236e-01   9.994298e-01   9.987765e-01   9.998344e-01   9.999991e-01   1.000000e+00   9.999219e-01   9.999728e-01
   1.527536e-01   3.106583e-05   0.000000e+00   6.187285e-05   2.185402e-05   1.038327e-03   7.614359e-03   8.611081e-01   9.635925e-01   9.999719e-01   9.603182e-01   9.999859e-01   9.999427e-01   9.348107e-01   1.000000e+00   9.869196e-01   9.966465e-01
   5.177564e-07   0.000000e+00   5.450518e-06   9.641945e-05   1.787240e-03   1.609469e-04   6.802852e-04   9.300484e-01   9.997450e-01   9.388483e-01   9.992426e-01   1.000000e+00   9.999414e-01   9.971124e-01   1.000000e+00   9.996334e-01   9.999708e-01
   1.035701e-01   6.075644e-07   4.056884e-08   2.050869e-07   0.000000e+00   3.332660e-02   1.004751e-04   8.805813e-01   9.828544e-01   1.000000e+00   9.990680e-01   9.948596e-01   9.899935e-01   9.999453e-01   9.984406e-01   9.994481e-01   9.994640e-01
   9.087963e-02   4.095117e-07   4.056884e-08   4.975046e-09   0.000000e+00   3.334057e-02   6.682877e-05   8.802772e-01   9.874811e-01   9.977377e-01   9.996181e-01   9.988978e-01   9.898859e-01   9.998612e-01   9.984406e-01   8.106869e-01   9.920969e-01
   1.001601e-01   3.957371e-07   4.322684e-08   1.257521e-07   0.000000e+00   1.359954e-04   2.035593e-02   9.278016e-01   9.997488e-01   9.995761e-01   9.998692e-01   9.999704e-01   9.968759e-01   9.999335e-01   9.993780e-01   9.999589e-01   9.885029e-01
   1.176341e-01   2.159300e-06   4.841545e-07   7.484230e-07   0.000000e+00   0.000000e+00   0.000000e+00   9.404809e-01   9.880704e-01   9.989986e-01   9.959519e-01   1.000000e+00   9.928956e-01   9.981707e-01   9.490905e-01   9.999646e-01   9.995089e-01
   1.073816e-01   5.426275e-07   2.903619e-03   0.000000e+00   7.484630e-02   1.312264e-04   0.000000e+00   9.276843e-01   9.997965e-01   9.998203e-01   9.990744e-01   1.000000e+00   9.999500e-01   9.999951e-01   1.000000e+00   9.999558e-01   9.904236e-01
   9.677344e-02   6.087826e-07   4.263183e-08   0.000000e+00   0.000000e+00   3.047095e-04   1.570644e-02   9.244898e-01   9.799885e-01   1.000000e+00   9.990744e-01   9.992665e-01   1.000000e+00   1.000000e+00   9.999189e-01   9.999558e-01   9.891396e-01
   9.457991e-02   3.586051e-04   5.936023e-07   5.254365e-05   0.000000e+00   0.000000e+00   5.174813e-04   9.436143e-01   9.720934e-01   9.467288e-01   9.980876e-01   9.994120e-01   9.968767e-01   9.541855e-01   1.000000e+00   9.855074e-01   9.999382e-01
   1.176407e-01   1.655141e-06   4.831936e-07   0.000000e+00   2.684074e-06   0.000000e+00   0.000000e+00   9.057666e-01   9.880328e-01   9.489148e-01   9.972211e-01   1.000000e+00   9.998845e-01   9.980562e-01   9.421708e-01   9.999972e-01   9.999162e-01
   1.032916e-01   3.858884e-05   0.000000e+00   5.169686e-05   1.381276e-03   8.666166e-02   4.350871e-04   9.101017e-01   9.353846e-01   9.998615e-01   9.970938e-01   9.820761e-01   9.998415e-01   9.998424e-01   9.999837e-01   9.856635e-01   9.999576e-01
   1.016866e-01   3.990045e-07   0.000000e+00   0.000000e+00   1.161962e-01   6.582469e-02   3.980435e-05   9.284376e-01   1.000000e+00   9.999789e-01   9.970436e-01   1.000000e+00   9.998086e-01   9.991801e-01   9.987947e-01   1.000000e+00   9.998682e-01
   9.328466e-02   0.000000e+00   2.631464e-04   2.484428e-04   0.000000e+00   0.000000e+00   2.148455e-02   9.832515e-01   9.994067e-01   1.000000e+00   9.999865e-01   1.000000e+00   9.969664e-01   1.000000e+00   9.981780e-01   1.000000e+00   9.901755e-01
   9.694595e-02   1.659280e-06   4.940669e-07   1.548292e-06   0.000000e+00   0.000000e+00   5.065194e-08   9.448759e-01   9.891343e-01   9.998127e-01   9.972636e-01   1.000000e+00   9.317760e-01   9.981707e-01   9.388247e-01   9.999837e-01   9.824139e-01
   1.091569e-01   1.924436e-02   0.000000e+00   1.093817e-10   6.384466e-06   1.121110e-01   0.000000e+00   9.273242e-01   9.132997e-01   9.913987e-01   9.873883e-01   1.000000e+00   1.000000e+00   1.000000e+00   9.982461e-01   1.000000e+00   9.927681e-01
   1.013977e-01   4.087804e-07   0.000000e+00   3.072755e-04   2.948423e-03   2.398127e-02   1.567368e-02   9.273262e-01   1.000000e+00   9.995719e-01   9.990784e-01   1.000000e+00   9.998086e-01   9.735174e-01   9.982972e-01   9.998319e-01   9.998682e-01
   1.430246e-01   9.283474e-05   8.201231e-02   0.000000e+00   3.103429e-02   7.421445e-02   1.838924e-03   8.607836e-01   9.366688e-01   9.998173e-01   1.000000e+00   9.977694e-01   9.992996e-01   9.998411e-01   9.999983e-01   9.999052e-01   9.999084e-01
   1.003305e-01   5.399766e-07   5.256415e-07   1.254609e-07   0.000000e+00   9.472881e-02   4.501151e-06   9.278016e-01   9.883795e-01   9.976970e-01   9.971814e-01   1.000000e+00   9.926457e-01   9.999999e-01   9.997561e-01   9.999724e-01   9.999685e-01
   9.798399e-02   3.926494e-05   1.019824e-06   9.646509e-09   0.000000e+00   1.392062e-01   1.472231e-02   7.951648e-01   9.774335e-01   9.990637e-01   9.971470e-01   9.999953e-01   9.969263e-01   9.998448e-01   1.000000e+00   9.864514e-01   9.888030e-01
   9.393692e-02   0.000000e+00   0.000000e+00   2.096144e-07   6.579490e-06   0.000000e+00   2.106866e-02   9.399640e-01   9.995821e-01   1.000000e+00   9.990581e-01   9.879269e-01   9.345523e-01   9.997802e-01   9.982420e-01   9.963296e-01   9.904656e-01
   1.155607e-01   4.931101e-05   1.023660e-05   0.000000e+00   4.244908e-06   6.396857e-02   4.747411e-02   9.855873e-01   9.765905e-01   9.998236e-01   9.994472e-01   9.885459e-01   9.996932e-01   9.997808e-01   9.994899e-01   9.997221e-01   9.999060e-01
