   1.851173e-02   2.516592e-02   2.688801e+00   7.181723e+00
   1.483646e-02   3.839980e-02   2.644049e+00   7.202705e+00
   2.014768e-02   2.194021e-02   2.690113e+00   7.184191e+00
   1.613072e-02   5.950215e-02   2.396380e+00   7.353914e+00
   1.183358e-02   1.722421e-02   3.343941e+00   6.664025e+00
   1.474264e-02   6.745598e-02   2.422382e+00   7.335144e+00
   1.501868e-02   4.514597e-02   3.313128e+00   6.693624e+00
   1.356604e-02   3.731084e-02   2.645015e+00   7.199953e+00
   4.436525e-02   5.271430e-02   1.706875e+00   7.730206e+00
   2.794967e-02   3.688281e-02   3.137353e+00   6.868650e+00
   1.531794e-02   2.158547e-02   2.651871e+00   7.200760e+00
   1.280902e-02   2.395795e-02   3.310151e+00   6.694825e+00
   1.446058e-02   6.101813e-02   2.394309e+00   7.352003e+00
   6.005722e-02   8.796154e-02   2.540182e-01   8.053369e+00
   2.174171e-02   6.668235e-02   3.127630e+00   6.859721e+00
   1.917255e-02   2.268002e-02   2.001487e+00   7.569546e+00
   1.128696e-02   2.920561e-02   3.314630e+00   6.687085e+00
   2.783820e-02   3.409951e-02   2.417464e+00   7.365207e+00
   3.575567e-02   9.612749e-02   4.563781e-01   8.009857e+00
   4.193481e-02   5.375182e-02   1.706695e+00   7.726529e+00
   2.249614e-02   6.538250e-02   3.137675e+00   6.853198e+00
   2.688692e-02   1.123275e-01   6.203388e-01   7.977975e+00
   2.785387e-02   3.407243e-02   2.417484e+00   7.365226e+00
   1.464360e-02   7.135196e-02   2.389338e+00   7.353610e+00
   1.887137e-02   2.783136e-02   3.303625e+00   6.712302e+00
   1.778738e-02   2.350826e-02   2.640144e+00   7.212520e+00
   3.050533e-02   1.025830e-01   5.435085e-01   7.993515e+00
   1.505880e-02   2.212022e-02   2.651546e+00   7.200439e+00
   2.626430e-02   3.485513e-02   3.126185e+00   6.874605e+00
   3.827577e-02   6.362772e-02   1.658084e+00   7.738334e+00
   1.496298e-02   6.017821e-02   2.394972e+00   7.352597e+00
   2.665057e-02   3.925730e-02   3.133211e+00   6.869133e+00
   1.705919e-02   1.787730e-02   1.985264e+00   7.574295e+00
   1.239078e-02   2.605411e-02   3.316099e+00   6.688501e+00
   2.965213e-02   1.077302e-01   5.830601e-01   7.987095e+00
   2.584552e-02   2.994173e-02   3.016339e+00   6.960794e+00
   1.372874e-02   7.607413e-02   3.115827e+00   6.851587e+00
   2.336514e-02   2.341278e-02   2.090200e+00   7.533731e+00
   2.093947e-02   1.361624e-01   2.071787e+00   7.521655e+00
   1.403999e-02   2.105197e-02   2.715640e+00   7.156284e+00
   1.309352e-02   7.752582e-02   3.114910e+00   6.850784e+00
   1.413899e-02   2.096668e-02   2.644731e+00   7.203380e+00
   2.425546e-02   2.430002e-02   1.959795e+00   7.596561e+00
   6.386031e-02   8.472492e-02   2.097034e-01   8.059688e+00
   2.254253e-02   1.297507e-01   1.316913e+00   7.820075e+00
   3.251812e-02   4.229207e-02   3.084936e+00   6.918528e+00
   2.957650e-02   1.038496e-01   5.552879e-01   7.990754e+00
   1.590312e-02   2.202136e-02   2.649576e+00   7.203242e+00
   1.455719e-02   8.185360e-02   2.407600e+00   7.341477e+00
   1.326957e-02   6.912481e-02   2.416762e+00   7.335822e+00
   2.679249e-02   3.894417e-02   3.123785e+00   6.876957e+00
   1.362961e-02   7.607557e-02   3.115676e+00   6.851489e+00
   6.117358e-02   8.471870e-02   2.257534e-01   8.056096e+00
   1.505540e-02   5.847427e-02   2.398775e+00   7.350805e+00
   4.190440e-02   9.420734e-02   4.063748e-01   8.021914e+00
   2.510564e-02   2.918429e-02   3.007361e+00   6.966351e+00
   1.517830e-02   2.593701e-02   3.316361e+00   6.693968e+00
   6.753069e-02   8.697846e-02   2.025622e-01   8.063848e+00
   2.249016e-02   1.962299e-01   1.230942e+00   7.832326e+00
   1.518625e-02   1.921267e-02   1.984405e+00   7.571591e+00
   7.463093e-02   7.726721e-02   9.295124e-02   8.074385e+00
   1.406235e-02   4.321011e-02   3.306700e+00   6.697617e+00
   2.863202e-02   3.475126e-02   2.415824e+00   7.367442e+00
   2.255577e-02   1.958423e-01   1.256894e+00   7.825220e+00
   1.688142e-02   2.600411e-02   3.308058e+00   6.704648e+00
   5.723044e-02   8.829842e-02   2.725255e-01   8.049250e+00
   2.106638e-02   4.292366e-02   2.384967e+00   7.371187e+00
   2.758208e-02   3.329001e-02   2.410012e+00   7.369180e+00
   1.740231e-02   1.780773e-02   1.986907e+00   7.574082e+00
   1.598186e-02   1.853181e-02   1.979888e+00   7.575009e+00
   2.267906e-02   1.308014e-01   2.075240e+00   7.523877e+00
   3.498107e-02   9.405913e-02   4.450548e-01   8.010196e+00
   1.450897e-02   1.937150e-02   2.652666e+00   7.199067e+00
   2.363275e-02   2.367739e-02   1.962811e+00   7.594283e+00
   4.450451e-02   5.285506e-02   1.707396e+00   7.730198e+00
   5.135886e-02   5.921722e-02   1.662440e+00   7.756707e+00
   1.747019e-02   7.794145e-02   3.134012e+00   6.843946e+00
   1.184104e-02   2.301119e-02   3.320153e+00   6.684178e+00
   2.625337e-02   1.187075e-01   6.929880e-01   7.965879e+00
   5.928690e-02   8.483270e-02   2.373753e-01   8.053494e+00
   1.556964e-02   2.465799e-02   3.294079e+00   6.714423e+00
   5.699418e-02   8.817657e-02   2.732148e-01   8.048957e+00
   2.819384e-02   1.121384e-01   6.225824e-01   7.979577e+00
   6.817149e-02   8.631759e-02   1.943033e-01   8.064848e+00
   2.353079e-02   1.272189e-01   1.275196e+00   7.834087e+00
   3.449771e-02   6.000213e-02   1.664043e+00   7.730880e+00
   2.085399e-02   4.318869e-02   2.384705e+00   7.370936e+00
   1.474593e-02   6.689792e-02   2.422434e+00   7.335165e+00
   2.774114e-02   3.494081e-02   3.134640e+00   6.870703e+00
   4.366679e-02   9.900009e-02   4.290853e-01   8.021581e+00
   2.851074e-02   1.177489e-01   6.720662e-01   7.972030e+00
   2.778853e-02   4.535271e-02   3.130919e+00   6.872231e+00
   2.733685e-02   7.371874e-02   1.703052e+00   7.703316e+00
   1.198510e-02   2.065379e-02   3.320510e+00   6.684515e+00
   2.206624e-02   1.264111e-01   1.281481e+00   7.830281e+00
   2.755042e-02   3.381285e-02   2.416188e+00   7.365491e+00
   2.066003e-02   2.264171e-02   2.008881e+00   7.568444e+00
   2.952369e-02   7.355222e-02   1.713419e+00   7.702634e+00
   2.673278e-02   2.677674e-02   1.936114e+00   7.610835e+00
   2.212643e-02   2.966930e-02   1.933034e+00   7.604682e+00
   2.274117e-02   1.291188e-01   1.308896e+00   7.822651e+00
   5.091243e-02   6.150359e-02   1.640752e+00   7.763804e+00
   6.037644e-02   8.576284e-02   2.373617e-01   8.054642e+00
   2.256581e-02   1.264691e-01   1.276499e+00   7.832199e+00
   1.746008e-02   7.794567e-02   3.134013e+00   6.843947e+00
   2.345097e-02   1.303168e-01   1.313688e+00   7.822264e+00
   3.471692e-02   9.524661e-02   4.564391e-01   8.008694e+00
   2.747353e-02   7.125034e-02   1.606229e+00   7.740355e+00
   2.302176e-02   1.224239e-01   7.147969e-01   7.957946e+00
   2.169131e-02   6.657038e-02   3.127643e+00   6.859629e+00
   2.583588e-02   1.066157e-01   6.006003e-01   7.980027e+00
   3.068396e-02   7.020503e-02   1.715229e+00   7.704146e+00
   3.458746e-02   4.317002e-02   3.121580e+00   6.893309e+00
   3.700386e-02   5.814056e-02   1.685178e+00   7.726837e+00
   2.507978e-02   3.773091e-02   2.413158e+00   7.362528e+00
   2.706101e-02   3.501801e-02   2.398429e+00   7.374740e+00
   1.817919e-02   1.329943e-01   2.061765e+00   7.522505e+00
   1.549931e-02   2.040518e-02   2.677170e+00   7.184616e+00
