   6.011452e-01   6.013268e-01   6.020844e-01   6.039022e-01   6.090936e-01   6.224818e-01   6.564747e-01   7.444552e-01   9.757502e-01   1.985956e+01
   6.010221e-01   6.010807e-01   6.013384e-01   6.019487e-01   6.037283e-01   6.082656e-01   6.200001e-01   6.502558e-01   7.295868e-01   2.034672e+01
   6.010384e-01   6.012288e-01   6.020018e-01   6.038518e-01   6.093175e-01   6.230025e-01   6.586701e-01   7.517252e-01   9.929789e-01   1.982556e+01
   6.010324e-01   6.012242e-01   6.020030e-01   6.038655e-01   6.093707e-01   6.231535e-01   6.587681e-01   7.512062e-01   9.929717e-01   1.982555e+01
   6.011421e-01   6.013152e-01   6.020955e-01   6.039180e-01   6.093242e-01   6.228637e-01   6.578431e-01   7.486322e-01   9.860922e-01   1.983948e+01
   6.009033e-01   6.009649e-01   6.012299e-01   6.019620e-01   6.038456e-01   6.087891e-01   6.212603e-01   6.545317e-01   7.404567e-01   2.032492e+01
   6.011216e-01   6.013038e-01   6.020638e-01   6.038971e-01   6.091092e-01   6.223679e-01   6.564505e-01   7.444310e-01   9.757260e-01   1.985954e+01
   6.008550e-01   6.008550e-01   6.008553e-01   6.008561e-01   6.008580e-01   6.008631e-01   6.008758e-01   6.009098e-01   6.009673e-01   2.060061e+01
   6.008983e-01   6.009582e-01   6.012202e-01   6.019474e-01   6.038152e-01   6.087174e-01   6.213820e-01   6.545026e-01   7.404998e-01   2.032492e+01
   6.011568e-01   6.013422e-01   6.020845e-01   6.041456e-01   6.086336e-01   6.221973e-01   6.562880e-01   7.450888e-01   9.721147e-01   1.986400e+01
   6.009380e-01   6.009513e-01   6.010063e-01   6.011578e-01   6.014861e-01   6.024810e-01   6.049354e-01   6.097374e-01   6.258565e-01   2.055168e+01
   6.008700e-01   6.008700e-01   6.008700e-01   6.008700e-01   6.008700e-01   6.008700e-01   6.008700e-01   6.008700e-01   6.008700e-01   2.060087e+01
   6.012591e-01   6.016669e-01   6.033186e-01   6.071227e-01   6.184784e-01   6.473353e-01   7.191463e-01   9.112319e-01   1.410535e+00   1.900091e+01
   6.009167e-01   6.009308e-01   6.009893e-01   6.011233e-01   6.014650e-01   6.024549e-01   6.049590e-01   6.096650e-01   6.258343e-01   2.055166e+01
   6.012556e-01   6.017328e-01   6.036860e-01   6.090019e-01   6.229941e-01   6.591946e-01   7.500139e-01   9.939325e-01   1.623542e+00   1.857976e+01
   6.015768e-01   6.023675e-01   6.056419e-01   6.146535e-01   6.381921e-01   6.992759e-01   8.571595e-01   1.270809e+00   2.345118e+00   1.715541e+01
   6.012393e-01   6.017116e-01   6.036682e-01   6.090342e-01   6.230699e-01   6.594278e-01   7.531198e-01   9.993268e-01   1.636031e+00   1.855383e+01
   6.012544e-01   6.016935e-01   6.036715e-01   6.090370e-01   6.230691e-01   6.594187e-01   7.531465e-01   9.993220e-01   1.636053e+00   1.855384e+01
   6.011578e-01   6.013425e-01   6.020883e-01   6.041624e-01   6.086533e-01   6.222493e-01   6.562813e-01   7.449744e-01   9.721162e-01   1.986400e+01
   6.009077e-01   6.009687e-01   6.012346e-01   6.019614e-01   6.038360e-01   6.087555e-01   6.213485e-01   6.545366e-01   7.404617e-01   2.032493e+01
   6.010996e-01   6.013726e-01   6.025035e-01   6.056153e-01   6.137746e-01   6.348503e-01   6.894297e-01   8.323881e-01   1.200619e+00   1.941349e+01
   6.011078e-01   6.013849e-01   6.025328e-01   6.055561e-01   6.137790e-01   6.348547e-01   6.894342e-01   8.323926e-01   1.200623e+00   1.941349e+01
   6.014436e-01   6.021197e-01   6.049239e-01   6.124967e-01   6.320235e-01   6.836856e-01   8.142100e-01   1.160699e+00   2.058001e+00   1.772141e+01
   6.015998e-01   6.023749e-01   6.058513e-01   6.153476e-01   6.356467e-01   6.981586e-01   8.541502e-01   1.262773e+00   2.324689e+00   1.719566e+01
   6.017086e-01   6.026402e-01   6.064894e-01   6.167618e-01   6.439993e-01   7.149070e-01   8.479786e-01   1.165187e+00   1.943245e+00   1.769899e+01
   6.023140e-01   6.038577e-01   6.106198e-01   6.289754e-01   6.773708e-01   8.023145e-01   1.123454e+00   1.962163e+00   4.153777e+00   1.358263e+01
   6.014133e-01   6.020870e-01   6.047630e-01   6.121116e-01   6.311278e-01   6.810092e-01   8.053659e-01   1.040166e+00   1.860864e+00   1.811187e+01
   6.014105e-01   6.020243e-01   6.045682e-01   6.114418e-01   6.291690e-01   6.760578e-01   7.945288e-01   1.103802e+00   1.915918e+00   1.800224e+01
   6.022369e-01   6.036747e-01   6.099512e-01   6.273316e-01   6.715569e-01   7.884234e-01   1.010245e+00   1.544168e+00   3.293314e+00   1.526612e+01
   6.017524e-01   6.026688e-01   6.067792e-01   6.176274e-01   6.411643e-01   7.139115e-01   8.451222e-01   1.159520e+00   1.960125e+00   1.769427e+01
   6.014650e-01   6.021887e-01   6.052392e-01   6.121353e-01   6.291331e-01   6.793604e-01   7.717767e-01   1.088676e+00   1.871439e+00   1.809065e+01
   6.018383e-01   6.029548e-01   6.076435e-01   6.204724e-01   6.541217e-01   7.412103e-01   9.620042e-01   1.548982e+00   3.070826e+00   1.572179e+01
   6.012693e-01   6.012824e-01   6.013374e-01   6.014887e-01   6.018165e-01   6.028101e-01   6.052613e-01   6.117437e-01   6.243158e-01   2.055201e+01
   6.017012e-01   6.026241e-01   6.064374e-01   6.169056e-01   6.440127e-01   7.149419e-01   8.480537e-01   1.165017e+00   1.943245e+00   1.769899e+01
   6.012994e-01   6.017400e-01   6.035438e-01   6.076733e-01   6.199246e-01   6.514343e-01   7.295510e-01   9.392846e-01   1.354482e+00   1.900092e+01
   6.015642e-01   6.023403e-01   6.056378e-01   6.147337e-01   6.384541e-01   6.988453e-01   8.550633e-01   1.260853e+00   2.327282e+00   1.719035e+01
   6.023921e-01   6.041150e-01   6.110203e-01   6.300959e-01   6.803683e-01   8.102042e-01   1.141801e+00   2.019642e+00   3.530464e+00   1.415330e+01
   6.021153e-01   6.030025e-01   6.068072e-01   6.152737e-01   6.362818e-01   6.861761e-01   7.982146e-01   1.084780e+00   1.793604e+00   1.810964e+01
   6.025436e-01   6.044646e-01   6.123074e-01   6.336517e-01   6.900447e-01   8.354514e-01   1.212989e+00   2.199856e+00   4.754053e+00   1.238822e+01
   6.021105e-01   6.033933e-01   6.089994e-01   6.221972e-01   6.618905e-01   7.615810e-01   1.011262e+00   1.677735e+00   3.411261e+00   1.504936e+01
   6.022092e-01   6.035810e-01   6.097621e-01   6.265220e-01   6.618084e-01   7.485809e-01   9.435384e-01   1.579983e+00   2.849685e+00   1.589904e+01
   6.015552e-01   6.021216e-01   6.044925e-01   6.109905e-01   6.276206e-01   6.612325e-01   7.704083e-01   1.043395e+00   1.540117e+00   1.856223e+01
   6.017784e-01   6.026499e-01   6.060978e-01   6.155766e-01   6.405825e-01   6.907333e-01   8.097127e-01   1.086601e+00   1.789101e+00   1.807842e+01
   6.020166e-01   6.023907e-01   6.038848e-01   6.080030e-01   6.186730e-01   6.466248e-01   7.009168e-01   8.260376e-01   1.110700e+00   1.947526e+01
   6.016643e-01   6.024673e-01   6.058660e-01   6.150116e-01   6.391101e-01   6.866480e-01   8.009004e-01   1.077450e+00   1.793242e+00   1.810928e+01
   6.013281e-01   6.017976e-01   6.039043e-01   6.096144e-01   6.215654e-01   6.591956e-01   7.505143e-01   9.945315e-01   1.618905e+00   1.858377e+01
   6.010218e-01   6.010802e-01   6.013370e-01   6.019451e-01   6.037166e-01   6.082373e-01   6.199265e-01   6.503795e-01   7.296199e-01   2.034672e+01
   6.018470e-01   6.028865e-01   6.075986e-01   6.204437e-01   6.537507e-01   7.404465e-01   9.629765e-01   1.548267e+00   3.068811e+00   1.572574e+01
   6.024644e-01   6.039725e-01   6.105783e-01   6.284278e-01   6.669609e-01   7.854165e-01   1.081848e+00   1.856820e+00   3.862208e+00   1.415158e+01
   6.028589e-01   6.047862e-01   6.127102e-01   6.344800e-01   6.802768e-01   8.239976e-01   1.182203e+00   2.119193e+00   4.553550e+00   1.279379e+01
   6.011217e-01   6.014127e-01   6.026082e-01   6.053934e-01   6.138068e-01   6.349230e-01   6.892726e-01   8.323591e-01   1.200703e+00   1.941350e+01
   6.031035e-01   6.037454e-01   6.063019e-01   6.133465e-01   6.318298e-01   6.792932e-01   8.031181e-01   1.126020e+00   1.783614e+00   1.811200e+01
   6.029367e-01   6.043157e-01   6.100121e-01   6.231207e-01   6.552738e-01   7.525501e-01   9.947098e-01   1.472638e+00   2.594563e+00   1.627133e+01
   6.026927e-01   6.035583e-01   6.071925e-01   6.172348e-01   6.434709e-01   6.980519e-01   8.687600e-01   1.298266e+00   2.217406e+00   1.723926e+01
   6.021105e-01   6.033142e-01   6.084072e-01   6.226518e-01   6.522205e-01   7.239993e-01   9.474038e-01   1.368204e+00   2.757509e+00   1.634061e+01
   6.023457e-01   6.040878e-01   6.111291e-01   6.276135e-01   6.765322e-01   8.003406e-01   1.121033e+00   1.721273e+00   3.112322e+00   1.504934e+01
   6.018664e-01   6.025422e-01   6.053285e-01   6.130159e-01   6.325426e-01   6.843634e-01   8.139357e-01   1.161291e+00   2.058425e+00   1.772184e+01
   6.012671e-01   6.017070e-01   6.036873e-01   6.090616e-01   6.231580e-01   6.596308e-01   7.527751e-01   9.993340e-01   1.636065e+00   1.855385e+01
   6.019204e-01   6.030659e-01   6.078131e-01   6.186172e-01   6.508172e-01   7.332712e-01   8.908251e-01   1.415362e+00   2.364937e+00   1.679966e+01
   6.018946e-01   6.031374e-01   6.080180e-01   6.196734e-01   6.547330e-01   7.427156e-01   9.632226e-01   1.551727e+00   2.550091e+00   1.629027e+01
   6.011548e-01   6.014779e-01   6.028030e-01   6.064536e-01   6.159638e-01   6.406671e-01   7.047233e-01   8.208178e-01   1.121396e+00   1.947625e+01
   6.011667e-01   6.015359e-01   6.030985e-01   6.073693e-01   6.183233e-01   6.471991e-01   7.201479e-01   9.140624e-01   1.415096e+00   1.899090e+01
   6.032844e-01   6.059031e-01   6.165794e-01   6.459651e-01   7.074399e-01   8.620584e-01   1.210105e+00   2.042709e+00   3.978094e+00   1.331488e+01
   6.024968e-01   6.040666e-01   6.113446e-01   6.277475e-01   6.677433e-01   7.860248e-01   1.015876e+00   1.584576e+00   3.050792e+00   1.548121e+01
   6.028086e-01   6.047328e-01   6.126609e-01   6.307237e-01   6.855044e-01   8.243092e-01   1.180641e+00   1.846804e+00   4.158096e+00   1.357483e+01
   6.021127e-01   6.033999e-01   6.090229e-01   6.221665e-01   6.619482e-01   7.614440e-01   1.011259e+00   1.677732e+00   3.411258e+00   1.504936e+01
   6.020175e-01   6.033037e-01   6.086370e-01   6.231790e-01   6.614129e-01   7.584999e-01   1.011849e+00   1.673727e+00   3.398298e+00   1.507506e+01
   6.040223e-01   6.051672e-01   6.099811e-01   6.231502e-01   6.574617e-01   7.467662e-01   9.729063e-01   1.573085e+00   2.843200e+00   1.592884e+01
   6.009486e-01   6.010194e-01   6.013059e-01   6.021039e-01   6.041572e-01   6.082629e-01   6.213603e-01   6.545208e-01   7.404173e-01   2.032496e+01
   6.013451e-01   6.016722e-01   6.029783e-01   6.065783e-01   6.160151e-01   6.402500e-01   6.878497e-01   8.463452e-01   1.101924e+00   1.949266e+01
   6.019690e-01   6.031908e-01   6.082820e-01   6.223965e-01   6.593205e-01   7.547965e-01   9.969844e-01   1.452261e+00   2.550046e+00   1.632952e+01
   6.014476e-01   6.019899e-01   6.042094e-01   6.092907e-01   6.243659e-01   6.546404e-01   7.475776e-01   9.298480e-01   1.322517e+00   1.900098e+01
   6.027114e-01   6.047252e-01   6.133130e-01   6.330636e-01   6.929691e-01   8.097736e-01   1.185824e+00   2.119158e+00   4.564997e+00   1.276979e+01
   6.009179e-01   6.009283e-01   6.009735e-01   6.010819e-01   6.013980e-01   6.021985e-01   6.042774e-01   6.094826e-01   6.188072e-01   2.056150e+01
   6.018637e-01   6.025421e-01   6.053095e-01   6.130242e-01   6.325728e-01   6.842759e-01   8.139318e-01   1.161292e+00   2.058404e+00   1.772183e+01
   6.016756e-01   6.025985e-01   6.064120e-01   6.169795e-01   6.445326e-01   7.150414e-01   8.984247e-01   1.371897e+00   2.617369e+00   1.661757e+01
   6.040412e-01   6.051427e-01   6.100499e-01   6.233702e-01   6.580762e-01   7.484073e-01   9.734003e-01   1.578885e+00   2.856610e+00   1.590082e+01
   6.027805e-01   6.039151e-01   6.083622e-01   6.207838e-01   6.469653e-01   7.110237e-01   8.610065e-01   1.193532e+00   2.296176e+00   1.724734e+01
   6.018528e-01   6.028960e-01   6.072112e-01   6.191626e-01   6.440316e-01   7.218478e-01   8.639288e-01   1.346475e+00   2.547040e+00   1.675666e+01
   6.026754e-01   6.044972e-01   6.124788e-01   6.341100e-01   6.902136e-01   8.374004e-01   1.217511e+00   1.925186e+00   3.564120e+00   1.404234e+01
   6.045570e-01   6.052778e-01   6.081862e-01   6.162770e-01   6.369276e-01   6.786679e-01   7.781898e-01   1.015548e+00   1.559110e+00   1.853012e+01
   6.009045e-01   6.009665e-01   6.012340e-01   6.019722e-01   6.038670e-01   6.088508e-01   6.214107e-01   6.542103e-01   7.404574e-01   2.032492e+01
   6.015640e-01   6.023001e-01   6.054160e-01   6.138013e-01   6.358945e-01   6.794774e-01   8.192152e-01   1.079462e+00   1.798337e+00   1.809851e+01
   6.026044e-01   6.046271e-01   6.130149e-01   6.320005e-01   6.896280e-01   8.030565e-01   1.070446e+00   1.683195e+00   3.717822e+00   1.444382e+01
   6.011285e-01   6.014607e-01   6.027876e-01   6.064469e-01   6.159232e-01   6.407507e-01   6.885108e-01   8.492651e-01   1.111565e+00   1.947441e+01
   6.017565e-01   6.027695e-01   6.069697e-01   6.182467e-01   6.474497e-01   7.228819e-01   9.175030e-01   1.280124e+00   2.202745e+00   1.714093e+01
   6.027954e-01   6.043043e-01   6.104500e-01   6.246555e-01   6.674582e-01   7.760091e-01   1.054666e+00   1.575614e+00   3.383079e+00   1.510680e+01
   6.031744e-01   6.052399e-01   6.144844e-01   6.397439e-01   6.937381e-01   8.600154e-01   1.274942e+00   2.361851e+00   5.186475e+00   1.154361e+01
   6.019748e-01   6.026605e-01   6.055279e-01   6.133259e-01   6.296950e-01   6.691988e-01   7.599852e-01   1.049200e+00   1.556559e+00   1.852757e+01
   6.029029e-01   6.042951e-01   6.099186e-01   6.230897e-01   6.548584e-01   7.508412e-01   9.909050e-01   1.480595e+00   2.594563e+00   1.627133e+01
   6.013144e-01   6.015999e-01   6.027629e-01   6.054385e-01   6.136162e-01   6.338664e-01   6.862986e-01   8.237687e-01   1.175623e+00   1.946087e+01
   6.024085e-01   6.041074e-01   6.110297e-01   6.300991e-01   6.803610e-01   8.102230e-01   1.145096e+00   2.024521e+00   4.290579e+00   1.329802e+01
   6.019496e-01   6.025428e-01   6.050130e-01   6.106534e-01   6.245221e-01   6.665303e-01   7.686729e-01   1.040813e+00   1.523882e+00   1.858723e+01
   6.011670e-01   6.014627e-01   6.027508e-01   6.062940e-01   6.155143e-01   6.394838e-01   7.013054e-01   8.634727e-01   1.138389e+00   1.941277e+01
   6.028091e-01   6.049231e-01   6.138025e-01   6.381643e-01   6.896184e-01   8.135345e-01   1.109700e+00   2.026943e+00   4.324729e+00   1.324502e+01
   6.030681e-01   6.052783e-01   6.140874e-01   6.384342e-01   7.023731e-01   8.317621e-01   1.138294e+00   2.120952e+00   3.688200e+00   1.374104e+01
   6.014816e-01   6.020434e-01   6.043949e-01   6.108113e-01   6.275164e-01   6.606922e-01   7.444464e-01   9.256849e-01   1.331792e+00   1.897903e+01
   6.015369e-01   6.021908e-01   6.047920e-01   6.119712e-01   6.308577e-01   6.797864e-01   7.763067e-01   1.094081e+00   1.885601e+00   1.806341e+01
   6.040504e-01   6.061057e-01   6.145764e-01   6.379689e-01   6.994748e-01   8.547869e-01   1.152864e+00   2.157918e+00   4.008383e+00   1.330112e+01
   6.015807e-01   6.024116e-01   6.058445e-01   6.152683e-01   6.396712e-01   7.035113e-01   8.233416e-01   1.108665e+00   2.069914e+00   1.769895e+01
   6.024092e-01   6.041450e-01   6.111605e-01   6.275597e-01   6.765246e-01   8.008286e-01   1.121102e+00   1.721342e+00   3.112391e+00   1.504941e+01
   6.031786e-01   6.038676e-01   6.065615e-01   6.128436e-01   6.320074e-01   6.797027e-01   8.041324e-01   1.128612e+00   1.790630e+00   1.809853e+01
   6.027957e-01   6.049564e-01   6.137948e-01   6.378587e-01   7.008041e-01   8.648792e-01   1.289239e+00   2.399030e+00   4.415941e+00   1.231608e+01
   6.015461e-01   6.023009e-01   6.056572e-01   6.131923e-01   6.317642e-01   6.866424e-01   7.977052e-01   1.138375e+00   1.761863e+00   1.809066e+01
   6.021404e-01   6.033577e-01   6.089013e-01   6.236769e-01   6.623286e-01   7.629295e-01   1.013502e+00   1.485746e+00   2.857024e+00   1.589881e+01
   6.023449e-01   6.038327e-01   6.107316e-01   6.262784e-01   6.641877e-01   7.773364e-01   9.956748e-01   1.710688e+00   2.960106e+00   1.548114e+01
   6.011141e-01   6.014411e-01   6.027611e-01   6.064755e-01   6.160469e-01   6.411117e-01   6.893331e-01   8.473211e-01   1.111541e+00   1.947439e+01
   6.017233e-01   6.025358e-01   6.057215e-01   6.133315e-01   6.315305e-01   6.861207e-01   7.875209e-01   1.130834e+00   1.795958e+00   1.808080e+01
   6.044676e-01   6.051145e-01   6.077447e-01   6.150536e-01   6.337087e-01   6.714079e-01   7.931369e-01   1.013307e+00   1.563979e+00   1.853010e+01
   6.031087e-01   6.053073e-01   6.145226e-01   6.354707e-01   6.871007e-01   8.094921e-01   1.184365e+00   2.105155e+00   4.540406e+00   1.281975e+01
   6.024805e-01   6.042869e-01   6.115521e-01   6.317028e-01   6.743430e-01   7.775630e-01   1.096100e+00   1.648567e+00   3.614172e+00   1.464870e+01
   6.018614e-01   6.028993e-01   6.076047e-01   6.204302e-01   6.536871e-01   7.402526e-01   9.634833e-01   1.548241e+00   3.068827e+00   1.572575e+01
   6.026966e-01   6.035157e-01   6.071967e-01   6.172260e-01   6.434621e-01   6.980431e-01   8.687512e-01   1.298258e+00   2.217397e+00   1.723925e+01
   6.022516e-01   6.037980e-01   6.101055e-01   6.275621e-01   6.733264e-01   7.645793e-01   1.058980e+00   1.797937e+00   3.719083e+00   1.444141e+01
   6.018481e-01   6.027263e-01   6.063429e-01   6.159574e-01   6.369226e-01   7.016315e-01   8.183438e-01   1.221429e+00   1.960339e+00   1.769448e+01
   6.024062e-01   6.040290e-01   6.111323e-01   6.305377e-01   6.711197e-01   7.988781e-01   1.034613e+00   1.825905e+00   3.118278e+00   1.504129e+01
   6.024857e-01   6.039785e-01   6.105600e-01   6.282485e-01   6.664991e-01   7.840320e-01   1.078178e+00   1.847456e+00   3.837512e+00   1.420053e+01
   6.016880e-01   6.025493e-01   6.064124e-01   6.169650e-01   6.395219e-01   7.090008e-01   8.823488e-01   1.336453e+00   2.175454e+00   1.719566e+01
   6.022335e-01   6.033924e-01   6.082249e-01   6.194482e-01   6.467242e-01   7.108789e-01   8.596707e-01   1.198602e+00   2.311500e+00   1.721958e+01
   6.026895e-01   6.047417e-01   6.132694e-01   6.363805e-01   6.973440e-01   8.194924e-01   1.108773e+00   1.761891e+00   3.543068e+00   1.442917e+01
   6.024812e-01   6.035477e-01   6.081587e-01   6.189308e-01   6.452050e-01   7.062170e-01   8.457547e-01   1.295742e+00   2.211322e+00   1.724698e+01
   6.026926e-01   6.045579e-01   6.130447e-01   6.359887e-01   6.952930e-01   8.481582e-01   1.245200e+00   2.271935e+00   4.968817e+00   1.197105e+01
   6.018588e-01   6.029990e-01   6.075878e-01   6.202847e-01   6.535410e-01   7.198855e-01   8.800768e-01   1.287275e+00   2.512822e+00   1.682414e+01
   6.023351e-01   6.036499e-01   6.090728e-01   6.238663e-01   6.628753e-01   7.417040e-01   9.336765e-01   1.353249e+00   2.336982e+00   1.679223e+01
   6.031237e-01   6.050602e-01   6.137180e-01   6.331378e-01   6.816959e-01   7.980698e-01   1.061633e+00   1.646319e+00   3.249609e+00   1.504592e+01
   6.028017e-01   6.047019e-01   6.125979e-01   6.339970e-01   6.905854e-01   8.368555e-01   1.110456e+00   1.765419e+00   3.535939e+00   1.442942e+01
   6.034927e-01   6.059314e-01   6.159838e-01   6.391411e-01   6.957414e-01   8.314009e-01   1.141713e+00   1.930031e+00   4.297545e+00   1.330002e+01
   6.022252e-01   6.031785e-01   6.069150e-01   6.173516e-01   6.444880e-01   6.987135e-01   8.331632e-01   1.255680e+00   2.295181e+00   1.724694e+01
   6.012379e-01   6.016934e-01   6.036209e-01   6.089017e-01   6.224190e-01   6.580280e-01   7.487716e-01   9.178978e-01   1.359916e+00   1.897297e+01
   6.022584e-01   6.035344e-01   6.093058e-01   6.249657e-01   6.652870e-01   7.461587e-01   1.003891e+00   1.659804e+00   2.858713e+00   1.570949e+01
   6.021985e-01   6.036786e-01   6.096644e-01   6.260695e-01   6.688743e-01   7.805937e-01   1.068444e+00   1.817814e+00   3.135658e+00   1.504077e+01
   6.020027e-01   6.032251e-01   6.085792e-01   6.231130e-01   6.609872e-01   7.597355e-01   1.013013e+00   1.680350e+00   3.411457e+00   1.504894e+01
   6.031365e-01   6.049425e-01   6.125019e-01   6.329536e-01   6.757462e-01   8.103320e-01   1.144020e+00   1.769960e+00   3.934617e+00   1.401763e+01
   6.025063e-01   6.042875e-01   6.115685e-01   6.287323e-01   6.792083e-01   7.803075e-01   1.027324e+00   1.570484e+00   3.390209e+00   1.508668e+01
   6.017183e-01   6.026546e-01   6.065234e-01   6.154187e-01   6.425745e-01   7.098739e-01   8.845848e-01   1.336370e+00   2.524409e+00   1.680129e+01
   6.050160e-01   6.070581e-01   6.162530e-01   6.371541e-01   6.888374e-01   8.438387e-01   1.123344e+00   2.068203e+00   3.737447e+00   1.380201e+01
   6.034331e-01   6.051660e-01   6.127770e-01   6.303242e-01   6.732586e-01   7.729597e-01   1.000832e+00   1.736105e+00   3.231996e+00   1.512117e+01
   6.024164e-01   6.038814e-01   6.104759e-01   6.283025e-01   6.659274e-01   7.573226e-01   1.040259e+00   1.748530e+00   3.106698e+00   1.523474e+01
   6.023038e-01   6.037840e-01   6.101937e-01   6.278072e-01   6.731788e-01   7.922554e-01   1.091894e+00   1.674650e+00   3.643906e+00   1.458542e+01
   6.018175e-01   6.028121e-01   6.070254e-01   6.180838e-01   6.480920e-01   7.250316e-01   9.205165e-01   1.439617e+00   2.441026e+00   1.666792e+01
   6.025520e-01   6.040681e-01   6.102398e-01   6.247148e-01   6.675971e-01   7.767479e-01   1.056952e+00   1.580795e+00   3.398300e+00   1.507605e+01
   6.045861e-01   6.052928e-01   6.081655e-01   6.161608e-01   6.365415e-01   6.776235e-01   7.787265e-01   1.013372e+00   1.564044e+00   1.853016e+01
   6.030587e-01   6.051697e-01   6.145544e-01   6.399217e-01   7.064691e-01   8.793469e-01   1.202461e+00   1.977780e+00   4.580973e+00   1.273925e+01
   6.011878e-01   6.015463e-01   6.030279e-01   6.071238e-01   6.178569e-01   6.394136e-01   6.913575e-01   8.123385e-01   1.136673e+00   1.948404e+01
   6.043485e-01   6.064566e-01   6.151323e-01   6.389585e-01   6.890915e-01   8.464120e-01   1.238618e+00   1.964170e+00   4.495127e+00   1.291313e+01
   6.024434e-01   6.039821e-01   6.109618e-01   6.267674e-01   6.750064e-01   7.960753e-01   1.107634e+00   1.926990e+00   4.053708e+00   1.378051e+01
   6.020598e-01   6.033789e-01   6.087439e-01   6.239163e-01   6.634419e-01   7.448748e-01   9.977728e-01   1.452262e+00   2.550047e+00   1.632952e+01
   6.025779e-01   6.028975e-01   6.042338e-01   6.074136e-01   6.166250e-01   6.403031e-01   6.854523e-01   8.377518e-01   1.127251e+00   1.948850e+01
   6.030872e-01   6.046083e-01   6.109940e-01   6.285999e-01   6.747848e-01   7.941508e-01   1.024093e+00   1.799304e+00   3.719894e+00   1.444222e+01
   6.025449e-01   6.044489e-01   6.122879e-01   6.337931e-01   6.895141e-01   8.350015e-01   1.202770e+00   1.872051e+00   4.271732e+00   1.334967e+01
   6.027872e-01   6.042253e-01   6.104570e-01   6.248412e-01   6.677483e-01   7.531325e-01   9.528479e-01   1.445258e+00   2.983328e+00   1.589594e+01
   6.026322e-01   6.036823e-01   6.080611e-01   6.201289e-01   6.518171e-01   7.324927e-01   9.431810e-01   1.346958e+00   2.359965e+00   1.682281e+01
   6.024978e-01   6.043226e-01   6.116098e-01   6.315952e-01   6.744806e-01   8.067160e-01   1.048232e+00   1.875329e+00   3.909791e+00   1.405695e+01
   6.022640e-01   6.038556e-01   6.105529e-01   6.254920e-01   6.626770e-01   7.497255e-01   9.520864e-01   1.596586e+00   3.191248e+00   1.548112e+01
   6.018335e-01   6.029076e-01   6.073229e-01   6.194323e-01   6.512367e-01   7.139277e-01   9.174612e-01   1.429429e+00   2.756844e+00   1.634053e+01
   6.045651e-01   6.066983e-01   6.155876e-01   6.398143e-01   7.026841e-01   8.297405e-01   1.132905e+00   2.114699e+00   4.522739e+00   1.284479e+01
   6.019452e-01   6.031505e-01   6.081457e-01   6.218598e-01   6.567058e-01   7.489334e-01   9.258534e-01   1.512852e+00   2.576122e+00   1.634450e+01
   6.037432e-01   6.052532e-01   6.113435e-01   6.254626e-01   6.602968e-01   7.411996e-01   9.867618e-01   1.609958e+00   2.815086e+00   1.587278e+01
   6.025218e-01   6.034600e-01   6.072891e-01   6.160973e-01   6.430814e-01   7.094395e-01   8.827254e-01   1.329858e+00   2.179786e+00   1.720200e+01
   6.031307e-01   6.040696e-01   6.082383e-01   6.178594e-01   6.411332e-01   7.118839e-01   8.396755e-01   1.158803e+00   2.006924e+00   1.766789e+01
   6.020265e-01   6.023767e-01   6.038481e-01   6.073335e-01   6.176572e-01   6.437280e-01   6.934848e-01   8.170785e-01   1.127083e+00   1.948792e+01
   6.032967e-01   6.052220e-01   6.133052e-01   6.356418e-01   6.834625e-01   8.022250e-01   1.158746e+00   2.055573e+00   3.975151e+00   1.357978e+01
   6.030698e-01   6.047252e-01   6.114163e-01   6.270806e-01   6.735500e-01   7.911928e-01   1.095896e+00   1.666883e+00   3.236253e+00   1.505014e+01
   6.016390e-01   6.021400e-01   6.043712e-01   6.094231e-01   6.218429e-01   6.594621e-01   7.507531e-01   9.942365e-01   1.619946e+00   1.858405e+01
   6.028953e-01   6.047814e-01   6.124577e-01   6.335889e-01   6.886941e-01   8.024100e-01   1.071867e+00   1.755371e+00   3.107173e+00   1.503859e+01
   6.032516e-01   6.056646e-01   6.164499e-01   6.409341e-01   7.015634e-01   8.833464e-01   1.212145e+00   2.044446e+00   4.708160e+00   1.248774e+01
   6.027827e-01   6.049888e-01   6.140143e-01   6.351156e-01   6.977153e-01   8.561590e-01   1.266566e+00   2.026798e+00   3.777100e+00   1.354824e+01
   6.030377e-01   6.042671e-01   6.091747e-01   6.227104e-01   6.576883e-01   7.494985e-01   9.211934e-01   1.350085e+00   2.737617e+00   1.638252e+01
   6.035065e-01   6.047881e-01   6.099572e-01   6.219407e-01   6.586142e-01   7.287866e-01   9.535264e-01   1.521795e+00   2.994135e+00   1.587275e+01
   6.028728e-01   6.048844e-01   6.134814e-01   6.330090e-01   6.927375e-01   8.073975e-01   1.087507e+00   1.977998e+00   3.637359e+00   1.412386e+01
   6.024891e-01   6.036444e-01   6.084616e-01   6.196588e-01   6.468511e-01   7.105108e-01   8.610312e-01   1.198861e+00   2.311759e+00   1.721984e+01
   6.022374e-01   6.033084e-01   6.077147e-01   6.180610e-01   6.491670e-01   7.094759e-01   9.043332e-01   1.289166e+00   2.513231e+00   1.682455e+01
   6.022492e-01   6.035502e-01   6.088339e-01   6.211864e-01   6.587476e-01   7.532193e-01   9.927037e-01   1.630192e+00   3.280484e+00   1.530836e+01
   6.021396e-01   6.025065e-01   6.040376e-01   6.076844e-01   6.182470e-01   6.453978e-01   6.970159e-01   8.214216e-01   1.141225e+00   1.945735e+01
   6.023102e-01   6.037855e-01   6.105572e-01   6.284734e-01   6.748867e-01   7.971411e-01   1.107021e+00   1.928699e+00   3.467227e+00   1.442727e+01
   6.017581e-01   6.026730e-01   6.067571e-01   6.160481e-01   6.394544e-01   7.087825e-01   8.817544e-01   1.334874e+00   2.178703e+00   1.719568e+01
   6.042234e-01   6.059848e-01   6.136880e-01   6.349925e-01   6.887751e-01   8.318301e-01   1.192495e+00   1.927680e+00   3.546186e+00   1.412449e+01
   6.032985e-01   6.042188e-01   6.080565e-01   6.185274e-01   6.405755e-01   7.083484e-01   8.346512e-01   1.254901e+00   2.305255e+00   1.723414e+01
   6.034709e-01   6.047239e-01   6.103403e-01   6.256461e-01   6.656306e-01   7.692049e-01   9.630440e-01   1.631993e+00   2.870514e+00   1.576384e+01
   6.030966e-01   6.053316e-01   6.142819e-01   6.390192e-01   6.909544e-01   8.539033e-01   1.260280e+00   2.322870e+00   4.140926e+00   1.279381e+01
   6.027018e-01   6.043936e-01   6.122037e-01   6.298824e-01   6.821525e-01   7.868981e-01   1.110607e+00   1.675662e+00   3.145939e+00   1.508680e+01
   6.017558e-01   6.027764e-01   6.068599e-01   6.183526e-01   6.483785e-01   7.259343e-01   9.203094e-01   1.439071e+00   2.778872e+00   1.629030e+01
   6.016559e-01   6.024788e-01   6.059749e-01   6.139188e-01   6.383256e-01   6.988477e-01   8.544952e-01   1.266473e+00   2.331721e+00   1.718018e+01
   6.022163e-01   6.035611e-01   6.091650e-01   6.247002e-01   6.653411e-01   7.704282e-01   9.691040e-01   1.458797e+00   2.535930e+00   1.632965e+01
   6.032450e-01   6.049601e-01   6.118467e-01   6.309504e-01   6.810678e-01   7.802411e-01   1.024152e+00   1.799362e+00   3.719953e+00   1.444228e+01
   6.029415e-01   6.047698e-01   6.128272e-01   6.348568e-01   6.812926e-01   7.938937e-01   1.049962e+00   1.883239e+00   3.330251e+00   1.468392e+01
   6.034225e-01   6.049700e-01   6.118547e-01   6.305861e-01   6.704959e-01   7.941287e-01   1.102435e+00   1.891578e+00   3.443166e+00   1.452413e+01
   6.031341e-01   6.047073e-01   6.114527e-01   6.297309e-01   6.764244e-01   7.706300e-01   1.001028e+00   1.538819e+00   3.268916e+00   1.533311e+01
   6.023647e-01   6.037144e-01   6.096672e-01   6.259895e-01   6.599740e-01   7.423966e-01   9.991111e-01   1.482530e+00   3.069855e+00   1.571620e+01
   6.022264e-01   6.032809e-01   6.075164e-01   6.192390e-01   6.499436e-01   7.294014e-01   8.805210e-01   1.287718e+00   2.513270e+00   1.682458e+01
   6.027954e-01   6.046018e-01   6.120728e-01   6.326754e-01   6.760496e-01   8.084548e-01   1.061000e+00   1.902442e+00   3.291370e+00   1.468393e+01
   6.028225e-01   6.048215e-01   6.137835e-01   6.345987e-01   6.960158e-01   8.518735e-01   1.157109e+00   1.882115e+00   4.270134e+00   1.335133e+01
   6.024643e-01   6.038994e-01   6.101812e-01   6.271568e-01   6.638033e-01   7.764592e-01   1.058378e+00   1.795406e+00   3.702609e+00   1.446742e+01
   6.032151e-01   6.053656e-01   6.152962e-01   6.376163e-01   7.039678e-01   8.341987e-01   1.156773e+00   2.159567e+00   4.272916e+00   1.300304e+01
   6.020874e-01   6.031179e-01   6.074437e-01   6.192113e-01   6.438676e-01   7.198082e-01   8.612181e-01   1.331532e+00   2.505183e+00   1.683237e+01
   6.028944e-01   6.049883e-01   6.135723e-01   6.369162e-01   6.986316e-01   8.576825e-01   1.156763e+00   2.186385e+00   4.729212e+00   1.244581e+01
   6.027148e-01   6.042400e-01   6.109128e-01   6.261845e-01   6.635653e-01   7.525546e-01   9.517767e-01   1.442900e+00   2.976955e+00   1.590807e+01
   6.023737e-01   6.040814e-01   6.112792e-01   6.274357e-01   6.675991e-01   7.614163e-01   9.795895e-01   1.525411e+00   3.178621e+00   1.550609e+01
   6.033625e-01   6.050972e-01   6.120313e-01   6.311200e-01   6.813248e-01   7.852424e-01   1.111216e+00   1.926695e+00   3.718334e+00   1.415243e+01
   6.037982e-01   6.053249e-01   6.119754e-01   6.274397e-01   6.731137e-01   7.645178e-01   9.781268e-01   1.672125e+00   3.390254e+00   1.509358e+01
   6.029131e-01   6.050518e-01   6.139421e-01   6.380346e-01   7.012134e-01   8.284097e-01   1.129366e+00   1.809052e+00   3.662008e+00   1.418013e+01
   6.030075e-01   6.036706e-01   6.063453e-01   6.125440e-01   6.315000e-01   6.782265e-01   7.982284e-01   1.115272e+00   1.726277e+00   1.819769e+01
   6.027910e-01   6.031676e-01   6.047157e-01   6.082501e-01   6.190892e-01   6.462188e-01   6.980845e-01   8.198707e-01   1.132351e+00   1.947014e+01
   6.017203e-01   6.025907e-01   6.061089e-01   6.158223e-01   6.409875e-01   7.068088e-01   8.763576e-01   1.194123e+00   1.930540e+00   1.766202e+01
   6.038200e-01   6.054066e-01   6.123831e-01   6.284664e-01   6.675193e-01   7.588400e-01   1.036940e+00   1.734981e+00   3.232522e+00   1.512170e+01
   6.035853e-01   6.057599e-01   6.147411e-01   6.352641e-01   6.855529e-01   8.379620e-01   1.216423e+00   1.925133e+00   3.943454e+00   1.362634e+01
   6.027075e-01   6.047221e-01   6.128292e-01   6.356102e-01   6.949329e-01   8.489967e-01   1.247981e+00   2.290058e+00   4.248655e+00   1.274589e+01
   6.038933e-01   6.057862e-01   6.135528e-01   6.349072e-01   6.799644e-01   7.926833e-01   1.051751e+00   1.862844e+00   3.892669e+00   1.410041e+01
   6.021803e-01   6.035169e-01   6.094828e-01   6.251212e-01   6.587281e-01   7.415061e-01   9.412351e-01   1.552928e+00   2.810059e+00   1.600408e+01
   6.016245e-01   6.020045e-01   6.037153e-01   6.084058e-01   6.202657e-01   6.445207e-01   7.228243e-01   9.188408e-01   1.426979e+00   1.896917e+01
   6.044678e-01   6.061554e-01   6.132606e-01   6.294071e-01   6.787731e-01   7.737664e-01   1.083182e+00   1.856856e+00   3.868667e+00   1.415202e+01
   6.056770e-01   6.074051e-01   6.151425e-01   6.359363e-01   6.797421e-01   7.905233e-01   1.118091e+00   1.950293e+00   3.705880e+00   1.412595e+01
   6.043490e-01   6.058314e-01   6.124775e-01   6.278014e-01   6.654671e-01   7.783919e-01   1.058603e+00   1.582446e+00   3.399951e+00   1.507770e+01
   6.020250e-01   6.024006e-01   6.040927e-01   6.086806e-01   6.183082e-01   6.485250e-01   7.041998e-01   8.345921e-01   1.130163e+00   1.943206e+01
   6.024383e-01   6.042627e-01   6.117244e-01   6.288579e-01   6.811496e-01   7.818867e-01   1.107361e+00   1.926410e+00   4.052330e+00   1.378298e+01
   6.031311e-01   6.053411e-01   6.142964e-01   6.393446e-01   6.923920e-01   8.240597e-01   1.216490e+00   2.200904e+00   3.918163e+00   1.330143e+01
   6.008546e-01   6.008547e-01   6.008552e-01   6.008564e-01   6.008598e-01   6.008668e-01   6.008882e-01   6.009420e-01   6.010836e-01   2.060040e+01
   6.033199e-01   6.054670e-01   6.140294e-01   6.376401e-01   6.869693e-01   8.069536e-01   1.088296e+00   1.750248e+00   3.849086e+00   1.417698e+01
   6.037507e-01   6.053076e-01   6.122247e-01   6.310066e-01   6.796822e-01   7.769006e-01   1.087778e+00   1.873311e+00   3.529906e+00   1.448439e+01
   6.018990e-01   6.030539e-01   6.078723e-01   6.190806e-01   6.530568e-01   7.383210e-01   8.996257e-01   1.292667e+00   2.170093e+00   1.714107e+01
   6.012439e-01   6.012580e-01   6.013181e-01   6.014810e-01   6.018351e-01   6.026737e-01   6.052295e-01   6.117292e-01   6.242896e-01   2.055199e+01
   6.033144e-01   6.054846e-01   6.151982e-01   6.373109e-01   7.047990e-01   8.743669e-01   1.312693e+00   2.156091e+00   5.002322e+00   1.190746e+01
   6.026605e-01   6.044590e-01   6.124409e-01   6.340578e-01   6.799996e-01   7.899703e-01   1.132210e+00   1.750299e+00   3.861937e+00   1.415147e+01
   6.027823e-01   6.039869e-01   6.089588e-01   6.225950e-01   6.575647e-01   7.495586e-01   9.282350e-01   1.340305e+00   2.306392e+00   1.686110e+01
   6.025690e-01   6.042976e-01   6.119949e-01   6.328075e-01   6.867764e-01   8.283317e-01   1.187570e+00   2.139917e+00   3.801164e+00   1.358086e+01
   6.033273e-01   6.047054e-01   6.106787e-01   6.271096e-01   6.693549e-01   7.538696e-01   9.562631e-01   1.439204e+00   2.983623e+00   1.589713e+01
   6.024779e-01   6.042960e-01   6.118082e-01   6.324305e-01   6.861561e-01   8.259848e-01   1.185064e+00   1.825505e+00   4.142084e+00   1.360580e+01
   6.021164e-01   6.036109e-01   6.094845e-01   6.234651e-01   6.655573e-01   7.711884e-01   9.727622e-01   1.447898e+00   2.575535e+00   1.629027e+01
   6.034470e-01   6.054831e-01   6.140684e-01   6.377940e-01   6.869149e-01   8.064077e-01   1.173284e+00   1.835958e+00   4.117609e+00   1.365229e+01
   6.030925e-01   6.054035e-01   6.149929e-01   6.412780e-01   7.096830e-01   8.454424e-01   1.186433e+00   1.954430e+00   4.048340e+00   1.342779e+01
   6.024424e-01   6.041486e-01   6.113904e-01   6.310965e-01   6.734214e-01   8.023323e-01   1.124669e+00   1.966939e+00   4.164889e+00   1.356077e+01
   6.021327e-01   6.035052e-01   6.091403e-01   6.220198e-01   6.541048e-01   7.282762e-01   9.473837e-01   1.514811e+00   2.980619e+00   1.589514e+01
   6.030337e-01   6.050332e-01   6.134269e-01   6.362501e-01   6.841127e-01   8.284183e-01   1.103780e+00   2.012557e+00   4.285377e+00   1.331526e+01
   6.032175e-01   6.049419e-01   6.125643e-01   6.334825e-01   6.782666e-01   8.151933e-01   1.159564e+00   2.058959e+00   3.981692e+00   1.356620e+01
   6.019119e-01   6.029132e-01   6.069169e-01   6.181427e-01   6.470839e-01   7.230422e-01   9.155414e-01   1.422729e+00   2.301860e+00   1.685803e+01
   6.022520e-01   6.037444e-01   6.098660e-01   6.266924e-01   6.711155e-01   7.858846e-01   1.078814e+00   1.854587e+00   3.864975e+00   1.415333e+01
   6.024769e-01   6.042865e-01   6.117327e-01   6.321634e-01   6.851558e-01   7.952812e-01   1.133919e+00   1.722615e+00   3.845955e+00   1.419077e+01
   6.031398e-01   6.055613e-01   6.151360e-01   6.416381e-01   6.968724e-01   8.332063e-01   1.246416e+00   1.971209e+00   4.540381e+00   1.281973e+01
   6.021665e-01   6.032124e-01   6.077139e-01   6.198023e-01   6.517224e-01   7.329880e-01   9.449648e-01   1.341556e+00   2.359503e+00   1.682234e+01
   6.025776e-01   6.038893e-01   6.098359e-01   6.260452e-01   6.676645e-01   7.770325e-01   1.057494e+00   1.582016e+00   3.401734e+00   1.506945e+01
   6.032508e-01   6.057625e-01   6.162324e-01   6.405058e-01   7.132514e-01   8.535119e-01   1.205808e+00   2.007010e+00   3.743262e+00   1.364618e+01
   6.030477e-01   6.037460e-01   6.065457e-01   6.143070e-01   6.345634e-01   6.861365e-01   7.841825e-01   1.116038e+00   1.753130e+00   1.816265e+01
   6.027413e-01   6.046773e-01   6.132551e-01   6.364524e-01   6.973066e-01   8.553944e-01   1.253778e+00   1.977638e+00   4.580844e+00   1.273911e+01
   6.038106e-01   6.056514e-01   6.132271e-01   6.340244e-01   6.887173e-01   8.302006e-01   1.100803e+00   2.018358e+00   3.516375e+00   1.417767e+01
   6.033186e-01   6.046945e-01   6.102522e-01   6.230241e-01   6.543598e-01   7.486664e-01   9.845378e-01   1.465676e+00   2.628251e+00   1.627176e+01
   6.019512e-01   6.031926e-01   6.082416e-01   6.219874e-01   6.581639e-01   7.515446e-01   9.942914e-01   1.628677e+00   3.270148e+00   1.532239e+01
   6.018750e-01   6.029364e-01   6.072945e-01   6.195302e-01   6.513057e-01   7.339552e-01   9.470632e-01   1.368010e+00   2.757468e+00   1.634054e+01
   6.031077e-01   6.049385e-01   6.129855e-01   6.313072e-01   6.869008e-01   7.986259e-01   1.062736e+00   1.648716e+00   3.255552e+00   1.503372e+01
   6.049610e-01   6.063477e-01   6.121026e-01   6.280311e-01   6.687995e-01   7.735450e-01   1.047935e+00   1.573835e+00   3.352389e+00   1.517417e+01
   6.028729e-01   6.048601e-01   6.133705e-01   6.369970e-01   6.884776e-01   8.126728e-01   1.185782e+00   1.911970e+00   3.514125e+00   1.419102e+01
   6.026878e-01   6.046437e-01   6.129448e-01   6.355385e-01   6.941209e-01   8.458001e-01   1.150420e+00   2.136998e+00   3.801164e+00   1.358086e+01
   6.037564e-01   6.051898e-01   6.108996e-01   6.266670e-01   6.597496e-01   7.409159e-01   9.896213e-01   1.613603e+00   2.888194e+00   1.578709e+01
   6.032718e-01   6.045713e-01   6.099011e-01   6.245079e-01   6.629866e-01   7.406718e-01   9.300393e-01   1.364597e+00   2.337933e+00   1.679318e+01
   6.025272e-01   6.043852e-01   6.120622e-01   6.299425e-01   6.829493e-01   8.171548e-01   1.070575e+00   1.672897e+00   3.151755e+00   1.508644e+01
   6.028968e-01   6.042895e-01   6.099153e-01   6.230916e-01   6.548728e-01   7.508935e-01   9.910520e-01   1.480935e+00   2.593806e+00   1.627133e+01
   6.047359e-01   6.066527e-01   6.141753e-01   6.349004e-01   6.788603e-01   7.844015e-01   1.109522e+00   1.666792e+00   3.210090e+00   1.504900e+01
   6.039080e-01   6.056780e-01   6.134488e-01   6.346672e-01   6.905661e-01   8.316687e-01   1.102472e+00   2.016594e+00   4.296790e+00   1.330112e+01
   6.021428e-01   6.034746e-01   6.089411e-01   6.242652e-01   6.643220e-01   7.680023e-01   1.031100e+00   1.731213e+00   3.097025e+00   1.528425e+01
   6.023079e-01   6.037766e-01   6.103913e-01   6.282653e-01   6.659937e-01   7.568936e-01   1.040303e+00   1.748826e+00   3.107478e+00   1.523271e+01
   6.027724e-01   6.043719e-01   6.111489e-01   6.297199e-01   6.690908e-01   7.642135e-01   1.059046e+00   1.797007e+00   3.714564e+00   1.445155e+01
   6.048091e-01   6.062046e-01   6.119892e-01   6.251714e-01   6.642569e-01   7.646969e-01   9.572333e-01   1.450691e+00   2.578560e+00   1.634719e+01
   6.037847e-01   6.055843e-01   6.134383e-01   6.317795e-01   6.864012e-01   8.248679e-01   1.182650e+00   1.848925e+00   3.713029e+00   1.406828e+01
   6.021028e-01   6.033047e-01   6.083905e-01   6.226148e-01   6.522117e-01   7.239023e-01   9.471420e-01   1.368677e+00   2.757565e+00   1.634060e+01
   6.025916e-01   6.034513e-01   6.070101e-01   6.168057e-01   6.423966e-01   6.930305e-01   8.582620e-01   1.271447e+00   2.346071e+00   1.715637e+01
   6.028943e-01   6.049680e-01   6.141618e-01   6.354901e-01   6.984851e-01   8.245510e-01   1.123994e+00   1.797227e+00   4.046937e+00   1.378850e+01
   6.009727e-01   6.010479e-01   6.013524e-01   6.020751e-01   6.042033e-01   6.083799e-01   6.215983e-01   6.550802e-01   7.418922e-01   2.032212e+01
   6.022884e-01   6.030958e-01   6.064445e-01   6.154876e-01   6.389117e-01   7.006476e-01   8.171135e-01   1.214455e+00   2.018796e+00   1.764701e+01
   6.029892e-01   6.051605e-01   6.140301e-01   6.384023e-01   7.024964e-01   8.678624e-01   1.184483e+00   1.966410e+00   3.747870e+00   1.374031e+01
   6.038926e-01   6.056724e-01   6.129161e-01   6.328185e-01   6.851879e-01   7.926821e-01   1.047310e+00   1.861794e+00   3.884686e+00   1.411790e+01
   6.024622e-01   6.042713e-01   6.116500e-01   6.287230e-01   6.805179e-01   8.106113e-01   1.140940e+00   2.019691e+00   3.530570e+00   1.415305e+01
   6.045084e-01   6.052460e-01   6.082440e-01   6.152356e-01   6.359457e-01   6.774770e-01   7.772572e-01   1.016590e+00   1.564215e+00   1.852946e+01
   6.019761e-01   6.031169e-01   6.082883e-01   6.223856e-01   6.587183e-01   7.537788e-01   9.342534e-01   1.548295e+00   3.068839e+00   1.572577e+01
   6.040938e-01   6.062919e-01   6.152086e-01   6.357749e-01   6.974922e-01   8.549722e-01   1.259783e+00   1.978129e+00   4.114705e+00   1.325935e+01
   6.023645e-01   6.026755e-01   6.039158e-01   6.073161e-01   6.145653e-01   6.370829e-01   6.933268e-01   8.403887e-01   1.125814e+00   1.948399e+01
   6.025818e-01   6.040276e-01   6.100978e-01   6.268713e-01   6.707426e-01   7.619205e-01   1.047161e+00   1.764835e+00   3.285243e+00   1.499965e+01
   6.029768e-01   6.052938e-01   6.151653e-01   6.413965e-01   7.118239e-01   8.569780e-01   1.309733e+00   2.096734e+00   4.226869e+00   1.284715e+01
