   0.000000e+00   0.000000e+00   1.745369e-08   8.071646e-02   5.666007e-06   7.291582e-02   8.135047e-01   9.498505e-01   9.843862e-01   1.000000e+00   1.000000e+00   1.000000e+00   1.000000e+00   1.000000e+00   1.000000e+00   1.000000e+00
   1.913010e-05   1.487093e-06   1.629393e-06   2.454551e-08   3.365491e-11   0.000000e+00   9.095743e-01   9.687422e-01   9.664517e-01   9.999188e-01   1.000000e+00   9.999329e-01   9.999917e-01   9.990681e-01   9.999588e-01   9.981529e-01
   5.686709e-02   1.304620e-08   7.287251e-02   0.000000e+00   0.000000e+00   1.319202e-03   8.923858e-01   9.448135e-01   9.928495e-01   9.999635e-01   9.938279e-01   9.995810e-01   9.997204e-01   1.000000e+00   9.997417e-01   9.999995e-01
   5.690138e-02   1.304620e-08   6.264284e-02   0.000000e+00   0.000000e+00   1.319292e-03   8.923858e-01   9.448135e-01   9.928234e-01   9.981326e-01   1.000000e+00   9.990464e-01   9.952993e-01   9.990369e-01   1.000000e+00   9.999995e-01
   1.913010e-05   1.486012e-06   1.581177e-06   2.453576e-08   0.000000e+00   3.044677e-03   7.839927e-01   8.346721e-01   9.713452e-01   9.999271e-01   9.102119e-01   9.749773e-01   9.998521e-01   9.986322e-01   9.998502e-01   9.999601e-01
   5.519771e-02   1.304620e-08   6.456367e-02   0.000000e+00   0.000000e+00   1.218070e-03   9.099195e-01   9.480417e-01   9.230321e-01   9.981468e-01   9.999479e-01   9.998963e-01   9.996689e-01   9.996093e-01   9.999542e-01   9.999996e-01
   1.957746e-05   1.487093e-06   1.577916e-06   2.454551e-08   3.365491e-11   0.000000e+00   9.015617e-01   9.684284e-01   9.653762e-01   9.999188e-01   9.973092e-01   9.999925e-01   1.000000e+00   9.990681e-01   9.999588e-01   9.998615e-01
   1.370244e-20   2.109758e-04   2.666472e-07   7.040278e-10   0.000000e+00   1.607632e-10   9.108302e-01   9.446087e-01   9.667226e-01   9.779876e-01   9.935778e-01   9.999456e-01   9.999957e-01   9.989666e-01   9.976968e-01   1.000000e+00
   1.324456e-01   2.317556e-01   9.828166e-06   1.101549e-16   1.001041e-10   0.000000e+00   9.343465e-01   9.741799e-01   8.563961e-01   9.986041e-01   1.000000e+00   9.567685e-01   1.000000e+00   9.997407e-01   9.999651e-01   9.962139e-01
   1.913010e-05   1.498801e-06   1.629393e-06   2.454551e-08   3.422833e-11   0.000000e+00   9.095743e-01   9.844863e-01   9.623684e-01   9.999217e-01   1.000000e+00   9.999340e-01   9.999917e-01   9.990681e-01   9.999588e-01   9.981598e-01
   0.000000e+00   3.103218e-13   0.000000e+00   9.993978e-01   0.000000e+00   8.956638e-04   8.146936e-01   1.000000e+00   9.667266e-01   9.997709e-01   9.972836e-01   9.996145e-01   9.870241e-01   9.999776e-01   9.998640e-01   9.999999e-01
   1.341720e-20   0.000000e+00   0.000000e+00   7.331515e-02   0.000000e+00   1.147703e-01   9.097737e-01   9.743137e-01   9.667412e-01   9.999641e-01   9.999951e-01   9.577761e-01   1.000000e+00   9.999666e-01   9.972848e-01   9.968032e-01
   0.000000e+00   3.105834e-13   0.000000e+00   9.931946e-01   0.000000e+00   5.906028e-03   8.191177e-01   1.000000e+00   9.651158e-01   9.998302e-01   9.973806e-01   9.999681e-01   9.999704e-01   1.000000e+00   9.999588e-01   9.965361e-01
   4.813836e-01   2.976508e-13   0.000000e+00   4.215680e-04   0.000000e+00   2.596302e-03   8.909827e-01   9.496181e-01   9.672474e-01   9.986460e-01   9.972301e-01   9.997980e-01   9.996764e-01   9.999671e-01   8.610452e-01   9.999120e-01
   1.345139e-01   2.170955e-01   9.828166e-06   1.101549e-16   1.001041e-10   0.000000e+00   9.349056e-01   9.733634e-01   9.891361e-01   9.986041e-01   1.000000e+00   9.993682e-01   1.000000e+00   9.997405e-01   9.999651e-01   9.962139e-01
   1.764026e-01   2.064253e-01   5.069577e-09   6.074670e-04   6.023506e-15   1.517858e-10   8.934559e-01   9.980383e-01   9.476381e-01   1.000000e+00   9.953128e-01   9.977285e-01   9.999666e-01   9.992334e-01   1.000000e+00   9.981600e-01
   3.108901e-01   2.255097e-01   9.514162e-06   1.110223e-16   3.161721e-11   0.000000e+00   9.090989e-01   9.521861e-01   9.993693e-01   9.983500e-01   1.000000e+00   9.993259e-01   9.686662e-01   9.996848e-01   9.799747e-01   1.000000e+00
   1.908589e-05   1.487093e-06   1.169208e-06   2.454551e-08   2.360917e-14   8.591865e-05   8.230014e-01   9.544467e-01   9.633757e-01   9.990156e-01   9.979145e-01   9.999259e-01   9.663137e-01   1.000000e+00   9.999540e-01   9.984713e-01
   0.000000e+00   3.103351e-13   0.000000e+00   9.970779e-01   0.000000e+00   9.156457e-04   8.169259e-01   9.716453e-01   9.976492e-01   9.953054e-01   9.972624e-01   1.000000e+00   9.995775e-01   9.999744e-01   9.999921e-01   9.964924e-01
   1.523894e-01   0.000000e+00   1.679212e-15   6.257020e-08   0.000000e+00   1.553198e-03   9.641273e-01   9.992703e-01   9.909272e-01   9.980925e-01   9.963326e-01   9.998926e-01   9.999945e-01   1.000000e+00   9.997026e-01   9.988555e-01
   3.213531e-01   2.392627e-01   1.651457e-15   0.000000e+00   0.000000e+00   4.098464e-03   7.263995e-01   9.961317e-01   9.970956e-01   9.992364e-01   9.995763e-01   9.988916e-01   9.971844e-01   9.986356e-01   9.998335e-01   9.999996e-01
   4.458112e-02   2.259219e-01   0.000000e+00   6.072805e-04   1.169092e-19   1.288989e-05   9.385992e-01   9.952449e-01   9.058897e-01   9.984681e-01   8.868747e-01   9.988426e-01   9.999601e-01   1.000000e+00   9.998335e-01   9.837186e-01
   1.848609e-01   1.280639e-01   0.000000e+00   4.337079e-04   4.025452e-19   1.283795e-05   7.274533e-01   9.964612e-01   9.935778e-01   9.968915e-01   9.996454e-01   9.988018e-01   1.000000e+00   9.993767e-01   9.991216e-01   9.999125e-01
   1.913113e-05   1.487093e-06   1.169208e-06   2.454551e-08   2.360917e-14   8.587804e-05   9.093361e-01   9.544467e-01   9.929868e-01   9.990156e-01   1.000000e+00   9.999309e-01   9.663137e-01   1.000000e+00   9.999585e-01   9.984749e-01
   1.958163e-05   1.487093e-06   1.164686e-06   2.454551e-08   3.365491e-11   4.869016e-07   9.015617e-01   9.684157e-01   9.653762e-01   9.999188e-01   9.973379e-01   9.999297e-01   9.663096e-01   9.990681e-01   9.999541e-01   9.997756e-01
   1.561869e-01   1.909929e-01   0.000000e+00   4.140156e-09   0.000000e+00   6.272190e-03   8.277904e-01   9.427521e-01   9.969364e-01   9.988073e-01   9.970137e-01   9.998946e-01   9.999677e-01   9.987539e-01   9.823756e-01   1.000000e+00
   1.913010e-05   1.483250e-06   1.167501e-06   2.450132e-08   4.944341e-13   1.155011e-05   8.272414e-01   9.868715e-01   9.909445e-01   9.986236e-01   9.971622e-01   9.999937e-01   9.943940e-01   9.999877e-01   9.999608e-01   1.000000e+00
   0.000000e+00   2.163562e-04   1.865907e-07   9.570250e-10   1.761586e-12   6.864559e-05   9.369014e-01   9.303945e-01   9.602989e-01   9.994040e-01   9.409178e-01   9.999891e-01   1.000000e+00   9.997048e-01   1.000000e+00   9.709047e-01
   9.942301e-02   2.628427e-01   0.000000e+00   2.693426e-03   1.604704e-06   0.000000e+00   9.464709e-01   9.272629e-01   9.806448e-01   9.986657e-01   1.000000e+00   9.998635e-01   9.692411e-01   9.715049e-01   9.965587e-01   9.994370e-01
   0.000000e+00   2.122982e-04   1.431220e-06   4.302608e-10   2.221095e-12   1.270832e-05   8.773580e-01   9.990624e-01   9.930234e-01   9.984458e-01   9.987570e-01   9.999533e-01   9.494760e-01   9.999718e-01   9.999553e-01   9.831320e-01
   1.451956e-01   2.355228e-01   1.881327e-09   6.044609e-04   2.816444e-16   0.000000e+00   9.167135e-01   9.271137e-01   9.661771e-01   9.388316e-01   9.980415e-01   9.999671e-01   9.997029e-01   9.995504e-01   9.940317e-01   9.738039e-01
   1.958025e-05   1.468290e-06   0.000000e+00   9.147819e-03   5.913963e-06   0.000000e+00   8.122782e-01   9.687455e-01   9.695701e-01   9.999188e-01   9.972388e-01   9.999328e-01   1.000000e+00   9.990681e-01   9.999999e-01   9.998699e-01
   4.814436e-01   2.976230e-13   0.000000e+00   4.215680e-04   0.000000e+00   5.970516e-03   9.765209e-01   9.186994e-01   9.653936e-01   1.000000e+00   9.949001e-01   9.980390e-01   9.988539e-01   9.990675e-01   9.999611e-01   1.000000e+00
   1.434704e-01   2.355228e-01   1.881327e-09   6.044609e-04   2.816444e-16   0.000000e+00   9.167135e-01   9.271137e-01   9.653603e-01   9.424901e-01   9.980415e-01   9.999671e-01   9.996937e-01   9.995504e-01   1.000000e+00   9.738039e-01
   0.000000e+00   2.972900e-13   0.000000e+00   9.959168e-01   0.000000e+00   5.916845e-03   8.189996e-01   1.000000e+00   9.651981e-01   9.997836e-01   9.988642e-01   9.999681e-01   9.999704e-01   1.000000e+00   9.996259e-01   9.998616e-01
   2.511849e-01   1.891507e-01   0.000000e+00   4.140156e-09   0.000000e+00   6.241336e-03   8.290745e-01   9.427521e-01   9.969364e-01   9.996137e-01   9.981083e-01   9.998946e-01   9.999708e-01   9.987623e-01   1.000000e+00   1.000000e+00
   1.356430e-01   2.169814e-01   9.514162e-06   1.109655e-16   3.161721e-11   0.000000e+00   9.090989e-01   9.521861e-01   9.984157e-01   9.985978e-01   1.000000e+00   9.993259e-01   9.686662e-01   9.996848e-01   9.129015e-01   1.000000e+00
   4.953482e-01   2.976230e-13   0.000000e+00   4.215680e-04   0.000000e+00   6.026597e-03   9.784234e-01   9.554099e-01   9.670329e-01   9.996098e-01   9.972301e-01   9.997970e-01   9.996797e-01   9.996759e-01   8.603666e-01   9.999630e-01
   1.385208e-20   2.122982e-04   1.808090e-07   9.587702e-10   0.000000e+00   1.567321e-10   9.304607e-01   1.000000e+00   8.901686e-01   9.937147e-01   9.988502e-01   9.999836e-01   1.000000e+00   9.998650e-01   9.999895e-01   9.304690e-01
   0.000000e+00   2.122982e-04   1.864456e-07   9.570250e-10   1.765850e-12   1.567321e-10   9.303608e-01   9.309285e-01   9.028892e-01   9.998437e-01   9.988438e-01   9.999836e-01   9.994769e-01   9.998653e-01   1.000000e+00   9.992583e-01
   1.433377e-01   2.263499e-01   2.397057e-08   2.931420e-04   9.234809e-11   5.472113e-03   8.226992e-01   9.478827e-01   9.855345e-01   9.986472e-01   9.476040e-01   9.975920e-01   9.986846e-01   9.993741e-01   1.000000e+00   9.640523e-01
   2.894889e-01   1.909929e-01   0.000000e+00   4.140156e-09   0.000000e+00   6.262665e-03   9.763508e-01   9.990187e-01   9.968854e-01   9.996503e-01   9.988575e-01   9.999129e-01   9.999677e-01   9.987541e-01   9.811497e-01   1.000000e+00
   1.434144e-01   2.352795e-01   5.174318e-09   6.043632e-04   6.023506e-15   1.517858e-10   8.934559e-01   8.681564e-01   9.461844e-01   9.429780e-01   9.953128e-01   1.000000e+00   9.999671e-01   9.988696e-01   1.000000e+00   9.735504e-01
   4.458112e-02   2.276341e-01   0.000000e+00   6.073349e-04   1.219727e-19   1.288989e-05   9.385992e-01   9.361517e-01   9.058897e-01   9.984681e-01   9.929228e-01   9.734544e-01   9.970995e-01   1.000000e+00   9.998335e-01   9.844363e-01
   4.380197e-01   1.716127e-01   1.590466e-06   1.410774e-05   1.117978e-09   1.884687e-03   8.668218e-01   9.653754e-01   9.994633e-01   9.988029e-01   9.999827e-01   9.997693e-01   7.596403e-01   9.998383e-01   9.999970e-01   9.981948e-01
   7.964244e-02   2.170955e-01   9.828166e-06   1.101549e-16   9.981135e-11   0.000000e+00   9.349056e-01   9.733634e-01   9.884404e-01   9.986041e-01   1.000000e+00   9.993682e-01   1.000000e+00   9.769398e-01   9.999651e-01   9.989053e-01
   1.958025e-05   1.487093e-06   1.628124e-06   2.454551e-08   9.295295e-11   0.000000e+00   8.336210e-01   9.687455e-01   9.851247e-01   9.999188e-01   9.966391e-01   9.999328e-01   1.000000e+00   9.993153e-01   9.999603e-01   9.999378e-01
   1.786633e-01   1.817097e-01   3.836000e-09   6.074670e-04   4.712923e-12   1.607915e-10   8.934559e-01   9.966423e-01   9.663338e-01   9.986823e-01   9.953260e-01   9.978296e-01   9.999883e-01   9.994224e-01   1.000000e+00   9.994427e-01
   1.523894e-01   2.371380e-01   1.679212e-15   5.930232e-08   0.000000e+00   1.553198e-03   8.311666e-01   9.419904e-01   9.937941e-01   9.980925e-01   9.993010e-01   9.998918e-01   9.999945e-01   9.987554e-01   9.997019e-01   8.771749e-01
   1.037520e-01   4.375492e-01   2.620054e-09   6.048853e-04   7.429330e-05   4.613955e-07   9.302296e-01   9.669508e-01   9.988451e-01   9.999985e-01   9.997051e-01   9.816894e-01   9.998789e-01   9.999761e-01   9.961377e-01   9.997194e-01
   0.000000e+00   3.053499e-13   0.000000e+00   9.970779e-01   0.000000e+00   1.042295e-03   8.135078e-01   9.716453e-01   9.409935e-01   9.953054e-01   9.971133e-01   1.000000e+00   9.995775e-01   9.999999e-01   9.999998e-01   9.964924e-01
   1.913010e-05   1.483315e-06   1.629393e-06   2.454466e-08   3.438828e-11   0.000000e+00   9.120952e-01   9.877755e-01   9.664517e-01   9.986249e-01   1.000000e+00   9.999329e-01   9.999917e-01   9.990711e-01   9.999588e-01   9.981529e-01
   1.908173e-05   1.487093e-06   1.596816e-06   2.574995e-08   2.360917e-14   6.815955e-05   8.242880e-01   9.316009e-01   9.633757e-01   9.990036e-01   9.978859e-01   9.999887e-01   1.000000e+00   1.000000e+00   9.999582e-01   9.993421e-01
   4.104584e-01   2.247175e-01   1.037514e-05   1.109139e-16   9.615359e-12   1.182204e-05   8.144085e-01   9.535678e-01   9.321615e-01   9.983651e-01   9.493063e-01   9.989718e-01   9.685250e-01   9.999858e-01   9.998303e-01   9.824178e-01
   1.379962e-01   2.188290e-01   1.881327e-09   6.044609e-04   2.816444e-16   0.000000e+00   9.167135e-01   9.271137e-01   9.653603e-01   9.424901e-01   9.981613e-01   9.999830e-01   9.996937e-01   9.995504e-01   1.000000e+00   9.738039e-01
   0.000000e+00   2.122982e-04   1.864456e-07   2.465132e-08   9.237192e-11   1.585784e-10   9.300115e-01   9.329879e-01   9.028892e-01   9.999152e-01   8.683013e-01   9.999933e-01   1.000000e+00   9.998576e-01   1.000000e+00   9.992668e-01
   1.836600e-01   1.279177e-01   3.375202e-03   0.000000e+00   0.000000e+00   1.319202e-03   8.917490e-01   9.029132e-01   9.928495e-01   9.968656e-01   9.938279e-01   9.995592e-01   9.985650e-01   1.000000e+00   9.999883e-01   1.000000e+00
   5.690138e-02   1.304620e-08   6.264284e-02   0.000000e+00   0.000000e+00   6.295685e-04   8.941210e-01   9.156204e-01   9.928234e-01   9.981326e-01   1.000000e+00   9.991149e-01   9.952993e-01   9.990369e-01   9.079318e-01   1.000000e+00
   1.115795e-01   2.023471e-01   9.974761e-06   9.714397e-03   0.000000e+00   0.000000e+00   9.455061e-01   9.415815e-01   9.891361e-01   9.985336e-01   1.000000e+00   9.993080e-01   1.000000e+00   9.997447e-01   9.958978e-01   9.960329e-01
   4.813783e-01   2.976230e-13   0.000000e+00   4.215680e-04   0.000000e+00   5.970516e-03   9.765209e-01   9.186994e-01   9.669587e-01   9.999938e-01   9.949001e-01   9.997369e-01   9.988669e-01   9.990675e-01   9.999611e-01   1.000000e+00
   6.266951e-02   2.066686e-01   0.000000e+00   6.075647e-04   2.775558e-16   9.590345e-08   8.932275e-01   9.388589e-01   9.653603e-01   9.983862e-01   1.000000e+00   9.990679e-01   9.916287e-01   9.990027e-01   1.000000e+00   9.952331e-01
   8.361214e-02   5.164019e-01   1.410563e-07   0.000000e+00   0.000000e+00   1.546264e-03   9.078880e-01   9.933673e-01   9.896032e-01   9.981018e-01   9.491469e-01   9.991191e-01   1.000000e+00   9.992288e-01   9.997003e-01   9.777172e-01
   8.277790e-02   4.910204e-01   2.521710e-07   0.000000e+00   0.000000e+00   1.296576e-03   9.592196e-01   9.451039e-01   9.967300e-01   9.998404e-01   9.973528e-01   9.990466e-01   9.698166e-01   9.994020e-01   9.817472e-01   9.996818e-01
   2.266820e-03   2.200107e-01   2.022629e-07   1.109139e-16   9.612864e-12   1.123185e-05   9.192643e-01   9.295699e-01   9.033106e-01   9.984459e-01   9.970134e-01   9.149308e-01   9.705481e-01   9.998640e-01   9.997067e-01   9.993636e-01
   0.000000e+00   2.122982e-04   1.617537e-07   9.570250e-10   1.765850e-12   3.887505e-13   9.169843e-01   9.309285e-01   9.028892e-01   9.998437e-01   9.988647e-01   9.581847e-01   9.994720e-01   9.999296e-01   1.000000e+00   9.735571e-01
   4.954135e-01   2.976230e-13   0.000000e+00   3.580064e-04   0.000000e+00   6.026597e-03   9.784234e-01   9.554099e-01   9.654678e-01   9.996160e-01   9.972301e-01   9.980992e-01   9.996667e-01   9.996759e-01   8.603666e-01   9.999630e-01
   1.433377e-01   2.263499e-01   2.397057e-08   2.931420e-04   9.234809e-11   5.586781e-03   8.226992e-01   9.450765e-01   9.855345e-01   9.988890e-01   9.925826e-01   9.975920e-01   9.986775e-01   9.993741e-01   1.000000e+00   9.992249e-01
   1.433377e-01   2.641197e-01   2.429909e-08   2.895604e-04   9.072586e-11   5.472113e-03   9.174044e-01   9.392642e-01   9.855345e-01   9.988082e-01   9.949308e-01   9.993672e-01   1.000000e+00   9.993735e-01   1.000000e+00   9.640523e-01
   1.276662e-01   2.179142e-01   1.881327e-09   6.044609e-04   2.816444e-16   0.000000e+00   9.151001e-01   9.271137e-01   9.653603e-01   9.424901e-01   9.981613e-01   9.997431e-01   9.996937e-01   9.995440e-01   9.999613e-01   9.738039e-01
   1.115795e-01   2.051014e-01   9.745241e-06   9.311173e-03   0.000000e+00   0.000000e+00   9.455061e-01   9.422241e-01   9.989101e-01   9.985336e-01   9.326926e-01   9.998396e-01   9.998722e-01   9.999855e-01   9.961460e-01   9.960792e-01
   9.912363e-02   2.357940e-01   0.000000e+00   2.693426e-03   1.691833e-06   0.000000e+00   9.162038e-01   9.272635e-01   9.659130e-01   9.986657e-01   9.980786e-01   9.998592e-01   9.692411e-01   9.715049e-01   9.965587e-01   9.744502e-01
   1.629063e-01   0.000000e+00   1.679212e-15   6.257020e-08   0.000000e+00   3.626388e-04   9.641018e-01   1.000000e+00   9.653213e-01   9.980925e-01   9.963081e-01   9.738601e-01   9.697504e-01   1.000000e+00   9.991017e-01   9.460584e-01
   1.379962e-01   2.190887e-01   1.881327e-09   6.044609e-04   2.810252e-16   0.000000e+00   8.228156e-01   9.271137e-01   9.653051e-01   8.934455e-01   9.973096e-01   9.997929e-01   9.410843e-01   9.995504e-01   9.699078e-01   9.638258e-01
   0.000000e+00   3.054259e-13   0.000000e+00   9.970779e-01   0.000000e+00   1.042295e-03   8.133836e-01   9.995760e-01   9.409592e-01   9.997332e-01   9.971133e-01   1.000000e+00   9.999967e-01   9.999999e-01   9.999590e-01   9.964924e-01
   4.342997e-01   2.685203e-01   1.037514e-05   1.109139e-16   9.615359e-12   5.287596e-03   8.228409e-01   1.000000e+00   9.320976e-01   9.983542e-01   1.000000e+00   8.131031e-01   9.412061e-01   9.994417e-01   9.999987e-01   9.640512e-01
   4.137432e-01   2.020666e-01   1.596692e-06   9.959544e-05   8.154742e-03   1.128908e-05   9.162500e-01   9.639164e-01   9.563588e-01   9.988684e-01   9.498334e-01   9.989516e-01   9.694713e-01   9.999998e-01   1.000000e+00   9.742044e-01
   1.433377e-01   2.263499e-01   2.397057e-08   2.931420e-04   9.139680e-11   5.472113e-03   8.186697e-01   9.993219e-01   9.855345e-01   9.988082e-01   9.476040e-01   9.999625e-01   9.404364e-01   9.993785e-01   1.000000e+00   9.640523e-01
   8.361214e-02   4.910107e-01   1.377766e-07   0.000000e+00   0.000000e+00   1.546264e-03   9.078880e-01   9.461546e-01   9.896032e-01   9.732953e-01   9.491469e-01   9.990490e-01   1.000000e+00   9.992284e-01   9.821469e-01   1.000000e+00
   9.912363e-02   2.364199e-01   0.000000e+00   2.693426e-03   1.691833e-06   0.000000e+00   8.904980e-01   9.034956e-01   9.659130e-01   9.987405e-01   9.980786e-01   9.998592e-01   9.692411e-01   9.715049e-01   9.965587e-01   9.734812e-01
   9.818654e-02   2.378243e-01   1.637687e-06   1.026859e-05   8.080327e-03   0.000000e+00   9.102107e-01   9.630458e-01   9.538193e-01   9.974736e-01   9.489816e-01   9.991387e-01   9.409508e-01   1.000000e+00   9.703808e-01   9.640360e-01
   4.642055e-01   2.020666e-01   6.662556e-08   3.926576e-04   8.080327e-03   1.129174e-05   9.162500e-01   9.639164e-01   9.563588e-01   9.443506e-01   9.506486e-01   9.997330e-01   9.996956e-01   1.000000e+00   9.999987e-01   9.737975e-01
   4.526925e-01   2.017150e-01   3.160397e-03   3.962382e-04   1.735290e-03   6.212802e-05   9.292562e-01   9.671623e-01   9.561428e-01   9.995103e-01   9.995170e-01   9.197729e-01   7.622113e-01   9.994553e-01   9.999396e-01   1.000000e+00
   1.451956e-01   2.355228e-01   1.881327e-09   6.044609e-04   5.069271e-08   0.000000e+00   9.167135e-01   9.271284e-01   9.661771e-01   9.388316e-01   9.980415e-01   9.999674e-01   9.997029e-01   9.995504e-01   9.938817e-01   9.738039e-01
   1.958163e-05   1.487093e-06   1.164686e-06   2.454551e-08   3.298398e-11   4.869016e-07   9.055912e-01   9.684157e-01   9.653762e-01   9.999188e-01   9.973379e-01   9.975489e-01   9.663096e-01   9.990637e-01   9.999541e-01   9.997756e-01
   2.263930e-02   2.572094e-01   1.037514e-05   1.109139e-16   9.615359e-12   1.132242e-05   9.587418e-01   9.535678e-01   9.307180e-01   9.983651e-01   1.000000e+00   9.218949e-01   9.412061e-01   9.994417e-01   9.998303e-01   9.639632e-01
   0.000000e+00   2.122982e-04   1.829145e-07   2.515799e-08   9.237192e-11   0.000000e+00   7.252372e-01   9.320446e-01   9.028892e-01   9.992579e-01   8.683013e-01   9.999933e-01   1.000000e+00   9.998576e-01   1.000000e+00   9.992668e-01
   1.989094e-01   2.188290e-01   1.881327e-09   6.044609e-04   2.816444e-16   0.000000e+00   8.222756e-01   9.430175e-01   9.653603e-01   9.433264e-01   9.978920e-01   9.999830e-01   9.999817e-01   9.995668e-01   1.000000e+00   9.738039e-01
   1.836600e-01   1.272918e-01   3.375202e-03   0.000000e+00   0.000000e+00   1.319202e-03   9.174549e-01   9.266811e-01   9.928495e-01   9.967908e-01   9.938279e-01   9.995592e-01   9.985650e-01   1.000000e+00   9.999883e-01   1.000000e+00
   1.103032e-01   4.375198e-01   2.620054e-09   6.048853e-04   7.347018e-05   0.000000e+00   9.307275e-01   9.478859e-01   9.043665e-01   9.275026e-01   9.601091e-01   9.764694e-01   9.999034e-01   9.999933e-01   9.960270e-01   9.991232e-01
   4.814436e-01   2.976508e-13   0.000000e+00   4.234797e-04   0.000000e+00   1.561852e-03   9.001461e-01   9.456407e-01   9.235461e-01   9.999995e-01   9.994963e-01   9.979100e-01   1.000000e+00   1.000000e+00   9.999612e-01   1.000000e+00
   4.137432e-01   2.020666e-01   1.596692e-06   9.959544e-05   8.537504e-03   1.128908e-05   9.166913e-01   9.294093e-01   9.563588e-01   9.395695e-01   9.961535e-01   9.999686e-01   9.694713e-01   9.999998e-01   1.000000e+00   9.737997e-01
   1.283064e-01   2.448587e-01   1.724894e-09   6.255563e-04   0.000000e+00   0.000000e+00   9.344833e-01   8.626082e-01   8.895052e-01   9.999900e-01   9.972859e-01   9.191873e-01   9.999663e-01   9.997451e-01   9.999641e-01   9.846473e-01
   1.826864e-01   1.272918e-01   0.000000e+00   0.000000e+00   0.000000e+00   1.316114e-03   8.207349e-01   9.266811e-01   9.928495e-01   9.967908e-01   9.938279e-01   9.995592e-01   9.985650e-01   1.000000e+00   9.999883e-01   9.998623e-01
   1.629063e-01   0.000000e+00   1.679212e-15   6.257020e-08   0.000000e+00   7.210991e-05   9.641018e-01   1.000000e+00   9.980151e-01   9.996521e-01   9.963081e-01   9.796120e-01   9.994003e-01   9.987578e-01   9.991017e-01   9.746034e-01
   2.796266e-01   1.923723e-01   2.429909e-08   2.895604e-04   8.805384e-11   5.474919e-03   9.174044e-01   9.392642e-01   9.968301e-01   9.996501e-01   9.949308e-01   9.993672e-01   9.999987e-01   9.993725e-01   1.000000e+00   9.640523e-01
   4.110518e-01   2.188210e-01   1.527073e-06   9.197773e-03   1.229557e-04   1.409022e-03   9.176642e-01   9.638849e-01   9.563588e-01   9.997916e-01   9.978457e-01   9.990455e-01   9.694713e-01   1.000000e+00   1.000000e+00   9.735499e-01
   1.452051e-01   2.632577e-01   1.877444e-09   6.044609e-04   2.816444e-16   0.000000e+00   9.161332e-01   9.271131e-01   9.816238e-01   9.388316e-01   9.987016e-01   9.999671e-01   9.997029e-01   9.995504e-01   9.940317e-01   9.984427e-01
   4.789169e-06   1.487093e-06   1.582110e-06   2.571075e-08   2.360917e-14   8.564983e-05   8.243825e-01   9.614668e-01   9.633757e-01   9.990156e-01   9.978859e-01   9.999887e-01   1.000000e+00   1.000000e+00   9.999587e-01   9.993421e-01
   1.786633e-01   1.817097e-01   3.836000e-09   6.074670e-04   4.612996e-12   1.607915e-10   8.927883e-01   9.966423e-01   9.662954e-01   9.996110e-01   9.953260e-01   9.998609e-01   9.999884e-01   9.994224e-01   9.999339e-01   9.994427e-01
   1.115795e-01   2.023471e-01   9.974761e-06   9.714397e-03   8.464875e-19   0.000000e+00   9.455061e-01   9.415815e-01   9.891361e-01   1.000000e+00   1.000000e+00   9.993080e-01   1.000000e+00   9.997447e-01   9.958978e-01   9.960329e-01
   4.642055e-01   2.020666e-01   6.662556e-08   3.926576e-04   3.418548e-05   0.000000e+00   9.146476e-01   9.639164e-01   9.563588e-01   9.443506e-01   9.506486e-01   1.000000e+00   9.996953e-01   1.000000e+00   9.999987e-01   9.984294e-01
   2.397921e-01   1.322266e-02   1.076062e-16   6.257020e-08   0.000000e+00   6.348910e-03   9.637503e-01   9.992703e-01   9.909272e-01   9.980925e-01   9.963326e-01   9.998926e-01   9.999691e-01   1.000000e+00   9.997026e-01   9.988555e-01
   1.434144e-01   2.352795e-01   5.174318e-09   6.043632e-04   4.917637e-13   1.517858e-10   8.934559e-01   9.656724e-01   9.469263e-01   9.429780e-01   9.953128e-01   9.999994e-01   9.999671e-01   9.988696e-01   1.000000e+00   9.710219e-01
   4.867542e-01   2.976230e-13   8.300338e-02   4.215680e-04   2.760762e-16   5.970516e-03   8.277468e-01   9.186994e-01   9.653936e-01   1.000000e+00   9.973451e-01   9.980137e-01   9.988539e-01   9.995537e-01   1.000000e+00   9.638299e-01
   0.000000e+00   2.229285e-04   1.808090e-07   1.372289e-09   0.000000e+00   1.596741e-10   8.889751e-01   1.000000e+00   9.668108e-01   9.985133e-01   9.999740e-01   9.999633e-01   9.994646e-01   9.999973e-01   9.999612e-01   9.999805e-01
   1.451956e-01   2.519959e-01   1.881327e-09   6.044609e-04   0.000000e+00   0.000000e+00   9.162722e-01   9.616208e-01   9.661771e-01   9.550301e-01   9.517214e-01   9.989501e-01   9.997029e-01   9.995504e-01   9.940317e-01   9.742085e-01
   5.262001e-01   2.976230e-13   0.000000e+00   4.234797e-04   0.000000e+00   6.286686e-03   9.889603e-01   9.980267e-01   9.238986e-01   9.986729e-01   1.000000e+00   9.978263e-01   9.996758e-01   9.990849e-01   9.999612e-01   1.000000e+00
   8.460418e-02   2.186720e-01   3.232580e-07   2.179350e-05   1.012078e-12   7.377429e-05   8.225442e-01   9.508845e-01   9.658248e-01   9.985978e-01   9.972287e-01   9.993259e-01   9.686662e-01   9.997475e-01   9.129015e-01   1.000000e+00
   1.529227e-01   2.685203e-01   1.037514e-05   6.252441e-08   9.615359e-12   5.287596e-03   9.664399e-01   1.000000e+00   9.935821e-01   9.983536e-01   1.000000e+00   8.109085e-01   9.982538e-01   9.987532e-01   9.997058e-01   9.998371e-01
   1.454949e-01   2.625716e-01   1.989060e-09   6.061640e-04   0.000000e+00   4.304478e-03   9.801000e-01   9.271131e-01   9.809089e-01   9.989685e-01   9.960130e-01   9.999987e-01   9.997029e-01   9.995504e-01   1.000000e+00   9.987907e-01
   1.908173e-05   1.487093e-06   1.210974e-06   2.491711e-08   0.000000e+00   8.543175e-05   8.230014e-01   9.614668e-01   9.634253e-01   9.990156e-01   9.978859e-01   9.992881e-01   1.000000e+00   1.000000e+00   9.999587e-01   9.993627e-01
   9.942301e-02   2.628427e-01   0.000000e+00   2.693426e-03   4.639462e-08   0.000000e+00   9.464709e-01   9.272629e-01   9.804410e-01   9.975278e-01   1.000000e+00   9.997794e-01   9.665837e-01   9.715060e-01   9.965587e-01   9.994501e-01
   1.419600e-01   2.356136e-01   1.881327e-09   6.044609e-04   9.203543e-03   0.000000e+00   9.167135e-01   9.747081e-01   9.653603e-01   9.433724e-01   9.979602e-01   9.999671e-01   9.993816e-01   1.000000e+00   1.000000e+00   9.641194e-01
   1.820219e-01   1.248390e-01   9.858021e-05   6.618359e-07   0.000000e+00   1.143804e-03   9.163281e-01   9.473182e-01   9.851647e-01   9.967908e-01   9.475886e-01   9.995592e-01   9.986744e-01   9.993684e-01   1.000000e+00   1.000000e+00
   3.051580e-03   2.200107e-01   2.022629e-07   1.109139e-16   1.035039e-11   1.123185e-05   9.192643e-01   9.295699e-01   9.033106e-01   9.998387e-01   9.970086e-01   9.166499e-01   9.705481e-01   9.992594e-01   9.997067e-01   9.997972e-01
   4.642055e-01   2.020666e-01   6.662556e-08   3.926576e-04   7.706752e-03   1.096238e-05   9.162500e-01   9.639164e-01   9.575319e-01   9.267246e-01   9.506486e-01   1.000000e+00   9.996956e-01   9.123149e-01   9.999993e-01   9.624078e-01
   1.561869e-01   1.777703e-01   1.571606e-15   4.140156e-09   0.000000e+00   1.476478e-03   8.281674e-01   9.427521e-01   9.969364e-01   9.988073e-01   9.970137e-01   9.998946e-01   9.999930e-01   9.987539e-01   9.823756e-01   1.000000e+00
