   2.624559e-01   2.593153e-01   2.568448e-01   2.791570e-01   7.839662e-01   1.223697e+01   4.455287e-01   5.230543e-01
   1.723491e+00   2.594081e+00   5.660800e-01   5.029099e-01   3.695698e+00   3.486354e-01   3.093800e-01   4.129124e-01
   4.039274e-01   4.182311e+00   4.034266e-01   3.978954e-01   8.210517e-01   2.836009e-01   3.075348e-01   2.667781e+00
   1.777538e+00   5.229858e-01   7.633526e-01   5.013685e+00   3.444548e-01   2.373983e+00   4.738966e-01   2.798302e+00
   2.513634e-01   2.599574e-01   2.812697e-01   2.720538e-01   2.613381e-01   3.199560e-01   2.541887e-01   1.624628e+01
   2.540184e-01   4.770758e-01   4.684030e+00   5.495199e+00   4.179671e-01   3.153383e-01   5.735789e-01   2.368602e+00
   2.571314e-01   2.600807e-01   3.157068e-01   2.586919e-01   3.653436e-01   4.042690e-01   1.425095e+01   6.154803e-01
   2.997746e-01   1.928108e+00   4.596650e+00   1.004375e+00   4.099084e-01   2.647287e+00   7.095682e+00   3.335640e-01
   3.812974e-01   3.553208e-01   2.393924e-01   8.186457e+00   8.808481e-01   3.365681e-01   8.732222e-01   3.873843e-01
   2.223324e+00   3.460241e-01   3.964410e-01   3.881505e-01   8.103358e-01   2.945513e-01   2.901485e-01   2.681413e+00
   3.485391e-01   4.000591e-01   4.641365e+00   3.103196e-01   3.653991e+00   3.194358e-01   8.502138e+00   7.232685e-01
   8.834840e-01   4.296956e-01   1.746188e+00   6.879847e+00   4.397802e-01   1.068580e+00   2.822727e+00   5.813116e+00
   2.215164e+00   4.158117e-01   1.379056e+00   4.223059e-01   4.757601e-01   4.083653e-01   6.802660e-01   9.808773e-01
   1.710725e+00   2.826205e-01   4.014698e+00   6.592832e-01   7.544491e-01   2.129773e+00   1.581345e+00   2.859278e+00
   3.587602e-01   3.563521e+00   7.674333e-01   5.504824e-01   3.026010e-01   1.043570e+00   7.709889e+00   3.572311e-01
   1.042158e+00   4.829322e-01   4.571523e+00   6.192100e-01   5.130842e+00   3.283331e+00   7.021058e-01   5.884034e-01
   3.390103e-01   2.703681e+00   1.632781e+00   3.700738e-01   7.739807e+00   7.761303e-01   3.340575e-01   6.977839e-01
   8.114635e-01   1.923469e+00   5.593384e-01   5.302981e+00   9.702964e-01   6.012563e+00   4.393270e+00   1.220736e+00
   1.134470e+00   1.023176e+00   5.475521e-01   5.101459e+00   6.369824e-01   8.878234e-01   3.272259e-01   1.022325e+01
   1.756017e+00   4.474422e-01   3.702819e-01   3.892025e-01   4.221357e-01   7.728115e+00   3.095605e+00   6.117131e-01
   3.575137e-01   3.219032e+00   4.066289e-01   4.227011e-01   5.657763e-01   7.811855e+00   3.020636e+00   9.751097e-01
   3.349490e-01   2.392565e-01   4.207267e+00   2.591610e-01   7.588071e+00   1.068282e+00   5.071443e-01   1.942752e+00
   3.783271e-01   3.497505e+00   3.690987e+00   2.615302e-01   2.571289e-01   8.689872e-01   1.208972e+00   7.207848e-01
   3.714960e-01   4.428011e-01   2.718253e-01   2.657724e-01   1.021684e+01   2.819287e-01   4.190791e-01   3.309626e-01
   2.632675e-01   3.956566e-01   2.892570e+00   3.920730e-01   5.198543e+00   7.098586e+00   4.285214e-01   8.038400e+00
   5.764189e-01   7.586728e-01   1.172164e+00   2.584997e-01   1.560561e+00   9.388526e+00   8.413508e+00   5.854677e-01
   5.746108e-01   1.254379e+00   2.863829e+00   2.386812e+00   2.586266e-01   9.897109e+00   9.229188e-01   3.429206e-01
   1.825723e+00   4.263703e-01   2.475145e+00   6.637512e-01   5.181076e+00   3.394052e-01   1.081907e+00   5.796903e-01
   1.769911e+00   1.003943e+00   5.517045e-01   2.128212e+00   3.268380e+00   5.209604e-01   2.230939e+00   7.930464e+00
   3.248352e-01   2.886790e-01   2.602169e-01   5.251618e-01   6.506928e+00   2.822186e-01   1.116025e+01   2.778720e-01
   2.666655e-01   5.664665e-01   6.220837e+00   4.298820e-01   4.045474e-01   3.780777e-01   6.457276e-01   1.191714e+00
   3.204055e-01   2.143915e+00   1.603199e+00   3.041463e+00   1.852701e+00   3.066867e-01   1.085276e+01   4.783362e-01
   1.557733e+00   5.059250e-01   3.006136e-01   1.131120e+00   7.663440e+00   6.548174e-01   2.456688e-01   2.692615e-01
   3.109214e-01   1.872359e+00   4.518888e+00   6.659692e-01   2.568852e+00   6.089562e+00   2.798635e+00   2.585366e-01
   3.202367e-01   2.074219e+00   2.976908e-01   7.110109e+00   1.412919e+00   7.281524e-01   5.455213e-01   3.408263e+00
   3.047234e-01   1.504896e+00   1.182219e+00   1.810151e+00   8.948219e+00   3.335476e+00   4.085011e-01   2.438407e+00
   2.478612e-01   2.492378e-01   5.996420e-01   6.356409e+00   5.834596e-01   7.670102e+00   1.107777e+00   2.684667e+00
   1.118508e+00   2.649033e-01   3.358322e-01   2.401209e-01   5.203574e+00   9.176211e+00   3.013373e-01   3.037062e-01
   3.173459e-01   3.095493e-01   2.619430e-01   2.664050e-01   6.224227e-01   7.758704e+00   3.572332e-01   1.271980e+01
   1.347187e+00   3.496779e+00   4.486162e-01   7.834545e-01   3.002095e-01   1.704615e+00   2.476476e+00   5.571120e-01
   1.455054e+00   2.871353e+00   7.912125e-01   2.946709e+00   7.634830e-01   3.275674e+00   1.212122e+00   5.289404e-01
   2.552385e-01   3.751072e-01   2.635881e+00   3.303598e+00   4.221815e-01   9.165967e+00   5.339788e+00   1.914819e+00
   3.529754e-01   3.654638e-01   4.842433e+00   8.217270e-01   6.741025e-01   7.846147e+00   8.681433e-01   3.979612e-01
   1.407752e+00   2.788684e-01   1.872220e+00   5.046750e-01   3.863068e-01   2.361765e-01   1.082718e+01   3.698246e-01
   1.372436e+00   2.003166e+00   2.815255e-01   5.607714e-01   7.006726e-01   3.839286e+00   9.199998e+00   3.414488e-01
   1.322103e+00   1.940125e+00   3.215026e+00   2.428902e+00   7.560195e-01   5.550790e-01   6.530475e+00   2.915254e-01
   1.125404e+00   6.961295e-01   3.528111e-01   3.690844e+00   6.979606e-01   3.677393e-01   1.121973e+01   4.483862e-01
   5.961780e-01   2.878666e-01   2.188418e+00   4.121502e+00   3.601235e+00   8.847366e+00   7.123471e-01   9.562858e-01
   3.300601e-01   3.137683e-01   3.878042e+00   1.815769e+00   2.578694e-01   5.903386e-01   1.089696e+01   1.965769e+00
   2.417162e-01   4.207064e-01   2.411342e-01   4.985296e+00   1.504853e+00   1.823189e+00   2.756489e+00   1.240928e+01
   3.148816e-01   2.178131e+00   9.007338e-01   3.794258e+00   6.538928e+00   1.594953e+00   5.189563e+00   2.438692e+00
   8.448577e-01   1.324971e+00   1.141182e+00   6.504939e+00   4.044630e+00   4.366973e-01   6.278157e-01   4.065920e+00
   1.441227e+00   1.186395e+00   2.625430e-01   5.028652e-01   2.601137e-01   2.951072e-01   1.015018e+00   1.248810e+01
   3.545910e-01   3.525330e-01   5.236498e+00   1.295376e+00   3.801300e+00   3.182120e+00   2.029274e+00   4.767115e+00
   2.544355e-01   2.531771e-01   5.487334e-01   5.372660e+00   2.664963e-01   4.527072e-01   1.086810e+01   1.935727e+00
   1.314181e+00   2.671813e-01   2.101257e+00   1.582275e+00   3.407994e+00   7.173288e+00   5.841460e+00   8.593532e-01
   3.788171e-01   3.537272e+00   1.680730e+00   2.486956e+00   9.806618e-01   4.618372e+00   1.647192e+00   3.335406e+00
   1.036289e+00   2.762629e+00   6.750591e-01   4.706319e+00   3.197746e+00   1.321811e+00   2.426657e+00   1.172282e+00
   3.434759e-01   3.076063e+00   9.582689e-01   5.730942e+00   7.713254e-01   2.854740e-01   4.343224e-01   6.824049e-01
   3.194004e-01   4.428477e-01   4.326086e+00   3.667752e+00   1.149769e+00   7.600864e-01   6.088130e+00   6.947259e+00
   3.530068e-01   2.974942e+00   2.754330e-01   3.330561e+00   2.956864e-01   3.752035e+00   7.661100e+00   2.322082e+00
   1.085204e+00   9.151774e-01   3.070673e+00   4.457578e-01   7.680907e+00   6.479644e-01   1.686002e+00   7.378292e-01
   2.964713e-01   1.980008e+00   4.863882e+00   1.050368e+00   1.574964e+00   2.573005e+00   5.594591e-01   6.261988e+00
   1.243504e+00   2.627016e-01   5.254821e+00   1.732834e+00   1.132150e+00   9.278415e-01   2.466106e-01   1.272920e+00
   1.110845e+00   1.888860e+00   2.998821e+00   3.334028e-01   4.583081e-01   7.720570e+00   2.825864e+00   1.425109e+00
   1.090747e+00   3.525385e-01   2.016877e+00   4.677724e-01   1.011427e+00   9.012109e+00   1.449191e+00   6.963744e+00
   2.378814e-01   4.446494e-01   4.344379e+00   4.890951e-01   2.907459e-01   6.477967e-01   5.074486e-01   1.181175e+01
   3.125481e-01   2.509678e+00   2.418854e+00   4.348824e+00   2.349263e-01   9.547594e-01   3.262991e+00   7.729311e+00
   2.696864e-01   1.178792e+00   1.228563e+00   3.025833e+00   3.327516e-01   3.129516e+00   7.547552e-01   1.394416e+01
   3.635073e-01   3.022010e+00   2.343400e+00   5.374959e-01   2.559360e+00   3.793444e+00   2.227209e+00   8.027252e+00
   2.658486e-01   3.690134e-01   2.314743e+00   1.034250e+00   4.309687e+00   5.951052e+00   1.000302e+01   3.638858e-01
   1.680968e+00   8.820969e-01   2.672963e-01   5.562655e+00   1.988071e+00   5.169572e-01   5.145790e-01   3.043962e-01
   2.982048e-01   2.809868e-01   2.212872e+00   8.404599e-01   7.287203e+00   3.371873e+00   6.539901e+00   5.833421e+00
   3.210285e-01   2.379660e+00   2.407722e+00   2.011817e+00   7.582414e-01   6.985546e+00   6.678927e+00   5.044522e-01
   3.373462e-01   2.918277e+00   1.004976e+00   5.081790e-01   2.527457e-01   6.017176e-01   4.548556e-01   1.184741e+01
   1.006961e+00   6.527035e-01   4.943706e-01   4.895279e-01   5.967361e-01   1.929958e+00   3.572723e+00   1.422998e+01
   3.158669e-01   2.069655e+00   1.792314e+00   3.243490e-01   2.900125e-01   7.009297e+00   2.364931e+00   1.014468e+01
   2.040987e+00   3.677509e-01   3.065477e-01   2.621394e+00   8.991130e-01   2.728197e-01   4.502611e+00   4.810395e-01
   1.441218e+00   4.094523e-01   1.979316e+00   5.015201e+00   3.980048e+00   3.422478e-01   3.641488e+00   2.160258e+00
   2.609775e-01   2.521951e-01   2.567243e-01   7.393043e-01   8.022494e+00   7.540896e+00   2.345513e+00   7.628095e-01
   1.038672e+00   4.510428e-01   3.881024e-01   4.803647e+00   6.175936e+00   5.072323e+00   1.084490e+00   6.200035e-01
   7.854630e-01   1.928928e+00   4.651594e+00   3.901825e+00   2.737637e-01   3.270262e-01   1.036727e+00   4.660523e-01
   8.411791e-01   1.967844e+00   4.962028e+00   2.248731e+00   3.242994e-01   2.982862e+00   1.124694e+00   1.714314e+00
   4.297094e-01   3.324303e-01   2.042451e+00   2.504237e+00   5.058475e+00   7.885510e-01   4.165341e-01   1.257816e+01
   3.759135e-01   3.376073e+00   5.256852e-01   2.103946e+00   3.411064e+00   6.868944e-01   1.083556e+00   7.867370e+00
   2.576076e-01   4.407133e-01   3.061759e-01   5.200833e+00   7.338319e+00   3.020476e-01   2.970698e-01   5.609667e+00
   7.363443e-01   4.859407e-01   5.173724e-01   3.243391e+00   4.415351e+00   7.451540e-01   1.118897e+01   8.382540e-01
   6.972410e-01   2.796614e-01   2.634185e-01   5.766201e-01   2.000586e+00   4.458530e+00   1.250016e+01   3.252278e+00
   2.355430e-01   3.080490e-01   2.791156e-01   3.557178e-01   5.274091e-01   6.186202e+00   1.093845e+01   6.781825e+00
   2.476736e-01   2.425876e-01   4.453497e-01   3.692135e+00   4.495463e+00   7.898475e+00   2.226707e+00   7.484140e+00
   2.889954e-01   2.554917e-01   1.755019e+00   1.781824e+00   4.090544e+00   1.619211e+00   1.045320e+00   1.397787e+01
   2.468071e-01   3.435762e-01   2.698117e-01   2.850960e+00   3.333997e+00   2.547167e+00   8.965791e+00   1.000699e+01
   2.950171e-01   4.054585e-01   3.992852e+00   3.968955e+00   6.455503e+00   4.103220e-01   8.835658e-01   7.182824e-01
   1.638746e+00   1.098439e+00   6.376145e-01   2.878085e+00   3.440257e+00   6.400655e+00   5.718921e-01   4.810119e-01
   2.940365e-01   1.954793e+00   1.439029e+00   3.847938e+00   5.850607e-01   9.117713e+00   4.575946e-01   2.224041e+00
   7.994924e-01   2.568189e-01   1.690021e+00   5.899092e+00   5.379788e-01   2.116124e+00   8.238322e+00   1.491585e+00
   2.573612e-01   4.341818e-01   3.769092e+00   2.318969e+00   6.161914e+00   6.086921e+00   4.192355e-01   6.999702e-01
   5.143967e-01   1.053591e+00   4.360583e-01   2.791070e+00   7.916003e+00   1.023041e+00   6.356963e+00   4.112159e+00
   1.411296e+00   6.583986e-01   4.144094e-01   4.526436e-01   2.077122e+00   7.956012e+00   4.522370e-01   7.876415e+00
   9.053047e-01   1.275971e+00   2.091863e+00   1.566876e+00   1.028625e+00   4.059918e-01   1.730625e+00   1.345867e+01
   3.291191e-01   2.495894e-01   3.808233e+00   2.995196e-01   6.319000e+00   6.144472e-01   3.466665e+00   7.721099e+00
   1.183336e+00   2.966166e+00   4.559068e-01   1.461993e+00   1.897974e+00   2.831091e-01   7.233193e+00   2.275367e+00
   1.202906e+00   3.065148e+00   3.146217e+00   6.699007e-01   1.403375e+00   5.859445e-01   2.589260e+00   2.440937e+00
   3.272055e-01   3.767683e-01   4.423725e+00   5.757623e+00   7.252492e-01   2.113666e+00   1.550326e+00   3.520077e-01
   1.207273e+00   6.446352e-01   3.658517e+00   2.638610e+00   4.423620e+00   2.436427e+00   5.118060e+00   8.666487e-01
   3.195532e-01   2.130606e+00   2.790489e-01   4.803431e-01   2.984009e-01   4.617425e+00   1.146656e+01   5.663660e-01
   8.771314e-01   2.202976e+00   4.005987e-01   6.215097e-01   4.899889e+00   1.160717e+00   9.302319e+00   1.786893e+00
   1.426356e+00   8.635776e-01   2.586369e+00   2.722549e+00   3.227992e+00   6.051761e+00   7.780745e-01   4.013257e+00
   9.990379e-01   2.452977e+00   5.945142e-01   1.385815e+00   2.007129e+00   8.178633e+00   2.541974e+00   2.603988e+00
   2.967882e-01   1.540976e+00   5.635144e-01   4.171790e-01   2.469961e-01   3.331277e+00   7.957359e+00   1.180277e+01
   1.935440e+00   1.136919e+00   1.404633e+00   5.961391e-01   2.368681e+00   3.918915e+00   2.162097e+00   3.354367e+00
   3.284212e-01   2.190450e+00   2.558085e-01   3.121794e-01   5.070544e-01   3.413074e-01   1.154444e+01   5.615836e+00
   3.498323e-01   2.901029e+00   3.281501e+00   2.882348e-01   4.602122e+00   2.792531e-01   4.885128e+00   6.743996e-01
   1.772377e+00   6.100305e-01   1.119075e+00   5.760677e-01   7.481661e-01   3.335282e+00   6.458544e+00   5.689241e+00
   8.484240e-01   5.396243e-01   9.598268e-01   4.236201e-01   3.721010e+00   9.734537e-01   8.074077e+00   1.087435e+01
   3.333510e-01   4.055457e-01   3.786940e-01   6.784270e+00   4.974243e+00   1.953356e+00   4.256250e+00   8.155866e-01
   1.180287e+00   1.596115e+00   5.456472e-01   3.044320e-01   5.881337e+00   4.301513e+00   9.546180e-01   7.871375e+00
   2.844439e-01   1.509581e+00   2.491278e+00   1.639649e+00   5.397564e+00   7.189053e+00   5.115429e+00   8.106992e-01
   2.663093e-01   2.646241e-01   4.555401e-01   3.559516e+00   4.917493e+00   6.826993e+00   8.090644e+00   4.396817e-01
   8.543099e-01   1.216925e+00   2.027253e+00   2.900446e-01   6.926122e+00   8.554394e-01   8.088274e+00   4.942671e-01
   3.340011e-01   2.586586e+00   6.133461e-01   2.306691e+00   6.139176e+00   6.054216e+00   4.755646e-01   7.641613e-01
   1.394394e+00   3.017476e-01   8.784548e-01   3.278981e-01   3.064072e+00   2.876449e-01   1.086865e+01   4.315143e-01
   2.315966e-01   3.800362e-01   3.179668e+00   3.288558e-01   3.193504e-01   2.435901e-01   8.975697e+00   9.894378e+00
   7.236958e-01   9.356863e-01   3.187458e+00   1.048668e+00   2.884159e-01   5.048235e+00   9.678908e+00   3.896628e+00
   3.102336e-01   1.776238e+00   2.573557e+00   1.605148e+00   8.212619e+00   7.291070e-01   1.440487e+00   3.116241e+00
   1.246635e+00   1.057232e+00   2.470740e-01   4.368086e-01   6.509284e+00   4.492267e+00   6.269344e+00   6.502135e-01
   3.046721e-01   1.606737e+00   3.681706e+00   3.168522e+00   9.548119e-01   6.225215e+00   4.098363e+00   5.217592e+00
   2.569463e-01   9.857227e-01   2.166849e+00   2.804955e+00   1.994770e+00   5.981462e+00   6.518982e+00   8.877160e+00
   2.497083e-01   5.487915e-01   2.507098e-01   2.648120e-01   1.017121e+01   7.967214e-01   3.416212e-01   1.353502e+00
   3.367501e-01   2.463125e-01   3.791282e-01   5.728173e+00   2.506267e-01   8.772758e+00   2.220555e+00   6.444917e-01
   9.862547e-01   9.240471e-01   1.042825e+00   4.579198e+00   2.506470e-01   6.787011e+00   3.672574e-01   7.893737e+00
   1.097412e+00   3.488646e-01   1.481457e+00   3.996360e+00   3.305799e+00   7.693065e+00   3.467966e+00   2.468146e+00
   1.897265e+00   4.023464e-01   2.959924e-01   1.203401e+00   2.974835e-01   2.870939e+00   7.101010e-01   8.344766e+00
   9.974021e-01   1.416752e+00   3.058773e+00   5.473867e+00   3.426494e+00   1.891226e+00   5.294591e-01   9.166756e-01
   2.930439e-01   1.978154e+00   2.340401e-01   3.780718e+00   3.457386e-01   7.262777e-01   7.027234e+00   9.966875e+00
   3.680531e-01   3.489148e+00   1.508771e+00   7.924137e-01   1.057144e+00   4.495306e+00   5.649871e+00   1.371828e+00
   9.375705e-01   2.342158e+00   3.185616e-01   4.003185e+00   6.525529e+00   5.363893e-01   1.024940e+00   8.748277e-01
   3.291284e-01   3.619937e-01   6.412928e-01   3.768835e-01   4.114831e-01   1.097606e+01   4.348947e+00   5.669162e+00
   2.576733e-01   2.736494e-01   5.749648e-01   3.302613e-01   7.110431e+00   3.186943e-01   2.744928e+00   1.152302e+01
   2.360768e-01   2.359039e-01   2.395476e-01   6.398492e-01   6.767506e+00   9.145036e+00   6.154724e-01   2.324128e+00
   3.014520e-01   1.941709e+00   9.216183e-01   1.254386e+00   4.311817e+00   1.781295e+00   2.669352e+00   1.235777e+01
   8.886662e-01   8.788664e-01   3.805931e+00   6.071241e-01   2.663116e+00   8.293089e+00   1.503635e+00   1.742384e+00
   1.281490e+00   1.538105e+00   1.358853e+00   4.553363e+00   1.794416e+00   2.020471e+00   7.400441e+00   4.834401e-01
   2.337412e-01   3.302211e-01   2.149872e+00   4.683702e-01   2.914322e-01   3.220316e+00   6.331618e+00   1.306936e+01
   7.726042e-01   1.039795e+00   2.695650e-01   4.260729e-01   3.797632e+00   5.199266e+00   4.309449e-01   1.262464e+01
   3.952498e-01   3.971550e+00   2.883917e-01   3.888955e-01   3.823614e+00   3.149294e-01   4.580978e-01   3.419552e-01
   1.670446e+00   1.098460e+00   3.049630e+00   8.596587e-01   2.975317e-01   5.587568e-01   8.221772e-01   7.922857e+00
   9.956560e-01   5.357429e-01   4.054642e+00   3.930349e-01   1.718362e+00   1.644888e+00   1.309414e+00   1.038695e+01
   7.290608e-01   5.153832e-01   3.411168e-01   3.078925e+00   9.077377e+00   1.301324e+00   2.178573e+00   1.603769e+00
   9.099535e-01   2.759899e-01   3.617097e+00   4.688978e+00   2.442612e+00   3.102601e+00   1.225325e+00   6.309294e+00
   1.084131e+00   3.294592e-01   1.376662e+00   5.961125e-01   6.551688e+00   3.536256e-01   2.280766e+00   9.946625e+00
   2.861894e-01   3.676475e-01   3.077428e+00   5.001220e+00   5.139532e+00   2.448206e+00   3.912615e+00   4.775283e+00
   2.999919e-01   3.811542e-01   2.953718e+00   6.372821e+00   2.418016e+00   3.377346e+00   6.220719e-01   5.309032e+00
   3.180854e-01   2.594498e+00   2.297444e-01   3.035077e-01   6.316540e+00   5.550650e-01   3.481540e+00   7.743381e+00
   1.387895e+00   2.484909e-01   2.065780e+00   4.205009e+00   6.780410e-01   3.087786e+00   3.520584e+00   7.722581e+00
   9.635477e-01   1.374172e+00   4.792611e+00   1.463924e+00   6.902297e-01   3.090944e-01   4.407947e+00   5.750090e+00
