   7.068450e-01   1.000000e+00   0.000000e+00   0.000000e+00   7.365654e-04   4.640773e-10   2.111020e-03   2.096359e-03   1.592742e-04   1.801380e-04   1.152714e-02   8.952772e-04   0.000000e+00   3.113923e-03   3.368519e-03   2.155650e-02
   5.054773e-01   2.227393e-01   0.000000e+00   0.000000e+00   7.452576e-04   1.103880e-04   1.121652e-04   1.742108e-03   8.532087e-05   1.033705e-03   1.151682e-02   3.464136e-03   1.354327e-03   3.157751e-03   5.273885e-03   5.433638e-03
   3.284205e-01   1.818433e-01   6.999980e-04   0.000000e+00   4.571648e-04   1.611217e-03   2.897531e-05   1.604117e-03   1.746315e-03   4.312059e-04   1.912889e-03   2.697058e-03   4.417176e-04   2.295719e-03   6.268195e-03   2.637589e-04
   7.072287e-01   6.495434e-01   0.000000e+00   0.000000e+00   2.448237e-06   1.660263e-04   1.285187e-04   6.511245e-03   2.047231e-06   2.164011e-03   7.189417e-04   1.655493e-03   1.706207e-03   3.241750e-03   1.019124e-02   2.288590e-03
   7.072287e-01   6.495434e-01   0.000000e+00   0.000000e+00   7.011522e-04   1.660263e-04   1.285187e-04   6.511245e-03   2.057675e-06   2.164011e-03   7.189417e-04   1.655493e-03   1.718794e-03   2.831300e-03   1.019124e-02   2.288590e-03
   5.085518e-01   2.227393e-01   0.000000e+00   0.000000e+00   7.452576e-04   1.103880e-04   1.278710e-03   1.742108e-03   8.532087e-05   1.033705e-03   5.797144e-05   3.464136e-03   1.273971e-03   3.157751e-03   4.469506e-03   5.433638e-03
   7.081132e-01   1.000000e+00   0.000000e+00   4.096813e-04   0.000000e+00   3.665215e-06   0.000000e+00   1.704248e-03   0.000000e+00   1.539276e-03   9.148957e-04   8.579209e-04   1.852585e-02   2.994354e-03   3.845147e-03   1.598742e-04
   6.999863e-01   1.083366e-02   0.000000e+00   0.000000e+00   6.440312e-01   1.520024e-07   2.723512e-03   8.305160e-04   1.775998e-03   1.984146e-02   2.141186e-03   2.846793e-04   3.440090e-02   7.433447e-03   3.354540e-02   0.000000e+00
   5.085518e-01   2.201359e-01   0.000000e+00   0.000000e+00   7.452576e-04   1.107297e-04   5.138968e-04   1.730162e-03   8.532087e-05   2.048958e-05   5.797144e-05   3.464136e-03   1.273971e-03   3.157751e-03   4.469506e-03   5.473011e-03
   0.000000e+00   1.932518e-02   8.403166e-01   3.062289e-01   7.653164e-01   1.928658e-04   5.243551e-06   1.647763e-03   2.165526e-06   8.804966e-04   4.090352e-06   0.000000e+00   2.108387e-02   3.269854e-03   1.190271e-02   3.480740e-02
   7.006962e-01   0.000000e+00   0.000000e+00   0.000000e+00   6.550967e-03   5.438739e-06   1.503772e-08   4.429291e-03   0.000000e+00   3.066460e-05   6.241133e-05   5.583982e-04   2.224444e-03   1.361454e-02   2.960596e-03   5.594854e-04
   7.468754e-01   2.803027e-02   8.894890e-01   6.946863e-01   3.442031e-04   1.979209e-05   2.179319e-03   1.747402e-03   1.120578e-04   2.871064e-04   5.164575e-04   8.181247e-05   9.606771e-06   3.284915e-03   1.394032e-02   0.000000e+00
   0.000000e+00   0.000000e+00   8.313867e-01   7.040270e-01   3.350271e-04   5.310518e-03   1.388013e-05   1.323836e-03   0.000000e+00   0.000000e+00   5.067059e-04   3.447393e-03   1.166210e-03   9.134645e-03   4.627456e-03   1.443920e-12
   7.076664e-01   6.501806e-01   0.000000e+00   0.000000e+00   1.375627e-05   2.347978e-03   9.110662e-04   2.254126e-03   4.085182e-08   3.376613e-03   9.432465e-05   2.093584e-03   8.485777e-04   4.618968e-03   1.160047e-02   1.455036e-06
   7.074892e-01   2.509574e-01   0.000000e+00   0.000000e+00   1.375627e-05   2.351026e-03   1.316403e-03   2.763766e-05   2.640773e-06   8.402878e-04   5.471202e-04   2.110951e-03   3.469199e-03   4.543260e-03   1.171733e-02   1.438765e-04
   6.999686e-01   0.000000e+00   0.000000e+00   0.000000e+00   3.011062e-02   1.388935e-06   2.109070e-05   2.381834e-03   6.718240e-05   0.000000e+00   1.022387e-06   5.543268e-04   2.046571e-02   5.007694e-03   1.572553e-02   7.303579e-03
   3.152078e-01   9.515259e-01   1.000000e+00   9.993913e-01   2.074134e-04   1.803264e-05   0.000000e+00   1.375831e-04   1.609440e-06   3.627269e-03   3.642899e-06   2.765629e-03   4.047221e-04   2.912444e-03   2.251139e-03   1.280720e-02
   6.834993e-01   0.000000e+00   3.316476e-05   3.486585e-01   7.245252e-05   1.965294e-04   3.812398e-04   3.293243e-03   3.512402e-06   1.884375e-03   1.913430e-02   1.393042e-03   2.151761e-03   8.797830e-03   3.326217e-03   2.811755e-04
   7.042331e-01   1.000000e+00   8.849401e-01   7.062916e-01   1.827028e-04   1.452640e-05   7.451662e-06   2.121817e-03   1.523129e-03   1.640019e-04   1.798476e-05   2.173178e-03   2.761604e-06   3.550874e-04   1.231033e-02   0.000000e+00
   2.433318e-01   5.084432e-03   5.696999e-06   0.000000e+00   0.000000e+00   2.400232e-03   3.279409e-05   1.754882e-03   1.191788e-04   6.714001e-06   0.000000e+00   6.689462e-04   1.702901e-05   2.830282e-03   1.333377e-03   1.140848e-03
   7.402265e-01   1.869010e-02   8.894933e-01   6.941799e-01   0.000000e+00   6.522674e-05   9.815900e-04   2.507734e-03   1.217094e-04   1.942919e-03   5.164575e-04   8.181247e-05   0.000000e+00   3.257856e-03   1.497835e-02   2.443553e-04
   3.284205e-01   1.818433e-01   0.000000e+00   0.000000e+00   4.571648e-04   1.611217e-03   5.054196e-04   1.402571e-03   1.746315e-03   4.274199e-04   1.912889e-03   2.680059e-03   2.230533e-03   2.295719e-03   6.268195e-03   2.637589e-04
   6.834993e-01   0.000000e+00   3.316476e-05   3.617014e-01   7.245252e-05   1.675118e-04   3.812398e-04   3.293243e-03   3.512402e-06   2.443297e-02   1.929409e-02   1.390860e-03   2.151761e-03   8.797830e-03   3.326217e-03   3.476156e-03
   6.999863e-01   5.165632e-03   0.000000e+00   6.072848e-03   6.593027e-01   1.511890e-05   3.652584e-04   1.909487e-03   1.791592e-03   1.984146e-02   9.937344e-03   1.524868e-03   3.442992e-02   3.151172e-03   3.525942e-03   1.353621e-04
   7.216977e-01   8.509142e-03   0.000000e+00   6.353880e-01   1.916062e-06   0.000000e+00   0.000000e+00   1.954018e-03   3.400562e-05   8.689059e-04   6.730174e-04   1.259195e-03   1.580286e-04   8.319474e-04   3.051234e-04   3.109205e-04
   7.042895e-01   5.783083e-01   9.400302e-01   9.408093e-01   0.000000e+00   0.000000e+00   2.097181e-05   4.785302e-03   1.097139e-03   3.891945e-04   2.063495e-02   2.542470e-03   3.371193e-04   2.284506e-03   6.263555e-03   1.315755e-02
   9.530270e-01   0.000000e+00   4.555257e-01   1.022265e-02   3.822783e-03   2.011617e-05   4.022278e-04   3.333265e-03   1.486868e-03   1.396365e-03   0.000000e+00   9.450860e-06   9.088858e-04   3.143708e-03   1.471560e-03   0.000000e+00
   9.267431e-01   9.848341e-01   0.000000e+00   4.997882e-01   3.295095e-04   1.684152e-05   1.515357e-04   6.387992e-04   3.347865e-05   2.099510e-03   1.868489e-05   2.069970e-03   1.913430e-03   4.697597e-03   4.665288e-03   7.326142e-03
   7.075364e-01   9.989996e-01   0.000000e+00   0.000000e+00   0.000000e+00   1.478907e-03   4.560977e-07   3.555136e-03   1.211347e-03   7.828034e-04   4.294470e-05   2.587682e-03   1.390587e-03   3.190388e-03   8.492743e-04   1.225644e-02
   3.152078e-01   9.510254e-01   1.000000e+00   9.993913e-01   2.074134e-04   1.803264e-05   0.000000e+00   1.355875e-04   1.609440e-06   3.627269e-03   3.642899e-06   2.695944e-03   4.047221e-04   3.131145e-03   2.230305e-03   1.280720e-02
   9.575546e-01   6.539661e-03   0.000000e+00   6.845464e-01   5.491810e-01   2.201916e-02   0.000000e+00   2.005257e-03   3.623326e-05   8.600860e-04   6.974032e-04   3.312192e-03   2.610444e-03   5.490621e-03   3.507079e-03   1.407089e-06
   7.076010e-01   2.448577e-01   0.000000e+00   0.000000e+00   1.788664e-03   9.606720e-06   1.300677e-03   9.893081e-04   2.586271e-06   5.683596e-04   3.186727e-04   2.090155e-03   3.591432e-03   4.618968e-03   3.564522e-03   0.000000e+00
   7.019261e-01   6.405253e-01   8.869252e-01   2.274418e-01   3.470001e-04   8.405695e-06   0.000000e+00   1.462633e-03   8.502554e-06   4.772649e-04   0.000000e+00   2.814622e-04   1.015453e-04   6.781216e-03   1.424569e-03   3.227670e-04
   7.019261e-01   6.407449e-01   8.869252e-01   2.380369e-01   9.200824e-06   1.183272e-04   3.498930e-07   6.465197e-03   9.596679e-05   1.895272e-03   0.000000e+00   3.091021e-04   1.885305e-03   3.019409e-03   1.431212e-03   4.497990e-04
   3.296769e-01   1.818433e-01   0.000000e+00   0.000000e+00   4.571648e-04   1.645745e-03   2.260992e-05   1.002935e-03   1.717103e-03   4.312059e-04   2.061402e-05   2.697058e-03   2.619817e-05   2.295719e-03   6.315133e-03   2.637589e-04
   5.506030e-01   2.843838e-02   8.918912e-01   1.000000e+00   0.000000e+00   1.150487e-04   3.763991e-06   3.469467e-03   6.497778e-04   2.513709e-04   3.167663e-04   2.878513e-03   5.765661e-04   2.444974e-03   1.415322e-03   1.287320e-02
   5.544430e-01   9.784162e-01   9.977390e-01   1.000000e+00   4.665925e-04   1.637409e-05   3.763991e-06   3.469467e-03   0.000000e+00   1.904528e-04   3.252142e-04   3.074629e-04   5.765661e-04   2.417972e-03   2.363679e-03   1.285317e-02
   9.419765e-01   6.494868e-01   0.000000e+00   9.009480e-01   1.804586e-04   3.584199e-05   3.785809e-10   3.381976e-03   1.584600e-03   0.000000e+00   3.621813e-06   4.443589e-04   4.178863e-04   3.069841e-03   2.281151e-03   1.255289e-02
   7.076010e-01   2.509574e-01   0.000000e+00   0.000000e+00   1.375627e-05   2.351026e-03   1.316403e-03   2.265372e-03   2.640773e-06   5.704827e-04   5.737060e-04   2.110951e-03   3.469199e-03   4.618968e-03   1.166762e-03   1.980560e-04
   3.294277e-01   1.818433e-01   0.000000e+00   0.000000e+00   6.528070e-03   0.000000e+00   2.260992e-05   1.002935e-03   0.000000e+00   4.235611e-04   1.305851e-05   2.721391e-03   2.237984e-03   2.295719e-03   6.315133e-03   2.637589e-04
   0.000000e+00   0.000000e+00   8.313867e-01   7.039711e-01   3.350271e-04   5.310518e-03   5.646950e-04   1.323836e-03   0.000000e+00   2.070022e-06   5.067059e-04   3.448186e-03   0.000000e+00   9.153544e-03   4.627456e-03   1.443920e-12
   7.006962e-01   0.000000e+00   0.000000e+00   2.511754e-01   0.000000e+00   3.273195e-05   9.488749e-09   2.631314e-02   1.126269e-05   1.538453e-05   9.982153e-06   1.448854e-03   1.904125e-03   1.671154e-03   3.348042e-03   5.594854e-04
   3.134522e-01   9.846580e-01   8.868050e-01   4.997882e-01   8.390095e-06   3.166340e-07   2.200046e-06   1.050672e-03   2.459209e-06   1.901780e-03   6.971364e-05   2.087888e-03   2.204539e-03   3.970701e-03   3.477505e-03   4.643004e-04
   7.006962e-01   0.000000e+00   2.658416e-02   5.467167e-02   6.067262e-01   1.649207e-04   9.488749e-09   2.678509e-02   0.000000e+00   1.790106e-04   2.096179e-03   1.451671e-03   3.746915e-03   1.749784e-03   1.142225e-03   3.354731e-03
   7.006962e-01   0.000000e+00   7.940079e-01   5.966013e-02   1.790621e-03   1.650190e-04   9.488749e-09   2.670740e-02   0.000000e+00   1.898032e-03   2.349087e-04   1.451671e-03   3.820003e-03   1.422190e-02   1.057862e-02   2.122847e-02
   9.122045e-01   9.977540e-01   8.894070e-01   4.932314e-01   4.722910e-04   8.505453e-05   0.000000e+00   1.619917e-03   1.418458e-04   2.106998e-03   5.514163e-05   1.593849e-03   3.770935e-04   4.697597e-03   2.214240e-03   9.160000e-08
   9.574818e-01   7.805283e-01   0.000000e+00   0.000000e+00   1.759839e-03   6.626611e-06   5.149775e-05   1.698255e-03   1.662626e-07   1.011476e-03   0.000000e+00   5.319232e-04   4.729897e-04   5.483080e-03   1.651790e-03   0.000000e+00
   9.419765e-01   6.492993e-01   0.000000e+00   9.009480e-01   5.957159e-01   3.173250e-05   5.367253e-08   2.247503e-03   1.416483e-04   5.560587e-03   3.575255e-06   4.445113e-04   9.323547e-04   3.520822e-03   1.539688e-03   6.498124e-06
   9.419765e-01   6.492993e-01   0.000000e+00   9.009480e-01   5.029327e-07   1.390616e-04   5.367253e-08   3.381976e-03   1.495791e-03   5.560587e-03   0.000000e+00   3.225828e-04   9.323547e-04   4.880586e-03   1.539688e-03   2.406732e-05
   9.064017e-01   9.977540e-01   0.000000e+00   0.000000e+00   4.722910e-04   8.505453e-05   0.000000e+00   1.619917e-03   1.434304e-04   2.106998e-03   9.120908e-04   1.593849e-03   3.770935e-04   4.697597e-03   2.214240e-03   9.160000e-08
   9.438944e-01   6.504324e-01   8.903836e-01   7.174704e-01   1.829186e-04   9.272287e-05   0.000000e+00   2.117180e-03   7.052819e-04   4.337983e-04   5.186818e-04   2.164816e-03   2.191746e-03   3.043436e-03   3.274632e-03   3.065395e-04
   9.430873e-01   6.448815e-01   0.000000e+00   8.893297e-01   3.423140e-04   1.326976e-04   0.000000e+00   1.947294e-03   2.225020e-03   5.182407e-04   0.000000e+00   5.271977e-04   9.724519e-04   2.928266e-03   1.970219e-02   2.406732e-05
   7.468754e-01   2.803027e-02   8.894890e-01   6.946863e-01   5.014188e-01   0.000000e+00   4.874044e-04   1.747402e-03   1.168285e-04   1.199092e-03   5.164575e-04   8.181247e-05   9.606771e-06   3.298928e-03   1.377327e-02   3.352342e-08
   9.530270e-01   0.000000e+00   4.602175e-01   0.000000e+00   3.810602e-03   2.011617e-05   4.022278e-04   3.333265e-03   0.000000e+00   1.396365e-03   0.000000e+00   8.422412e-05   9.088858e-04   3.147000e-03   1.471560e-03   5.767586e-07
   7.088390e-01   9.998481e-01   1.021246e-03   0.000000e+00   5.545834e-01   5.698503e-06   9.369409e-04   1.440290e-03   1.022123e-04   2.482619e-04   4.324107e-05   3.438326e-03   1.313090e-03   2.940760e-03   0.000000e+00   2.618699e-04
   3.247696e-01   1.886538e-01   8.156236e-01   9.965559e-01   0.000000e+00   1.157705e-04   1.751867e-03   1.680689e-03   1.107348e-03   3.397254e-03   0.000000e+00   1.877492e-03   2.459887e-05   1.730808e-03   1.135180e-02   0.000000e+00
   7.141758e-01   1.000000e+00   0.000000e+00   9.994566e-01   0.000000e+00   6.607449e-07   0.000000e+00   1.072611e-03   0.000000e+00   3.072668e-05   5.021686e-04   3.652909e-03   4.432160e-04   5.924025e-03   4.706145e-03   0.000000e+00
   7.081132e-01   9.996749e-01   0.000000e+00   4.096813e-04   5.191863e-01   3.588975e-06   4.470400e-04   1.685215e-03   0.000000e+00   1.539276e-03   9.148957e-04   8.579209e-04   4.707369e-04   2.074512e-02   1.775402e-03   1.598742e-04
   3.233288e-01   9.845510e-01   8.894249e-01   4.997284e-01   4.722910e-04   8.505453e-05   2.166921e-06   1.611284e-03   1.418458e-04   2.106998e-03   5.580623e-05   2.082167e-03   3.630372e-04   4.702536e-03   3.482736e-03   9.160000e-08
   7.042895e-01   5.772324e-01   9.400302e-01   9.397428e-01   0.000000e+00   1.631800e-03   3.014457e-05   4.785302e-03   1.488815e-03   2.053878e-04   2.063495e-02   4.581127e-04   2.534021e-03   2.284506e-03   6.263555e-03   1.315755e-02
   3.190698e-01   9.510254e-01   1.000000e+00   9.993913e-01   5.587735e-01   2.211228e-02   0.000000e+00   1.355875e-04   1.609440e-06   3.627269e-03   3.642899e-06   2.695944e-03   4.047221e-04   3.187934e-03   2.248519e-03   1.280720e-02
   3.229029e-01   1.935639e-01   8.161919e-01   9.922226e-01   2.049315e-03   1.549044e-05   1.550502e-03   8.579478e-04   1.117621e-03   2.244935e-04   2.189825e-02   1.564576e-04   0.000000e+00   1.891421e-03   1.244132e-04   3.654768e-04
   3.299584e-01   9.860854e-01   3.664253e-04   0.000000e+00   4.176854e-01   1.524710e-03   1.358624e-04   1.506025e-03   3.475032e-05   4.145311e-04   4.418976e-03   3.784035e-03   2.143385e-03   5.048849e-03   8.050951e-03   3.502599e-05
   9.438625e-01   6.504324e-01   8.903836e-01   7.297295e-01   1.829186e-04   5.118560e-05   1.429614e-05   2.117180e-03   6.734528e-04   4.337983e-04   5.186818e-04   2.164816e-03   2.191746e-03   3.051888e-03   3.260837e-03   6.306524e-05
   9.407684e-01   1.000000e+00   0.000000e+00   5.021978e-01   3.260924e-04   2.542223e-05   7.747581e-04   6.387992e-04   3.347865e-05   2.090931e-03   1.868489e-05   2.033251e-03   1.880115e-03   4.697597e-03   1.147844e-02   7.837276e-03
   7.043499e-01   1.000000e+00   8.849401e-01   7.062916e-01   1.833449e-04   1.452640e-05   7.451662e-06   2.121817e-03   3.731998e-04   1.210335e-05   1.774590e-05   2.173175e-03   2.505944e-06   3.550874e-04   1.245539e-02   0.000000e+00
   9.440352e-01   6.492993e-01   0.000000e+00   8.970826e-01   9.362692e-06   1.390616e-04   5.367253e-08   3.533886e-03   1.495791e-03   5.560587e-03   0.000000e+00   3.088143e-04   9.323547e-04   4.807389e-03   1.431816e-03   2.406732e-05
   3.299584e-01   9.860854e-01   3.664253e-04   0.000000e+00   2.292099e-03   1.524710e-03   1.324789e-04   9.916597e-04   3.983098e-05   4.145311e-04   4.418976e-03   3.796450e-03   2.143385e-03   5.048849e-03   8.050951e-03   2.641236e-04
   9.399307e-01   6.448815e-01   0.000000e+00   8.893297e-01   0.000000e+00   1.326976e-04   0.000000e+00   1.947294e-03   2.225020e-03   5.279888e-04   0.000000e+00   5.271977e-04   9.692051e-04   2.940634e-03   1.970219e-02   2.895481e-05
   7.006962e-01   0.000000e+00   1.345618e-02   2.511754e-01   0.000000e+00   3.273195e-05   7.084865e-04   2.631314e-02   3.726523e-05   1.384364e-05   9.982153e-06   1.448854e-03   1.904125e-03   1.671154e-03   3.180445e-03   5.594854e-04
   3.296769e-01   1.818433e-01   0.000000e+00   0.000000e+00   4.158505e-01   1.645745e-03   2.599338e-05   1.517300e-03   1.712022e-03   4.312059e-04   2.061402e-05   2.684642e-03   2.619817e-05   2.295719e-03   6.315133e-03   3.466130e-05
   9.407684e-01   1.000000e+00   0.000000e+00   5.007006e-01   0.000000e+00   1.684133e-05   6.717307e-04   6.387992e-04   3.499405e-05   1.754675e-04   0.000000e+00   1.427034e-03   7.934486e-04   4.697597e-03   9.600359e-03   7.839197e-03
   5.086842e-01   2.227393e-01   0.000000e+00   0.000000e+00   6.151625e-07   1.103880e-04   1.752678e-03   1.740931e-03   8.532087e-05   1.033705e-03   5.657704e-05   3.464136e-03   1.273971e-03   1.738846e-03   4.138505e-03   5.433638e-03
   0.000000e+00   1.642613e-02   8.403166e-01   2.980825e-01   7.612809e-01   1.105608e-04   5.032957e-04   1.727204e-03   2.165526e-06   8.804966e-04   4.090352e-06   0.000000e+00   2.108387e-02   1.390242e-03   1.190271e-02   3.480740e-02
   7.262136e-01   0.000000e+00   0.000000e+00   4.242092e-01   5.984750e-01   1.648023e-04   0.000000e+00   1.786240e-03   2.244175e-03   2.014555e-03   1.066568e-03   5.070239e-04   2.589467e-04   2.931909e-03   9.662512e-03   3.364781e-03
   5.506030e-01   2.843838e-02   8.925481e-01   1.000000e+00   0.000000e+00   9.280915e-05   2.279726e-04   3.469467e-03   6.497778e-04   2.513709e-04   3.167663e-04   2.878513e-03   6.118197e-04   2.011584e-03   1.415322e-03   2.847960e-04
   9.599371e-01   7.848621e-03   8.510297e-01   9.537081e-01   0.000000e+00   3.226815e-05   7.811458e-04   2.216567e-03   9.645966e-04   1.189100e-03   6.014293e-06   1.647491e-03   0.000000e+00   5.402715e-04   2.437442e-03   7.378490e-03
   3.233288e-01   9.965643e-01   8.894249e-01   4.997284e-01   4.722910e-04   8.505453e-05   2.166921e-06   1.610521e-03   1.418458e-04   2.106998e-03   4.599655e-06   2.082167e-03   1.164604e-03   4.702536e-03   3.482736e-03   0.000000e+00
   3.247696e-01   1.886538e-01   8.019959e-01   9.965559e-01   0.000000e+00   1.157705e-04   5.568999e-02   1.747987e-03   1.032097e-05   2.105236e-03   3.362550e-04   2.826637e-02   2.459887e-05   1.730808e-03   9.114120e-03   0.000000e+00
   3.152078e-01   9.497564e-01   1.000000e+00   1.000000e+00   2.068859e-04   1.814707e-05   0.000000e+00   5.426051e-05   1.910100e-06   3.559628e-04   3.642899e-06   2.170708e-03   2.144095e-03   3.348454e-05   2.230305e-03   2.673832e-05
   6.771889e-01   9.521907e-01   3.510260e-05   9.013152e-01   3.871452e-01   0.000000e+00   4.555502e-04   1.380837e-03   1.184425e-04   1.222963e-03   2.056920e-07   2.710200e-03   1.365784e-03   8.015005e-04   2.454673e-04   3.142541e-04
   6.999686e-01   1.511010e-02   0.000000e+00   0.000000e+00   4.293712e-01   1.497239e-03   2.127350e-05   5.416390e-03   6.855217e-05   0.000000e+00   0.000000e+00   5.543268e-04   2.046571e-02   4.799541e-03   1.572553e-02   6.732836e-03
   3.152078e-01   9.510254e-01   1.000000e+00   1.000000e+00   2.074134e-04   1.803264e-05   0.000000e+00   5.426051e-05   1.609440e-06   3.566278e-04   3.642899e-06   2.687431e-03   2.144095e-03   2.338644e-03   2.230305e-03   2.673832e-05
   5.584495e-01   2.843838e-02   8.918912e-01   1.000000e+00   3.862314e-01   1.150487e-04   3.763991e-06   1.427716e-03   4.028105e-06   2.513709e-04   3.167663e-04   2.878513e-03   1.376593e-03   2.444974e-03   1.822852e-04   1.287320e-02
   3.244165e-01   1.894385e-01   8.123994e-01   9.955529e-01   4.007408e-01   1.094913e-04   0.000000e+00   1.761720e-03   0.000000e+00   2.701030e-04   1.159043e-02   3.591522e-03   5.237394e-05   1.977891e-03   3.211631e-03   3.654768e-04
   9.407431e-01   1.000000e+00   0.000000e+00   4.997882e-01   3.295095e-04   1.684280e-05   8.275063e-05   6.387992e-04   3.347865e-05   2.090582e-03   6.976634e-04   1.472407e-03   1.880115e-03   3.530155e-03   2.153390e-03   0.000000e+00
   9.407284e-01   1.000000e+00   0.000000e+00   5.005314e-01   0.000000e+00   1.672079e-05   8.252884e-05   8.414192e-03   7.364296e-04   1.629323e-04   1.140576e-05   2.030577e-03   7.716301e-04   3.040719e-03   1.635596e-03   0.000000e+00
   7.006962e-01   0.000000e+00   2.380422e-02   2.637607e-01   6.280440e-01   1.650190e-04   9.488749e-09   1.107823e-02   0.000000e+00   1.898032e-03   2.376426e-04   1.451671e-03   0.000000e+00   1.604654e-02   2.374458e-03   2.122847e-02
   7.064779e-01   1.000000e+00   9.047617e-01   7.062916e-01   9.938933e-02   3.306136e-07   4.804913e-04   6.416822e-04   5.045493e-08   2.094384e-03   6.248221e-05   1.393392e-03   1.927738e-03   1.024160e-03   2.910991e-03   7.331400e-03
   6.771889e-01   9.521907e-01   3.510260e-05   8.987738e-01   5.066505e-01   0.000000e+00   4.623691e-04   2.134380e-03   3.696469e-04   1.222963e-03   2.056920e-07   2.710200e-03   0.000000e+00   1.092023e-05   2.525051e-03   2.533175e-04
   7.006962e-01   0.000000e+00   0.000000e+00   2.396260e-01   0.000000e+00   3.273896e-05   1.876790e-05   2.625780e-02   8.051260e-03   2.089318e-03   9.919143e-06   1.456785e-03   1.879842e-03   1.671154e-03   3.348042e-03   5.594854e-04
   9.485095e-01   0.000000e+00   0.000000e+00   8.054712e-01   3.744767e-04   3.117790e-05   1.247897e-03   3.344334e-03   0.000000e+00   0.000000e+00   1.600017e-05   0.000000e+00   0.000000e+00   3.947026e-04   8.355590e-04   3.311575e-03
   6.815709e-01   9.521907e-01   3.510260e-05   9.013152e-01   9.138357e-04   0.000000e+00   4.555502e-04   3.422588e-03   1.310392e-04   1.222963e-03   2.056920e-07   2.710200e-03   5.657572e-04   8.015005e-04   1.478504e-03   3.142541e-04
   9.528780e-01   0.000000e+00   4.555257e-01   1.190006e-02   3.824774e-03   1.696520e-04   4.022278e-04   3.333265e-03   2.366149e-03   1.308576e-03   8.580940e-06   9.450860e-06   9.324223e-04   3.143708e-03   1.150671e-02   0.000000e+00
   7.019261e-01   6.401216e-01   8.869252e-01   2.274418e-01   3.470001e-04   8.170015e-06   5.330219e-05   1.462633e-03   8.056733e-07   4.772649e-04   0.000000e+00   1.728022e-03   4.638324e-04   6.781216e-03   1.424569e-03   3.283198e-04
   9.122045e-01   9.977540e-01   8.894070e-01   4.932314e-01   0.000000e+00   8.505453e-05   4.718576e-04   1.619917e-03   1.188242e-04   2.106998e-03   5.514163e-05   1.584582e-03   1.335591e-03   2.919398e-03   2.214240e-03   2.363649e-04
   9.443685e-01   1.000000e+00   0.000000e+00   5.074824e-01   4.934826e-01   1.692460e-05   1.776829e-04   1.468473e-03   3.319409e-05   5.305312e-04   5.670270e-04   2.992498e-04   8.060020e-05   4.744888e-03   3.489572e-03   4.605225e-02
   7.065848e-01   9.938890e-01   0.000000e+00   9.996960e-01   0.000000e+00   2.257156e-04   1.558142e-04   2.949536e-04   2.590552e-06   1.273674e-03   1.018661e-02   3.168437e-03   1.364849e-03   3.134797e-03   3.637889e-03   2.785521e-03
   5.506030e-01   2.843838e-02   9.255533e-01   1.000000e+00   0.000000e+00   1.783630e-05   2.279726e-04   3.469467e-03   6.376429e-04   2.513709e-04   0.000000e+00   2.917387e-03   6.118197e-04   4.761450e-03   1.415322e-03   2.847960e-04
   7.076906e-01   9.989996e-01   0.000000e+00   0.000000e+00   0.000000e+00   2.334714e-05   4.638628e-07   3.555136e-03   0.000000e+00   4.755297e-05   4.294470e-05   3.667633e-03   1.340040e-03   3.056888e-03   8.179040e-04   1.225644e-02
   9.122045e-01   9.997974e-01   8.894070e-01   4.932314e-01   4.722910e-04   8.505453e-05   0.000000e+00   1.618368e-03   1.418458e-04   2.106998e-03   5.514163e-05   6.875515e-04   4.207997e-06   4.697597e-03   2.214240e-03   9.160000e-08
   3.244165e-01   1.894385e-01   8.123994e-01   9.535043e-01   3.994413e-01   1.094913e-04   0.000000e+00   1.761720e-03   0.000000e+00   2.701030e-04   1.159043e-02   3.591522e-03   3.301039e-07   1.977891e-03   3.211631e-03   2.840473e-04
   3.272519e-01   1.935639e-01   8.162364e-01   9.922226e-01   2.047959e-03   1.732826e-05   1.550502e-03   6.688517e-04   1.115619e-03   6.567587e-02   2.086826e-02   1.564576e-04   0.000000e+00   1.891421e-03   9.793202e-05   1.257572e-01
   7.218480e-01   0.000000e+00   0.000000e+00   7.061331e-01   1.827028e-04   1.102903e-05   7.451662e-06   2.121817e-03   0.000000e+00   8.768638e-04   2.210004e-06   2.171314e-03   2.761604e-06   3.494067e-04   9.291942e-04   0.000000e+00
   9.122045e-01   9.977540e-01   8.894070e-01   4.984901e-01   0.000000e+00   8.505453e-05   4.718576e-04   1.945957e-03   3.033211e-05   8.619784e-04   1.937732e-05   1.586901e-03   1.778406e-04   2.907449e-03   2.809839e-04   2.363223e-04
   6.771889e-01   9.521907e-01   3.510260e-05   9.013152e-01   9.670411e-03   0.000000e+00   4.555502e-04   1.380837e-03   1.184425e-04   1.222963e-03   2.056920e-07   2.710200e-03   1.365784e-03   8.015005e-04   2.454673e-04   3.142541e-04
   3.294277e-01   1.818433e-01   0.000000e+00   1.128636e-02   6.566413e-03   1.149303e-04   2.260992e-05   1.002935e-03   0.000000e+00   4.235611e-04   0.000000e+00   2.721391e-03   5.181128e-05   2.295719e-03   6.315133e-03   2.615739e-04
   7.042895e-01   5.727906e-01   9.400302e-01   9.991451e-01   0.000000e+00   1.590257e-03   0.000000e+00   2.595452e-02   1.503421e-03   2.155119e-03   2.063495e-02   4.581127e-04   2.534021e-03   1.998445e-03   6.263555e-03   0.000000e+00
   7.064779e-01   1.000000e+00   9.084132e-01   7.062916e-01   9.754416e-02   4.174709e-07   4.995643e-04   8.928257e-05   5.045493e-08   2.094384e-03   6.248221e-05   1.397122e-03   3.470297e-04   2.927458e-03   2.910991e-03   3.186285e-03
   5.085518e-01   9.452772e-01   0.000000e+00   0.000000e+00   7.452576e-04   9.386974e-05   6.708282e-03   2.618214e-02   3.418414e-05   1.033705e-03   6.310162e-05   3.458574e-03   7.407541e-02   2.947718e-03   2.270448e-02   5.523992e-03
   7.140216e-01   1.000000e+00   0.000000e+00   1.000000e+00   0.000000e+00   1.456221e-03   0.000000e+00   1.072611e-03   1.223408e-03   7.659771e-04   5.021686e-04   2.572958e-03   4.937629e-04   6.057526e-03   4.737516e-03   0.000000e+00
   9.599371e-01   7.841624e-03   8.564735e-01   9.537081e-01   5.562477e-03   8.171997e-04   7.668333e-04   2.216567e-03   6.510976e-05   1.189100e-03   6.014293e-06   1.647491e-03   8.136185e-02   9.503147e-04   2.493281e-03   0.000000e+00
   3.152710e-01   9.510254e-01   1.000000e+00   9.993913e-01   5.587735e-01   2.211228e-02   0.000000e+00   1.355875e-04   1.609440e-06   3.627269e-03   3.642899e-06   2.695944e-03   4.047221e-04   3.105103e-02   2.248843e-03   1.280720e-02
   7.092566e-01   1.000000e+00   9.143392e-01   9.532587e-01   0.000000e+00   0.000000e+00   8.465480e-05   1.227051e-03   1.104741e-03   2.947836e-05   2.157705e-02   5.403842e-04   2.524275e-03   2.230838e-03   6.482189e-03   0.000000e+00
   2.433318e-01   8.127770e-03   5.696999e-06   0.000000e+00   0.000000e+00   2.400232e-03   3.279409e-05   1.756431e-03   2.341912e-05   6.714001e-06   0.000000e+00   1.575243e-03   3.899145e-04   2.830282e-03   1.333377e-03   1.140848e-03
   9.443633e-01   6.536240e-01   9.067988e-01   9.115127e-01   5.173383e-01   8.406564e-06   1.009547e-03   3.347060e-03   1.128627e-05   5.305312e-04   5.565428e-06   3.233102e-04   8.060020e-05   5.004222e-03   1.539184e-02   2.156457e-05
   7.405864e-01   1.869010e-02   8.894933e-01   6.941799e-01   6.071732e-01   1.321112e-04   9.815900e-04   2.711581e-03   1.217094e-04   1.942919e-03   5.164575e-04   1.466979e-03   0.000000e+00   3.227707e-03   1.147333e-03   2.443553e-04
   6.815709e-01   9.521907e-01   3.510260e-05   9.013152e-01   3.783887e-01   0.000000e+00   4.555502e-04   3.422588e-03   1.310392e-04   1.222963e-03   2.056920e-07   2.710200e-03   5.657572e-04   8.015005e-04   1.478504e-03   3.142541e-04
   3.247696e-01   1.886538e-01   8.156236e-01   9.852695e-01   0.000000e+00   8.402150e-07   1.751867e-03   1.680689e-03   1.114474e-03   3.397254e-03   1.307012e-05   1.877492e-03   2.210771e-03   1.151662e-03   1.135180e-02   2.185015e-06
   3.144687e-01   9.272466e-01   1.000000e+00   9.922226e-01   0.000000e+00   1.549044e-05   1.550502e-03   8.279112e-04   7.262001e-06   2.244935e-04   2.189825e-02   1.564576e-04   0.000000e+00   1.891421e-03   0.000000e+00   1.751470e-04
