   2.344609e-01   2.491950e-01   2.926477e-01   4.054681e-01   6.674320e-01   7.955573e+00   3.991901e-01   1.230437e+01   2.256111e+00   5.749203e-01
   2.276476e-01   2.276520e-01   2.277833e-01   2.279958e-01   2.339274e-01   2.431855e-01   4.838274e-01   9.716427e-01   1.166128e+01   1.564217e+01
   2.286487e-01   2.286577e-01   2.289219e-01   2.293441e-01   2.290385e-01   2.312945e-01   2.362772e-01   2.291421e-01   1.822658e+01   5.315812e-01
   2.293315e-01   2.293529e-01   2.299671e-01   2.309635e-01   2.587455e-01   2.307612e-01   2.355677e-01   3.658949e-01   2.310002e-01   2.022851e+01
   2.270570e-01   2.281412e-01   2.599616e-01   3.157512e-01   4.630089e-01   7.874102e-01   5.091592e-01   1.191440e+01   1.247379e+01   4.658317e-01
   3.148974e-01   3.944090e-01   3.104681e-01   7.804864e-01   9.215471e+00   6.597019e-01   2.136379e+00   1.874412e+00   7.561232e+00   1.715194e+00
   3.044557e-01   4.656546e-01   2.538486e-01   1.128199e+00   2.909632e+00   3.512893e+00   1.304426e+01   4.542751e-01   2.529821e-01   4.019627e-01
   2.495712e-01   2.930300e-01   4.097129e-01   7.135128e-01   9.110805e+00   2.456397e-01   1.644061e+00   7.291924e+00   5.148622e-01   9.288428e-01
   2.474738e-01   2.938528e-01   4.169805e-01   7.503378e-01   9.751464e+00   6.108138e-01   3.500712e-01   6.088436e-01   5.499751e+00   2.307904e-01
   2.404354e-01   2.437945e-01   3.418155e-01   4.999274e-01   4.921091e+00   6.621882e-01   5.121423e+00   9.502537e+00   9.475160e-01   1.154969e+01
   2.647045e-01   2.852810e-01   3.465999e-01   5.027066e-01   4.749601e+00   3.359458e-01   4.964933e-01   1.301921e+00   1.627480e+01   5.650911e-01
   2.299897e-01   2.316045e-01   2.788442e-01   3.564222e-01   2.505097e+00   5.832315e+00   2.404359e-01   9.613404e-01   1.558520e+01   2.564400e-01
   2.394566e-01   2.451834e-01   4.129735e-01   6.699541e-01   4.194083e-01   1.002706e+01   4.636644e+00   3.204272e-01   9.749445e-01   9.825693e+00
   2.331990e-01   2.367245e-01   3.461906e-01   5.267064e-01   5.512749e+00   7.875797e-01   1.034856e+01   6.189406e+00   4.242142e+00   1.870984e+00
   2.309900e-01   2.324525e-01   2.776437e-01   3.502994e-01   2.384386e+00   4.858871e-01   4.431185e+00   6.685563e+00   1.526887e+01   1.132309e+00
   2.489954e-01   2.986551e-01   4.378766e-01   7.186486e-01   9.492653e+00   2.271198e+00   4.602332e+00   8.213024e-01   2.671596e-01   2.115597e+00
   2.336274e-01   2.475927e-01   6.595594e-01   1.231219e+00   1.461595e+00   5.632381e-01   3.902359e+00   1.526524e+01   7.013380e-01   2.249376e+00
   2.984257e-01   3.518447e-01   3.074381e-01   6.154944e-01   6.394493e+00   8.977413e-01   1.086086e+01   3.775933e+00   7.799641e-01   6.401124e-01
   2.474377e-01   2.815438e-01   3.774285e-01   6.233198e-01   7.392895e+00   3.160468e+00   3.142767e+00   7.853403e-01   8.853393e+00   7.998898e+00
   2.436871e-01   2.462139e-01   2.483134e-01   2.665257e-01   6.700449e-01   6.782644e+00   6.478103e+00   8.145024e+00   6.203861e+00   7.964946e+00
   2.493140e-01   2.830362e-01   2.782604e-01   4.713522e-01   4.461076e+00   4.966926e-01   7.689771e+00   8.189534e+00   9.899395e+00   8.755838e-01
   2.312956e-01   2.339035e-01   3.186186e-01   4.724526e-01   4.515888e+00   1.099871e+01   5.193765e-01   1.718773e+00   7.325623e-01   2.510698e-01
   2.361460e-01   2.573685e-01   8.859120e-01   1.891929e+00   4.686972e+00   5.988995e-01   4.512415e-01   1.336283e+01   4.996366e+00   5.992956e-01
   2.290055e-01   2.311221e-01   2.371358e-01   2.521102e-01   6.684740e-01   5.087801e-01   9.119168e+00   2.842004e-01   1.400362e+01   2.069560e+00
   2.471849e-01   2.746673e-01   3.779838e-01   6.228907e-01   7.394179e+00   8.287232e-01   7.140526e+00   9.841627e-01   4.101365e-01   9.934361e+00
   2.342311e-01   2.368497e-01   3.167227e-01   4.132123e-01   3.600539e+00   4.347918e+00   8.426930e-01   1.177798e+01   7.906193e-01   1.012900e+01
   2.789964e-01   3.738733e-01   2.476593e-01   9.235204e-01   2.052025e+00   2.010271e+00   8.754322e-01   4.915854e-01   1.076143e+01   1.560865e+01
   2.370768e-01   2.547878e-01   3.089623e-01   4.400489e-01   4.084578e+00   4.213619e-01   1.263655e+01   9.344148e-01   4.680340e+00   1.070494e+00
   2.459232e-01   2.881411e-01   4.056107e-01   7.049166e-01   2.726710e-01   3.548320e-01   4.880803e-01   2.683185e-01   1.680997e+01   7.869573e+00
   2.328747e-01   2.382249e-01   3.917630e-01   6.378925e-01   7.544208e+00   6.214701e-01   5.730465e-01   2.070539e+00   3.948063e+00   1.294787e+01
   2.357918e-01   2.560104e-01   8.408008e-01   1.824982e+00   2.778863e-01   5.803823e+00   3.102852e-01   8.053304e-01   1.563212e+01   2.929500e-01
   2.328852e-01   2.344391e-01   2.849490e-01   3.756077e-01   6.040248e-01   6.670054e+00   1.706815e+00   9.079061e-01   1.232547e+01   1.015434e+01
   2.302487e-01   2.332540e-01   3.216732e-01   4.627846e-01   4.430828e+00   1.053408e+01   3.762410e+00   3.389649e-01   2.438956e+00   1.788690e+00
   2.378062e-01   2.567604e-01   8.977192e-01   1.934467e+00   3.727115e-01   3.555417e+00   1.304793e+01   7.101124e-01   1.904185e+00   2.813551e+00
   2.452381e-01   2.775702e-01   3.633749e-01   5.900321e-01   6.822218e+00   6.993855e+00   7.119462e+00   9.733833e-01   3.707024e-01   8.334583e-01
   2.474202e-01   2.506085e-01   2.592409e-01   2.826588e-01   9.115525e-01   1.042412e+01   4.631713e-01   5.712507e-01   9.693581e+00   3.345670e-01
   2.715314e-01   2.743103e-01   2.819178e-01   3.012910e-01   8.382991e-01   8.956763e+00   5.716778e-01   8.057495e+00   3.173709e-01   9.974547e+00
   2.444891e-01   2.698012e-01   2.580105e-01   3.904412e-01   6.036325e-01   6.805743e+00   7.361079e+00   1.082476e+01   8.135611e-01   3.801073e-01
   2.454101e-01   2.817700e-01   3.805467e-01   6.342106e-01   7.623635e+00   8.224655e+00   3.461033e-01   8.651231e-01   5.380033e-01   1.550025e+00
   2.331143e-01   2.369377e-01   2.470695e-01   2.737568e-01   1.009357e+00   1.212987e+01   1.488303e+00   7.839492e-01   4.784326e-01   9.578641e-01
   2.375027e-01   2.429097e-01   2.437546e-01   2.742318e-01   9.367850e-01   1.096415e+01   5.575057e-01   6.135208e+00   4.347216e+00   1.908779e+00
   2.321163e-01   2.381185e-01   4.366041e-01   7.496289e-01   9.598654e+00   1.389371e+00   9.705185e-01   3.100172e+00   2.085745e+00   5.196177e+00
   2.340089e-01   2.465833e-01   2.362047e-01   3.123028e-01   1.732064e+00   3.873828e+00   6.851133e-01   1.392384e+01   7.215535e+00   6.973963e-01
   3.233462e-01   5.270832e-01   3.721443e-01   1.360649e+00   5.126232e-01   2.551534e+00   3.061163e+00   1.533418e+01   1.088060e+00   9.004713e-01
   2.799024e-01   3.014370e-01   3.619087e-01   4.823320e-01   4.276929e+00   9.420841e+00   6.868599e-01   1.885807e+00   9.185434e+00   8.945286e-01
   2.404325e-01   2.430885e-01   2.504771e-01   2.702739e-01   8.028623e-01   8.858723e+00   5.048712e-01   9.030347e-01   4.756858e-01   1.407574e+01
   2.400392e-01   2.400817e-01   2.413620e-01   2.434216e-01   3.010784e-01   1.173865e+00   1.412604e+01   7.724974e-01   1.911072e+00   6.382847e-01
   2.508211e-01   2.803657e-01   2.861098e-01   4.553812e-01   2.781379e-01   4.941368e+00   4.447118e-01   8.124823e-01   5.583989e+00   1.762645e+01
   2.340670e-01   2.451463e-01   5.737613e-01   1.017890e+00   2.151020e+00   5.501958e+00   5.437358e-01   2.682863e-01   1.395892e+00   1.757660e+01
   2.298718e-01   2.321617e-01   3.033959e-01   4.120128e-01   3.541292e+00   3.636692e-01   6.644774e+00   1.176921e+01   7.290469e+00   1.685532e+00
   2.343239e-01   2.460920e-01   5.790057e-01   9.281485e-01   2.448602e+00   6.057786e+00   4.462405e-01   1.363087e+01   5.048021e-01   1.108075e+00
   2.374501e-01   2.421756e-01   3.831937e-01   6.163385e-01   7.049732e+00   5.359605e-01   7.585764e-01   3.654604e+00   1.274334e+01   1.181581e+00
   2.285916e-01   2.305280e-01   2.325072e-01   2.468377e-01   5.675860e-01   1.075236e+00   2.434964e-01   1.617468e+01   6.122193e-01   2.411867e-01
   2.802602e-01   4.102903e-01   3.199888e-01   1.047135e+00   1.246324e+00   4.049765e+00   4.903271e-01   6.145842e+00   1.068320e+00   1.738231e+01
   2.911451e-01   3.423186e-01   4.173156e-01   7.934030e-01   3.632849e-01   3.843782e-01   1.370637e+01   4.530762e+00   7.675505e-01   8.216486e-01
   2.302583e-01   2.358653e-01   2.310733e-01   2.620832e-01   8.444628e-01   5.379066e-01   1.214865e+01   9.802351e-01   5.580396e-01   1.058084e+01
   2.410492e-01   2.579453e-01   2.990182e-01   4.139498e-01   3.503925e+00   7.925964e-01   1.072287e+01   9.395384e+00   8.677996e-01   2.625608e-01
   2.400246e-01   2.624345e-01   9.061383e-01   1.950847e+00   5.609151e-01   3.529779e-01   7.522614e-01   1.155688e+01   3.947652e-01   1.345863e+01
   2.425322e-01   2.555281e-01   6.303029e-01   1.286099e+00   3.307107e-01   3.908216e+00   3.770309e-01   1.383945e+01   8.609581e-01   8.258697e+00
   2.300246e-01   2.326205e-01   2.391206e-01   2.567515e-01   7.365414e-01   7.991610e+00   1.070355e+01   9.753421e-01   2.566480e+00   4.599644e-01
   2.304573e-01   2.364209e-01   4.153258e-01   7.030946e-01   8.759746e+00   4.039845e+00   7.169753e-01   6.431294e+00   1.865333e+00   1.884241e+00
   2.444501e-01   2.792330e-01   2.938969e-01   5.432568e-01   5.818676e+00   4.928456e-01   3.193175e+00   6.201153e+00   2.620315e+00   1.412508e+01
   2.721025e-01   3.705984e-01   2.398906e-01   7.787438e-01   1.869193e+00   2.412928e+00   8.362642e+00   1.058054e+00   1.409702e+01   3.061926e-01
   2.412757e-01   2.637926e-01   9.848507e-01   2.245777e+00   5.228442e-01   1.748200e+00   3.453837e-01   6.454325e-01   5.824157e+00   1.819142e+01
   2.372762e-01   2.544288e-01   8.136161e-01   1.827082e+00   1.982214e+00   7.293083e+00   1.069932e+01   1.315388e+00   2.891997e-01   2.153899e+00
   2.276336e-01   2.291666e-01   2.287350e-01   2.377947e-01   4.195935e-01   6.818064e-01   7.794335e+00   4.166894e-01   5.375786e+00   1.602653e+01
   2.343858e-01   2.477733e-01   6.375399e-01   1.260853e+00   2.980120e+00   7.477696e+00   3.738515e+00   1.065215e+01   1.919406e+00   4.333855e+00
   2.323654e-01   2.453696e-01   6.339973e-01   1.247865e+00   4.077996e-01   2.520947e+00   8.556237e+00   1.638915e+00   8.673897e-01   1.544793e+01
   2.518092e-01   2.656260e-01   3.038822e-01   3.988685e-01   6.210378e-01   6.866737e+00   4.378944e-01   1.080783e+01   8.568831e+00   4.447131e+00
   2.913316e-01   3.510685e-01   2.982378e-01   6.282751e-01   5.272509e-01   9.073918e+00   5.394059e+00   4.346176e+00   4.650251e-01   1.044122e+01
   2.439519e-01   2.469993e-01   3.372485e-01   4.807380e-01   4.523585e+00   2.463664e+00   3.974598e-01   1.342937e+00   1.332418e+01   1.020939e+01
   2.340388e-01   2.490759e-01   2.918037e-01   3.967609e-01   3.350371e+00   7.711562e+00   1.138030e+00   9.595368e+00   7.557643e+00   2.641121e-01
   2.500847e-01   2.562872e-01   2.760838e-01   3.300420e-01   4.595419e-01   3.954606e+00   3.263128e+00   9.511606e+00   1.324149e+01   9.027342e-01
   2.365433e-01   2.475287e-01   5.745465e-01   8.892497e-01   2.278867e+00   4.175569e-01   7.679071e+00   1.155854e+01   4.308932e-01   8.322187e+00
   2.285458e-01   2.321301e-01   3.368644e-01   5.060849e-01   5.233639e+00   7.693205e-01   4.425522e+00   9.549573e+00   1.027917e+01   1.564993e+00
   2.479036e-01   2.910976e-01   4.144047e-01   7.224689e-01   2.744719e-01   3.637124e-01   1.311244e+01   7.271875e-01   1.028113e+00   7.842887e+00
   2.615687e-01   3.338442e-01   3.028963e-01   7.172486e-01   3.937836e-01   1.091819e+01   2.303039e+00   1.751807e+00   6.734173e+00   4.274361e+00
   2.383076e-01   2.621059e-01   9.536099e-01   2.092256e+00   5.959571e-01   3.718694e-01   9.373746e+00   1.507364e+00   8.592699e+00   1.082401e+01
   2.401372e-01   2.595850e-01   2.522940e-01   3.625390e-01   2.567493e+00   3.893073e+00   1.269929e+01   1.635904e+00   7.151865e-01   4.734191e+00
   2.499292e-01   2.748372e-01   3.487210e-01   5.274884e-01   4.937602e-01   7.659941e+00   8.841791e-01   3.504321e-01   1.433378e+01   3.662153e-01
   2.442063e-01   2.485420e-01   3.785819e-01   6.054581e-01   6.693958e+00   6.344112e-01   5.404202e-01   1.188333e+01   3.263824e+00   3.219402e+00
   2.613671e-01   3.257330e-01   2.501772e-01   6.270169e-01   4.664818e-01   9.360407e+00   9.006540e+00   1.896907e+00   3.760839e-01   2.686783e+00
   2.332266e-01   2.424480e-01   5.435082e-01   1.053054e+00   4.552448e-01   3.379081e+00   9.253267e+00   1.039481e+01   5.830383e+00   8.871731e-01
   2.288845e-01   2.311047e-01   2.959540e-01   4.056188e-01   3.396843e+00   3.782436e+00   1.367382e+00   6.433302e+00   1.445765e+01   3.648130e+00
   3.167529e-01   4.243708e-01   7.192015e-01   1.517070e+00   4.526819e-01   3.593629e-01   2.022796e+00   3.594130e+00   1.923097e+00   1.924952e+01
   2.300875e-01   2.305219e-01   2.430149e-01   2.629580e-01   8.238028e-01   2.602170e-01   2.571655e-01   3.774418e-01   1.403618e+01   1.300561e+01
   2.331671e-01   2.437526e-01   2.294865e-01   2.814003e-01   3.982037e-01   6.833639e-01   7.739323e+00   1.369026e+01   3.749558e-01   1.232113e+00
   2.361850e-01   2.522485e-01   7.426854e-01   1.469296e+00   3.248301e+00   4.023058e-01   6.607254e-01   1.514179e+01   1.170907e+00   1.624225e+00
   2.378576e-01   2.511045e-01   2.903702e-01   3.930298e-01   3.174215e+00   5.569738e-01   9.401554e+00   6.755192e+00   7.370358e+00   8.221511e+00
   2.365554e-01   2.503508e-01   6.467246e-01   1.289843e+00   8.562612e-01   3.106684e-01   5.745507e-01   7.711330e+00   3.388104e-01   1.760392e+01
   2.341964e-01   2.345385e-01   2.457059e-01   2.656531e-01   7.942510e-01   8.802419e+00   3.024290e+00   6.229278e+00   8.159770e+00   6.956939e+00
   2.333822e-01   2.384733e-01   4.071377e-01   6.723421e-01   8.181447e+00   5.705142e+00   9.254522e-01   2.992364e+00   5.258975e+00   4.499656e+00
   2.290040e-01   2.329183e-01   3.625808e-01   5.774152e-01   3.956335e-01   8.173795e+00   9.089730e+00   3.250081e+00   4.518628e+00   5.343093e+00
   2.968697e-01   4.378782e-01   3.311355e-01   1.252229e+00   3.629541e-01   3.799983e+00   7.674807e-01   1.386870e+01   7.446405e+00   1.002107e+00
   2.288075e-01   2.309842e-01   2.941204e-01   4.007243e-01   3.310966e+00   7.637610e+00   4.134621e+00   9.982516e-01   1.726110e+00   1.343370e+01
   2.806049e-01   3.027876e-01   2.771248e-01   4.151929e-01   2.860492e+00   1.097394e+00   9.525951e+00   2.115005e+00   3.241410e+00   1.369039e+01
   2.346644e-01   2.462364e-01   6.001420e-01   1.122708e+00   2.411807e+00   5.802559e-01   5.336451e-01   1.099998e+01   1.268230e+01   1.328502e+00
   2.356363e-01   2.425183e-01   4.712973e-01   7.702380e-01   3.981985e-01   1.396107e+00   4.770497e+00   1.349119e+01   8.119678e+00   6.112361e-01
   2.358500e-01   2.568462e-01   8.740124e-01   1.824077e+00   9.363442e-01   4.053245e+00   6.754217e+00   2.999759e+00   1.410168e+01   5.867629e-01
   2.409109e-01   2.438585e-01   2.533125e-01   2.771934e-01   9.314835e-01   6.725541e-01   3.160180e-01   1.618686e+01   4.714858e-01   5.431233e-01
   2.495122e-01   2.541159e-01   3.933560e-01   5.667997e-01   1.194871e+00   1.389035e+00   4.696801e+00   4.412905e-01   3.058197e-01   1.899465e+01
   2.378968e-01   2.414571e-01   3.670691e-01   5.870237e-01   6.470509e+00   1.552133e+00   7.456231e+00   2.271649e+00   1.885379e+00   1.130442e+01
   2.469460e-01   2.769785e-01   2.371191e-01   4.184622e-01   3.530533e+00   7.955554e+00   8.428973e+00   5.759280e+00   2.053638e+00   1.619725e+00
   2.290796e-01   2.319166e-01   3.166427e-01   4.230471e-01   3.855599e+00   9.928267e+00   6.813363e-01   2.510148e+00   1.392054e+00   8.912433e+00
   2.387763e-01   2.599410e-01   3.157961e-01   4.702729e-01   4.589197e+00   2.454102e+00   3.245127e-01   1.019138e+00   2.908766e-01   1.780279e+01
   2.525752e-01   2.922327e-01   2.623024e-01   4.547652e-01   8.799733e-01   1.070875e+00   3.322629e+00   2.704915e+00   1.564370e+01   8.832893e+00
   2.420682e-01   2.623001e-01   8.620050e-01   1.717432e+00   1.013923e+00   5.973403e+00   5.786683e+00   5.489430e-01   2.156130e+00   1.507436e+01
   2.286678e-01   2.310835e-01   3.016499e-01   4.268746e-01   7.418135e-01   9.138819e+00   1.318174e+00   2.580798e+00   1.185741e+01   2.809331e-01
   2.723476e-01   3.615429e-01   6.097453e-01   1.265326e+00   2.868446e+00   7.891231e-01   5.252673e+00   3.135432e+00   2.036162e+00   1.738234e+01
   3.008134e-01   3.376790e-01   4.564777e-01   7.592721e-01   8.989832e+00   5.806434e+00   1.743531e+00   1.568229e+00   1.792695e+00   7.824570e-01
   2.341298e-01   2.350764e-01   2.639362e-01   3.096507e-01   1.599890e+00   3.187500e-01   2.937390e+00   5.161588e+00   3.335582e+00   1.833698e+01
   2.613041e-01   2.707990e-01   2.960024e-01   3.626714e-01   2.179329e+00   4.769988e+00   2.050039e+00   1.081835e+01   3.677702e+00   1.180323e+01
   2.549878e-01   2.700312e-01   7.131527e-01   1.408162e+00   1.260269e+00   4.438299e-01   6.370018e-01   8.877942e+00   1.084264e+01   1.164152e+01
   2.422585e-01   2.725915e-01   3.592506e-01   5.758350e-01   6.579002e+00   4.568002e+00   5.424454e+00   8.684919e+00   1.067583e+00   4.449057e+00
   2.907290e-01   4.246648e-01   4.272727e-01   9.703083e-01   1.269217e+00   4.487608e-01   2.746711e+00   4.783427e+00   1.694122e+01   1.073071e+00
   2.333722e-01   2.440405e-01   5.665891e-01   8.737837e-01   2.012451e+00   4.467116e-01   7.165851e+00   5.031788e+00   1.251582e+01   8.142842e+00
   2.332105e-01   2.453734e-01   6.070879e-01   1.138453e+00   2.407510e+00   6.266381e+00   5.513632e-01   2.560062e+00   8.552095e+00   1.359582e+01
   2.385515e-01   2.638683e-01   1.002266e+00   2.157031e+00   4.033652e-01   4.753364e+00   8.343463e+00   1.089962e+01   8.224943e-01   7.916150e-01
   2.426992e-01   2.626322e-01   8.388676e-01   1.708921e+00   4.044185e+00   1.733166e+00   5.715406e-01   1.242857e+01   2.452510e+00   9.148353e+00
   2.581021e-01   3.317325e-01   2.791026e-01   6.973444e-01   8.616626e+00   1.111149e+00   6.346893e+00   3.706869e+00   2.698399e+00   3.679159e+00
   3.248638e-01   5.072426e-01   3.978871e-01   1.663858e+00   3.152758e-01   2.922866e+00   4.054328e+00   1.441960e+00   4.213202e-01   1.843518e+01
   3.109119e-01   3.794783e-01   2.983320e-01   7.745073e-01   9.157441e+00   1.410223e+00   4.038070e-01   6.413293e+00   8.845119e-01   4.700133e+00
   2.385528e-01   2.570849e-01   8.138300e-01   1.356396e+00   3.745243e+00   5.691620e-01   1.304862e+01   1.607516e+00   6.573844e-01   4.915309e-01
   2.780259e-01   3.262103e-01   2.902749e-01   5.716259e-01   5.751899e-01   8.484812e+00   6.916795e+00   1.187462e+00   1.007462e+01   6.749720e-01
   2.599421e-01   2.659067e-01   2.824148e-01   3.261004e-01   4.094612e-01   6.524859e-01   6.941707e+00   1.098495e+01   3.215268e+00   1.110362e+01
   2.289186e-01   2.319178e-01   2.398993e-01   2.609233e-01   8.362923e-01   9.536270e+00   7.872741e+00   4.517158e-01   5.565937e+00   2.037356e+00
   2.442507e-01   2.784715e-01   2.481522e-01   4.472004e-01   4.119362e+00   4.563343e+00   2.238479e+00   1.250144e+01   5.695757e+00   2.796710e+00
   2.382743e-01   2.486006e-01   5.491791e-01   1.062543e+00   2.429811e+00   5.853927e+00   2.786428e+00   8.174706e+00   1.216493e+01   4.625388e-01
   2.828211e-01   3.923299e-01   2.478747e-01   8.424445e-01   2.053030e+00   2.480087e+00   8.969377e+00   3.859488e-01   2.474597e-01   1.486738e+01
   2.489966e-01   2.829607e-01   3.819993e-01   6.200110e-01   7.391528e+00   3.511929e-01   3.836059e-01   8.191201e+00   3.822318e-01   9.963918e+00
   2.773945e-01   3.218985e-01   3.319313e-01   6.056814e-01   5.667817e-01   3.459983e-01   8.837193e-01   1.521517e+01   6.477766e+00   9.593517e-01
   2.509915e-01   2.840593e-01   3.716787e-01   6.109908e-01   7.040780e+00   5.525333e-01   6.432452e+00   4.854586e-01   1.069450e+01   2.766105e-01
   2.380349e-01   2.617605e-01   3.259961e-01   4.904159e-01   5.035516e+00   5.397837e+00   1.085517e+01   4.781458e-01   1.317217e+00   1.082544e+00
   2.301616e-01   2.302057e-01   2.314648e-01   2.331707e-01   2.306428e-01   2.973393e-01   1.229308e+00   1.478423e+01   4.452559e+00   6.935975e+00
   2.501515e-01   2.933272e-01   2.877353e-01   5.809501e-01   6.495310e+00   1.460441e+00   8.609191e-01   8.088272e+00   1.077831e+01   1.938141e+00
   2.305920e-01   2.311524e-01   2.476470e-01   2.637956e-01   3.410300e-01   2.087007e+00   5.365852e+00   2.761060e+00   1.608353e+01   4.262787e+00
   2.342092e-01   2.504156e-01   2.967606e-01   4.114844e-01   3.616247e+00   8.418380e+00   1.085567e+00   1.053077e+01   3.143528e-01   2.471238e-01
   2.336196e-01   2.482948e-01   6.805742e-01   1.433033e+00   3.457584e+00   7.814134e+00   9.451175e-01   1.461335e+00   1.242228e+01   3.141633e-01
   2.365794e-01   2.513928e-01   6.925920e-01   1.462920e+00   3.487546e+00   5.105714e-01   1.156434e+01   4.302513e+00   1.568292e+00   7.659532e+00
   2.511172e-01   2.964289e-01   2.809629e-01   5.453749e-01   5.850490e+00   9.169622e+00   3.296293e+00   1.498549e+00   5.062819e+00   9.811940e-01
   2.349982e-01   2.447452e-01   5.346625e-01   9.951013e-01   2.373975e+00   2.824343e+00   1.008367e+01   3.780646e+00   2.422986e+00   1.182992e+01
   2.367875e-01   2.380476e-01   2.760131e-01   3.283205e-01   1.924898e+00   4.451729e+00   4.237479e+00   3.657756e-01   8.831773e+00   1.490761e+01
   2.550233e-01   3.027951e-01   2.960515e-01   5.683282e-01   6.204636e+00   5.840771e-01   7.222610e+00   9.658517e+00   3.925815e+00   1.278869e+00
   2.878276e-01   4.259841e-01   2.700666e-01   1.082575e+00   2.138423e+00   5.328026e+00   4.493470e-01   2.303890e+00   1.369087e+01   9.014670e+00
   2.374451e-01   2.437151e-01   2.605680e-01   2.932788e-01   3.906120e-01   2.971957e+00   3.464140e-01   6.163534e+00   8.920037e+00   1.543270e+01
   2.635926e-01   3.369324e-01   3.675134e-01   7.905649e-01   1.239246e+00   1.731190e+00   6.161833e+00   8.796120e+00   1.298527e+01   9.485344e-01
   2.278764e-01   2.293868e-01   2.339282e-01   2.448167e-01   5.506883e-01   5.625484e-01   7.844448e+00   9.341065e+00   1.058289e+01   4.548668e+00
   2.469148e-01   2.541172e-01   4.692493e-01   8.494116e-01   1.041437e+00   2.929306e+00   2.691664e+00   3.091732e-01   7.245210e+00   1.761676e+01
   2.335073e-01   2.354245e-01   2.409174e-01   2.520658e-01   5.985445e-01   5.827550e+00   7.488539e+00   5.631543e-01   5.528179e-01   1.454262e+01
   2.920373e-01   4.238110e-01   2.911809e-01   1.120647e+00   2.561935e+00   1.035016e+01   5.966379e+00   3.032001e+00   2.277963e+00   2.175731e+00
   2.483648e-01   2.816698e-01   3.731600e-01   6.002986e-01   3.645739e-01   4.866656e-01   1.067645e+01   4.890776e-01   1.187235e+00   1.345708e+01
   2.699358e-01   3.042074e-01   2.745893e-01   5.080838e-01   4.791089e+00   1.173159e+00   6.468756e-01   1.440894e+01   9.505143e-01   1.085542e+00
   2.393596e-01   2.654865e-01   1.017343e+00   1.955940e+00   2.393995e+00   7.117198e-01   2.536262e+00   8.742720e-01   1.691030e+01   2.481396e-01
   2.307312e-01   2.368157e-01   4.196519e-01   6.921363e-01   8.645267e+00   1.464258e+00   2.166715e+00   3.958497e+00   8.158998e+00   2.111424e+00
   2.322959e-01   2.455260e-01   6.449370e-01   1.297063e+00   3.038352e+00   2.812176e+00   1.062557e+00   5.240317e-01   1.559047e+01   7.134158e+00
   2.429879e-01   2.612039e-01   8.165248e-01   1.713080e+00   3.749454e+00   1.004040e+01   3.120773e+00   5.470426e+00   1.848894e+00   1.985245e+00
   2.306823e-01   2.355036e-01   3.960398e-01   6.692273e-01   3.295517e-01   1.087928e+00   3.520178e+00   9.416161e+00   5.498702e+00   1.465255e+01
   2.296788e-01   2.333169e-01   3.421975e-01   5.208532e-01   5.470211e+00   1.223982e+00   7.213769e-01   6.634509e+00   9.051686e+00   1.144903e+01
   2.466258e-01   2.498850e-01   3.460505e-01   5.135752e-01   5.013409e+00   6.467091e+00   2.113816e+00   1.412212e+00   1.263642e+01   1.715057e+00
   3.061534e-01   3.692412e-01   3.013959e-01   6.811487e-01   5.429602e-01   4.890223e-01   3.793058e-01   1.354193e+01   2.342765e+00   1.115258e+01
   2.339759e-01   2.430150e-01   5.155336e-01   7.990340e-01   1.970442e+00   4.777696e+00   1.258370e+01   7.729466e-01   2.224182e+00   3.499460e+00
   3.137629e-01   5.130174e-01   2.569645e-01   1.295776e+00   1.361973e+00   2.892905e+00   1.068051e+01   1.330294e+00   1.078638e+01   2.224700e+00
   2.322001e-01   2.424566e-01   5.670510e-01   1.145669e+00   2.783680e+00   7.213564e+00   8.314525e+00   3.384086e-01   9.147069e+00   3.545303e-01
   2.366122e-01   2.581720e-01   8.913650e-01   1.775945e+00   4.079463e+00   1.076228e+01   8.390827e-01   3.479172e-01   3.306061e+00   4.025969e-01
   2.300010e-01   2.330467e-01   3.204766e-01   4.688412e-01   4.509022e+00   5.158244e-01   5.531018e+00   9.099449e-01   9.323278e+00   1.310631e+01
   2.342899e-01   2.389412e-01   3.981017e-01   6.708531e-01   2.537325e-01   5.697542e-01   1.227465e+01   5.590298e+00   4.663108e+00   5.983192e+00
   2.818174e-01   3.769048e-01   3.288870e-01   9.556323e-01   1.968718e+00   4.937878e+00   3.881443e-01   5.050416e+00   1.545986e+01   3.332648e-01
   2.308564e-01   2.322176e-01   2.710296e-01   3.244677e-01   1.957124e+00   4.830640e+00   6.536226e+00   1.248900e+01   1.522323e+00   3.576639e+00
   3.224606e-01   4.995994e-01   7.340577e-01   1.989759e+00   3.368256e-01   3.599697e+00   1.314661e+01   5.170770e-01   1.699678e+00   4.310352e-01
   2.588844e-01   3.316717e-01   3.845208e-01   8.194618e-01   1.586461e+00   1.885541e+00   6.892805e+00   1.240468e+01   5.829105e+00   4.849869e+00
   2.354899e-01   2.504055e-01   7.142416e-01   1.522695e+00   3.266417e+00   8.684419e+00   8.235755e+00   3.416662e+00   2.111215e+00   7.689899e-01
   2.391182e-01   2.557633e-01   7.399765e-01   1.573470e+00   3.341958e-01   4.889204e+00   5.557486e+00   9.950961e+00   3.214558e+00   1.068203e+01
   2.423060e-01   2.599532e-01   7.924538e-01   1.544267e+00   6.361931e-01   5.378917e+00   1.054394e+00   1.281677e+01   7.348084e+00   9.183975e-01
   2.684676e-01   3.045463e-01   3.222631e-01   5.437947e-01   5.454085e+00   7.259402e+00   3.690042e+00   5.038929e+00   8.930847e-01   9.968185e+00
   2.303140e-01   2.305142e-01   2.305888e-01   2.318479e-01   2.344178e-01   3.026647e-01   2.392566e-01   2.494934e-01   4.708602e-01   2.022806e+01
   2.598777e-01   3.228587e-01   2.511368e-01   6.854674e-01   8.366966e+00   4.521484e+00   5.480824e-01   6.368431e+00   1.084864e+00   4.934121e+00
   2.394564e-01   2.654755e-01   3.405775e-01   5.316666e-01   5.752765e+00   6.487623e-01   2.746582e+00   5.328535e-01   1.323082e+01   7.639627e+00
   2.330739e-01   2.420749e-01   5.044632e-01   8.190842e-01   9.595076e-01   1.623446e+00   5.863327e+00   9.391988e-01   1.564441e+01   5.755395e+00
   2.774008e-01   2.936619e-01   3.395204e-01   4.559891e-01   3.679175e+00   1.028065e+00   1.137542e+01   4.146540e+00   7.250623e+00   4.309411e+00
   2.351052e-01   2.353763e-01   2.353411e-01   2.368769e-01   2.689701e-01   7.546881e-01   7.962753e+00   7.947027e+00   5.788063e-01   1.381051e+01
   2.411270e-01   2.734413e-01   3.704117e-01   5.356776e-01   6.586767e-01   9.994364e+00   1.913125e+00   8.977858e+00   7.179062e-01   2.986417e+00
   2.350462e-01   2.528434e-01   7.800354e-01   1.559572e+00   3.477234e+00   3.834470e+00   7.134281e-01   4.926766e+00   3.672530e+00   1.627468e+01
   2.407849e-01   2.551317e-01   2.441769e-01   3.165433e-01   4.775601e-01   4.365601e+00   1.117057e+01   4.656386e-01   9.593678e+00   3.141382e-01
   2.746521e-01   2.841971e-01   2.721838e-01   3.341187e-01   4.412240e-01   3.978509e-01   4.181557e+00   2.922876e-01   1.074180e+01   1.554208e+01
   2.354960e-01   2.364937e-01   2.665113e-01   3.052399e-01   4.382830e-01   4.899990e-01   1.233167e+00   3.973067e-01   1.817717e+01   5.636691e-01
   3.038537e-01   3.728975e-01   2.925994e-01   7.111403e-01   6.774047e-01   4.945797e-01   3.639418e-01   1.586878e+01   2.396895e+00   3.742728e+00
   2.386715e-01   2.398267e-01   2.748279e-01   3.278715e-01   4.915090e-01   4.564310e+00   1.150027e+01   7.649303e+00   5.972266e-01   1.930892e+00
   2.343172e-01   2.504778e-01   2.975727e-01   4.085547e-01   6.548975e-01   7.884072e+00   7.703899e-01   2.023069e+00   1.308418e+01   5.369171e+00
   2.826663e-01   3.146697e-01   2.882388e-01   4.435985e-01   3.601043e+00   3.085029e-01   4.428452e+00   2.436752e+00   8.477325e-01   1.793638e+01
   2.365951e-01   2.387325e-01   3.095394e-01   4.278190e-01   3.670948e+00   5.142296e+00   9.436165e+00   6.994936e+00   2.724256e+00   6.051267e+00
   2.352426e-01   2.505386e-01   2.970570e-01   4.177042e-01   3.689273e+00   9.038024e+00   3.134821e+00   8.381458e-01   9.158144e+00   4.686927e+00
   2.447540e-01   2.666557e-01   2.382999e-01   3.497287e-01   3.408636e-01   3.215311e+00   9.197404e+00   6.852405e+00   1.083350e+01   2.312474e+00
   2.457557e-01   2.704438e-01   3.410803e-01   5.180902e-01   4.601816e-01   7.293526e+00   6.900445e+00   1.907345e+00   1.114905e+01   4.569546e+00
   2.388250e-01   2.412407e-01   2.421219e-01   2.566361e-01   5.774171e-01   5.432752e+00   9.620063e-01   1.283796e+01   9.653703e-01   8.884975e+00
   2.427937e-01   2.748190e-01   2.677827e-01   4.259659e-01   3.815109e+00   3.468444e-01   2.096402e+00   1.218299e+00   6.562636e+00   1.726331e+01
   2.317416e-01   2.421872e-01   5.590216e-01   1.067003e+00   1.076974e+00   3.745624e+00   5.803698e+00   3.604236e+00   1.101959e+00   1.680625e+01
   2.564882e-01   2.706792e-01   6.910656e-01   1.095358e+00   3.029676e+00   2.691781e-01   1.026243e+01   5.045978e-01   1.041519e+01   5.752268e+00
   2.478238e-01   2.660906e-01   2.747231e-01   3.829008e-01   2.797169e+00   4.351330e-01   4.713167e+00   3.745838e+00   1.617704e+01   3.180700e-01
   2.897185e-01   4.479565e-01   2.318561e-01   1.212290e+00   1.399338e+00   4.670522e+00   4.486694e+00   8.221470e-01   1.566346e+01   7.823478e-01
   2.401538e-01   2.567442e-01   7.629136e-01   1.612517e+00   4.410793e-01   5.036252e+00   3.510198e-01   7.718344e+00   6.517380e-01   1.549436e+01
   2.416172e-01   2.539984e-01   6.332518e-01   1.240034e+00   2.612645e+00   6.850784e+00   2.156719e+00   3.733912e+00   1.275497e+00   1.506314e+01
   2.869488e-01   3.245531e-01   4.360712e-01   7.028467e-01   6.485915e-01   1.138489e+01   3.422971e-01   3.494989e-01   4.629477e+00   5.869785e+00
   2.315617e-01   2.348936e-01   3.315673e-01   4.924818e-01   4.918207e+00   2.021514e+00   9.119959e+00   8.352591e-01   1.079975e+01   1.923095e+00
   2.364646e-01   2.597057e-01   3.209849e-01   4.829854e-01   4.901583e+00   2.993267e-01   3.126259e+00   1.396135e+01   3.490768e-01   6.121319e-01
   2.700574e-01   2.852921e-01   2.889992e-01   3.782254e-01   3.703763e-01   5.657894e-01   6.004936e-01   8.381652e+00   1.556093e+01   2.997746e+00
   2.353481e-01   2.527185e-01   7.614209e-01   1.570290e+00   4.054289e+00   2.874901e-01   4.357742e+00   3.529665e-01   3.913772e+00   1.682424e+01
   2.683806e-01   2.704175e-01   2.687954e-01   2.781498e-01   4.731910e-01   3.414360e+00   3.608489e+00   7.746453e+00   8.212228e+00   1.384002e+01
   2.761031e-01   2.839712e-01   3.059666e-01   3.617531e-01   1.911770e+00   6.429435e-01   5.588136e+00   9.943155e+00   1.224902e+01   3.089630e+00
   2.922498e-01   3.092355e-01   3.573765e-01   4.803672e-01   3.702137e-01   4.823707e+00   1.215061e+01   1.445168e+00   3.488960e+00   6.625377e+00
   2.736619e-01   2.767910e-01   2.777540e-01   2.955079e-01   6.897826e-01   7.429034e-01   1.047651e+01   1.979099e+00   1.034162e+01   7.786467e+00
   2.909420e-01   3.481675e-01   2.834535e-01   6.166754e-01   6.552390e+00   3.026533e-01   4.625862e+00   1.159035e+00   9.178684e+00   1.041679e+01
   2.414308e-01   2.713424e-01   1.130938e+00   2.523752e+00   6.718832e-01   3.906970e-01   9.049427e-01   1.532858e+01   4.428816e-01   2.883126e-01
   2.300984e-01   2.354548e-01   3.981587e-01   6.691088e-01   8.116193e+00   6.209627e-01   8.674127e+00   5.911231e-01   1.711245e+00   1.005969e+00
   2.754341e-01   2.861992e-01   2.717758e-01   3.414961e-01   4.606395e-01   7.408146e-01   8.215967e+00   1.320124e+01   2.894751e+00   1.057977e+00
   2.270808e-01   2.272080e-01   2.309078e-01   2.373262e-01   2.317755e-01   4.583382e-01   8.904166e-01   1.063143e+01   4.962930e-01   1.538355e+01
   2.317428e-01   2.351884e-01   2.444200e-01   2.684030e-01   9.321639e-01   2.305085e-01   1.275557e+01   7.282452e+00   5.495008e-01   3.257837e-01
   2.402849e-01   2.403875e-01   2.434067e-01   2.482076e-01   3.834728e-01   5.893970e-01   6.008847e-01   8.663270e+00   2.287517e+00   1.707127e+01
   2.866467e-01   4.155526e-01   2.430796e-01   9.892339e-01   3.338954e-01   2.963830e+00   3.422236e+00   1.383668e+01   8.569108e-01   8.260882e+00
   2.644778e-01   2.669565e-01   3.466026e-01   4.812586e-01   4.151393e+00   2.788646e-01   7.329304e-01   1.171822e+01   1.066890e+01   3.417188e-01
   2.359189e-01   2.381463e-01   3.103335e-01   4.305998e-01   3.733412e+00   1.968741e+00   6.535025e-01   1.128454e+01   8.837470e+00   7.973551e+00
   2.306908e-01   2.325309e-01   2.858867e-01   3.748675e-01   2.600087e-01   3.371250e+00   9.342534e+00   1.335446e+00   8.571836e+00   1.096004e+01
   2.389685e-01   2.405649e-01   2.887819e-01   3.613580e-01   2.467891e+00   5.782991e+00   2.835001e+00   5.479295e+00   1.005095e+00   1.563917e+01
   2.701966e-01   2.718003e-01   3.212384e-01   3.799084e-01   3.753421e-01   3.231687e+00   5.321222e+00   4.200455e+00   7.773348e-01   1.755909e+01
   2.517430e-01   2.991069e-01   4.243037e-01   7.545379e-01   4.309107e-01   1.216597e+01   1.046671e+00   7.426815e-01   5.024763e-01   2.618470e-01
   2.409653e-01   2.732141e-01   2.456525e-01   4.240062e-01   3.773568e+00   2.010407e+00   5.684758e+00   6.288405e-01   1.227658e+01   1.024504e+01
   2.318840e-01   2.385907e-01   4.394932e-01   7.783665e-01   1.485120e+00   3.390609e+00   6.311146e-01   1.164997e+01   1.026619e+01   6.147863e+00
   2.669526e-01   2.692747e-01   3.414271e-01   4.243291e-01   3.249963e+00   5.296710e-01   4.983386e-01   5.852183e+00   1.479787e+00   1.796558e+01
   2.592751e-01   2.712219e-01   2.754104e-01   3.478646e-01   1.935997e+00   2.895016e+00   2.851757e+00   1.433846e+01   2.467620e+00   6.536385e+00
   2.518406e-01   2.932568e-01   2.406251e-01   4.637210e-01   4.720456e-01   6.432645e+00   5.794617e+00   3.594959e+00   5.623874e+00   1.350581e+01
   2.475553e-01   2.890480e-01   4.051990e-01   7.030114e-01   2.794013e-01   1.067155e+01   3.652937e+00   2.853948e+00   8.138899e-01   7.984524e+00
   2.891774e-01   4.430053e-01   4.076365e-01   1.342985e+00   3.139599e+00   2.025840e+00   1.160983e+01   1.439067e+00   2.975373e-01   9.223239e+00
   2.858123e-01   2.910103e-01   2.852526e-01   3.159908e-01   8.664945e-01   9.198363e+00   7.881355e-01   8.888011e+00   7.277055e+00   1.421822e+00
   2.375045e-01   2.531039e-01   7.345277e-01   1.403599e+00   3.224576e+00   3.588979e-01   6.360514e+00   1.014156e+01   9.882293e+00   2.966618e+00
   2.733033e-01   2.736214e-01   2.830561e-01   2.976788e-01   7.154029e-01   7.037553e-01   3.654457e-01   1.194959e+01   1.041093e+01   7.939315e+00
   2.294231e-01   2.339698e-01   3.798201e-01   6.207361e-01   3.257594e-01   3.478723e-01   1.039633e+01   3.976309e+00   1.180569e+01   6.553158e-01
   2.632001e-01   3.339421e-01   3.773253e-01   8.753781e-01   4.425348e-01   9.854025e-01   1.431809e+00   6.652069e+00   5.726084e+00   1.726823e+01
   2.503409e-01   2.665960e-01   2.548253e-01   3.501602e-01   5.220608e-01   5.048587e+00   7.277137e-01   6.172125e-01   1.663787e+01   1.973717e+00
   2.370411e-01   2.521356e-01   6.986247e-01   1.412905e+00   7.249677e-01   2.922096e+00   9.726076e-01   1.285590e+01   7.383557e+00   7.606225e+00
   2.921275e-01   3.219386e-01   4.132304e-01   6.574567e-01   4.104252e-01   2.979006e-01   1.024706e+01   1.123281e+01   2.110321e+00   2.323276e+00
   2.404435e-01   2.506239e-01   5.555969e-01   8.531107e-01   2.234538e+00   2.765160e+00   1.018583e+01   1.037484e+01   5.014242e-01   3.360234e-01
   2.400472e-01   2.421774e-01   2.501921e-01   2.692940e-01   7.951901e-01   8.748215e+00   7.118801e+00   2.123440e+00   4.885040e-01   1.000556e+01
   2.381503e-01   2.520850e-01   6.555513e-01   1.322637e+00   4.451988e-01   4.159728e+00   3.322604e-01   1.478048e+01   2.701002e+00   3.288032e+00
   2.629600e-01   2.962192e-01   2.856027e-01   4.891700e-01   8.848090e-01   2.611332e-01   1.308597e+01   4.023219e-01   7.165647e+00   1.810429e+00
   2.795700e-01   2.798408e-01   2.882220e-01   3.015995e-01   6.775686e-01   6.368524e+00   9.141730e+00   9.420584e+00   2.245208e+00   1.146295e+00
   2.288907e-01   2.306235e-01   2.814773e-01   3.704791e-01   2.755616e+00   2.593451e+00   6.989713e+00   1.505850e+00   1.897075e+00   1.633593e+01
   2.321797e-01   2.335266e-01   2.747865e-01   3.435384e-01   2.232439e+00   5.183443e+00   5.506722e+00   1.025308e+01   9.115029e+00   2.384564e+00
   3.036657e-01   4.820465e-01   3.051744e-01   1.374516e+00   3.191886e+00   2.946953e+00   8.533608e-01   5.801591e-01   1.660985e+01   1.760384e+00
   3.349770e-01   5.690566e-01   2.681330e-01   1.783423e+00   3.333108e-01   5.790938e+00   3.474566e-01   5.964374e-01   1.570235e+01   5.580796e-01
   2.384199e-01   2.505698e-01   2.553924e-01   3.288387e-01   1.943355e+00   4.598925e-01   3.815846e+00   1.293264e+01   8.326381e+00   5.622775e+00
   2.527453e-01   2.750706e-01   2.587223e-01   3.867139e-01   2.613701e-01   3.307562e+00   2.079225e+00   1.341029e+01   8.761249e+00   2.792292e+00
   2.866385e-01   3.204940e-01   4.100914e-01   6.400595e-01   7.020872e+00   8.929842e-01   9.161972e-01   6.107631e-01   2.522487e+00   1.470844e+01
   2.281671e-01   2.306148e-01   3.039178e-01   4.197069e-01   3.159621e-01   4.601342e+00   6.585646e+00   3.296944e+00   1.439653e+01   1.418745e+00
   2.347042e-01   2.501632e-01   7.130225e-01   1.515411e+00   2.956410e-01   1.938753e+00   7.319333e-01   1.070095e+01   1.315657e+01   1.025894e+00
   2.300099e-01   2.316574e-01   2.811654e-01   3.677007e-01   3.527025e-01   8.252102e-01   9.960385e+00   8.558783e+00   2.760180e+00   9.675827e+00
   2.408280e-01   2.618549e-01   8.885701e-01   2.013020e+00   4.935941e+00   4.985755e+00   1.992066e+00   8.244787e-01   1.333326e+01   2.538064e+00
   2.416872e-01   2.603049e-01   2.384936e-01   3.489101e-01   3.500159e-01   3.260228e+00   3.102774e+00   7.364097e-01   1.439377e+01   1.070877e+01
   2.377355e-01   2.387687e-01   2.694172e-01   3.206082e-01   2.759671e-01   5.384715e-01   5.211784e+00   1.426182e+01   6.283508e-01   6.692894e+00
   2.512788e-01   3.100761e-01   4.780443e-01   9.019031e-01   1.881233e+00   3.834885e+00   4.185299e+00   8.081221e+00   4.097004e+00   1.444892e+01
   2.310648e-01   2.375205e-01   2.327069e-01   2.699433e-01   9.707694e-01   2.888277e-01   1.350380e+01   2.856234e+00   3.953693e+00   3.420580e+00
   2.362010e-01   2.516018e-01   2.932747e-01   4.028059e-01   3.390266e+00   1.907558e+00   3.738220e-01   8.907779e-01   5.981414e+00   1.784850e+01
   2.807915e-01   3.600118e-01   6.121884e-01   1.296178e+00   2.930539e+00   8.944890e-01   3.252963e+00   9.514789e+00   1.319631e+01   1.057747e+00
   2.804759e-01   2.904728e-01   5.888052e-01   9.344687e-01   4.247342e-01   1.615910e+00   5.371389e+00   1.497708e+01   3.647654e-01   9.582656e-01
   2.746215e-01   3.530914e-01   3.143814e-01   8.316589e-01   1.670647e+00   4.131088e+00   3.525999e-01   1.365578e+01   3.315837e+00   7.565146e+00
   2.528247e-01   2.813966e-01   1.100266e+00   2.487400e+00   2.230671e+00   4.560144e-01   1.301266e+01   5.064940e-01   9.447162e-01   3.520098e+00
   2.443573e-01   2.619332e-01   2.512077e-01   3.732182e-01   2.428004e-01   3.183466e+00   3.424592e+00   1.304830e+00   4.296237e+00   1.847745e+01
   3.029075e-01   4.934866e-01   4.659227e-01   1.529282e+00   4.890622e-01   3.152696e-01   3.407728e+00   1.336402e+01   2.483467e-01   1.003449e+01
   2.293102e-01   2.307351e-01   2.737830e-01   3.151184e-01   4.957190e-01   4.768360e+00   1.261122e+01   1.137545e+00   5.003506e+00   4.537644e-01
   2.345154e-01   2.432778e-01   2.310717e-01   2.823960e-01   3.548672e-01   5.739764e-01   2.494924e-01   6.745475e+00   1.494025e+01   8.364876e+00
   2.714050e-01   3.123222e-01   2.844353e-01   5.300622e-01   6.337749e-01   8.522668e+00   1.574855e+00   4.220511e+00   1.187614e+01   3.998562e+00
   2.367864e-01   2.513953e-01   7.411085e-01   1.547826e+00   7.697087e-01   2.915021e+00   1.059850e+01   2.379531e+00   1.076389e+01   1.381569e+00
   2.541047e-01   2.792422e-01   3.493073e-01   5.393454e-01   5.615464e+00   4.931883e+00   5.535739e-01   5.458451e-01   5.338449e+00   1.404219e+01
   2.481579e-01   2.501684e-01   2.557676e-01   2.704052e-01   6.675214e-01   6.673715e+00   6.026320e-01   1.339384e+00   3.648854e-01   1.705313e+01
   2.616595e-01   3.065703e-01   2.655863e-01   5.416667e-01   5.644656e+00   7.755798e+00   2.873888e+00   6.974006e+00   2.684497e+00   6.006534e+00
   2.598004e-01   3.278165e-01   2.856942e-01   6.274470e-01   2.827773e-01   8.884201e+00   4.739031e+00   8.698648e+00   2.025493e+00   6.027813e+00
   2.432986e-01   2.775214e-01   2.664029e-01   4.605780e-01   4.372888e+00   4.925939e+00   9.504510e+00   1.153304e+00   6.087911e-01   9.850563e+00
   2.675573e-01   2.708212e-01   2.745108e-01   2.958445e-01   2.941295e-01   1.033225e+00   1.167192e+01   3.766154e+00   2.157619e+00   1.072117e+01
