   9.877226e-01   0.000000e+00   3.333922e-18   2.167528e-03   0.000000e+00   6.399403e-02   4.507324e-01   4.534060e-04   0.000000e+00   1.091836e-03   9.216145e-01   5.549542e-01   9.473653e-01   9.508872e-01   8.453758e-01   9.894382e-01   7.124780e-01   9.759174e-01   5.550502e-01   7.142894e-01
   2.717247e-01   8.208434e-13   2.107729e-06   3.937483e-06   7.482334e-11   4.096089e-03   7.790979e-01   7.371523e-04   1.015289e-08   3.276620e-02   8.913620e-01   5.368708e-01   7.931068e-01   9.286011e-01   9.715568e-01   5.957992e-01   7.884754e-01   0.000000e+00   5.444756e-01   7.781138e-01
   1.154095e-02   0.000000e+00   0.000000e+00   2.766736e-02   0.000000e+00   6.212825e-02   7.449917e-01   3.342845e-06   1.095854e-02   1.034711e-05   9.467255e-01   5.506171e-01   8.231785e-01   9.555275e-01   9.908736e-01   9.514707e-01   7.009814e-01   8.660838e-01   5.691243e-01   7.770927e-01
   1.804496e-01   3.500616e-01   0.000000e+00   3.297397e-07   1.385070e-10   1.379438e-04   6.994282e-01   2.521854e-16   0.000000e+00   2.013237e-02   9.199242e-01   5.544929e-01   7.807227e-01   8.647629e-01   8.698852e-01   5.961604e-01   6.554648e-01   7.839809e-01   5.186535e-01   7.056830e-01
   0.000000e+00   0.000000e+00   1.281709e-06   8.338566e-04   2.137729e-04   0.000000e+00   6.106138e-01   1.011713e-04   1.070803e-02   1.980200e-02   9.299924e-01   7.343701e-01   9.599981e-01   9.894899e-01   9.864142e-01   1.000000e+00   7.908981e-01   9.785961e-01   5.480635e-01   9.159191e-01
   2.629328e-01   1.276574e-01   5.618837e-06   1.208941e-04   8.090785e-05   0.000000e+00   7.452761e-01   7.301681e-06   0.000000e+00   2.063221e-02   8.352088e-01   5.195257e-01   8.222126e-01   9.666368e-01   8.392432e-01   6.917593e-01   6.454002e-01   9.268627e-01   3.866390e-01   4.392163e-01
   2.882060e-01   6.547814e-02   9.994865e-10   3.683643e-06   1.156062e-05   4.324903e-03   8.199774e-01   5.437985e-05   0.000000e+00   7.436258e-04   9.345714e-01   5.709420e-01   9.464817e-01   7.120130e-01   9.886145e-01   9.910045e-01   5.762113e-01   9.039803e-01   4.174469e-01   9.416815e-01
   2.879929e-01   9.955427e-02   0.000000e+00   6.907781e-02   0.000000e+00   2.344428e-03   5.973690e-01   5.438318e-05   4.320899e-02   0.000000e+00   8.395781e-01   4.958861e-01   8.770292e-01   6.598636e-01   9.720616e-01   8.103337e-01   7.012271e-01   7.978678e-01   5.358090e-01   4.365406e-01
   0.000000e+00   9.729116e-02   1.222974e-07   1.313666e-06   7.756665e-11   1.780310e-03   8.142898e-01   0.000000e+00   5.332037e-02   0.000000e+00   8.338172e-01   5.526641e-01   7.816633e-01   8.557430e-01   8.073445e-01   9.835358e-01   6.466164e-01   7.655377e-01   5.760756e-01   7.726544e-01
   2.597629e-01   1.312114e-01   5.659656e-04   1.945712e-03   1.057155e-02   2.098010e-03   6.068586e-01   7.308394e-04   1.175652e-20   0.000000e+00   9.676305e-01   5.581973e-01   7.574212e-01   8.590920e-01   8.914895e-01   9.774514e-01   8.531216e-01   8.568347e-01   5.617410e-01   4.351059e-01
   2.519306e-01   1.352906e-01   1.285076e-05   0.000000e+00   0.000000e+00   6.402509e-02   6.187939e-01   5.240135e-06   0.000000e+00   2.273281e-02   8.815004e-01   5.500806e-01   7.490763e-01   8.639664e-01   9.979317e-01   7.635505e-01   5.556114e-01   9.377091e-01   5.742317e-01   6.497521e-01
   3.302175e-02   1.110056e-01   3.450460e-08   2.738626e-02   4.512625e-03   6.767057e-03   6.085664e-01   1.084202e-19   1.449633e-15   0.000000e+00   9.674547e-01   5.523995e-01   7.503817e-01   9.583252e-01   9.898479e-01   7.648484e-01   6.696264e-01   9.115391e-01   5.746677e-01   5.239344e-01
   2.589737e-01   6.547814e-02   3.749887e-06   3.225360e-03   1.171667e-05   5.532103e-05   8.149652e-01   5.437985e-05   1.159790e-20   0.000000e+00   9.345719e-01   5.707400e-01   9.464817e-01   7.120130e-01   8.413189e-01   9.912370e-01   5.343427e-01   9.698603e-01   4.174469e-01   9.416815e-01
   4.411434e-02   1.204067e-01   7.435619e-07   1.242746e-03   1.700527e-01   2.407675e-04   8.142797e-01   2.549851e-18   4.324152e-17   0.000000e+00   9.296779e-01   5.496248e-01   7.821456e-01   9.393795e-01   9.837105e-01   5.860530e-01   6.460741e-01   7.795886e-01   5.026230e-01   7.107880e-01
   0.000000e+00   9.407648e-02   1.594905e-07   1.313666e-06   4.175530e-12   6.845130e-03   8.142898e-01   0.000000e+00   0.000000e+00   3.249766e-02   9.338220e-01   5.526641e-01   7.807050e-01   8.564184e-01   8.702565e-01   9.449138e-01   7.544599e-01   7.612841e-01   5.651086e-01   7.057884e-01
   3.273888e-02   4.087818e-01   5.514688e-04   2.364686e-05   1.029857e-08   0.000000e+00   6.498043e-01   1.239488e-19   7.121976e-04   0.000000e+00   9.349079e-01   5.278267e-01   7.802593e-01   9.507280e-01   8.412966e-01   8.002261e-01   6.537688e-01   7.632383e-01   5.653838e-01   5.195079e-01
   2.932393e-01   4.291601e-02   1.005694e-09   3.880565e-03   0.000000e+00   4.617036e-03   5.894627e-01   7.302914e-07   3.426976e-09   0.000000e+00   9.341321e-01   7.364922e-01   9.464664e-01   7.120130e-01   9.884166e-01   9.910043e-01   7.131012e-01   9.059869e-01   4.304669e-01   4.280527e-01
   0.000000e+00   1.110056e-01   3.450460e-08   2.700360e-02   7.784616e-02   2.295124e-03   5.976736e-01   1.084202e-19   1.725859e-03   0.000000e+00   9.661329e-01   5.513930e-01   7.493598e-01   9.515916e-01   9.898479e-01   7.628180e-01   6.465523e-01   9.491284e-01   5.746677e-01   5.239344e-01
   2.487494e-01   1.336539e-01   1.433658e-05   0.000000e+00   0.000000e+00   6.402509e-02   7.561869e-01   5.240135e-06   0.000000e+00   2.285336e-02   8.807276e-01   5.500806e-01   7.490763e-01   9.471515e-01   9.987545e-01   7.635505e-01   7.048244e-01   9.189755e-01   5.732890e-01   5.750883e-01
   0.000000e+00   1.110056e-01   3.450460e-08   2.700360e-02   7.224488e-02   2.326070e-03   6.053377e-01   1.084202e-19   1.725859e-03   0.000000e+00   9.661329e-01   5.513781e-01   7.493598e-01   8.095368e-01   9.897558e-01   7.627179e-01   6.462523e-01   9.766095e-01   5.740785e-01   5.239344e-01
   9.309454e-01   0.000000e+00   5.278220e-10   2.182180e-03   0.000000e+00   6.399403e-02   7.842357e-01   4.534060e-04   5.172183e-02   1.091836e-03   9.216145e-01   5.549705e-01   7.875028e-01   9.508872e-01   8.043341e-01   9.824042e-01   6.455272e-01   9.761009e-01   5.550942e-01   7.142894e-01
   3.543669e-01   1.083928e-03   2.140080e-06   2.187514e-03   3.998616e-11   6.546047e-05   8.317647e-01   7.371523e-04   1.413940e-18   0.000000e+00   9.499642e-01   4.601226e-01   7.920223e-01   1.000000e+00   9.838688e-01   9.994030e-01   7.831971e-01   7.716849e-01   4.848826e-01   9.305652e-01
   2.311359e-01   2.210187e-03   4.667815e-04   0.000000e+00   0.000000e+00   7.048285e-03   7.823219e-01   1.273707e-04   0.000000e+00   1.136606e-06   9.340399e-01   4.524081e-01   7.548555e-01   9.560075e-01   9.769242e-01   6.263100e-01   6.982773e-01   9.882769e-01   5.552243e-01   9.414126e-01
   2.595182e-01   6.517855e-02   2.029436e-06   8.996408e-05   1.171667e-05   5.431874e-05   8.149652e-01   5.437985e-05   1.355253e-20   0.000000e+00   9.341329e-01   5.707400e-01   9.464817e-01   7.120130e-01   8.413189e-01   9.912371e-01   5.343427e-01   9.699501e-01   4.174469e-01   9.416815e-01
   1.802475e-01   4.161045e-02   0.000000e+00   3.995919e-03   7.720378e-11   2.916849e-03   7.800701e-01   0.000000e+00   0.000000e+00   1.977535e-04   9.289870e-01   6.423940e-01   7.826472e-01   9.316534e-01   8.559895e-01   5.906276e-01   6.808672e-01   8.308238e-01   5.641536e-01   7.121794e-01
   2.780337e-01   6.965426e-02   1.677389e-04   2.548717e-06   1.265138e-07   3.138732e-03   7.799005e-01   9.808833e-19   1.991307e-04   3.911679e-10   9.554945e-01   4.558651e-01   8.191978e-01   8.210835e-01   9.731182e-01   9.599922e-01   6.360444e-01   9.733546e-01   4.833089e-01   4.672350e-01
   0.000000e+00   1.108440e-01   0.000000e+00   2.915369e-02   7.702624e-02   2.295124e-03   6.185105e-01   2.589799e-16   1.813729e-05   0.000000e+00   9.796291e-01   5.513786e-01   7.856709e-01   8.708305e-01   9.898479e-01   7.605893e-01   6.457123e-01   9.491284e-01   5.722142e-01   5.426425e-01
   3.273888e-02   1.362795e-01   5.514688e-04   3.062021e-05   0.000000e+00   0.000000e+00   6.498043e-01   7.244477e-04   0.000000e+00   0.000000e+00   9.683508e-01   5.278267e-01   7.568440e-01   8.582139e-01   8.402713e-01   9.774175e-01   5.830169e-01   8.492570e-01   5.616516e-01   4.299656e-01
   2.520568e-01   7.976817e-02   8.784237e-07   1.313666e-06   4.175530e-12   6.845130e-03   8.307456e-01   0.000000e+00   0.000000e+00   3.249766e-02   9.338220e-01   5.526641e-01   7.807050e-01   8.564086e-01   8.732492e-01   9.848996e-01   7.544599e-01   9.123679e-01   5.651086e-01   7.057884e-01
   1.140025e-02   0.000000e+00   0.000000e+00   3.321900e-02   0.000000e+00   6.371586e-02   6.901517e-01   4.697682e-06   4.755264e-02   0.000000e+00   8.829059e-01   5.540971e-01   8.153743e-01   7.031614e-01   9.921360e-01   6.576763e-01   7.807556e-01   7.706458e-01   5.656671e-01   8.588969e-01
   2.821114e-01   1.258931e-01   1.725353e-04   2.689162e-06   7.715512e-03   1.360135e-06   6.080620e-01   7.008498e-02   5.037717e-04   3.381043e-02   9.416216e-01   4.588584e-01   8.233696e-01   7.083546e-01   9.793253e-01   9.897219e-01   5.347322e-01   9.745046e-01   3.943561e-01   8.704390e-01
   2.572085e-01   0.000000e+00   4.848190e-04   1.089152e-01   1.670070e-01   3.366246e-04   7.442905e-01   3.589863e-02   3.128959e-04   0.000000e+00   9.365428e-01   4.770859e-01   7.819223e-01   9.500008e-01   9.929513e-01   8.184865e-01   7.815253e-01   7.766211e-01   5.621131e-01   8.998036e-01
   0.000000e+00   6.587324e-02   0.000000e+00   3.200117e-03   0.000000e+00   1.507191e-04   6.199813e-01   5.470765e-07   1.805089e-05   1.372465e-09   9.799427e-01   5.705101e-01   7.847708e-01   7.095458e-01   9.899225e-01   6.205004e-01   6.402249e-01   9.544537e-01   5.225393e-01   4.782914e-01
   2.607279e-01   4.121028e-01   1.572750e-02   0.000000e+00   0.000000e+00   6.496533e-02   6.187939e-01   5.240135e-06   0.000000e+00   2.261823e-02   8.815004e-01   5.500806e-01   7.804266e-01   8.639664e-01   9.967720e-01   7.635505e-01   5.556114e-01   9.530048e-01   5.742317e-01   6.497521e-01
   2.933963e-01   3.613550e-01   5.440241e-06   3.127126e-05   2.555842e-12   0.000000e+00   7.791684e-01   1.433540e-03   0.000000e+00   3.200639e-02   8.514745e-01   5.526981e-01   7.813819e-01   9.578081e-01   9.802201e-01   9.901255e-01   8.437667e-01   9.856350e-01   5.863730e-01   4.408142e-01
   9.583632e-01   0.000000e+00   1.578205e-04   1.198165e-03   2.294101e-02   6.285163e-02   4.815775e-01   4.545548e-04   6.941575e-05   3.646817e-02   9.214529e-01   5.550604e-01   9.441882e-01   9.508505e-01   9.873682e-01   9.871889e-01   8.836855e-01   9.834682e-01   5.090075e-01   7.105467e-01
   3.302175e-02   1.109213e-01   3.450460e-08   2.738626e-02   4.512625e-03   6.767057e-03   6.081976e-01   1.099114e-19   1.005543e-15   0.000000e+00   9.674547e-01   5.523129e-01   8.314212e-01   9.583252e-01   9.898479e-01   7.652477e-01   6.696264e-01   9.115391e-01   5.746677e-01   5.239344e-01
   2.412385e-01   4.161045e-02   0.000000e+00   3.995919e-03   7.720378e-11   2.988566e-03   7.800701e-01   0.000000e+00   0.000000e+00   5.423875e-06   9.245398e-01   4.555748e-01   7.826472e-01   9.525310e-01   8.529750e-01   5.918294e-01   8.802684e-01   8.312213e-01   5.454637e-01   7.121794e-01
   2.544820e-01   9.729116e-02   1.026586e-09   1.313666e-06   7.756665e-11   1.780310e-03   8.142898e-01   0.000000e+00   5.311187e-02   0.000000e+00   8.338172e-01   5.528090e-01   7.816633e-01   8.557430e-01   8.073445e-01   9.774292e-01   6.466164e-01   7.655377e-01   5.620787e-01   7.726544e-01
   2.549427e-01   8.208434e-13   2.086498e-06   1.322690e-03   1.443353e-05   2.538369e-04   8.276066e-01   0.000000e+00   0.000000e+00   3.364151e-02   8.428618e-01   5.551428e-01   7.829038e-01   7.838206e-01   9.991117e-01   9.868009e-01   5.044173e-01   9.630898e-01   4.225553e-01   4.631591e-01
   2.589737e-01   6.464075e-02   3.749887e-06   1.530719e-04   1.068811e-05   5.532103e-05   8.137111e-01   5.437985e-05   1.355253e-20   0.000000e+00   9.380704e-01   3.936250e-01   6.982654e-01   7.120130e-01   8.232347e-01   9.912370e-01   5.282458e-01   9.698603e-01   5.469348e-01   7.798465e-01
   3.099596e-02   4.155951e-01   5.520151e-04   3.155496e-05   1.539104e-03   1.097442e-04   6.544625e-01   7.362671e-05   7.317011e-04   1.481440e-06   8.516520e-01   4.496582e-01   7.819223e-01   9.576390e-01   9.890984e-01   9.521701e-01   8.433914e-01   9.806153e-01   5.606296e-01   4.325681e-01
   2.605398e-01   3.253595e-01   1.279467e-07   1.699777e-02   2.583366e-07   3.130849e-03   6.107701e-01   3.981495e-18   3.404866e-06   0.000000e+00   9.461808e-01   4.541731e-01   9.522960e-01   8.626509e-01   9.727722e-01   6.239309e-01   6.991354e-01   9.749128e-01   4.891357e-01   4.636049e-01
   2.819776e-01   4.627590e-02   1.720434e-04   2.689162e-06   6.387282e-05   2.902468e-04   6.070801e-01   7.546891e-02   2.977117e-09   3.484097e-02   9.416419e-01   4.588584e-01   8.211134e-01   9.610005e-01   9.766787e-01   9.897219e-01   5.347322e-01   7.691698e-01   5.647876e-01   3.571071e-01
   2.793701e-02   1.114608e-01   3.740597e-06   5.685145e-05   5.374412e-05   6.983515e-04   6.281216e-01   0.000000e+00   2.938567e-07   1.748782e-02   8.999264e-01   6.404301e-01   7.002811e-01   8.576327e-01   9.966694e-01   4.712916e-01   7.360125e-01   9.685849e-01   5.751229e-01   8.847877e-01
   2.314104e-01   2.306338e-03   5.510039e-04   2.085485e-06   1.252155e-10   0.000000e+00   7.791318e-01   6.114216e-12   1.357690e-10   4.248862e-06   9.362137e-01   2.455336e-01   7.540651e-01   8.556361e-01   8.667035e-01   6.203321e-01   6.552628e-01   8.208467e-01   4.484336e-01   7.853091e-01
   3.099596e-02   4.155951e-01   5.520151e-04   2.349103e-05   1.570867e-03   1.097442e-04   6.534666e-01   7.362671e-05   7.379767e-04   1.268043e-06   8.520297e-01   4.496582e-01   9.459477e-01   8.697513e-01   9.890984e-01   9.895449e-01   8.433914e-01   7.647399e-01   5.606296e-01   9.499729e-01
   2.609180e-01   6.075914e-05   7.727132e-08   4.446096e-05   4.041164e-12   2.009849e-05   6.007011e-01   0.000000e+00   0.000000e+00   9.095917e-06   9.933534e-01   5.539797e-01   7.927875e-01   8.916343e-01   1.000000e+00   5.741102e-01   7.261659e-01   5.666555e-04   5.627894e-01   7.242046e-01
   1.766372e-01   1.056703e-01   0.000000e+00   0.000000e+00   8.186409e-11   1.742069e-03   8.152440e-01   0.000000e+00   6.288343e-02   0.000000e+00   9.341326e-01   5.416626e-01   9.464817e-01   7.100562e-01   8.165797e-01   9.910045e-01   8.504582e-01   7.652564e-01   5.645706e-01   9.521864e-01
   2.597629e-01   1.244372e-01   1.917722e-05   1.945712e-03   1.064642e-02   2.098010e-03   6.005653e-01   1.695619e-02   6.289988e-02   1.054298e-01   9.676305e-01   5.582407e-01   7.495796e-01   8.909925e-01   8.914895e-01   9.798154e-01   7.843407e-01   8.568347e-01   5.617326e-01   7.247249e-01
   2.776134e-01   6.759078e-02   1.677389e-04   2.548717e-06   2.534854e-07   3.090754e-03   6.086551e-01   0.000000e+00   2.094789e-04   0.000000e+00   9.475889e-01   4.560307e-01   8.199901e-01   8.135637e-01   9.780166e-01   6.145252e-01   6.991354e-01   9.738671e-01   4.864352e-01   4.643307e-01
   3.516584e-01   1.083928e-03   2.140080e-06   1.990912e-03   8.924566e-07   4.317287e-03   7.780757e-01   7.371523e-04   1.505370e-18   0.000000e+00   8.693632e-01   6.293937e-01   7.643664e-01   8.352494e-01   9.715568e-01   6.263007e-01   7.831971e-01   8.229289e-01   4.799968e-01   9.102356e-01
   2.487494e-01   1.336539e-01   6.148051e-06   0.000000e+00   0.000000e+00   6.402509e-02   7.202081e-01   5.240135e-06   0.000000e+00   2.285336e-02   9.340327e-01   5.713160e-01   7.490763e-01   9.471515e-01   9.987545e-01   7.635505e-01   7.048244e-01   9.189755e-01   5.698568e-01   5.750883e-01
   2.900884e-01   9.472141e-04   4.606054e-04   0.000000e+00   0.000000e+00   6.188930e-02   7.801385e-01   3.750585e-03   0.000000e+00   1.478956e-06   9.337548e-01   5.408212e-01   7.824563e-01   7.120130e-01   9.888368e-01   9.536297e-01   7.131012e-01   9.811318e-01   6.026792e-01   4.240078e-01
   2.703555e-01   7.144982e-05   1.152742e-07   3.720147e-05   1.000780e-10   5.909724e-02   7.786320e-01   0.000000e+00   0.000000e+00   3.092594e-02   8.688289e-01   5.611505e-01   8.147398e-01   9.287261e-01   9.894429e-01   6.130289e-01   7.648942e-01   7.440296e-01   5.059488e-01   7.220343e-01
   2.561498e-01   1.983656e-02   5.054173e-04   3.199212e-05   1.866616e-03   1.097442e-04   7.425815e-01   2.492449e-07   4.084758e-04   1.471093e-06   8.989867e-01   4.770859e-01   7.819223e-01   8.151805e-01   9.899890e-01   8.198622e-01   8.433914e-01   9.806153e-01   5.615919e-01   4.325681e-01
   2.511632e-01   7.976817e-02   8.986524e-07   1.313666e-06   4.175530e-12   6.845130e-03   7.795764e-01   0.000000e+00   0.000000e+00   3.249766e-02   9.248867e-01   5.526641e-01   7.807050e-01   9.045581e-01   8.532954e-01   9.848996e-01   6.805445e-01   9.112495e-01   5.651086e-01   7.048774e-01
   2.715024e-01   4.494944e-02   2.149056e-06   5.685145e-05   5.374412e-05   1.462898e-03   6.175956e-01   0.000000e+00   2.939812e-07   4.984072e-05   9.022960e-01   4.657788e-01   7.002811e-01   9.001848e-01   8.440203e-01   8.068014e-01   7.375892e-01   9.707908e-01   5.662641e-01   8.852123e-01
   0.000000e+00   9.729116e-02   1.222974e-07   1.313666e-06   4.757653e-12   2.087664e-05   6.587167e-01   0.000000e+00   5.332037e-02   0.000000e+00   8.338172e-01   5.549143e-01   7.802212e-01   8.557430e-01   8.391488e-01   7.996551e-01   6.466164e-01   7.631962e-01   5.760756e-01   5.203880e-01
   9.877226e-01   0.000000e+00   3.333922e-18   2.296161e-03   0.000000e+00   6.398895e-02   5.839513e-01   4.534060e-04   0.000000e+00   5.838893e-05   9.213068e-01   5.549542e-01   9.473386e-01   9.508872e-01   8.317604e-01   8.928115e-01   7.124556e-01   9.759174e-01   5.538948e-01   7.142894e-01
   3.432003e-01   6.755032e-02   1.881289e-06   1.197835e-04   1.114896e-12   0.000000e+00   6.969219e-01   6.237217e-06   0.000000e+00   1.934845e-01   9.740179e-01   5.384974e-01   8.480449e-01   9.573200e-01   9.732786e-01   9.975265e-01   5.410434e-01   0.000000e+00   5.789321e-01   4.465890e-01
   2.954108e-01   1.205247e-02   7.418086e-07   1.295073e-03   0.000000e+00   6.342593e-03   6.171041e-01   0.000000e+00   2.855637e-09   0.000000e+00   9.315191e-01   5.576504e-01   8.255461e-01   6.997088e-01   8.390759e-01   8.053287e-01   6.988473e-01   8.824408e-01   3.732739e-01   7.198851e-01
   2.512784e-01   7.791871e-02   8.986524e-07   1.147089e-05   7.943931e-03   0.000000e+00   7.795764e-01   0.000000e+00   0.000000e+00   3.249766e-02   9.255669e-01   5.441145e-01   7.807050e-01   9.045581e-01   8.532954e-01   9.848996e-01   7.857253e-01   9.035175e-01   5.651086e-01   7.024118e-01
   2.924585e-01   1.187994e-01   6.526991e-07   2.844677e-02   4.344498e-03   4.631198e-06   6.169626e-01   0.000000e+00   5.499173e-17   1.843529e-07   8.952012e-01   5.524302e-01   8.261779e-01   9.290929e-01   8.347698e-01   8.051507e-01   7.407775e-01   9.794486e-01   5.747240e-01   5.679629e-01
   2.549427e-01   4.702175e-02   3.192533e-08   5.823901e-03   1.091072e-05   2.513513e-04   6.083405e-01   0.000000e+00   1.001688e-07   1.227805e-03   8.448771e-01   5.589020e-01   8.098173e-01   7.886003e-01   9.982366e-01   9.865697e-01   5.043193e-01   7.139935e-01   5.604439e-01   9.010070e-01
   1.067372e-01   3.310776e-01   1.005552e-05   3.804489e-05   3.715438e-09   1.092686e-04   7.774906e-01   3.860939e-13   1.334479e-10   2.032288e-02   8.462746e-01   2.420655e-01   8.303394e-01   9.683904e-01   8.670732e-01   6.203321e-01   5.724709e-01   8.007853e-01   4.537122e-01   7.949051e-01
   2.793701e-02   1.118178e-01   3.740597e-06   5.745008e-05   0.000000e+00   6.983515e-04   6.281216e-01   0.000000e+00   2.991142e-07   7.719139e-05   8.999264e-01   5.660216e-01   7.002811e-01   9.544841e-01   9.969345e-01   4.712916e-01   7.069681e-01   9.926207e-01   5.756411e-01   8.847877e-01
   2.605398e-01   3.253595e-01   1.279467e-07   1.826562e-02   2.583366e-07   3.452051e-02   6.132223e-01   3.903128e-18   3.404866e-06   0.000000e+00   9.461808e-01   4.541731e-01   9.457426e-01   8.626509e-01   9.727722e-01   6.239309e-01   6.991354e-01   9.749463e-01   4.891357e-01   4.636049e-01
   2.872806e-01   4.558019e-01   1.666940e-05   3.062021e-05   1.002944e-08   0.000000e+00   6.498043e-01   7.244477e-04   7.121976e-04   0.000000e+00   9.349079e-01   5.278267e-01   7.568489e-01   8.582139e-01   8.412966e-01   7.920631e-01   5.742886e-01   8.225637e-01   5.616462e-01   5.191686e-01
   2.572085e-01   0.000000e+00   0.000000e+00   1.089152e-01   0.000000e+00   6.943202e-03   7.442905e-01   3.589863e-02   3.128959e-04   0.000000e+00   9.365275e-01   4.745813e-01   7.806606e-01   9.500008e-01   9.891994e-01   9.449979e-01   7.535918e-01   7.767210e-01   5.621131e-01   7.130675e-01
   2.637888e-01   4.508156e-02   2.149056e-06   3.778445e-05   5.555974e-05   4.278140e-03   5.994299e-01   1.014534e-04   1.056042e-02   4.877463e-05   8.999264e-01   3.698228e-01   7.002811e-01   9.858440e-01   8.360453e-01   8.068014e-01   7.375892e-01   9.785934e-01   5.654539e-01   9.150564e-01
   2.941840e-01   1.247592e-02   9.994865e-10   3.683643e-06   1.122047e-05   4.324903e-03   7.792155e-01   0.000000e+00   0.000000e+00   7.436258e-04   9.345684e-01   5.709420e-01   9.464817e-01   7.123023e-01   9.886145e-01   6.191684e-01   7.176856e-01   9.039803e-01   4.403259e-01   9.416815e-01
   4.909224e-02   9.729116e-02   1.026586e-09   1.313666e-06   7.756665e-11   1.256093e-03   8.140385e-01   7.390116e-20   0.000000e+00   0.000000e+00   8.695023e-01   4.522765e-01   7.835213e-01   8.551353e-01   8.644873e-01   9.774292e-01   6.466164e-01   6.824610e-01   5.654974e-01   7.726544e-01
   2.915916e-01   4.161929e-01   5.514688e-04   3.636190e-06   1.255865e-10   0.000000e+00   6.372996e-01   1.219727e-19   7.305729e-04   0.000000e+00   9.395780e-01   4.540566e-01   7.798247e-01   9.517971e-01   8.923862e-01   8.234473e-01   5.770305e-01   7.397677e-01   4.154935e-01   5.473835e-01
   6.282747e-03   3.863646e-02   0.000000e+00   3.985375e-03   7.960018e-02   2.916849e-03   5.709663e-01   1.938106e-02   0.000000e+00   1.604138e-07   9.334751e-01   5.618561e-01   7.826472e-01   8.550448e-01   8.729288e-01   7.699632e-01   7.139693e-01   8.319422e-01   5.063985e-01   5.354628e-01
   1.833359e-01   3.455882e-01   1.312320e-07   3.297397e-07   2.658248e-07   1.142108e-04   6.994282e-01   9.318146e-03   0.000000e+00   2.013237e-02   9.346832e-01   4.587758e-01   9.526586e-01   8.647629e-01   8.371534e-01   9.273097e-01   6.455905e-01   7.826421e-01   5.554569e-01   9.365499e-01
   0.000000e+00   1.468012e-01   3.450460e-08   4.748997e-04   2.505437e-03   2.295124e-03   5.978652e-01   1.084202e-19   1.725859e-03   0.000000e+00   9.669261e-01   5.513930e-01   7.493598e-01   9.514962e-01   7.876647e-01   6.255075e-01   6.465523e-01   9.402241e-01   5.769419e-01   5.280273e-01
   0.000000e+00   1.089644e-01   5.048332e-06   2.700360e-02   1.210923e-03   2.326070e-03   6.053377e-01   1.084202e-19   1.180067e-03   0.000000e+00   9.661329e-01   5.513781e-01   7.489909e-01   8.161391e-01   9.913684e-01   7.627179e-01   6.462523e-01   9.766095e-01   5.740785e-01   9.411077e-01
   2.579555e-01   1.983656e-02   0.000000e+00   3.199212e-05   1.137032e-04   1.097442e-04   7.425815e-01   2.492449e-07   4.227975e-04   1.433609e-06   9.797144e-01   4.794139e-01   7.819223e-01   8.155022e-01   9.899890e-01   8.140807e-01   6.381117e-01   9.806153e-01   5.615919e-01   4.833643e-01
   1.259573e-02   4.166777e-02   0.000000e+00   3.767242e-02   7.720378e-11   2.916849e-03   6.911397e-01   4.845879e-06   0.000000e+00   7.955948e-09   9.302353e-01   6.432012e-01   8.140345e-01   9.320285e-01   8.559895e-01   5.906276e-01   7.790564e-01   7.696818e-01   5.657131e-01   7.121794e-01
   2.717418e-01   4.535711e-02   2.149056e-06   5.685145e-05   5.374412e-05   1.456569e-03   6.175956e-01   0.000000e+00   2.962698e-07   4.984072e-05   9.027031e-01   4.657788e-01   7.002811e-01   9.001848e-01   8.455492e-01   9.983406e-01   7.375892e-01   9.707908e-01   5.662641e-01   8.846145e-01
   2.780337e-01   6.685224e-02   1.677389e-04   2.548717e-06   3.564653e-09   3.137991e-03   7.799005e-01   9.757820e-19   1.991307e-04   3.911679e-10   9.554945e-01   4.558651e-01   9.472960e-01   8.210835e-01   9.731182e-01   9.599922e-01   7.952770e-01   3.338117e-02   4.833089e-01   9.065089e-01
   3.528693e-01   8.095001e-13   2.107729e-06   3.937483e-06   0.000000e+00   3.052343e-03   7.798118e-01   7.262999e-04   5.450027e-07   3.276620e-02   9.211595e-01   5.368708e-01   7.930223e-01   9.280088e-01   9.876486e-01   9.817862e-01   7.806091e-01   0.000000e+00   5.444756e-01   7.781138e-01
   0.000000e+00   5.842863e-03   5.510039e-04   5.503341e-02   1.252155e-10   0.000000e+00   6.062876e-01   6.114216e-12   1.357690e-10   4.270556e-06   8.927289e-01   2.455336e-01   7.540651e-01   8.098465e-01   8.667035e-01   6.203321e-01   6.552915e-01   9.802959e-01   4.484336e-01   7.666165e-01
   2.611062e-01   1.032274e-01   6.314544e-06   2.982418e-02   3.320367e-07   1.210392e-03   4.669298e-01   1.753667e-02   5.512966e-03   2.848776e-05   9.338386e-01   4.609093e-01   9.516995e-01   9.294417e-01   7.921193e-01   1.000000e+00   5.376485e-01   8.528057e-01   4.444584e-01   7.112664e-01
   2.793701e-02   7.128247e-04   3.740597e-06   5.713571e-05   5.374412e-05   0.000000e+00   7.779775e-01   0.000000e+00   2.938567e-07   1.772251e-02   8.955930e-01   6.416357e-01   6.989495e-01   9.294003e-01   9.966694e-01   6.195196e-01   6.655955e-01   9.685849e-01   5.064960e-01   8.525096e-01
   4.271587e-02   9.865345e-02   0.000000e+00   3.297397e-07   1.574816e-04   1.379438e-04   6.994282e-01   2.521854e-16   0.000000e+00   2.013237e-02   9.201278e-01   5.544929e-01   7.807227e-01   8.718975e-01   8.670687e-01   7.709856e-01   6.554648e-01   7.831137e-01   5.186535e-01   7.056830e-01
   2.589737e-01   6.464075e-02   1.065565e-05   1.578999e-04   1.179040e-05   8.344512e-05   8.137891e-01   0.000000e+00   3.283259e-12   0.000000e+00   8.472934e-01   2.418011e-01   6.982654e-01   7.120130e-01   8.655822e-01   9.958649e-01   5.284759e-01   9.698603e-01   4.495861e-01   9.208538e-01
   3.329117e-02   4.079660e-01   0.000000e+00   3.085597e-05   0.000000e+00   9.163208e-05   8.152440e-01   0.000000e+00   6.338933e-02   3.779472e-02   9.940827e-01   4.588101e-01   9.464817e-01   7.100562e-01   9.809399e-01   9.909821e-01   8.504582e-01   7.652564e-01   5.645641e-01   9.274950e-01
   2.549439e-01   7.976817e-02   8.784237e-07   1.316648e-03   4.175530e-12   6.845130e-03   8.278271e-01   0.000000e+00   0.000000e+00   3.364859e-02   9.357967e-01   5.551244e-01   7.806627e-01   8.564086e-01   8.732492e-01   9.868501e-01   5.040662e-01   9.634821e-01   5.256784e-01   7.057884e-01
   2.543502e-02   1.089239e-01   3.450460e-08   2.758723e-02   4.738489e-03   6.767057e-03   6.081976e-01   8.892185e-15   1.006036e-13   2.529129e-04   9.681235e-01   5.580429e-01   8.314212e-01   9.582925e-01   9.701203e-01   7.536250e-01   6.696264e-01   9.115391e-01   4.528628e-01   5.239344e-01
   2.319518e-01   6.655134e-04   2.032279e-06   4.017959e-06   7.363548e-11   4.096089e-03   7.790979e-01   7.371523e-04   2.860708e-10   3.221131e-02   8.904762e-01   5.501083e-01   9.524331e-01   8.549416e-01   9.707311e-01   6.001107e-01   6.755298e-01   3.510967e-02   4.174623e-01   7.781138e-01
   1.067372e-01   3.310776e-01   1.711222e-05   3.804489e-05   0.000000e+00   1.092686e-04   7.774906e-01   6.986701e-04   1.334479e-10   2.032288e-02   8.447584e-01   2.420655e-01   8.303394e-01   1.000000e+00   8.909150e-01   6.017939e-01   8.481869e-01   8.535227e-01   4.537122e-01   4.667571e-01
   0.000000e+00   1.468012e-01   2.196270e-06   4.753907e-04   2.505437e-03   2.295124e-03   5.978652e-01   1.618097e-06   1.725859e-03   2.115159e-07   9.669261e-01   5.513930e-01   7.493598e-01   9.514962e-01   7.876647e-01   6.209994e-01   6.465523e-01   9.402241e-01   5.769419e-01   5.280273e-01
   2.589778e-01   6.547814e-02   3.749887e-06   3.225360e-03   1.175082e-05   5.620862e-05   8.149652e-01   7.625409e-02   1.159790e-20   2.569491e-04   9.345719e-01   5.707400e-01   9.520847e-01   7.120234e-01   7.412346e-01   9.912370e-01   5.343427e-01   9.698603e-01   4.174469e-01   4.688464e-01
   2.544820e-01   8.472664e-02   1.026586e-09   2.072647e-06   7.993420e-11   1.780310e-03   8.142898e-01   7.037195e-12   0.000000e+00   0.000000e+00   9.351792e-01   5.507344e-01   7.816633e-01   8.557430e-01   8.691618e-01   6.461346e-01   6.466164e-01   7.653783e-01   5.626022e-01   7.719734e-01
   0.000000e+00   1.988657e-02   1.281709e-06   4.197547e-05   2.153276e-04   0.000000e+00   6.106138e-01   1.011713e-04   1.070803e-02   1.980200e-02   9.314979e-01   8.775233e-01   9.599981e-01   8.144188e-01   9.863509e-01   1.000000e+00   7.908981e-01   9.785961e-01   5.479146e-01   9.014125e-01
   2.599655e-01   7.144982e-05   9.350787e-07   3.742081e-05   1.000780e-10   5.787403e-02   5.991659e-01   5.251407e-04   1.379187e-03   3.105221e-02   9.436000e-01   5.611516e-01   7.493602e-01   9.287261e-01   9.894429e-01   6.186839e-01   7.648942e-01   8.587211e-01   5.617405e-01   7.220343e-01
   3.099596e-02   4.015713e-03   5.520151e-04   1.234578e-03   1.539104e-03   1.097442e-04   6.544625e-01   7.189519e-05   7.454279e-04   0.000000e+00   8.491495e-01   4.496582e-01   7.826813e-01   9.578941e-01   9.902685e-01   6.374333e-01   8.433914e-01   8.009103e-01   5.660578e-01   7.880803e-01
   2.949868e-01   1.209393e-02   7.418086e-07   1.315302e-03   1.187428e-12   6.342593e-03   6.201927e-01   0.000000e+00   2.855637e-09   0.000000e+00   9.317229e-01   5.576947e-01   8.255461e-01   6.963946e-01   9.965410e-01   6.162528e-01   7.289911e-01   7.434743e-01   3.732739e-01   7.198851e-01
   2.593822e-01   6.549932e-02   1.593739e-05   3.081095e-05   1.171667e-05   5.431874e-05   8.149652e-01   5.437985e-05   1.355253e-20   0.000000e+00   9.460179e-01   5.691704e-01   9.464817e-01   7.184488e-01   8.854744e-01   9.915025e-01   5.343427e-01   9.699501e-01   4.215792e-01   9.416815e-01
   2.588446e-01   1.571520e-01   1.684852e-08   9.128746e-03   7.756665e-11   1.780310e-03   8.277882e-01   0.000000e+00   5.636205e-02   0.000000e+00   8.338172e-01   5.552030e-01   7.816662e-01   8.557430e-01   9.964797e-01   9.835358e-01   6.466164e-01   9.688674e-01   5.818343e-01   7.726544e-01
   2.769124e-01   1.118178e-01   3.740597e-06   5.745008e-05   6.794599e-07   6.983515e-04   6.275104e-01   7.977063e-04   0.000000e+00   7.771085e-05   9.457314e-01   5.660216e-01   7.107144e-01   9.544841e-01   8.926647e-01   4.712916e-01   7.006442e-01   9.926207e-01   5.616306e-01   4.533893e-01
   1.259573e-02   6.181498e-04   0.000000e+00   3.761348e-02   7.962975e-06   0.000000e+00   6.896984e-01   4.845879e-06   0.000000e+00   7.955948e-09   9.302403e-01   6.453592e-01   8.140345e-01   9.320285e-01   8.559895e-01   5.694390e-01   7.790564e-01   7.718639e-01   5.655537e-01   9.159192e-01
   2.793701e-02   1.119349e-01   3.740535e-06   5.745008e-05   0.000000e+00   6.585793e-05   6.281216e-01   5.253710e-05   3.015493e-07   7.719139e-05   9.452752e-01   5.660216e-01   7.002811e-01   9.544841e-01   8.374400e-01   4.712916e-01   7.069681e-01   9.931443e-01   5.756411e-01   4.049457e-01
   2.792706e-01   2.344957e-03   9.825736e-06   1.953610e-04   1.021924e-11   1.447947e-03   7.798769e-01   4.156050e-13   0.000000e+00   3.212257e-02   8.455368e-01   2.551214e-01   8.303394e-01   8.986236e-01   7.568567e-01   9.989462e-01   5.724709e-01   8.007853e-01   4.427488e-01   7.940673e-01
   2.611062e-01   1.246967e-01   6.314544e-06   2.987470e-02   1.083176e-02   1.210392e-03   6.004699e-01   1.753667e-02   5.714275e-03   2.848776e-05   9.338386e-01   5.574343e-01   9.516995e-01   9.294417e-01   7.921193e-01   9.801526e-01   5.376485e-01   8.566756e-01   4.444584e-01   7.248458e-01
   3.016190e-01   1.170924e-01   6.526991e-07   2.844677e-02   4.433414e-03   4.631198e-06   6.169626e-01   0.000000e+00   0.000000e+00   1.843529e-07   8.914269e-01   5.524302e-01   8.261779e-01   9.290929e-01   8.347698e-01   8.051507e-01   7.876106e-01   9.794486e-01   5.741464e-01   5.679629e-01
   1.743420e-01   1.063812e-01   2.065163e-05   6.989948e-07   1.337018e-04   1.760181e-03   6.544625e-01   7.204897e-02   2.257953e-04   4.104680e-04   8.492711e-01   4.880695e-01   7.824342e-01   9.611439e-01   8.118605e-01   9.900596e-01   8.402388e-01   7.686349e-01   5.606360e-01   3.798233e-01
   2.520556e-01   8.208434e-13   2.086498e-06   7.355304e-06   1.443353e-05   2.538369e-04   8.305250e-01   0.000000e+00   0.000000e+00   3.249059e-02   8.652908e-01   5.526824e-01   7.829461e-01   7.838206e-01   9.991117e-01   9.848504e-01   7.548110e-01   9.119756e-01   3.719228e-01   4.631591e-01
   2.397462e-01   4.342438e-03   1.944187e-06   1.043063e-03   0.000000e+00   2.693699e-02   5.935244e-01   3.283543e-13   7.480562e-13   3.305922e-02   8.905499e-01   2.363355e-01   7.827541e-01   9.669330e-01   8.714817e-01   6.319548e-01   5.726556e-01   8.007853e-01   5.705655e-01   7.949051e-01
   2.714194e-01   6.425224e-02   1.936692e-06   3.767903e-05   1.824357e-12   4.016458e-02   8.269708e-01   5.240135e-06   5.470879e-12   2.285829e-02   9.393690e-01   5.368432e-01   7.516626e-01   9.302526e-01   8.676272e-01   1.000000e+00   5.556114e-01   9.553224e-01   5.751740e-01   7.791069e-01
   3.316416e-02   2.387316e-03   1.944187e-06   1.571000e-05   1.601668e-09   2.664025e-02   7.785238e-01   9.087364e-15   8.476543e-13   3.324362e-02   8.912187e-01   2.416089e-01   7.827541e-01   9.669004e-01   8.094807e-01   6.163324e-01   5.743259e-01   8.022983e-01   4.487606e-01   7.949051e-01
   2.579555e-01   3.420016e-01   1.117969e-10   0.000000e+00   0.000000e+00   1.097362e-04   7.438769e-01   1.362421e-04   4.650075e-04   1.433609e-06   9.797144e-01   4.794139e-01   7.819231e-01   8.155022e-01   9.899890e-01   8.140807e-01   6.454993e-01   8.008184e-01   5.615919e-01   4.833643e-01
   2.913996e-01   9.712342e-02   1.887673e-06   1.599133e-06   9.959484e-11   0.000000e+00   7.791318e-01   3.659659e-03   6.334416e-07   1.228024e-07   8.282009e-01   2.420655e-01   9.457455e-01   8.539057e-01   8.667035e-01   9.850266e-01   5.724709e-01   8.212103e-01   6.075571e-01   7.726823e-01
   2.629953e-01   6.547814e-02   1.265884e-06   3.658973e-04   2.226300e-04   5.596747e-05   6.238432e-01   1.067629e-04   0.000000e+00   1.948935e-02   9.345719e-01   7.365685e-01   9.464817e-01   8.606975e-01   8.458667e-01   6.199311e-01   6.935109e-01   9.787984e-01   5.228301e-01   9.099797e-01
   2.605398e-01   6.858807e-02   1.303563e-07   3.704812e-04   2.583366e-07   3.130849e-03   8.194383e-01   3.981495e-18   3.404866e-06   0.000000e+00   9.461808e-01   4.605300e-01   7.852799e-01   8.606009e-01   9.732726e-01   6.239309e-01   6.993876e-01   9.749128e-01   4.891357e-01   4.576365e-01
   2.717247e-01   6.442991e-02   9.329921e-07   3.984080e-06   7.482334e-11   4.096089e-03   7.790979e-01   7.160382e-04   2.860708e-10   2.365027e-04   8.905103e-01   5.550229e-01   9.550193e-01   9.296648e-01   9.707311e-01   1.000000e+00   7.953581e-01   5.272294e-02   4.174623e-01   7.781138e-01
   2.595030e-01   1.021300e-01   7.668106e-08   1.893954e-06   7.955259e-11   2.009849e-05   6.026019e-01   0.000000e+00   0.000000e+00   9.095917e-06   9.971767e-01   5.539797e-01   7.929198e-01   8.916343e-01   8.209363e-01   9.733789e-01   7.800604e-01   3.554335e-02   5.627894e-01   7.237458e-01
   3.534330e-01   1.083928e-03   2.140080e-06   9.327567e-05   2.949596e-12   4.133842e-03   6.185874e-01   7.132469e-04   1.505370e-18   0.000000e+00   8.693632e-01   6.299087e-01   7.518936e-01   1.000000e+00   9.715568e-01   9.971259e-01   7.756329e-01   7.716849e-01   4.799968e-01   9.156475e-01
   1.826421e-01   3.204937e-01   2.846868e-08   3.297397e-07   3.777171e-09   4.158228e-03   6.994282e-01   1.065222e-02   0.000000e+00   2.013237e-02   9.343483e-01   5.530786e-01   7.807227e-01   8.647629e-01   8.736484e-01   9.957016e-01   6.437369e-01   1.000000e+00   5.186535e-01   9.365499e-01
   2.939692e-01   8.106358e-05   2.125708e-07   9.424574e-06   7.457934e-11   4.318556e-03   6.973866e-01   2.816534e-02   5.496738e-02   6.097066e-05   8.955031e-01   6.299584e-01   8.203082e-01   9.442743e-01   9.666717e-01   6.069272e-01   7.872382e-01   7.843692e-01   5.876732e-01   7.170336e-01
   2.709886e-02   1.110056e-01   0.000000e+00   2.978353e-02   4.512625e-03   6.767057e-03   4.706645e-01   1.790132e-02   5.559055e-03   0.000000e+00   9.674547e-01   5.549752e-01   8.396228e-01   9.262209e-01   9.902048e-01   1.000000e+00   6.137831e-01   9.115391e-01   5.726683e-01   5.239344e-01
   2.707795e-01   2.998917e-05   1.152742e-07   1.697270e-05   9.889058e-11   5.909724e-02   7.755434e-01   0.000000e+00   2.221909e-02   3.092594e-02   8.686251e-01   5.611062e-01   8.147398e-01   9.320403e-01   8.319778e-01   8.021048e-01   7.648942e-01   8.829962e-01   5.059488e-01   7.220343e-01
   3.300749e-02   1.110056e-01   3.450460e-08   3.923867e-04   4.512625e-03   6.767057e-03   6.205532e-01   1.980591e-19   1.449633e-15   7.980627e-02   9.673998e-01   5.523995e-01   7.503817e-01   9.377435e-01   9.898479e-01   7.648484e-01   6.467005e-01   9.115391e-01   5.746677e-01   5.239344e-01
   3.273888e-02   4.087818e-01   5.514688e-04   2.364686e-05   1.029857e-08   0.000000e+00   6.998971e-01   0.000000e+00   7.121976e-04   5.651663e-04   9.358207e-01   5.540735e-01   7.807214e-01   9.507280e-01   8.412966e-01   5.127167e-01   6.445060e-01   7.632383e-01   5.653838e-01   5.195079e-01
   2.823755e-01   6.537066e-02   3.749887e-06   3.225360e-03   2.829344e-04   5.532103e-05   8.041929e-01   8.358866e-05   1.159707e-20   0.000000e+00   9.302962e-01   4.759680e-01   6.982654e-01   7.120130e-01   8.232347e-01   9.912370e-01   5.282458e-01   9.684625e-01   5.446759e-01   9.208538e-01
   2.962578e-01   1.114368e-01   3.450460e-08   2.738626e-02   4.294676e-03   2.023242e-04   6.095023e-01   0.000000e+00   5.613999e-16   1.514933e-03   9.204125e-01   5.523129e-01   8.297386e-01   9.608962e-01   1.000000e+00   7.652477e-01   8.779294e-01   9.115391e-01   5.754346e-01   5.239344e-01
   2.778824e-01   6.871299e-02   0.000000e+00   3.045509e-05   4.041164e-12   0.000000e+00   5.973136e-01   0.000000e+00   2.020352e-04   6.603782e-07   9.931667e-01   5.539797e-01   7.927875e-01   8.916343e-01   1.000000e+00   5.741102e-01   7.916802e-01   3.814086e-02   4.830902e-01   7.186986e-01
   2.717247e-01   1.707018e-03   2.107729e-06   3.937483e-06   0.000000e+00   4.096089e-03   7.790979e-01   7.371523e-04   1.050435e-08   3.276620e-02   8.951363e-01   5.368708e-01   7.931068e-01   9.286011e-01   9.715568e-01   5.957992e-01   7.416423e-01   0.000000e+00   5.450532e-01   7.781138e-01
