   2.625954e-01   2.957579e-12   0.000000e+00   1.703701e-04   0.000000e+00   5.005634e-02   7.451391e-01   9.089561e-01   8.014040e-01   9.999821e-01   9.997435e-01   9.929001e-01   9.853128e-01   9.982744e-01   9.953054e-01   9.996120e-01
   1.617104e-01   7.034954e-24   2.192018e-08   2.019039e-14   0.000000e+00   6.395086e-04   7.413828e-01   9.966353e-01   8.134838e-01   9.961685e-01   9.999404e-01   1.000000e+00   9.868964e-01   9.982661e-01   9.998651e-01   9.991712e-01
   2.277078e-01   6.045381e-01   3.400759e-14   0.000000e+00   0.000000e+00   8.284494e-04   7.423353e-01   9.362822e-01   9.832510e-01   9.971815e-01   9.905579e-01   9.977336e-01   9.963381e-01   9.994830e-01   9.963379e-01   1.000000e+00
   1.875582e-01   3.234948e-01   3.601291e-11   4.054886e-10   9.943370e-08   0.000000e+00   7.423075e-01   9.093034e-01   7.944796e-01   9.899712e-01   9.998190e-01   9.928641e-01   9.853322e-01   9.983331e-01   9.998235e-01   9.999151e-01
   2.271555e-01   3.418830e-09   1.532629e-04   4.863777e-10   2.493222e-13   7.764901e-04   7.877439e-01   8.338762e-01   7.998096e-01   9.987978e-01   9.999443e-01   9.986697e-01   9.870410e-01   9.982802e-01   9.997430e-01   9.992349e-01
   0.000000e+00   4.038968e-28   9.809462e-09   2.018409e-14   0.000000e+00   5.698369e-02   7.343428e-01   9.342477e-01   9.233685e-01   9.999922e-01   9.965041e-01   9.999271e-01   9.721432e-01   9.982752e-01   9.995259e-01   1.000000e+00
   8.155138e-03   3.893335e-01   0.000000e+00   7.681413e-10   8.305124e-18   3.712783e-10   6.684611e-01   9.342831e-01   9.967111e-01   1.000000e+00   9.908849e-01   1.000000e+00   9.796002e-01   9.958948e-01   1.000000e+00   9.977432e-01
   2.286691e-01   2.614246e-01   3.309061e-14   5.013036e-09   0.000000e+00   1.656568e-02   8.892720e-01   9.879472e-01   9.983516e-01   9.998661e-01   9.990381e-01   9.989178e-01   9.961864e-01   9.996416e-01   9.490279e-01   9.375532e-01
   7.937536e-02   2.121641e-02   1.320208e-01   7.465160e-11   5.965194e-16   1.139724e-09   6.759179e-01   7.898487e-01   7.755060e-01   9.989245e-01   9.998901e-01   9.988635e-01   9.896281e-01   9.968302e-01   9.634372e-01   1.000000e+00
   1.875582e-01   3.793776e-01   3.601291e-11   7.380771e-10   9.943370e-08   0.000000e+00   7.411485e-01   9.093034e-01   7.931426e-01   9.899712e-01   9.998190e-01   9.928641e-01   9.861865e-01   9.983331e-01   9.837790e-01   9.997823e-01
   1.426489e-01   3.889075e-01   0.000000e+00   7.681413e-10   8.305158e-18   3.712783e-10   6.684611e-01   9.342831e-01   9.967111e-01   1.000000e+00   9.910264e-01   9.884617e-01   9.796002e-01   9.958948e-01   1.000000e+00   9.977432e-01
   2.446394e-01   2.957579e-12   0.000000e+00   4.872658e-05   0.000000e+00   5.195028e-02   7.436065e-01   9.095346e-01   8.014040e-01   9.896909e-01   9.997330e-01   9.929555e-01   9.857756e-01   9.982959e-01   9.953570e-01   9.996120e-01
   3.106693e-01   2.483456e-09   3.800978e-02   0.000000e+00   0.000000e+00   5.054357e-02   6.740330e-01   9.543157e-01   7.738825e-01   9.686941e-01   9.997466e-01   9.975538e-01   9.859231e-01   9.982756e-01   9.966375e-01   1.000000e+00
   2.208692e-01   0.000000e+00   2.303471e-08   2.018409e-14   0.000000e+00   5.698369e-02   7.343428e-01   9.342477e-01   9.233685e-01   9.999917e-01   9.965041e-01   9.961450e-01   9.721432e-01   9.982752e-01   9.995113e-01   1.000000e+00
   2.231815e-01   3.408399e-09   0.000000e+00   3.439367e-02   2.843498e-11   0.000000e+00   6.949469e-01   9.546088e-01   7.986446e-01   9.997851e-01   9.979283e-01   9.987431e-01   9.640215e-01   9.982350e-01   9.996031e-01   9.991454e-01
   4.559435e-02   4.820264e-01   1.443942e-01   9.709950e-10   4.082836e-08   9.414731e-04   6.744601e-01   8.116410e-01   9.838991e-01   1.000000e+00   9.991609e-01   9.926786e-01   9.857187e-01   9.981779e-01   9.998950e-01   9.967378e-01
   2.252740e-01   2.970233e-09   1.532629e-04   4.863777e-10   2.493222e-13   7.764901e-04   7.877439e-01   8.447050e-01   7.998096e-01   9.987978e-01   9.999443e-01   9.986242e-01   9.870410e-01   9.982665e-01   9.998364e-01   9.992318e-01
   0.000000e+00   4.153888e-13   1.439217e-09   5.687214e-12   0.000000e+00   5.180231e-02   7.454471e-01   9.564688e-01   9.906159e-01   9.828370e-01   9.970272e-01   9.987088e-01   9.859377e-01   9.983288e-01   9.996087e-01   9.042682e-01
   3.106693e-01   2.483456e-09   8.237016e-02   5.765012e-12   0.000000e+00   5.053800e-02   8.685053e-01   9.543220e-01   7.738825e-01   9.686941e-01   9.997149e-01   9.975055e-01   9.859373e-01   9.982779e-01   9.966375e-01   1.000000e+00
   1.819125e-01   2.612918e-01   2.528766e-15   1.165334e-08   9.945938e-14   8.373547e-04   7.423445e-01   9.876363e-01   9.990486e-01   1.000000e+00   9.989879e-01   9.978761e-01   9.850498e-01   9.982476e-01   9.999967e-01   9.995965e-01
   1.230481e-01   4.153899e-13   9.713339e-04   1.329922e-12   6.193957e-13   4.771936e-05   6.783747e-01   9.806207e-01   9.956087e-01   9.993149e-01   9.968965e-01   9.867650e-01   9.607195e-01   9.982169e-01   9.474604e-01   9.993928e-01
   1.819125e-01   2.612918e-01   2.525757e-15   1.193725e-08   4.009499e-11   1.383075e-04   7.416234e-01   9.859539e-01   9.214087e-01   9.958654e-01   9.971248e-01   9.989199e-01   9.875245e-01   9.995098e-01   9.998916e-01   9.965908e-01
   2.265027e-01   2.957579e-12   0.000000e+00   5.143888e-05   0.000000e+00   5.033629e-02   7.664173e-01   9.095346e-01   8.014040e-01   9.836500e-01   9.997526e-01   9.929481e-01   9.869721e-01   9.982963e-01   9.956542e-01   9.993782e-01
   1.806027e-01   2.567802e-01   8.021797e-08   0.000000e+00   0.000000e+00   5.196513e-02   7.452757e-01   9.789612e-01   9.838588e-01   9.948197e-01   9.973404e-01   9.995286e-01   9.804571e-01   9.982759e-01   9.996052e-01   9.982700e-01
   1.609291e-01   2.408556e-01   0.000000e+00   3.390647e-03   0.000000e+00   7.495089e-08   8.808947e-01   8.830451e-01   7.178854e-01   9.984958e-01   8.857022e-01   1.000000e+00   9.336073e-01   9.983202e-01   8.873524e-01   9.946478e-01
   2.506872e-01   3.648729e-01   1.477200e-01   3.662369e-09   3.649743e-04   8.977350e-04   7.762632e-01   9.970436e-01   7.996238e-01   1.000000e+00   9.997376e-01   9.966326e-01   9.944294e-01   9.999091e-01   9.903641e-01   9.999936e-01
   2.300271e-01   3.934730e-01   1.660425e-04   1.579902e-07   5.750217e-13   0.000000e+00   7.433460e-01   8.022418e-01   8.020910e-01   9.626322e-01   9.996150e-01   9.931590e-01   9.798901e-01   9.959229e-01   9.453430e-01   9.996318e-01
   1.780888e-01   3.611129e-01   3.848468e-03   8.844394e-08   2.498002e-16   4.333783e-05   7.453859e-01   9.907716e-01   9.844987e-01   1.000000e+00   9.969743e-01   9.986915e-01   9.948721e-01   9.982506e-01   9.998246e-01   9.127579e-01
   2.300271e-01   3.880922e-01   1.660425e-04   1.579902e-07   5.750217e-13   0.000000e+00   7.413490e-01   8.022418e-01   8.020910e-01   9.626322e-01   9.996150e-01   9.931590e-01   9.798901e-01   9.982817e-01   9.453430e-01   9.996318e-01
   4.579475e-02   4.942030e-01   1.417584e-01   1.001309e-09   4.258589e-08   9.287097e-04   6.744601e-01   8.168956e-01   9.838991e-01   1.000000e+00   9.991609e-01   9.926786e-01   9.857187e-01   9.982488e-01   9.998950e-01   9.984027e-01
   2.269366e-01   2.539608e-09   3.813222e-02   0.000000e+00   0.000000e+00   5.054357e-02   6.740330e-01   9.085416e-01   7.738825e-01   9.688196e-01   9.997525e-01   9.975197e-01   9.859439e-01   9.982756e-01   9.956474e-01   9.999882e-01
   1.617967e-01   3.639002e-01   1.474149e-01   1.165334e-08   3.599884e-04   8.354178e-04   7.307039e-01   9.885029e-01   7.980617e-01   9.839489e-01   9.986684e-01   9.996162e-01   9.961404e-01   9.978938e-01   9.998522e-01   9.999877e-01
   2.733454e-01   3.408399e-09   0.000000e+00   1.728233e-03   8.401513e-15   8.815093e-03   6.944443e-01   9.255230e-01   7.986446e-01   1.000000e+00   9.979155e-01   9.987452e-01   9.639883e-01   9.982350e-01   9.994531e-01   9.991646e-01
   2.708786e-01   2.971416e-09   1.579870e-04   3.626986e-10   4.045911e-11   0.000000e+00   7.880795e-01   9.396235e-01   9.993573e-01   9.987978e-01   9.999533e-01   9.996171e-01   9.870410e-01   9.982665e-01   9.999987e-01   9.992386e-01
   2.114474e-01   0.000000e+00   2.298356e-08   2.018394e-14   0.000000e+00   5.662906e-02   7.343428e-01   9.338372e-01   9.233685e-01   9.674356e-01   9.965041e-01   9.988789e-01   9.726628e-01   9.982752e-01   9.995051e-01   1.000000e+00
   2.300271e-01   5.545116e-01   1.660425e-04   1.579902e-07   5.750217e-13   0.000000e+00   7.433584e-01   8.116906e-01   9.968082e-01   9.626322e-01   9.996150e-01   9.931558e-01   9.798901e-01   9.958788e-01   9.453430e-01   9.996318e-01
   2.258249e-01   2.972317e-09   6.821919e-05   3.775228e-10   2.769141e-11   0.000000e+00   8.641537e-01   9.344435e-01   7.974982e-01   9.988634e-01   9.999544e-01   9.363449e-01   9.709405e-01   9.983339e-01   9.995327e-01   9.999635e-01
   2.506872e-01   3.652616e-01   1.477200e-01   3.712492e-09   3.649743e-04   8.977350e-04   7.169386e-01   9.970436e-01   7.996238e-01   9.999954e-01   9.997376e-01   9.966326e-01   9.944294e-01   9.999091e-01   9.903503e-01   9.999936e-01
   1.819308e-01   2.408556e-01   0.000000e+00   3.390647e-03   5.239494e-13   1.548755e-05   8.822646e-01   8.827458e-01   7.178854e-01   9.985135e-01   9.989486e-01   9.931147e-01   9.336073e-01   9.983202e-01   1.000000e+00   9.947369e-01
   1.746089e-01   3.768901e-01   0.000000e+00   1.766442e-04   3.957053e-11   8.017661e-06   7.159452e-01   9.600854e-01   6.849991e-01   9.997748e-01   9.542992e-01   9.975006e-01   9.640148e-01   9.980911e-01   9.994583e-01   9.927346e-01
   3.097280e-01   2.483456e-09   8.752467e-02   0.000000e+00   0.000000e+00   5.054357e-02   6.668679e-01   9.543157e-01   9.266558e-01   9.686941e-01   9.997108e-01   9.976425e-01   9.859231e-01   9.300067e-01   9.994809e-01   1.000000e+00
   1.607693e-01   2.377169e-01   0.000000e+00   1.481891e-03   0.000000e+00   7.495089e-08   8.791504e-01   8.835991e-01   9.841975e-01   9.984958e-01   9.973153e-01   1.000000e+00   9.849319e-01   9.480126e-01   1.000000e+00   9.990110e-01
   2.118467e-01   2.404281e-01   2.528766e-15   1.165334e-08   1.039874e-13   1.838520e-03   7.423445e-01   9.331157e-01   1.000000e+00   9.652415e-01   9.991219e-01   9.978761e-01   9.850498e-01   9.997009e-01   9.999967e-01   9.999990e-01
   0.000000e+00   4.153888e-13   1.439217e-09   5.687214e-12   0.000000e+00   6.122040e-02   7.454471e-01   9.564688e-01   9.906159e-01   9.828370e-01   9.979955e-01   9.987088e-01   9.859377e-01   9.983288e-01   9.996087e-01   9.042682e-01
   1.862860e-01   3.407581e-09   2.580860e-04   1.864338e-10   2.458365e-13   7.764064e-04   7.891291e-01   9.082358e-01   7.807961e-01   9.988588e-01   9.998296e-01   9.936046e-01   9.895919e-01   9.997976e-01   9.999087e-01   9.992316e-01
   1.819125e-01   2.592421e-01   2.486003e-15   1.203015e-08   4.051092e-11   9.041999e-05   7.416217e-01   9.319682e-01   9.214087e-01   9.958654e-01   9.974112e-01   9.913128e-01   9.875245e-01   9.995845e-01   9.998916e-01   9.993890e-01
   1.617132e-01   7.034954e-24   2.192008e-08   2.019039e-14   0.000000e+00   6.395086e-04   7.413835e-01   9.966353e-01   8.132138e-01   9.961688e-01   9.994832e-01   1.000000e+00   9.873949e-01   9.982661e-01   9.998651e-01   9.999177e-01
   1.266568e-02   4.015621e-01   0.000000e+00   7.681413e-10   8.305124e-18   3.712783e-10   6.684611e-01   9.336591e-01   9.967111e-01   1.000000e+00   9.908864e-01   1.000000e+00   9.796002e-01   9.958948e-01   9.999321e-01   9.993766e-01
   2.672714e-01   4.153766e-01   3.827392e-04   4.809764e-05   1.363548e-17   0.000000e+00   8.511024e-01   9.190129e-01   9.999559e-01   9.998217e-01   9.363877e-01   9.980043e-01   9.860297e-01   9.982757e-01   1.000000e+00   9.046912e-01
   2.227986e-01   2.539608e-09   1.249203e-01   3.734612e-10   0.000000e+00   5.054357e-02   6.904189e-01   9.429773e-01   7.738825e-01   9.966366e-01   9.997536e-01   9.975197e-01   9.950452e-01   9.981593e-01   9.998428e-01   9.999882e-01
   2.702657e-01   2.971416e-09   1.579870e-04   3.666023e-10   4.236569e-11   0.000000e+00   7.877439e-01   9.396235e-01   9.993573e-01   9.987978e-01   9.999533e-01   9.979248e-01   9.870410e-01   9.982665e-01   9.999987e-01   9.992386e-01
   2.283140e-01   2.539608e-09   1.214353e-01   3.734612e-10   0.000000e+00   5.180811e-02   7.434703e-01   9.431610e-01   7.646551e-01   9.827004e-01   9.969537e-01   9.987089e-01   9.994469e-01   9.981593e-01   9.998294e-01   9.999882e-01
   0.000000e+00   4.153899e-13   1.427001e-09   5.687214e-12   0.000000e+00   6.122040e-02   7.454471e-01   9.882548e-01   9.906159e-01   9.828370e-01   9.980578e-01   9.987088e-01   9.859348e-01   9.983362e-01   9.996087e-01   1.000000e+00
   1.806027e-01   2.567802e-01   7.989884e-08   0.000000e+00   0.000000e+00   5.196513e-02   7.413616e-01   9.789612e-01   9.838588e-01   9.948197e-01   9.973404e-01   9.995286e-01   9.804571e-01   9.982661e-01   9.996032e-01   9.991853e-01
   1.609291e-01   2.402986e-01   0.000000e+00   3.390647e-03   0.000000e+00   7.661314e-08   8.769184e-01   9.093902e-01   7.178854e-01   9.984958e-01   1.000000e+00   9.933288e-01   9.338093e-01   9.983202e-01   1.000000e+00   9.946478e-01
   2.355580e-01   2.970233e-09   1.599888e-04   4.863777e-10   9.761814e-14   7.765949e-04   7.425065e-01   8.447050e-01   7.998096e-01   9.987978e-01   9.999443e-01   9.986242e-01   9.871176e-01   9.982668e-01   9.999967e-01   9.992254e-01
   2.672714e-01   4.292977e-01   3.759168e-04   4.809764e-05   1.372056e-17   0.000000e+00   8.502791e-01   9.178073e-01   1.000000e+00   9.998281e-01   9.363877e-01   9.980043e-01   9.860297e-01   9.982757e-01   1.000000e+00   9.981629e-01
   1.621980e-01   2.832629e-01   1.420378e-01   3.662362e-10   9.771147e-05   4.843487e-06   7.413853e-01   9.979173e-01   9.999999e-01   1.000000e+00   9.975990e-01   9.879978e-01   8.805179e-01   9.982660e-01   9.999977e-01   9.989866e-01
   2.167274e-01   2.959605e-12   0.000000e+00   4.823322e-05   0.000000e+00   5.005273e-02   7.436065e-01   9.110870e-01   8.016794e-01   9.836040e-01   8.863458e-01   1.000000e+00   9.329731e-01   9.990949e-01   9.969257e-01   9.996120e-01
   2.625677e-01   3.887406e-01   1.355171e-01   1.705312e-04   2.982560e-02   2.721812e-05   7.104221e-01   9.095843e-01   8.002327e-01   9.999821e-01   1.000000e+00   1.000000e+00   9.543075e-01   9.998706e-01   9.310433e-01   9.977215e-01
   1.233474e-01   2.947369e-01   1.422092e-01   3.577627e-10   9.220078e-05   5.371793e-06   6.784852e-01   9.793065e-01   7.776122e-01   9.998006e-01   9.997565e-01   9.880801e-01   9.828408e-01   9.997281e-01   9.459215e-01   9.993879e-01
   1.780888e-01   3.611129e-01   3.730460e-03   8.886717e-08   2.563063e-16   9.550856e-09   7.453859e-01   9.907948e-01   9.844987e-01   1.000000e+00   9.969945e-01   9.986399e-01   9.948721e-01   9.981177e-01   9.999281e-01   9.292854e-01
   2.462891e-01   3.418830e-09   1.532629e-04   4.941297e-10   2.493222e-13   7.764901e-04   7.877439e-01   8.338762e-01   7.998096e-01   9.645376e-01   9.999443e-01   9.986697e-01   9.871770e-01   9.982802e-01   9.997430e-01   9.992349e-01
   2.241610e-01   3.589681e-01   1.445975e-01   9.484106e-08   0.000000e+00   0.000000e+00   6.944831e-01   9.941296e-01   9.940616e-01   9.999670e-01   8.198689e-01   9.968661e-01   9.708982e-01   9.996659e-01   9.998879e-01   9.123975e-01
   2.317989e-01   3.883416e-01   8.021797e-08   0.000000e+00   0.000000e+00   1.582494e-03   7.452757e-01   9.939677e-01   9.838553e-01   9.955573e-01   9.973404e-01   9.931386e-01   9.861083e-01   9.982810e-01   9.993128e-01   9.982801e-01
   1.725650e-01   3.201745e-01   2.332675e-01   3.489434e-10   0.000000e+00   3.203387e-05   9.120222e-01   9.412468e-01   7.821292e-01   9.997940e-01   9.997882e-01   9.613935e-01   9.869114e-01   9.983437e-01   9.998599e-01   9.993901e-01
   2.196041e-01   3.044079e-09   6.821919e-05   3.775228e-10   2.714653e-11   0.000000e+00   8.641537e-01   9.344044e-01   8.010794e-01   9.986630e-01   9.999544e-01   9.342549e-01   9.709405e-01   9.983338e-01   9.995327e-01   1.000000e+00
   1.603203e-01   2.408556e-01   0.000000e+00   1.525741e-03   0.000000e+00   7.495089e-08   8.808947e-01   8.809644e-01   7.174698e-01   9.985418e-01   9.991006e-01   9.881351e-01   9.865818e-01   9.996474e-01   8.873524e-01   9.999972e-01
   2.271555e-01   3.418830e-09   2.465344e-02   4.863777e-10   2.493222e-13   0.000000e+00   9.121787e-01   9.430900e-01   7.998096e-01   9.998712e-01   9.997889e-01   9.988719e-01   9.869073e-01   9.982802e-01   9.997430e-01   9.982491e-01
   1.449834e-01   2.611211e-01   2.553513e-15   0.000000e+00   1.507457e-11   1.085723e-05   7.302174e-01   9.885029e-01   8.064328e-01   9.839489e-01   9.989879e-01   9.998758e-01   9.961767e-01   9.998668e-01   1.000000e+00   9.999877e-01
   2.265247e-01   3.426688e-09   2.618738e-04   4.876960e-10   2.493222e-13   7.764901e-04   7.873121e-01   8.447998e-01   7.992931e-01   9.987978e-01   9.999443e-01   9.936063e-01   9.870410e-01   9.982805e-01   9.998359e-01   9.992349e-01
   2.739878e-01   2.604765e-01   4.339695e-04   6.918093e-02   1.363548e-17   0.000000e+00   7.174147e-01   9.190129e-01   9.983659e-01   9.997372e-01   9.363877e-01   9.980043e-01   9.860297e-01   9.983325e-01   9.999296e-01   9.046912e-01
   3.097280e-01   4.119018e-01   8.752467e-02   1.622846e-04   3.151596e-02   7.842612e-02   6.668679e-01   9.543157e-01   9.266558e-01   9.989913e-01   9.997108e-01   9.976425e-01   9.859231e-01   1.000000e+00   9.322048e-01   9.999880e-01
   2.300271e-01   5.333259e-01   1.660425e-04   1.609293e-07   3.944049e-13   0.000000e+00   7.433692e-01   9.390522e-01   1.000000e+00   9.991962e-01   9.996150e-01   9.342906e-01   9.708553e-01   9.958788e-01   9.453430e-01   9.996318e-01
   4.579475e-02   4.942030e-01   1.351073e-01   1.000355e-09   4.258589e-08   9.287097e-04   6.715045e-01   9.464704e-01   9.838991e-01   1.000000e+00   9.999652e-01   9.926786e-01   9.857866e-01   9.982488e-01   9.998950e-01   9.984027e-01
   1.424424e-01   3.912133e-01   0.000000e+00   7.681413e-10   8.305158e-18   3.712783e-10   7.131584e-01   9.342575e-01   9.967111e-01   1.000000e+00   9.910264e-01   9.879889e-01   9.796002e-01   9.994263e-01   9.999390e-01   9.977432e-01
   1.418427e-01   4.180500e-01   1.264308e-01   3.812092e-10   5.778754e-13   8.001685e-07   6.919911e-01   9.351407e-01   9.194490e-01   9.641023e-01   9.997860e-01   8.213705e-01   9.756837e-01   9.981580e-01   9.999927e-01   9.992495e-01
   2.672714e-01   4.153766e-01   3.827392e-04   4.703381e-05   1.363548e-17   0.000000e+00   8.511024e-01   9.208433e-01   8.706773e-01   9.998240e-01   9.363877e-01   9.980043e-01   9.848861e-01   9.982757e-01   1.000000e+00   9.041340e-01
   2.702657e-01   2.971416e-09   1.579870e-04   3.653471e-10   4.236569e-11   0.000000e+00   7.877439e-01   9.396235e-01   9.839054e-01   9.988905e-01   1.000000e+00   9.979248e-01   9.869935e-01   9.982665e-01   9.995966e-01   9.991853e-01
   2.784289e-01   2.557929e-01   0.000000e+00   0.000000e+00   0.000000e+00   5.007783e-02   7.774811e-01   9.789726e-01   9.297690e-01   9.947017e-01   9.973404e-01   9.995317e-01   9.840309e-01   9.970518e-01   9.996052e-01   9.913612e-01
   1.806578e-01   3.574101e-01   3.848468e-03   8.844394e-08   2.751584e-16   4.333783e-05   7.450256e-01   9.907716e-01   9.844987e-01   1.000000e+00   9.970447e-01   9.878860e-01   9.948721e-01   9.982506e-01   9.998246e-01   9.133357e-01
   2.300271e-01   3.934730e-01   1.660425e-04   1.579902e-07   5.853524e-13   0.000000e+00   6.659705e-01   8.027736e-01   8.020910e-01   9.626322e-01   9.996199e-01   9.882075e-01   9.798901e-01   9.959229e-01   9.453430e-01   9.996390e-01
   1.819125e-01   2.612918e-01   2.486008e-15   1.203015e-08   2.750509e-11   1.383075e-04   7.416234e-01   9.343982e-01   9.214087e-01   9.959299e-01   9.970427e-01   9.989199e-01   9.875245e-01   9.995845e-01   9.998916e-01   9.999867e-01
   2.270245e-01   3.880922e-01   8.844591e-04   8.878441e-08   5.777843e-13   0.000000e+00   7.413744e-01   9.382214e-01   8.072818e-01   9.626322e-01   9.997877e-01   9.930702e-01   9.799876e-01   9.981568e-01   9.448534e-01   9.152140e-01
   1.604618e-01   7.031035e-24   2.192018e-08   2.019039e-14   0.000000e+00   6.395086e-04   7.413828e-01   9.966353e-01   8.136447e-01   9.961685e-01   9.999404e-01   1.000000e+00   9.710943e-01   9.982661e-01   9.998651e-01   9.991844e-01
   0.000000e+00   8.474198e-03   1.439217e-09   5.722941e-12   0.000000e+00   0.000000e+00   8.824684e-01   9.458980e-01   9.830408e-01   9.828021e-01   9.970272e-01   9.986918e-01   9.885764e-01   9.506718e-01   9.996087e-01   9.976072e-01
   1.617104e-01   1.023231e-03   2.192018e-08   2.019039e-14   1.532920e-15   6.212264e-04   7.413828e-01   9.966353e-01   8.058697e-01   9.961685e-01   9.962616e-01   9.999881e-01   9.870123e-01   9.982655e-01   9.999988e-01   9.991712e-01
   2.628250e-01   2.970233e-09   1.524103e-04   1.729934e-04   2.571088e-13   5.140559e-02   7.456184e-01   8.447050e-01   7.998096e-01   9.987978e-01   9.999443e-01   9.989378e-01   9.870410e-01   9.982751e-01   9.998364e-01   9.992318e-01
   1.596247e-01   2.361964e-01   0.000000e+00   1.478041e-03   1.521240e-17   1.396658e-02   8.808947e-01   8.809644e-01   7.174698e-01   9.988481e-01   9.998242e-01   9.938110e-01   9.865986e-01   9.996370e-01   8.873524e-01   9.999972e-01
   0.000000e+00   4.223262e-01   3.682120e-04   2.018409e-14   1.412848e-17   5.698369e-02   7.403393e-01   9.338121e-01   8.596428e-01   9.998258e-01   9.965041e-01   9.999271e-01   9.715869e-01   9.982752e-01   9.657321e-01   1.000000e+00
   2.271277e-01   2.968325e-09   0.000000e+00   5.896514e-12   9.761814e-14   0.000000e+00   7.425065e-01   8.470540e-01   7.975699e-01   9.989614e-01   9.999443e-01   9.986249e-01   9.871176e-01   9.982668e-01   9.999967e-01   9.999907e-01
   1.787138e-01   3.483599e-01   2.628608e-03   0.000000e+00   0.000000e+00   7.746931e-04   7.452014e-01   9.744158e-01   9.838553e-01   9.958772e-01   9.973495e-01   9.931386e-01   9.861083e-01   9.982810e-01   9.993047e-01   9.982801e-01
   2.343822e-01   2.626037e-01   2.525757e-15   1.193725e-08   4.046190e-11   0.000000e+00   7.449246e-01   9.816018e-01   9.983516e-01   9.997393e-01   9.980428e-01   9.989155e-01   9.860951e-01   9.996416e-01   9.986926e-01   9.992412e-01
   2.044641e-01   3.234011e-01   3.601291e-11   4.054886e-10   9.921764e-08   0.000000e+00   7.765353e-01   9.093034e-01   7.944796e-01   9.899712e-01   9.998190e-01   9.928641e-01   9.862165e-01   9.983331e-01   9.998205e-01   9.999151e-01
   2.351125e-01   2.971416e-09   0.000000e+00   3.666023e-10   3.940775e-13   0.000000e+00   7.460235e-01   9.396235e-01   9.841453e-01   9.987978e-01   9.999533e-01   9.979248e-01   9.860548e-01   9.982665e-01   9.992972e-01   9.983179e-01
   2.286152e-01   2.539608e-09   4.238231e-02   0.000000e+00   0.000000e+00   5.667536e-02   6.740330e-01   9.085416e-01   9.306014e-01   9.688196e-01   9.995882e-01   9.883125e-01   9.472773e-01   9.982755e-01   9.993444e-01   9.962808e-01
   1.816574e-01   3.913609e-01   3.071251e-02   8.687852e-10   0.000000e+00   7.820713e-02   7.020287e-01   9.811593e-01   9.993075e-01   9.997393e-01   9.965501e-01   9.989199e-01   9.723773e-01   9.996416e-01   9.989047e-01   9.977891e-01
   1.865885e-01   3.048428e-09   2.580860e-04   1.864338e-10   1.156337e-11   0.000000e+00   7.891291e-01   9.342799e-01   7.807961e-01   9.988588e-01   9.998296e-01   9.936046e-01   9.895919e-01   9.997976e-01   9.999087e-01   9.907886e-01
   3.097280e-01   3.876513e-01   8.865682e-02   3.138751e-02   3.036947e-02   7.842612e-02   6.668679e-01   9.543157e-01   9.266558e-01   9.664839e-01   9.997108e-01   9.976425e-01   9.859231e-01   9.983135e-01   9.322048e-01   9.999880e-01
   1.725650e-01   3.201745e-01   2.812359e-01   3.489434e-10   0.000000e+00   6.408218e-04   7.870251e-01   8.296064e-01   7.821292e-01   9.987271e-01   9.999437e-01   9.611913e-01   9.870452e-01   9.983450e-01   9.998599e-01   9.992369e-01
   3.101610e-01   4.180500e-01   1.279753e-01   1.042087e-09   5.751128e-13   8.001685e-07   6.919815e-01   9.908201e-01   9.142582e-01   9.641023e-01   9.995790e-01   8.213705e-01   9.756065e-01   9.982828e-01   9.999927e-01   9.955401e-01
   2.669496e-01   1.142509e-03   0.000000e+00   4.809764e-05   1.409507e-17   0.000000e+00   8.511024e-01   9.435500e-01   9.999559e-01   9.998217e-01   9.363877e-01   9.986882e-01   9.860297e-01   9.993770e-01   1.000000e+00   9.962218e-01
   2.705923e-01   3.972715e-01   2.192018e-08   4.683377e-05   0.000000e+00   6.395086e-04   7.420131e-01   9.997308e-01   8.691245e-01   9.961685e-01   9.383926e-01   9.980258e-01   9.849254e-01   9.982660e-01   9.998658e-01   9.953490e-01
   1.033280e-01   2.868125e-01   1.460887e-01   4.952102e-10   0.000000e+00   1.682442e-05   7.119054e-01   8.428159e-01   1.000000e+00   1.000000e+00   9.975811e-01   9.954424e-01   9.860758e-01   9.982806e-01   1.000000e+00   9.990092e-01
   4.579475e-02   4.857288e-01   1.351073e-01   1.000355e-09   4.258589e-08   9.287097e-04   6.715045e-01   9.551976e-01   9.705844e-01   1.000000e+00   9.999652e-01   9.926287e-01   9.857460e-01   9.982488e-01   9.998950e-01   9.010668e-01
   2.355580e-01   2.970233e-09   1.714744e-02   1.536217e-11   1.024932e-13   7.765949e-04   7.425065e-01   7.899393e-01   8.019424e-01   9.987978e-01   9.999445e-01   9.986242e-01   9.871176e-01   9.982657e-01   9.999967e-01   9.992254e-01
   2.512844e-01   3.793776e-01   3.601291e-11   7.380771e-10   9.943370e-08   0.000000e+00   7.411485e-01   9.093034e-01   7.908753e-01   9.880496e-01   9.999357e-01   8.236475e-01   9.861865e-01   9.983331e-01   9.837790e-01   9.997823e-01
   2.269366e-01   2.539608e-09   3.813222e-02   0.000000e+00   0.000000e+00   5.667536e-02   6.728196e-01   9.089481e-01   9.294628e-01   9.826663e-01   9.999730e-01   9.974859e-01   9.859439e-01   9.981588e-01   9.993444e-01   9.999880e-01
   2.300271e-01   8.471806e-03   1.660425e-04   1.579902e-07   3.974403e-11   0.000000e+00   6.659705e-01   8.027736e-01   8.020910e-01   9.988161e-01   9.996199e-01   9.933919e-01   9.806047e-01   9.983556e-01   9.453430e-01   9.996575e-01
   1.727716e-01   2.957579e-12   0.000000e+00   1.703701e-04   0.000000e+00   5.251255e-02   7.451391e-01   9.089561e-01   8.014040e-01   9.998866e-01   9.997435e-01   9.881039e-01   9.598048e-01   9.982744e-01   9.953054e-01   1.000000e+00
   1.122401e-01   2.611211e-01   2.553513e-15   3.742728e-09   1.507457e-11   1.085723e-05   7.302174e-01   9.886757e-01   8.064328e-01   9.840663e-01   9.989879e-01   9.998758e-01   9.961767e-01   9.998668e-01   9.999962e-01   9.999877e-01
   2.353669e-01   2.541516e-09   3.965634e-02   4.804811e-10   0.000000e+00   6.236982e-02   6.740330e-01   9.061927e-01   9.317025e-01   9.686561e-01   9.999730e-01   9.975190e-01   9.859439e-01   9.982756e-01   8.668016e-01   9.992228e-01
   2.737819e-01   2.604765e-01   0.000000e+00   6.918093e-02   1.363548e-17   1.281463e-03   7.427634e-01   9.188693e-01   9.983659e-01   9.997372e-01   9.347498e-01   9.980043e-01   9.860297e-01   9.983325e-01   9.953854e-01   9.046912e-01
   1.402279e-01   1.024079e-01   2.298356e-08   5.512780e-10   0.000000e+00   5.797237e-02   7.343428e-01   9.338372e-01   9.331023e-01   9.674356e-01   9.965041e-01   9.988805e-01   9.726628e-01   9.994520e-01   9.997109e-01   1.000000e+00
   2.460455e-01   4.133454e-03   1.504033e-01   4.458599e-10   3.640921e-04   7.764901e-04   7.877439e-01   8.319816e-01   7.998096e-01   9.645376e-01   9.999443e-01   9.986522e-01   9.871770e-01   9.999009e-01   9.997430e-01   1.000000e+00
