   1.712792e-01   1.712792e-01   1.712792e-01   1.712792e-01   1.712792e-01   1.712792e-01   1.712792e-01   1.712792e-01   1.106015e+01   1.609674e+01
   1.712643e-01   1.712643e-01   1.712643e-01   1.712643e-01   1.712643e-01   1.712645e-01   1.712948e-01   1.913745e-01   1.105261e+01   1.610306e+01
   1.712686e-01   1.712686e-01   1.712686e-01   1.712686e-01   1.712686e-01   1.712686e-01   1.712686e-01   1.916271e-01   1.110858e+01   1.605568e+01
   1.712491e-01   1.712491e-01   1.712491e-01   1.712491e-01   1.712491e-01   1.712491e-01   1.712491e-01   1.712491e-01   1.099066e+01   1.615505e+01
   1.712787e-01   1.712787e-01   1.712787e-01   1.712787e-01   1.712787e-01   1.712787e-01   1.712832e-01   1.730577e-01   1.100674e+01   1.614165e+01
   1.712602e-01   1.712602e-01   1.712602e-01   1.712602e-01   1.712602e-01   1.712602e-01   1.712639e-01   1.850139e-01   1.225700e+01   1.499261e+01
   1.712815e-01   1.712815e-01   1.712815e-01   1.712815e-01   1.712815e-01   1.712815e-01   1.713175e-01   1.856758e-01   1.100673e+01   1.614166e+01
   1.712418e-01   1.712418e-01   1.712418e-01   1.712418e-01   1.712418e-01   1.712418e-01   1.712418e-01   1.713314e-01   1.289679e+01   1.431601e+01
   1.712591e-01   1.712591e-01   1.712591e-01   1.712591e-01   1.712591e-01   1.712591e-01   1.712591e-01   9.159439e-01   3.079802e+00   1.988647e+01
   1.712350e-01   1.712350e-01   1.712350e-01   1.712350e-01   1.712350e-01   1.712350e-01   1.712350e-01   1.717583e-01   2.010332e-01   2.017121e+01
   1.712549e-01   1.712549e-01   1.712549e-01   1.712549e-01   1.712549e-01   1.712549e-01   1.712549e-01   1.712549e-01   1.107207e+01   1.608662e+01
   1.712492e-01   1.712492e-01   1.712492e-01   1.712492e-01   1.712492e-01   1.712493e-01   1.713728e-01   1.835733e-01   1.225699e+01   1.499260e+01
   1.712538e-01   1.712538e-01   1.712538e-01   1.712538e-01   1.712538e-01   1.712538e-01   1.712547e-01   1.713158e-01   8.807244e+00   1.771906e+01
   1.712484e-01   1.712484e-01   1.712484e-01   1.712484e-01   1.712484e-01   1.712486e-01   1.715534e-01   2.431782e+00   9.974786e+00   1.670491e+01
   1.712516e-01   1.712516e-01   1.712516e-01   1.712516e-01   1.712516e-01   1.712516e-01   1.712516e-01   1.234121e+00   7.683294e+00   1.829767e+01
   1.712527e-01   1.712527e-01   1.712527e-01   1.712527e-01   1.712527e-01   1.712527e-01   1.712527e-01   9.213776e-01   3.087499e+00   1.988474e+01
   1.712669e-01   1.712669e-01   1.712669e-01   1.712669e-01   1.712669e-01   1.712669e-01   1.712669e-01   1.271855e+00   7.676432e+00   1.829769e+01
   1.712419e-01   1.712419e-01   1.712419e-01   1.712419e-01   1.712419e-01   1.712419e-01   1.712419e-01   1.712419e-01   1.289019e+01   1.432334e+01
   1.712483e-01   1.712483e-01   1.712483e-01   1.712483e-01   1.712483e-01   1.712483e-01   1.712483e-01   3.025644e+00   1.110428e+01   1.565349e+01
   1.712440e-01   1.712440e-01   1.712440e-01   1.712440e-01   1.712440e-01   1.712440e-01   1.712440e-01   1.712440e-01   9.916074e+00   1.698681e+01
   1.712581e-01   1.712581e-01   1.712581e-01   1.712581e-01   1.712581e-01   1.712581e-01   1.712581e-01   1.712581e-01   8.794836e+00   1.772660e+01
   1.712418e-01   1.712418e-01   1.712418e-01   1.712418e-01   1.712418e-01   1.712419e-01   1.712523e-01   1.849913e-01   1.225329e+01   1.499631e+01
   1.712464e-01   1.712464e-01   1.712464e-01   1.712464e-01   1.712465e-01   1.712472e-01   1.786816e-01   1.271801e+00   7.676412e+00   1.829767e+01
   1.712348e-01   1.712348e-01   1.712348e-01   1.712348e-01   1.712348e-01   1.712348e-01   1.712348e-01   1.712348e-01   2.010388e-01   2.017121e+01
   1.712504e-01   1.712504e-01   1.712504e-01   1.712504e-01   1.712504e-01   1.712504e-01   1.712504e-01   1.242484e+00   7.681789e+00   1.829767e+01
   1.712514e-01   1.712514e-01   1.712514e-01   1.712514e-01   1.712514e-01   1.712514e-01   1.712514e-01   1.712514e-01   8.768225e+00   1.774269e+01
   1.712557e-01   1.712557e-01   1.712557e-01   1.712557e-01   1.712557e-01   1.712571e-01   1.712646e-01   2.826239e+00   1.227565e+01   1.459698e+01
   1.712457e-01   1.712457e-01   1.712457e-01   1.712457e-01   1.712457e-01   1.712457e-01   1.712457e-01   2.832266e+00   1.227410e+01   1.459683e+01
   1.712383e-01   1.712383e-01   1.712383e-01   1.712383e-01   1.712383e-01   1.712383e-01   1.712383e-01   1.712383e-01   1.288603e+01   1.432795e+01
   1.712490e-01   1.712490e-01   1.712490e-01   1.712490e-01   1.712490e-01   1.712492e-01   1.715539e-01   2.431323e+00   9.972789e+00   1.670647e+01
   1.712424e-01   1.712424e-01   1.712424e-01   1.712424e-01   1.712424e-01   1.712424e-01   1.712424e-01   1.926653e-01   1.226430e+01   1.498520e+01
   1.712335e-01   1.712335e-01   1.712335e-01   1.712335e-01   1.712335e-01   1.712335e-01   1.712335e-01   1.712335e-01   8.334909e-01   2.015769e+01
   1.712484e-01   1.712484e-01   1.712484e-01   1.712484e-01   1.712484e-01   1.712484e-01   1.712537e-01   2.410949e+00   9.980836e+00   1.670491e+01
   1.712490e-01   1.712490e-01   1.712490e-01   1.712823e-01   1.716658e-01   1.811590e-01   2.354862e-01   1.333471e+00   6.523046e+00   1.882793e+01
   1.718390e-01   1.718390e-01   1.718390e-01   1.718390e-01   1.718390e-01   1.718391e-01   1.718410e-01   2.868959e+00   1.227978e+01   1.458167e+01
   1.712556e-01   1.712556e-01   1.712556e-01   1.712556e-01   1.712556e-01   1.712556e-01   1.712556e-01   2.828427e+00   1.227883e+01   1.459306e+01
   1.712611e-01   1.712611e-01   1.712611e-01   1.712611e-01   1.712611e-01   1.712611e-01   1.712611e-01   1.850184e-01   1.226019e+01   1.498940e+01
   1.712516e-01   1.712516e-01   1.712516e-01   1.712516e-01   1.712516e-01   1.712516e-01   1.712516e-01   1.849774e-01   1.223249e+01   1.501722e+01
   1.712470e-01   1.712470e-01   1.712470e-01   1.712500e-01   1.713265e-01   1.780116e-01   2.115174e-01   2.378510e+00   9.981334e+00   1.671126e+01
   1.712597e-01   1.712597e-01   1.712597e-01   1.712597e-01   1.712597e-01   1.712601e-01   1.712623e-01   1.298634e+00   6.531555e+00   1.882794e+01
   1.712446e-01   1.712446e-01   1.712448e-01   1.712476e-01   1.713241e-01   1.780145e-01   2.115462e-01   2.380218e+00   9.980413e+00   1.671157e+01
   1.712434e-01   1.712434e-01   1.712434e-01   1.712434e-01   1.712434e-01   1.712434e-01   1.712434e-01   1.712434e-01   1.289497e+01   1.431804e+01
   1.712412e-01   1.712412e-01   1.712412e-01   1.712412e-01   1.712412e-01   1.712412e-01   1.750397e-01   2.430015e+00   9.981031e+00   1.670070e+01
   1.712416e-01   1.712416e-01   1.712416e-01   1.712416e-01   1.712416e-01   1.712417e-01   1.712763e-01   1.984614e-01   9.796748e+00   1.707141e+01
   1.712429e-01   1.712429e-01   1.712429e-01   1.712429e-01   1.712429e-01   1.712429e-01   1.712429e-01   1.713326e-01   1.289908e+01   1.431347e+01
   1.712351e-01   1.712351e-01   1.712351e-01   1.712351e-01   1.712351e-01   1.712351e-01   1.712398e-01   1.713927e-01   1.931926e-01   2.017122e+01
   1.712463e-01   1.712463e-01   1.712463e-01   1.712463e-01   1.712463e-01   1.712463e-01   1.712834e-01   2.434837e+00   9.967549e+00   1.670955e+01
   1.712328e-01   1.712328e-01   1.712328e-01   1.712328e-01   1.712328e-01   1.712328e-01   1.712328e-01   1.712328e-01   8.341705e-01   2.015766e+01
   1.712583e-01   1.712583e-01   1.712583e-01   1.712583e-01   1.712583e-01   1.712583e-01   1.712583e-01   1.712583e-01   8.809226e+00   1.771786e+01
   1.712442e-01   1.712442e-01   1.712442e-01   1.712442e-01   1.712442e-01   1.712442e-01   2.159764e-01   2.430630e+00   9.965822e+00   1.671159e+01
   1.712459e-01   1.712459e-01   1.712459e-01   1.712459e-01   1.712459e-01   1.712460e-01   1.712467e-01   2.422455e+00   9.977499e+00   1.670491e+01
   1.712429e-01   1.712429e-01   1.712460e-01   1.712855e-01   1.717481e-01   1.776383e-01   2.095701e-01   3.378124e-01   7.768363e-01   2.015876e+01
   1.712568e-01   1.712568e-01   1.712568e-01   1.712568e-01   1.712568e-01   1.712568e-01   1.712568e-01   9.217976e-01   3.078414e+00   1.988637e+01
   1.712348e-01   1.712348e-01   1.712348e-01   1.712348e-01   1.712348e-01   1.712348e-01   1.712349e-01   1.714835e-01   2.068691e-01   2.017120e+01
   1.712422e-01   1.712422e-01   1.712422e-01   1.712422e-01   1.712425e-01   1.712492e-01   1.712842e-01   2.835094e+00   1.227707e+01   1.459293e+01
   1.712434e-01   1.712434e-01   1.712435e-01   1.712439e-01   1.712583e-01   1.718847e-01   2.140431e-01   3.567344e-01   7.661976e-01   2.015888e+01
   1.712491e-01   1.712491e-01   1.712491e-01   1.712491e-01   1.712491e-01   1.712491e-01   1.712491e-01   1.712491e-01   6.851115e+00   1.874308e+01
   1.712384e-01   1.712384e-01   1.712384e-01   1.712389e-01   1.712525e-01   1.714178e-01   2.193082e-01   2.833229e+00   1.227743e+01   1.459293e+01
   1.712398e-01   1.712398e-01   1.712398e-01   1.712398e-01   1.712398e-01   1.712398e-01   2.165885e-01   2.431032e+00   9.965671e+00   1.671160e+01
   1.712615e-01   1.712615e-01   1.712615e-01   1.712615e-01   1.712615e-01   1.712615e-01   1.714648e-01   2.810957e+00   1.228003e+01   1.459684e+01
   1.712474e-01   1.712474e-01   1.712474e-01   1.712474e-01   1.712474e-01   1.712474e-01   1.712474e-01   2.834480e+00   1.227349e+01   1.459683e+01
   1.712353e-01   1.712353e-01   1.712353e-01   1.712353e-01   1.712353e-01   1.712353e-01   1.712353e-01   1.726033e-01   2.009995e-01   2.017121e+01
   1.712437e-01   1.712437e-01   1.712437e-01   1.712437e-01   1.712437e-01   1.712437e-01   1.712437e-01   1.712437e-01   1.289209e+01   1.432124e+01
   1.712493e-01   1.712493e-01   1.712493e-01   1.712493e-01   1.712493e-01   1.712493e-01   1.712493e-01   1.712493e-01   8.767835e+00   1.774293e+01
   1.712335e-01   1.712335e-01   1.712335e-01   1.712335e-01   1.712335e-01   1.712337e-01   1.712647e-01   1.713875e-01   1.947321e-01   2.017122e+01
   1.712507e-01   1.712507e-01   1.712507e-01   1.712507e-01   1.712507e-01   1.712507e-01   1.712507e-01   2.419013e+00   9.980842e+00   1.670320e+01
   1.712432e-01   1.712432e-01   1.712432e-01   1.712432e-01   1.712432e-01   1.712432e-01   1.712432e-01   1.884220e-01   9.868517e+00   1.702070e+01
   1.712381e-01   1.712381e-01   1.712381e-01   1.712381e-01   1.712382e-01   1.712432e-01   1.712734e-01   2.422447e+00   9.977491e+00   1.670490e+01
   1.712483e-01   1.712483e-01   1.712483e-01   1.712483e-01   1.712483e-01   1.712483e-01   1.712483e-01   1.335324e+00   6.525618e+00   1.882690e+01
   1.712387e-01   1.712387e-01   1.712387e-01   1.712387e-01   1.712387e-01   1.712388e-01   1.712394e-01   2.417672e+00   9.977026e+00   1.670626e+01
   1.712399e-01   1.712399e-01   1.712399e-01   1.712399e-01   1.712399e-01   1.712399e-01   1.712399e-01   1.712399e-01   8.768145e+00   1.774272e+01
   1.712518e-01   1.712518e-01   1.712518e-01   1.712518e-01   1.712518e-01   1.712518e-01   1.712518e-01   1.338073e+00   6.524985e+00   1.882690e+01
   1.712409e-01   1.712409e-01   1.712409e-01   1.712410e-01   1.712416e-01   1.712695e-01   1.745273e-01   1.328692e+00   6.524583e+00   1.882797e+01
   1.712513e-01   1.712513e-01   1.712513e-01   1.712513e-01   1.712513e-01   1.712514e-01   1.712809e-01   1.292778e+00   6.532855e+00   1.882793e+01
   1.712332e-01   1.712332e-01   1.712332e-01   1.712332e-01   1.712332e-01   1.712333e-01   1.712651e-01   1.713865e-01   1.941136e-01   2.017122e+01
   1.712429e-01   1.712429e-01   1.712429e-01   1.712429e-01   1.712429e-01   1.712429e-01   1.712431e-01   1.713325e-01   1.289908e+01   1.431347e+01
   1.712470e-01   1.712470e-01   1.712470e-01   1.712500e-01   1.713265e-01   1.780116e-01   2.115174e-01   2.378510e+00   9.981334e+00   1.671126e+01
   1.712378e-01   1.712378e-01   1.712378e-01   1.712378e-01   1.712378e-01   1.712378e-01   1.712378e-01   2.814600e+00   1.227899e+01   1.459682e+01
   1.712358e-01   1.712358e-01   1.712358e-01   1.712358e-01   1.712358e-01   1.712360e-01   1.712714e-01   3.781483e-01   1.289703e+01   1.431337e+01
   1.712395e-01   1.712395e-01   1.712395e-01   1.712395e-01   1.712395e-01   1.712399e-01   1.712418e-01   1.347281e+00   6.520372e+00   1.882792e+01
   1.712444e-01   1.712444e-01   1.712444e-01   1.712444e-01   1.712444e-01   1.712444e-01   1.712444e-01   9.281843e-01   3.085265e+00   1.988473e+01
   1.712651e-01   1.712651e-01   1.712651e-01   1.712651e-01   1.712651e-01   1.712651e-01   1.712651e-01   1.712651e-01   1.100060e+01   1.614677e+01
   1.712396e-01   1.712396e-01   1.712396e-01   1.712396e-01   1.712396e-01   1.712398e-01   1.712579e-01   1.766102e-01   8.762450e+00   1.774616e+01
   1.712454e-01   1.712454e-01   1.712454e-01   1.712454e-01   1.712456e-01   1.712612e-01   1.759399e-01   9.159109e-01   3.079789e+00   1.988646e+01
   1.712406e-01   1.712406e-01   1.712406e-01   1.712406e-01   1.712408e-01   1.712480e-01   1.712840e-01   3.033841e+00   1.112258e+01   1.563514e+01
   1.712392e-01   1.712392e-01   1.712392e-01   1.712393e-01   1.712397e-01   1.712450e-01   1.733420e-01   9.159201e-01   3.079782e+00   1.988645e+01
   1.712479e-01   1.712479e-01   1.712479e-01   1.712479e-01   1.712479e-01   1.712481e-01   1.712836e-01   2.413412e+00   9.980123e+00   1.670491e+01
   1.712371e-01   1.712371e-01   1.712371e-01   1.712371e-01   1.712372e-01   1.712375e-01   1.713097e-01   3.982984e-01   1.286535e+01   1.434799e+01
   1.712469e-01   1.712469e-01   1.712469e-01   1.712470e-01   1.712499e-01   1.712726e-01   1.759883e-01   1.303858e+00   6.530362e+00   1.882793e+01
   1.712583e-01   1.712583e-01   1.712583e-01   1.712583e-01   1.712583e-01   1.712583e-01   1.712583e-01   1.278767e+00   7.675135e+00   1.829768e+01
   1.712575e-01   1.712575e-01   1.712575e-01   1.712575e-01   1.712575e-01   1.712575e-01   1.712592e-01   3.134210e+00   1.226042e+01   1.451884e+01
   1.712398e-01   1.712398e-01   1.712398e-01   1.712398e-01   1.712398e-01   1.712398e-01   1.712398e-01   1.712398e-01   3.518858e+00   1.982232e+01
   1.718061e-01   1.718061e-01   1.718061e-01   1.718061e-01   1.718061e-01   1.718062e-01   1.718819e-01   2.868915e+00   1.228000e+01   1.458138e+01
   1.712517e-01   1.712517e-01   1.712517e-01   1.712517e-01   1.712517e-01   1.712517e-01   2.346568e-01   1.282205e+00   6.534681e+00   1.882793e+01
   1.712472e-01   1.712472e-01   1.712472e-01   1.712472e-01   1.712473e-01   1.712639e-01   1.762517e-01   9.159100e-01   3.079790e+00   1.988646e+01
   1.712421e-01   1.712421e-01   1.712421e-01   1.712421e-01   1.712422e-01   1.712651e-01   2.199470e-01   2.879239e+00   1.226074e+01   1.459682e+01
   1.712489e-01   1.712489e-01   1.712489e-01   1.712489e-01   1.712489e-01   1.712489e-01   1.712562e-01   2.429835e+00   9.966338e+00   1.671151e+01
   1.712379e-01   1.712379e-01   1.712379e-01   1.712379e-01   1.712381e-01   1.712535e-01   1.758911e-01   9.093428e-01   3.081897e+00   1.988645e+01
   1.712797e-01   1.712797e-01   1.712797e-01   1.712824e-01   1.713572e-01   1.811058e-01   2.351310e-01   1.326386e+00   6.524727e+00   1.882796e+01
   1.712412e-01   1.712412e-01   1.712412e-01   1.712412e-01   1.712412e-01   1.712412e-01   2.176184e-01   2.425870e+00   9.967194e+00   1.671158e+01
   1.712451e-01   1.712451e-01   1.712451e-01   1.712451e-01   1.712451e-01   1.712451e-01   1.712823e-01   2.441030e+00   9.979935e+00   1.669916e+01
   1.712576e-01   1.712576e-01   1.712576e-01   1.712576e-01   1.712576e-01   1.712576e-01   1.712576e-01   1.712576e-01   9.800698e+00   1.706869e+01
   1.712401e-01   1.712401e-01   1.712401e-01   1.712403e-01   1.712456e-01   1.714617e-01   2.786890e-01   3.009305e+00   1.111699e+01   1.564632e+01
   1.712418e-01   1.712418e-01   1.712418e-01   1.712420e-01   1.712479e-01   1.715068e-01   2.139022e-01   3.567762e-01   7.661960e-01   2.015888e+01
   1.712556e-01   1.712556e-01   1.712556e-01   1.712556e-01   1.712556e-01   1.712556e-01   2.351339e-01   1.290501e+00   6.532837e+00   1.882794e+01
   1.712344e-01   1.712344e-01   1.712344e-01   1.712344e-01   1.712344e-01   1.712344e-01   1.712344e-01   1.779713e-01   2.000586e-01   2.017121e+01
   1.712430e-01   1.712430e-01   1.712460e-01   1.712847e-01   1.717481e-01   1.776370e-01   2.095619e-01   3.377769e-01   7.768497e-01   2.015876e+01
   1.712438e-01   1.712438e-01   1.712438e-01   1.712438e-01   1.712438e-01   1.712438e-01   1.712757e-01   1.284669e+00   6.534648e+00   1.882792e+01
   1.712399e-01   1.712399e-01   1.712399e-01   1.712401e-01   1.712452e-01   1.712836e-01   1.715465e-01   2.431171e+00   9.974953e+00   1.670491e+01
   1.712417e-01   1.712417e-01   1.712417e-01   1.712417e-01   1.712417e-01   1.712417e-01   1.712417e-01   2.833866e+00   1.227741e+01   1.459293e+01
   1.712434e-01   1.712434e-01   1.712434e-01   1.712434e-01   1.712434e-01   1.712434e-01   1.712438e-01   9.405051e-01   3.081177e+00   1.988473e+01
   1.712373e-01   1.712373e-01   1.712373e-01   1.712373e-01   1.712373e-01   1.712373e-01   1.712373e-01   2.833794e+00   1.227743e+01   1.459293e+01
   1.712462e-01   1.712462e-01   1.712462e-01   1.712462e-01   1.712462e-01   1.712462e-01   1.712462e-01   1.712462e-01   8.756111e+00   1.775000e+01
   1.719322e-01   1.719322e-01   1.719322e-01   1.719322e-01   1.719322e-01   1.719322e-01   1.719322e-01   1.883071e-01   1.280571e+01   1.441789e+01
   1.712330e-01   1.712330e-01   1.712330e-01   1.712330e-01   1.712330e-01   1.712330e-01   1.712330e-01   1.712330e-01   1.712330e-01   2.017123e+01
   1.712575e-01   1.712575e-01   1.712575e-01   1.712575e-01   1.712575e-01   1.712575e-01   2.351303e-01   1.290406e+00   6.532861e+00   1.882794e+01
   1.718001e-01   1.718001e-01   1.718001e-01   1.718001e-01   1.718001e-01   1.718001e-01   1.718001e-01   2.466902e-01   5.790242e-01   2.016646e+01
   1.712342e-01   1.712342e-01   1.712342e-01   1.712342e-01   1.712342e-01   1.712343e-01   1.712632e-01   1.713883e-01   1.941146e-01   2.017122e+01
   1.712346e-01   1.712346e-01   1.712346e-01   1.712346e-01   1.712346e-01   1.712346e-01   1.712346e-01   1.712346e-01   1.289916e+01   1.431337e+01
   1.712419e-01   1.712419e-01   1.712419e-01   1.712428e-01   1.712709e-01   1.779478e-01   2.138069e-01   3.799511e-01   1.288790e+01   1.432334e+01
   1.719066e-01   1.719066e-01   1.719066e-01   1.719066e-01   1.719066e-01   1.719066e-01   1.719066e-01   1.719066e-01   8.765950e+00   1.774512e+01
   1.712430e-01   1.712430e-01   1.712430e-01   1.712430e-01   1.712430e-01   1.712430e-01   1.712430e-01   9.264096e-01   3.086080e+00   1.988468e+01
   1.712479e-01   1.712479e-01   1.712479e-01   1.712479e-01   1.712479e-01   1.712479e-01   1.712482e-01   9.269728e-01   3.085902e+00   1.988469e+01
   1.712376e-01   1.712376e-01   1.712376e-01   1.712376e-01   1.712378e-01   1.712584e-01   1.774360e-01   9.161105e-01   3.079709e+00   1.988645e+01
   1.712466e-01   1.712466e-01   1.712466e-01   1.712469e-01   1.712505e-01   1.712796e-01   1.714506e-01   2.419758e+00   9.969473e+00   1.671136e+01
   1.712557e-01   1.712557e-01   1.712557e-01   1.712559e-01   1.712642e-01   1.715644e-01   2.351275e-01   1.290404e+00   6.532859e+00   1.882794e+01
   1.712439e-01   1.712439e-01   1.712439e-01   1.712439e-01   1.712439e-01   1.712439e-01   1.712439e-01   1.712439e-01   1.289746e+01   1.431527e+01
   1.712398e-01   1.712398e-01   1.712398e-01   1.712398e-01   1.712398e-01   1.712398e-01   1.712398e-01   1.712398e-01   1.287296e+01   1.434243e+01
   1.719323e-01   1.719323e-01   1.719323e-01   1.719323e-01   1.719323e-01   1.719323e-01   1.719323e-01   1.719323e-01   1.288325e+01   1.433249e+01
   1.717137e-01   1.717137e-01   1.717137e-01   1.717137e-01   1.717137e-01   1.717137e-01   1.717137e-01   2.485326e-01   8.826558e+00   1.770779e+01
   1.712396e-01   1.712396e-01   1.712396e-01   1.712396e-01   1.712396e-01   1.712396e-01   1.712396e-01   2.974992e+00   1.112905e+01   1.564632e+01
   1.712409e-01   1.712409e-01   1.712409e-01   1.712409e-01   1.712409e-01   1.712409e-01   1.712409e-01   1.712409e-01   1.288797e+01   1.432581e+01
   1.712417e-01   1.712417e-01   1.712417e-01   1.712417e-01   1.712417e-01   1.712417e-01   2.998474e-01   2.421699e+00   9.967194e+00   1.671158e+01
   1.712404e-01   1.712404e-01   1.712404e-01   1.712404e-01   1.712404e-01   1.712404e-01   1.712404e-01   2.839131e+00   1.227480e+01   1.459412e+01
   1.751179e-01   1.751179e-01   1.751179e-01   1.751179e-01   1.751181e-01   1.751258e-01   1.760356e-01   1.790701e-01   3.329939e+00   1.986553e+01
   1.712367e-01   1.712367e-01   1.712367e-01   1.712367e-01   1.712367e-01   1.712367e-01   1.712389e-01   4.041024e-01   1.287280e+01   1.433961e+01
   1.712361e-01   1.712361e-01   1.712361e-01   1.712361e-01   1.712361e-01   1.712361e-01   2.872511e-01   3.008842e+00   1.111699e+01   1.564632e+01
   1.712408e-01   1.712408e-01   1.712408e-01   1.712424e-01   1.712884e-01   1.766687e-01   2.055767e-01   1.565701e+00   6.534397e+00   1.879842e+01
   1.720372e-01   1.720372e-01   1.720372e-01   1.720373e-01   1.720391e-01   1.721068e-01   1.848840e-01   2.553379e-01   1.108426e+01   1.607740e+01
   1.712423e-01   1.712423e-01   1.712423e-01   1.712450e-01   1.713421e-01   1.792837e-01   2.190349e-01   2.879239e+00   1.226074e+01   1.459683e+01
   1.712406e-01   1.712406e-01   1.712406e-01   1.712406e-01   1.712408e-01   1.712480e-01   1.712840e-01   3.033841e+00   1.112258e+01   1.563514e+01
   1.712574e-01   1.712574e-01   1.712574e-01   1.712574e-01   1.712574e-01   1.712574e-01   1.712574e-01   1.712574e-01   8.778821e+00   1.773630e+01
   1.712432e-01   1.712432e-01   1.712432e-01   1.712432e-01   1.712432e-01   1.712432e-01   1.712451e-01   1.728378e-01   8.784708e+00   1.773271e+01
   1.712470e-01   1.712470e-01   1.712470e-01   1.712470e-01   1.712470e-01   1.712470e-01   1.712470e-01   2.449631e+00   9.977414e+00   1.669916e+01
   1.712432e-01   1.712432e-01   1.712432e-01   1.712432e-01   1.712435e-01   1.712557e-01   3.428427e-01   1.287052e+00   6.530182e+00   1.882797e+01
   1.712400e-01   1.712400e-01   1.712400e-01   1.712400e-01   1.712400e-01   1.712400e-01   1.713145e-01   4.043965e-01   1.288866e+01   1.432203e+01
   1.712440e-01   1.712440e-01   1.712440e-01   1.712440e-01   1.712440e-01   1.712440e-01   1.712440e-01   2.431208e+00   9.965822e+00   1.671159e+01
   1.712492e-01   1.712492e-01   1.712492e-01   1.712494e-01   1.712538e-01   1.712862e-01   1.755122e-01   1.303862e+00   6.530364e+00   1.882793e+01
   1.712491e-01   1.712491e-01   1.712491e-01   1.712491e-01   1.712506e-01   1.713039e-01   1.731587e-01   2.782901e-01   5.292473e+00   1.934423e+01
   1.712453e-01   1.712453e-01   1.712453e-01   1.712453e-01   1.712453e-01   1.712453e-01   1.712453e-01   1.712481e-01   8.801261e+00   1.772268e+01
   1.712413e-01   1.712413e-01   1.712413e-01   1.712413e-01   1.712413e-01   1.712413e-01   1.712413e-01   1.712413e-01   8.796808e+00   1.772538e+01
   1.712511e-01   1.712511e-01   1.712511e-01   1.712511e-01   1.712511e-01   1.712511e-01   1.712511e-01   3.350533e+00   1.102025e+01   1.562754e+01
   1.716588e-01   1.716588e-01   1.716588e-01   1.716588e-01   1.716588e-01   1.716588e-01   1.716601e-01   2.282033e-01   4.926917e-01   2.016835e+01
   1.712532e-01   1.712532e-01   1.712532e-01   1.712532e-01   1.712533e-01   1.712537e-01   1.713428e-01   1.728435e-01   8.778813e+00   1.773630e+01
   1.712563e-01   1.712563e-01   1.712563e-01   1.712563e-01   1.712563e-01   1.712563e-01   1.712563e-01   2.828054e+00   1.227713e+01   1.459493e+01
   1.712397e-01   1.712397e-01   1.712397e-01   1.712397e-01   1.712397e-01   1.712408e-01   2.178983e-01   2.425861e+00   9.967192e+00   1.671158e+01
   1.712490e-01   1.712490e-01   1.712490e-01   1.712490e-01   1.712490e-01   1.712490e-01   1.712490e-01   1.712518e-01   8.832716e+00   1.770355e+01
   1.712461e-01   1.712461e-01   1.712461e-01   1.712461e-01   1.712461e-01   1.712464e-01   1.713440e-01   9.167945e-01   3.079509e+00   1.988646e+01
   1.712604e-01   1.712604e-01   1.712604e-01   1.712604e-01   1.712610e-01   1.712895e-01   1.715618e-01   2.156556e-01   5.260572e+00   1.935511e+01
   1.712545e-01   1.712545e-01   1.712545e-01   1.712554e-01   1.712783e-01   1.715612e-01   2.021307e-01   3.133997e+00   1.226042e+01   1.451884e+01
   1.712559e-01   1.712559e-01   1.712559e-01   1.712559e-01   1.712559e-01   1.712559e-01   1.712559e-01   8.961759e-01   3.086112e+00   1.988647e+01
   1.712409e-01   1.712409e-01   1.712413e-01   1.712467e-01   1.713106e-01   1.721222e-01   2.100878e-01   3.369892e-01   7.771399e-01   2.015876e+01
   1.712397e-01   1.712397e-01   1.712397e-01   1.712397e-01   1.712422e-01   1.712719e-01   1.751555e-01   3.132674e+00   1.218546e+01   1.459682e+01
   1.712345e-01   1.712345e-01   1.712345e-01   1.712345e-01   1.712345e-01   1.712345e-01   1.712345e-01   1.779464e-01   1.999520e-01   2.017121e+01
   1.712393e-01   1.712393e-01   1.712394e-01   1.712399e-01   1.712573e-01   1.726271e-01   4.252471e-01   1.266028e+00   6.530354e+00   1.882792e+01
   1.712552e-01   1.712552e-01   1.712552e-01   1.712552e-01   1.712552e-01   1.712552e-01   1.712552e-01   1.712552e-01   8.782096e+00   1.773431e+01
   1.753992e-01   1.753992e-01   1.753992e-01   1.753992e-01   1.753992e-01   1.753992e-01   1.753992e-01   1.794882e-01   3.330220e+00   1.986581e+01
   1.712524e-01   1.712524e-01   1.712524e-01   1.712524e-01   1.712524e-01   1.712524e-01   1.712527e-01   2.810472e+00   1.228015e+01   1.459684e+01
   1.712580e-01   1.712580e-01   1.712580e-01   1.712580e-01   1.712580e-01   1.712580e-01   1.712601e-01   3.149211e+00   1.225575e+01   1.451884e+01
   1.712390e-01   1.712390e-01   1.712390e-01   1.712390e-01   1.712391e-01   1.712395e-01   1.714030e-01   2.293090e-01   3.197328e+00   1.988645e+01
   1.712534e-01   1.712534e-01   1.712539e-01   1.713093e-01   1.719221e-01   1.872072e-01   3.252926e-01   2.969102e+00   1.112915e+01   1.564634e+01
   1.719321e-01   1.719321e-01   1.719321e-01   1.719323e-01   1.719382e-01   1.725618e-01   1.756259e-01   1.879957e-01   1.280571e+01   1.441789e+01
   1.712348e-01   1.712348e-01   1.712348e-01   1.712348e-01   1.712348e-01   1.712348e-01   1.712348e-01   1.712348e-01   2.174798e-01   2.017117e+01
   1.712541e-01   1.712541e-01   1.712541e-01   1.712541e-01   1.712541e-01   1.712541e-01   1.712542e-01   9.220209e-01   3.087529e+00   1.988469e+01
   1.716469e-01   1.716469e-01   1.716469e-01   1.716471e-01   1.716563e-01   1.725581e-01   1.770695e-01   2.714375e-01   5.302114e+00   1.934164e+01
   1.712390e-01   1.712390e-01   1.712390e-01   1.712390e-01   1.712390e-01   1.712390e-01   1.712390e-01   1.712390e-01   5.294164e+00   1.934412e+01
   1.712549e-01   1.712549e-01   1.712549e-01   1.712549e-01   1.712549e-01   1.712549e-01   2.360900e-01   1.294464e+00   6.531936e+00   1.882793e+01
   1.712462e-01   1.712462e-01   1.712462e-01   1.712462e-01   1.712462e-01   1.712468e-01   1.788993e-01   1.283734e+00   7.674184e+00   1.829767e+01
   1.712413e-01   1.712413e-01   1.712413e-01   1.712413e-01   1.712413e-01   1.712413e-01   2.224520e-01   2.429261e+00   9.981031e+00   1.670070e+01
   1.717206e-01   1.717206e-01   1.717206e-01   1.717206e-01   1.717206e-01   1.717206e-01   1.729200e-01   2.485272e-01   8.826565e+00   1.770779e+01
   1.712353e-01   1.712353e-01   1.712353e-01   1.712353e-01   1.712355e-01   1.712436e-01   1.712841e-01   3.400163e+00   1.105113e+01   1.558458e+01
   1.712332e-01   1.712332e-01   1.712332e-01   1.712332e-01   1.712332e-01   1.712334e-01   1.712655e-01   1.713864e-01   1.941136e-01   2.017122e+01
   1.712477e-01   1.712477e-01   1.712477e-01   1.712477e-01   1.712477e-01   1.712477e-01   1.712477e-01   3.017027e+00   1.112271e+01   1.563989e+01
   1.712436e-01   1.712436e-01   1.712436e-01   1.712436e-01   1.712436e-01   1.712436e-01   1.712455e-01   2.864902e+00   1.226872e+01   1.459293e+01
   1.712426e-01   1.712426e-01   1.712426e-01   1.712428e-01   1.712473e-01   1.713038e-01   1.716030e-01   3.443159e-01   7.789523e-01   2.015867e+01
   1.717481e-01   1.717481e-01   1.717481e-01   1.717483e-01   1.717590e-01   1.721462e-01   2.355641e-01   1.289931e+00   6.533567e+00   1.882843e+01
   1.718650e-01   1.718650e-01   1.718650e-01   1.718652e-01   1.718729e-01   1.725152e-01   2.766886e-01   2.008581e+00   9.958024e+00   1.679935e+01
   1.712472e-01   1.712472e-01   1.712472e-01   1.712510e-01   1.713486e-01   1.796367e-01   2.211912e-01   2.378242e+00   9.981335e+00   1.671126e+01
   1.712372e-01   1.712372e-01   1.712372e-01   1.712372e-01   1.712372e-01   1.712372e-01   1.712372e-01   1.712372e-01   1.288444e+01   1.432971e+01
   1.712366e-01   1.712366e-01   1.712366e-01   1.712366e-01   1.712366e-01   1.712481e-01   2.107808e-01   3.399005e-01   1.289764e+01   1.431337e+01
   1.712590e-01   1.712590e-01   1.712590e-01   1.712590e-01   1.712590e-01   1.712590e-01   1.712591e-01   2.837709e+00   1.227635e+01   1.459296e+01
   1.712458e-01   1.712458e-01   1.712458e-01   1.712458e-01   1.712459e-01   1.712691e-01   2.206711e-01   2.879226e+00   1.226075e+01   1.459683e+01
   1.712393e-01   1.712393e-01   1.712397e-01   1.712451e-01   1.713091e-01   1.721211e-01   2.101088e-01   3.370841e-01   7.771025e-01   2.015875e+01
   1.712567e-01   1.712567e-01   1.712567e-01   1.712567e-01   1.712567e-01   1.712567e-01   1.712585e-01   3.134783e+00   1.226276e+01   1.451622e+01
   1.712423e-01   1.712423e-01   1.712423e-01   1.712423e-01   1.712423e-01   1.712423e-01   1.712423e-01   1.712423e-01   1.289008e+01   1.432346e+01
   1.712372e-01   1.712372e-01   1.712372e-01   1.712372e-01   1.712372e-01   1.712372e-01   1.712372e-01   3.382406e+00   1.100834e+01   1.562753e+01
   1.712345e-01   1.712345e-01   1.712345e-01   1.712345e-01   1.712345e-01   1.712345e-01   1.712345e-01   1.753488e-01   1.931959e-01   2.017122e+01
   1.712458e-01   1.712458e-01   1.712458e-01   1.712458e-01   1.712458e-01   1.712458e-01   1.714249e-01   1.773848e-01   9.566108e+00   1.723093e+01
   1.712439e-01   1.712439e-01   1.712439e-01   1.712439e-01   1.712439e-01   1.712439e-01   1.760722e-01   1.304031e+00   6.530319e+00   1.882792e+01
   1.712389e-01   1.712389e-01   1.712389e-01   1.712389e-01   1.712389e-01   1.712389e-01   1.712389e-01   1.805955e-01   1.289679e+01   1.431601e+01
   1.716465e-01   1.716465e-01   1.716466e-01   1.716494e-01   1.717496e-01   1.816193e-01   2.309912e-01   1.263745e+00   5.161863e+00   1.933895e+01
   1.718031e-01   1.718031e-01   1.718031e-01   1.718031e-01   1.718031e-01   1.718031e-01   1.718787e-01   2.865545e+00   1.226488e+01   1.459802e+01
   1.712393e-01   1.712393e-01   1.712394e-01   1.712652e-01   1.721657e-01   1.789232e-01   2.197949e-01   3.847440e-01   1.288686e+01   1.432433e+01
   1.712578e-01   1.712578e-01   1.712578e-01   1.712578e-01   1.712578e-01   1.712578e-01   1.712578e-01   1.712578e-01   8.811702e+00   1.771636e+01
   1.712407e-01   1.712407e-01   1.712407e-01   1.712407e-01   1.712407e-01   1.712407e-01   1.712407e-01   3.920588e-01   1.288554e+01   1.432581e+01
   1.712546e-01   1.712546e-01   1.712546e-01   1.712549e-01   1.712635e-01   1.715771e-01   2.392746e-01   1.363085e+00   6.516057e+00   1.882793e+01
   1.712445e-01   1.712445e-01   1.712445e-01   1.712445e-01   1.712445e-01   1.712445e-01   1.712445e-01   1.712445e-01   1.289908e+01   1.431347e+01
   1.712600e-01   1.712600e-01   1.712601e-01   1.712656e-01   1.714196e-01   1.774604e-01   2.123418e-01   3.563694e-01   7.645049e-01   2.015897e+01
   1.712368e-01   1.712368e-01   1.712368e-01   1.712368e-01   1.712391e-01   1.713475e-01   1.893680e-01   2.518699e-01   5.291581e+00   1.934469e+01
   1.712572e-01   1.712572e-01   1.712572e-01   1.712572e-01   1.712572e-01   1.712572e-01   1.712572e-01   3.007695e+00   1.113121e+01   1.563516e+01
   1.722713e-01   1.722713e-01   1.722713e-01   1.722714e-01   1.722740e-01   1.725231e-01   2.027881e-01   3.024376e-01   7.898060e-01   2.015979e+01
   1.712400e-01   1.712400e-01   1.712400e-01   1.712400e-01   1.712400e-01   1.712400e-01   1.712400e-01   1.712400e-01   1.287376e+01   1.434154e+01
   1.712363e-01   1.712363e-01   1.712363e-01   1.712363e-01   1.712363e-01   1.712438e-01   2.236413e-01   4.039718e-01   1.289629e+01   1.431337e+01
   1.712386e-01   1.712386e-01   1.712386e-01   1.712392e-01   1.712590e-01   1.717232e-01   1.741458e-01   2.836663e+00   1.227663e+01   1.459293e+01
   1.712470e-01   1.712470e-01   1.712470e-01   1.712470e-01   1.712470e-01   1.712470e-01   1.712470e-01   1.284495e+00   6.534691e+00   1.882793e+01
   1.718196e-01   1.718196e-01   1.718196e-01   1.718196e-01   1.718196e-01   1.718196e-01   2.085038e-01   3.694562e-01   1.108667e+01   1.607331e+01
   1.712386e-01   1.712386e-01   1.712386e-01   1.712387e-01   1.712400e-01   1.713546e-01   1.720432e-01   2.418233e+00   9.976864e+00   1.670626e+01
   1.712467e-01   1.712467e-01   1.712467e-01   1.712467e-01   1.712467e-01   1.712467e-01   4.243221e-01   1.264899e+00   6.530671e+00   1.882793e+01
   1.712418e-01   1.712418e-01   1.712418e-01   1.712418e-01   1.712421e-01   1.712461e-01   1.725338e-01   8.961602e-01   3.086098e+00   1.988645e+01
   1.712369e-01   1.712369e-01   1.712369e-01   1.712369e-01   1.712369e-01   1.712369e-01   1.712369e-01   1.712369e-01   8.768240e+00   1.774266e+01
   1.712459e-01   1.712459e-01   1.712459e-01   1.712459e-01   1.712470e-01   1.712712e-01   1.713965e-01   1.789978e-01   8.703261e+00   1.778173e+01
   1.712361e-01   1.712361e-01   1.712361e-01   1.712361e-01   1.712361e-01   1.712363e-01   1.712602e-01   1.735844e-01   5.203081e-01   2.016747e+01
   1.712477e-01   1.712477e-01   1.712477e-01   1.712477e-01   1.712477e-01   1.712477e-01   1.716614e-01   2.379009e+00   9.981335e+00   1.671126e+01
   1.712416e-01   1.712416e-01   1.712416e-01   1.712416e-01   1.712428e-01   1.713822e-01   1.721502e-01   1.566272e+00   6.534398e+00   1.879842e+01
   1.724595e-01   1.724595e-01   1.724595e-01   1.724596e-01   1.724597e-01   1.724664e-01   1.732451e-01   1.773017e-01   8.824230e+00   1.771067e+01
   1.712554e-01   1.712554e-01   1.712554e-01   1.712554e-01   1.712554e-01   1.712554e-01   1.712554e-01   1.292879e+00   6.532837e+00   1.882793e+01
   1.712391e-01   1.712391e-01   1.712391e-01   1.712391e-01   1.712391e-01   1.712391e-01   1.712391e-01   1.712391e-01   8.801979e+00   1.772223e+01
   1.712667e-01   1.712667e-01   1.712669e-01   1.712694e-01   1.713378e-01   1.721620e-01   2.097061e-01   3.352795e-01   7.708214e-01   2.015904e+01
   1.712386e-01   1.712386e-01   1.712386e-01   1.712386e-01   1.712386e-01   1.712386e-01   1.712386e-01   1.712386e-01   1.289045e+01   1.432304e+01
   1.712393e-01   1.712393e-01   1.712393e-01   1.712393e-01   1.712393e-01   1.712393e-01   6.322189e-01   2.310078e+00   9.982295e+00   1.671158e+01
   1.712418e-01   1.712418e-01   1.712418e-01   1.712541e-01   1.716638e-01   1.766981e-01   2.059040e-01   1.555519e+00   6.488018e+00   1.881908e+01
   1.717155e-01   1.717155e-01   1.717155e-01   1.717163e-01   1.717420e-01   1.726782e-01   5.468568e-01   1.917396e+00   9.902667e+00   1.684649e+01
   1.719368e-01   1.719368e-01   1.719368e-01   1.719368e-01   1.719368e-01   1.719368e-01   1.719368e-01   1.719368e-01   1.288328e+01   1.433247e+01
   1.712448e-01   1.712448e-01   1.712448e-01   1.712448e-01   1.712455e-01   1.713998e-01   2.206703e-01   2.879018e+00   1.225982e+01   1.459784e+01
   1.712456e-01   1.712456e-01   1.712456e-01   1.712456e-01   1.712456e-01   1.712458e-01   1.715703e-01   2.818933e+00   1.227780e+01   1.459683e+01
   1.712405e-01   1.712405e-01   1.712405e-01   1.712405e-01   1.712405e-01   1.712405e-01   1.712405e-01   1.712405e-01   1.289902e+01   1.431353e+01
   1.718054e-01   1.718054e-01   1.718054e-01   1.718054e-01   1.718054e-01   1.718054e-01   1.718054e-01   2.952708e+00   1.225598e+01   1.458138e+01
   1.712492e-01   1.712492e-01   1.712492e-01   1.712492e-01   1.712492e-01   1.712492e-01   2.103488e-01   2.378558e+00   9.981337e+00   1.671126e+01
   1.712358e-01   1.712358e-01   1.712358e-01   1.712358e-01   1.712358e-01   1.712358e-01   1.712358e-01   1.713938e-01   1.947343e-01   2.017122e+01
   1.712386e-01   1.712386e-01   1.712386e-01   1.712387e-01   1.712389e-01   1.712659e-01   1.723784e-01   3.455251e-01   1.289527e+01   1.431602e+01
   1.756162e-01   1.756162e-01   1.756162e-01   1.756162e-01   1.756162e-01   1.756162e-01   1.756162e-01   1.756162e-01   3.927911e+00   1.973623e+01
   1.737681e-01   1.737681e-01   1.737681e-01   1.737681e-01   1.737683e-01   1.737716e-01   1.737967e-01   1.122231e+00   5.213373e+00   1.933726e+01
   1.718033e-01   1.718033e-01   1.718033e-01   1.718033e-01   1.718035e-01   1.718245e-01   1.973608e-01   2.865685e+00   1.226622e+01   1.459655e+01
   1.713706e-01   1.713706e-01   1.713706e-01   1.713706e-01   1.713706e-01   1.713706e-01   2.044603e-01   3.697481e-01   1.108165e+01   1.607673e+01
   1.720329e-01   1.720329e-01   1.720329e-01   1.720329e-01   1.720344e-01   1.721029e-01   1.849639e-01   2.553165e-01   1.108426e+01   1.607740e+01
   1.734670e-01   1.734670e-01   1.734670e-01   1.734670e-01   1.734674e-01   1.734761e-01   1.744589e-01   1.777385e-01   3.583202e+00   1.981135e+01
   1.712441e-01   1.712441e-01   1.712441e-01   1.712441e-01   1.712441e-01   1.712441e-01   2.171974e-01   2.430638e+00   9.965811e+00   1.671159e+01
   1.718613e-01   1.718613e-01   1.718613e-01   1.718613e-01   1.718613e-01   1.718659e-01   1.731708e-01   2.012157e+00   9.958097e+00   1.679935e+01
   1.712465e-01   1.712465e-01   1.712465e-01   1.712465e-01   1.712466e-01   1.712473e-01   1.786099e-01   1.271802e+00   7.676412e+00   1.829767e+01
   1.712429e-01   1.712429e-01   1.712429e-01   1.712429e-01   1.712429e-01   1.712429e-01   1.712429e-01   1.712429e-01   1.288789e+01   1.432589e+01
   1.712429e-01   1.712429e-01   1.712429e-01   1.712429e-01   1.712429e-01   1.712430e-01   2.692357e-01   1.890474e+00   7.654752e+00   1.823288e+01
   1.718030e-01   1.718030e-01   1.718030e-01   1.718030e-01   1.718044e-01   1.719315e-01   1.829420e-01   2.193173e-01   3.315948e-01   2.017092e+01
   1.712397e-01   1.712397e-01   1.712397e-01   1.712397e-01   1.712397e-01   1.712397e-01   1.712397e-01   3.011960e+00   1.111699e+01   1.564632e+01
   1.712392e-01   1.712392e-01   1.712396e-01   1.712442e-01   1.712988e-01   1.719930e-01   2.044635e-01   3.385547e-01   7.737684e-01   2.015888e+01
   1.712526e-01   1.712526e-01   1.712526e-01   1.712527e-01   1.712559e-01   1.712947e-01   1.715003e-01   1.849754e-01   1.223249e+01   1.501722e+01
   1.724383e-01   1.724383e-01   1.724383e-01   1.724383e-01   1.724383e-01   1.724383e-01   1.724383e-01   2.842326e-01   1.280845e+01   1.441528e+01
   1.712414e-01   1.712414e-01   1.712414e-01   1.712414e-01   1.712414e-01   1.712414e-01   1.712414e-01   1.712414e-01   9.796797e+00   1.707141e+01
   1.712440e-01   1.712440e-01   1.712440e-01   1.712440e-01   1.712450e-01   1.712870e-01   1.752373e-01   3.074424e+00   1.109623e+01   1.564633e+01
   1.712404e-01   1.712404e-01   1.712404e-01   1.712404e-01   1.712405e-01   1.712425e-01   1.720083e-01   1.849619e-01   1.225329e+01   1.499631e+01
   1.753739e-01   1.753739e-01   1.753739e-01   1.753739e-01   1.753739e-01   1.753739e-01   1.753739e-01   1.794714e-01   3.336754e+00   1.986449e+01
   1.712416e-01   1.712416e-01   1.712416e-01   1.712416e-01   1.712416e-01   1.712416e-01   1.712416e-01   1.712416e-01   9.896427e+00   1.700084e+01
   1.712561e-01   1.712561e-01   1.712561e-01   1.712561e-01   1.712561e-01   1.712568e-01   1.737296e-01   2.560290e-01   3.452380e+00   1.983589e+01
   1.712329e-01   1.712329e-01   1.712329e-01   1.712329e-01   1.712329e-01   1.712329e-01   1.712329e-01   1.766208e-01   2.003014e-01   2.017121e+01
   1.718225e-01   1.718225e-01   1.718225e-01   1.718226e-01   1.718266e-01   1.719781e-01   2.043145e-01   3.703288e-01   1.108210e+01   1.607719e+01
   1.716640e-01   1.716640e-01   1.716640e-01   1.716640e-01   1.716647e-01   1.717296e-01   1.803870e-01   3.246287e-01   7.119858e-01   2.016173e+01
   1.712381e-01   1.712381e-01   1.712381e-01   1.712381e-01   1.712381e-01   1.712381e-01   1.712381e-01   1.712381e-01   1.289043e+01   1.432307e+01
   1.712413e-01   1.712413e-01   1.712414e-01   1.712652e-01   1.718952e-01   1.997444e-01   3.405833e-01   1.286853e+00   6.530180e+00   1.882797e+01
   1.712354e-01   1.712354e-01   1.712354e-01   1.712354e-01   1.712354e-01   1.712354e-01   1.712354e-01   1.712354e-01   3.433482e+00   1.984003e+01
   1.712320e-01   1.712320e-01   1.712320e-01   1.712320e-01   1.712320e-01   1.712320e-01   1.712320e-01   1.712320e-01   1.151240e+00   2.014157e+01
   1.787376e-01   1.787376e-01   1.787376e-01   1.787377e-01   1.787383e-01   1.787606e-01   1.813727e-01   3.038060e-01   3.264217e+00   1.988209e+01
   1.712480e-01   1.712480e-01   1.712480e-01   1.712480e-01   1.712480e-01   1.712480e-01   1.712480e-01   1.712480e-01   8.751600e+00   1.775272e+01
   1.712474e-01   1.712474e-01   1.712474e-01   1.712474e-01   1.712474e-01   1.712474e-01   1.712474e-01   2.158724e-01   5.286750e+00   1.934650e+01
   1.748959e-01   1.748959e-01   1.748959e-01   1.748959e-01   1.748961e-01   1.749102e-01   1.758868e-01   1.791230e-01   3.551266e+00   1.981990e+01
   1.712534e-01   1.712534e-01   1.712534e-01   1.712534e-01   1.712534e-01   1.712534e-01   1.712534e-01   3.174650e+00   1.224778e+01   1.451884e+01
   1.714574e-01   1.714574e-01   1.714575e-01   1.714632e-01   1.716237e-01   1.778919e-01   2.140900e-01   3.560940e-01   7.647023e-01   2.015916e+01
