   1.593888e+00   2.953302e+00
   1.224499e+00   3.738949e+00
   1.593796e+00   2.953668e+00
   1.211504e+00   3.810959e+00
   1.140680e+00   4.146873e+00
   2.131811e+00   2.074648e+00
   1.514045e+00   3.227525e+00
   2.039935e+00   2.331725e+00
   1.263527e+00   3.554671e+00
   1.771252e+00   2.601089e+00
   1.019690e+00   4.614125e+00
   1.073552e+00   4.203264e+00
   1.211549e+00   3.810661e+00
   2.131822e+00   2.074569e+00
   1.071388e+00   4.205885e+00
   1.687461e+00   2.686546e+00
   2.162156e+00   1.998173e+00
   1.224561e+00   3.738611e+00
   2.005687e+00   2.418091e+00
   1.325148e+00   3.412530e+00
   2.314891e+00   1.802326e+00
   2.092223e+00   2.184552e+00
   1.174254e+00   4.014872e+00
   2.043247e+00   2.322563e+00
   2.255170e+00   1.839735e+00
   1.226404e+00   3.728717e+00
   2.667576e+00   1.436554e+00
   2.590067e+00   1.620152e+00
   1.964195e+00   2.502538e+00
   1.316155e+00   3.422478e+00
   2.206827e+00   1.906153e+00
   2.092042e+00   2.185067e+00
   1.706361e+00   2.654474e+00
   1.140904e+00   4.146165e+00
   1.312774e+00   3.426966e+00
   2.132017e+00   2.073980e+00
   1.671845e+00   2.718927e+00
   2.705484e+00   1.339139e+00
   1.140418e+00   4.147467e+00
   1.276782e+00   3.508373e+00
   1.628925e+00   2.835429e+00
   1.762516e+00   2.604149e+00
   1.325081e+00   3.412613e+00
   2.594372e+00   1.611202e+00
   2.273369e+00   1.823559e+00
   1.638497e+00   2.806226e+00
   1.474933e+00   3.324362e+00
   1.182904e+00   3.970083e+00
   1.250458e+00   3.609206e+00
   1.277093e+00   3.507324e+00
   1.076305e+00   4.200745e+00
   1.667488e+00   2.728847e+00
   2.010262e+00   2.407284e+00
   1.786874e+00   2.597705e+00
   1.646653e+00   2.782704e+00
   1.606551e+00   2.909042e+00
   1.602276e+00   2.923863e+00
   2.472006e+00   1.777104e+00
   2.161665e+00   1.999340e+00
   1.695712e+00   2.671605e+00
   1.689471e+00   2.682639e+00
   2.206801e+00   1.906296e+00
   1.371176e+00   3.396191e+00
   2.544758e+00   1.701585e+00
   1.962785e+00   2.505003e+00
   1.553734e+00   3.097334e+00
   1.606978e+00   2.907861e+00
   1.272128e+00   3.523578e+00
   1.019591e+00   4.615312e+00
   2.556685e+00   1.682657e+00
   1.473347e+00   3.327367e+00
   2.058808e+00   2.279593e+00
   2.820619e+00   1.094803e+00
   1.559761e+00   3.075939e+00
   2.244740e+00   1.851034e+00
   2.748353e+00   1.234638e+00
   1.832070e+00   2.596078e+00
   2.059682e+00   2.277153e+00
   2.485564e+00   1.768123e+00
   1.513858e+00   3.228078e+00
   2.637176e+00   1.513208e+00
   2.820903e+00   1.094372e+00
   1.548057e+00   3.117441e+00
   2.760905e+00   1.206421e+00
   2.091757e+00   2.185891e+00
   2.169894e+00   1.980299e+00
   1.803845e+00   2.596337e+00
   1.186332e+00   3.951734e+00
   2.705472e+00   1.339264e+00
   2.206701e+00   1.906376e+00
   2.667379e+00   1.437058e+00
   2.799849e+00   1.128958e+00
   1.322094e+00   3.415644e+00
   1.192730e+00   3.916769e+00
   1.013956e+00   4.714211e+00
   1.467903e+00   3.337217e+00
   1.958279e+00   2.512474e+00
   2.009639e+00   2.408802e+00
   2.637200e+00   1.512997e+00
   1.527336e+00   3.186824e+00
