   6.241677e-01   9.438009e-01   9.987395e-01   9.936682e-01   3.953042e-01   5.003780e-01   4.871808e-01   5.205231e-01   5.906318e-01   6.347057e-01   6.514957e-01   6.807815e-01   6.935222e-01   7.737918e-01
   0.000000e+00   2.500449e-04   2.759122e-04   9.284589e-01   3.950651e-01   4.974979e-01   4.790288e-01   5.159253e-01   5.760920e-01   6.015695e-01   6.465653e-01   6.808229e-01   7.245994e-01   7.782089e-01
   0.000000e+00   3.349002e-05   1.223582e-04   8.620991e-01   3.950665e-01   4.800759e-01   4.858818e-01   5.168417e-01   5.827431e-01   5.883608e-01   6.513815e-01   6.836171e-01   7.136634e-01   7.779277e-01
   0.000000e+00   3.365149e-05   7.753161e-05   9.371096e-01   3.855081e-01   4.328093e-01   5.016819e-01   5.432456e-01   5.575282e-01   6.078147e-01   6.462549e-01   6.805020e-01   7.285271e-01   7.776286e-01
   0.000000e+00   2.500449e-04   2.759122e-04   9.284589e-01   3.950949e-01   4.974979e-01   4.790288e-01   5.159253e-01   5.760920e-01   6.086502e-01   6.466772e-01   6.808229e-01   7.245994e-01   7.774709e-01
   0.000000e+00   6.796410e-05   1.222092e-04   9.307700e-01   3.951965e-01   4.800744e-01   4.727182e-01   5.168432e-01   5.827500e-01   6.078153e-01   6.513211e-01   6.835826e-01   7.237062e-01   7.782306e-01
   5.646670e-01   9.433694e-01   9.723416e-01   9.316182e-01   3.951965e-01   4.973439e-01   4.860297e-01   5.156445e-01   5.595295e-01   6.077300e-01   6.466489e-01   6.824496e-01   7.265913e-01   7.777484e-01
   0.000000e+00   7.855051e-05   6.771492e-04   9.073488e-01   3.955261e-01   4.970019e-01   4.796099e-01   5.203662e-01   5.646039e-01   6.087272e-01   6.517991e-01   6.812638e-01   7.268084e-01   7.735322e-01
   7.235015e-01   9.711767e-01   1.417328e-01   3.534365e-01   3.953693e-01   5.007416e-01   4.872590e-01   5.202472e-01   5.745950e-01   6.036713e-01   6.463113e-01   6.805887e-01   7.285433e-01   7.782649e-01
   6.829392e-01   5.273371e-02   1.095524e-01   2.524082e-01   3.961106e-01   5.003318e-01   4.796949e-01   5.204278e-01   5.743214e-01   6.035568e-01   6.462813e-01   6.968976e-01   7.266226e-01   7.783450e-01
   7.222546e-01   9.696193e-01   9.659642e-01   3.859878e-01   3.962759e-01   5.005441e-01   4.818439e-01   5.203157e-01   5.638532e-01   6.077740e-01   6.463181e-01   6.948299e-01   7.235576e-01   7.754317e-01
   0.000000e+00   2.500449e-04   2.759122e-04   9.566413e-01   3.951002e-01   4.975808e-01   4.790288e-01   5.161756e-01   5.760920e-01   6.086502e-01   6.467412e-01   6.814311e-01   7.245535e-01   7.733420e-01
   0.000000e+00   3.349002e-05   1.223582e-04   8.585718e-01   3.950769e-01   4.999619e-01   4.860103e-01   5.168417e-01   5.827431e-01   5.883608e-01   6.513950e-01   6.836171e-01   7.136634e-01   7.779058e-01
   0.000000e+00   8.877029e-03   1.412639e-02   3.644337e-01   3.952007e-01   5.003961e-01   4.791355e-01   5.203686e-01   5.646614e-01   6.078073e-01   6.463185e-01   6.940396e-01   7.260976e-01   7.782470e-01
   9.666274e-07   0.000000e+00   1.878339e-02   3.670993e-01   3.949844e-01   5.004148e-01   4.790506e-01   5.204290e-01   5.652408e-01   6.078013e-01   6.511029e-01   6.934262e-01   7.265341e-01   7.786045e-01
   0.000000e+00   1.114453e-04   1.225673e-02   9.122726e-01   3.951960e-01   5.003754e-01   4.796592e-01   5.203117e-01   5.742747e-01   6.078355e-01   6.462790e-01   6.819073e-01   7.259533e-01   7.778838e-01
   4.633466e-01   9.391296e-01   3.947242e-01   9.369212e-01   3.950289e-01   5.000595e-01   4.859257e-01   5.162028e-01   5.754685e-01   6.001807e-01   6.468669e-01   6.937926e-01   7.265655e-01   7.774131e-01
   7.640881e-01   8.557797e-05   4.957463e-02   3.043810e-01   3.919811e-01   4.980147e-01   4.790999e-01   5.204230e-01   5.638878e-01   6.077744e-01   6.468972e-01   6.816452e-01   7.266451e-01   7.782495e-01
   0.000000e+00   5.336042e-05   1.242924e-05   9.590453e-01   3.854770e-01   4.970975e-01   4.859313e-01   5.205308e-01   5.761866e-01   6.085923e-01   6.462320e-01   6.801344e-01   7.267801e-01   7.782521e-01
   0.000000e+00   7.855051e-05   6.771492e-04   9.073488e-01   3.961815e-01   4.970040e-01   4.796099e-01   5.205348e-01   5.646039e-01   6.087272e-01   6.517991e-01   6.812638e-01   7.268084e-01   7.735322e-01
   1.648104e-02   2.465509e-04   0.000000e+00   4.047186e-01   3.955402e-01   5.004835e-01   4.797477e-01   5.203008e-01   5.646967e-01   6.077721e-01   6.463827e-01   6.896809e-01   7.266203e-01   7.783098e-01
   4.800804e-01   9.557582e-01   8.275984e-01   9.006083e-01   3.952415e-01   4.979664e-01   4.796478e-01   5.202983e-01   5.638363e-01   6.075304e-01   6.463226e-01   6.896151e-01   7.356030e-01   7.785287e-01
   7.162159e-01   9.146861e-01   4.636476e-02   9.122763e-01   3.956038e-01   4.973439e-01   4.859723e-01   5.157799e-01   5.596536e-01   6.077271e-01   6.466486e-01   6.824508e-01   7.269527e-01   7.778924e-01
   0.000000e+00   6.456117e-05   1.746156e-02   9.179897e-01   3.952174e-01   5.004193e-01   4.794666e-01   5.202871e-01   5.638783e-01   6.077713e-01   6.463351e-01   6.933522e-01   7.260794e-01   7.780438e-01
   7.224304e-01   1.000000e+00   9.461022e-01   3.647105e-01   3.949861e-01   5.004257e-01   4.820000e-01   5.204311e-01   5.638532e-01   6.077740e-01   6.463189e-01   6.935973e-01   7.235610e-01   7.753965e-01
   7.238502e-01   9.111061e-01   9.901769e-01   3.710574e-01   3.950999e-01   5.001842e-01   4.860057e-01   5.204130e-01   5.596444e-01   6.078084e-01   6.460579e-01   6.917680e-01   7.265558e-01   7.738615e-01
   6.715903e-01   8.775207e-01   9.454710e-01   5.908770e-01   3.956662e-01   5.004806e-01   4.860414e-01   5.203948e-01   5.648839e-01   6.078016e-01   6.468880e-01   6.808627e-01   7.285164e-01   7.785653e-01
   5.708037e-01   1.032402e-01   9.768214e-01   7.880174e-01   3.955132e-01   5.004543e-01   4.791837e-01   5.203040e-01   5.643308e-01   6.080420e-01   6.512494e-01   6.823178e-01   7.268792e-01   7.784066e-01
   2.052490e-02   7.436927e-03   3.810062e-01   1.955034e-01   3.961093e-01   5.004551e-01   4.796857e-01   5.203081e-01   5.638424e-01   6.078400e-01   6.515125e-01   6.896926e-01   7.267601e-01   7.783094e-01
   1.336815e-02   8.802952e-03   6.224144e-02   3.898998e-01   3.952000e-01   5.004850e-01   4.796837e-01   5.203024e-01   5.638745e-01   6.078362e-01   6.463133e-01   6.895675e-01   7.266316e-01   7.783098e-01
   0.000000e+00   7.855051e-05   1.112906e-01   9.511072e-01   3.951944e-01   5.004414e-01   4.787844e-01   5.203654e-01   5.686919e-01   6.077744e-01   6.491516e-01   6.814863e-01   7.268084e-01   7.780931e-01
   0.000000e+00   9.431918e-01   0.000000e+00   9.889157e-01   3.950918e-01   5.003770e-01   4.790043e-01   5.204113e-01   5.641350e-01   6.086349e-01   6.461241e-01   6.926407e-01   7.262576e-01   7.775209e-01
   0.000000e+00   7.855051e-05   6.771492e-04   9.073488e-01   3.951709e-01   4.970159e-01   4.796099e-01   5.205348e-01   5.646039e-01   6.087013e-01   6.517991e-01   6.812638e-01   7.269298e-01   7.735322e-01
   1.394967e-04   0.000000e+00   9.650381e-01   3.935792e-01   3.950338e-01   5.005456e-01   4.796237e-01   5.203021e-01   5.638735e-01   6.077970e-01   6.463134e-01   6.943698e-01   7.266131e-01   7.783135e-01
   5.686353e-01   9.433694e-01   9.723416e-01   9.316182e-01   3.951901e-01   5.003644e-01   4.860364e-01   5.156445e-01   5.637933e-01   6.085895e-01   6.466408e-01   6.926473e-01   7.262567e-01   7.777488e-01
   2.288877e-02   1.022990e-02   5.207762e-02   2.178986e-01   3.950949e-01   5.014502e-01   4.791317e-01   5.204255e-01   5.762422e-01   6.078362e-01   6.462974e-01   6.808301e-01   7.265479e-01   7.774848e-01
   7.415874e-01   8.802952e-03   6.224144e-02   3.898998e-01   3.952000e-01   5.004850e-01   4.796745e-01   5.203024e-01   5.658400e-01   6.078362e-01   6.463133e-01   6.895675e-01   7.266316e-01   7.783088e-01
   7.640881e-01   9.081679e-03   4.957463e-02   3.569760e-01   3.952034e-01   5.004192e-01   4.790822e-01   5.250979e-01   5.638746e-01   6.078378e-01   6.463189e-01   6.893370e-01   7.266612e-01   7.782470e-01
   5.708037e-01   0.000000e+00   1.000000e+00   7.852121e-01   3.969393e-01   5.001953e-01   4.790454e-01   5.244123e-01   5.643306e-01   6.086136e-01   6.512507e-01   6.823151e-01   7.246926e-01   7.786597e-01
   1.648104e-02   2.465509e-04   0.000000e+00   4.047186e-01   3.950067e-01   5.004182e-01   4.797477e-01   5.204320e-01   5.652326e-01   6.077983e-01   6.462958e-01   6.935784e-01   7.266580e-01   7.786018e-01
   0.000000e+00   2.606441e-05   8.126741e-03   9.299064e-01   3.950855e-01   5.003726e-01   4.856445e-01   5.203042e-01   5.643957e-01   6.086357e-01   6.463236e-01   6.817236e-01   7.263087e-01   7.786905e-01
   6.094607e-01   9.046005e-01   9.961867e-01   9.680438e-01   3.954732e-01   4.945755e-01   4.975084e-01   5.202390e-01   5.596472e-01   5.863758e-01   6.471513e-01   6.822878e-01   7.283624e-01   7.659607e-01
   7.240469e-01   8.556111e-01   9.454710e-01   5.716674e-01   3.951965e-01   5.004418e-01   4.860972e-01   5.202463e-01   5.651936e-01   6.077760e-01   6.463119e-01   6.808651e-01   7.285164e-01   7.785653e-01
   6.241677e-01   9.443463e-01   1.000000e+00   9.936682e-01   3.953042e-01   5.003780e-01   4.871232e-01   5.203080e-01   5.931043e-01   6.347057e-01   6.470416e-01   6.807815e-01   6.935222e-01   7.737460e-01
   7.222546e-01   9.831287e-01   9.668421e-01   3.859878e-01   3.950068e-01   5.005457e-01   4.817551e-01   5.203008e-01   5.638544e-01   6.077586e-01   6.463171e-01   6.948292e-01   7.266869e-01   7.754317e-01
   6.829392e-01   5.273371e-02   1.095524e-01   2.524082e-01   3.961106e-01   5.003318e-01   4.796904e-01   5.200238e-01   5.743114e-01   6.086662e-01   6.463608e-01   6.968234e-01   7.266226e-01   7.784054e-01
   0.000000e+00   8.847252e-04   8.199458e-03   9.299064e-01   3.949844e-01   5.003794e-01   4.789742e-01   5.204299e-01   5.637148e-01   6.078009e-01   6.463166e-01   6.935922e-01   7.266536e-01   7.774488e-01
   0.000000e+00   4.125293e-02   8.160576e-02   3.925896e-01   3.952012e-01   5.004850e-01   4.797644e-01   5.204218e-01   5.638745e-01   6.078362e-01   6.468617e-01   6.895675e-01   7.266316e-01   7.782545e-01
   0.000000e+00   1.022909e-01   1.000000e+00   9.143827e-01   3.949846e-01   5.003811e-01   4.791269e-01   5.203046e-01   5.638679e-01   6.078161e-01   6.468894e-01   6.894549e-01   7.266328e-01   7.774645e-01
   3.874558e-04   0.000000e+00   2.993169e-03   9.256897e-01   3.952034e-01   5.004768e-01   4.787699e-01   5.203884e-01   5.637553e-01   6.078342e-01   6.462963e-01   6.815669e-01   7.265616e-01   7.780200e-01
   1.394967e-04   0.000000e+00   9.650381e-01   3.935792e-01   3.950896e-01   5.005479e-01   4.817896e-01   5.203033e-01   5.638380e-01   6.078348e-01   6.463161e-01   6.943698e-01   7.262632e-01   7.781907e-01
   0.000000e+00   9.431918e-01   0.000000e+00   9.889157e-01   3.951932e-01   5.003752e-01   4.796771e-01   5.204113e-01   5.641315e-01   6.086349e-01   6.463171e-01   6.926407e-01   7.266191e-01   7.775209e-01
   0.000000e+00   8.802952e-03   3.008796e-02   4.049891e-01   3.951972e-01   5.004835e-01   4.796620e-01   5.204309e-01   5.652040e-01   6.077710e-01   6.462977e-01   6.897011e-01   7.266203e-01   7.783172e-01
   4.861087e-01   9.557582e-01   8.275984e-01   9.006083e-01   3.952000e-01   5.006515e-01   4.796478e-01   5.202983e-01   5.638606e-01   6.075462e-01   6.463226e-01   6.896151e-01   7.356030e-01   7.774852e-01
   5.504205e-01   0.000000e+00   9.768214e-01   7.880174e-01   3.949774e-01   5.004543e-01   4.790520e-01   5.203040e-01   5.643144e-01   6.078043e-01   6.512478e-01   6.823178e-01   7.268792e-01   7.784137e-01
   0.000000e+00   5.802350e-02   0.000000e+00   2.092838e-01   3.954760e-01   5.005423e-01   4.790717e-01   5.203016e-01   5.642203e-01   6.179867e-01   6.509879e-01   6.811883e-01   7.246920e-01   7.774612e-01
   4.846871e-01   9.835295e-01   9.398280e-01   9.216733e-01   3.952016e-01   4.993808e-01   4.792364e-01   5.203063e-01   5.658424e-01   6.078868e-01   6.462593e-01   6.944020e-01   7.266167e-01   7.731248e-01
   0.000000e+00   8.595249e-03   2.722157e-03   3.657999e-01   3.949871e-01   5.004947e-01   4.790508e-01   5.204202e-01   5.639401e-01   6.077997e-01   6.468994e-01   6.934169e-01   7.266701e-01   7.786038e-01
   1.395407e-04   1.820549e-02   1.160332e-02   9.908033e-01   3.950918e-01   5.004249e-01   4.790043e-01   5.203040e-01   5.638612e-01   6.077727e-01   6.463149e-01   6.926876e-01   7.262576e-01   7.754003e-01
   5.708037e-01   1.032402e-01   9.768214e-01   7.880174e-01   3.955132e-01   5.004543e-01   4.791837e-01   5.203040e-01   5.643308e-01   6.085575e-01   6.512494e-01   6.936245e-01   7.268813e-01   7.784087e-01
   0.000000e+00   2.606441e-05   8.126741e-03   9.299064e-01   3.950916e-01   5.003727e-01   4.856445e-01   5.203042e-01   5.641360e-01   6.086357e-01   6.463236e-01   6.817236e-01   7.262587e-01   7.786905e-01
   0.000000e+00   8.643423e-03   9.658545e-01   3.898998e-01   3.950770e-01   5.004850e-01   4.820471e-01   5.202944e-01   5.638788e-01   6.079448e-01   6.463238e-01   6.896090e-01   7.267056e-01   7.783010e-01
   1.343993e-02   4.104446e-02   8.176477e-02   3.926636e-01   3.952024e-01   5.004850e-01   4.796892e-01   5.202977e-01   5.638745e-01   6.078431e-01   6.510211e-01   6.833140e-01   7.266316e-01   7.784813e-01
   3.874558e-04   8.854548e-03   2.993169e-03   2.430471e-01   3.949833e-01   5.004173e-01   4.791363e-01   5.204311e-01   5.651876e-01   6.077997e-01   6.463167e-01   6.899043e-01   7.265617e-01   7.779974e-01
   0.000000e+00   8.877029e-03   1.412639e-02   3.642178e-01   3.951999e-01   5.003961e-01   4.791355e-01   5.203666e-01   5.646614e-01   6.077791e-01   6.463185e-01   6.940396e-01   7.260976e-01   7.782470e-01
   7.667580e-01   0.000000e+00   9.377526e-01   6.407279e-01   4.066864e-01   4.971186e-01   4.860783e-01   5.202959e-01   5.743976e-01   6.078402e-01   6.513936e-01   6.930512e-01   7.269922e-01   7.754169e-01
   0.000000e+00   8.847252e-04   8.199458e-03   9.308657e-01   3.949844e-01   5.003810e-01   4.797463e-01   5.204299e-01   5.637148e-01   6.078361e-01   6.468657e-01   6.936070e-01   7.266521e-01   7.774488e-01
   9.013002e-02   3.374861e-02   1.412639e-02   3.642882e-01   3.950816e-01   5.004192e-01   4.790485e-01   5.203027e-01   5.639192e-01   6.078073e-01   6.463180e-01   6.943448e-01   7.265359e-01   7.786078e-01
   0.000000e+00   8.556111e-01   8.943232e-01   5.716674e-01   3.950648e-01   5.004418e-01   4.789500e-01   5.202574e-01   5.763310e-01   6.077760e-01   6.465659e-01   6.808661e-01   7.285164e-01   7.785757e-01
   0.000000e+00   8.802952e-03   6.208242e-02   3.899020e-01   3.952000e-01   5.004850e-01   4.797654e-01   5.204265e-01   5.638745e-01   6.078364e-01   6.463133e-01   6.895675e-01   7.266316e-01   7.783423e-01
   7.221919e-01   0.000000e+00   9.377526e-01   6.272609e-01   3.950679e-01   4.971918e-01   4.793466e-01   5.203154e-01   5.648100e-01   6.082748e-01   6.513349e-01   7.058976e-01   7.267056e-01   7.782397e-01
   0.000000e+00   8.856442e-03   4.957416e-02   9.487859e-01   3.969963e-01   5.003946e-01   4.791363e-01   5.203003e-01   5.646842e-01   6.078046e-01   6.468882e-01   6.896457e-01   7.266198e-01   7.780547e-01
   4.846871e-01   9.832145e-01   9.397928e-01   9.318651e-01   3.950465e-01   5.004336e-01   4.858875e-01   5.202921e-01   5.639234e-01   6.077601e-01   6.468967e-01   6.895655e-01   7.266412e-01   7.783424e-01
   7.222546e-01   9.925497e-01   9.659642e-01   3.859878e-01   3.950067e-01   5.005441e-01   4.817917e-01   5.203153e-01   5.638374e-01   6.077763e-01   6.463160e-01   6.948299e-01   7.235576e-01   7.754317e-01
   2.909625e-03   3.374861e-02   1.412639e-02   3.934234e-01   3.950816e-01   5.004202e-01   4.790485e-01   5.204237e-01   5.639193e-01   6.078073e-01   6.468600e-01   6.943448e-01   7.265359e-01   7.786078e-01
   0.000000e+00   3.357747e-05   1.223582e-04   8.620991e-01   3.952612e-01   4.800759e-01   4.858818e-01   5.168417e-01   5.827431e-01   5.889191e-01   6.513816e-01   6.844522e-01   7.268730e-01   7.779277e-01
   7.275060e-01   8.815403e-05   0.000000e+00   2.559830e-01   3.950380e-01   5.003314e-01   4.796921e-01   5.204251e-01   5.631429e-01   6.078346e-01   6.469844e-01   6.943638e-01   7.266317e-01   7.783590e-01
   4.347490e-05   0.000000e+00   9.575347e-01   3.857920e-01   3.951524e-01   5.003796e-01   4.791297e-01   5.203024e-01   5.638533e-01   6.085490e-01   6.469035e-01   6.890911e-01   7.266315e-01   7.782484e-01
   0.000000e+00   7.245024e-05   0.000000e+00   3.654818e-01   3.952000e-01   5.004861e-01   4.791284e-01   5.204229e-01   5.646871e-01   6.077733e-01   6.463133e-01   6.897003e-01   7.266316e-01   7.781996e-01
   9.109966e-03   5.454433e-02   1.160999e-01   2.451761e-01   3.952012e-01   5.003566e-01   4.791185e-01   5.203676e-01   5.637944e-01   6.077294e-01   6.469647e-01   6.896985e-01   7.354079e-01   7.776321e-01
   6.241677e-01   9.372327e-01   9.804423e-01   9.592677e-01   3.955584e-01   5.003727e-01   4.871842e-01   5.203043e-01   5.633386e-01   6.347057e-01   6.458299e-01   6.807815e-01   7.267667e-01   7.737918e-01
   5.536534e-01   3.365149e-05   8.893257e-03   7.994213e-01   3.960899e-01   4.980065e-01   4.791492e-01   5.203040e-01   5.639569e-01   6.085572e-01   6.461965e-01   6.814824e-01   7.268797e-01   7.782998e-01
   0.000000e+00   8.856442e-03   5.024082e-02   9.487859e-01   3.970112e-01   5.001799e-01   4.791363e-01   5.203641e-01   5.641555e-01   6.077760e-01   6.463170e-01   6.898955e-01   7.266199e-01   7.780720e-01
   6.715903e-01   8.775207e-01   9.454710e-01   5.908770e-01   3.950945e-01   5.004828e-01   4.860664e-01   5.203948e-01   5.648839e-01   6.078016e-01   6.468880e-01   6.798293e-01   7.284774e-01   7.785639e-01
   1.648104e-02   3.129243e-04   4.647456e-02   4.047186e-01   3.955402e-01   5.004194e-01   4.797477e-01   5.203020e-01   5.652415e-01   6.077701e-01   6.463857e-01   6.896809e-01   7.266203e-01   7.783098e-01
   0.000000e+00   8.643423e-03   9.658545e-01   3.898998e-01   3.950720e-01   5.004850e-01   4.819258e-01   5.202944e-01   5.638788e-01   6.079381e-01   6.469009e-01   6.896090e-01   7.267056e-01   7.783186e-01
   1.286514e-03   8.646130e-03   9.643801e-01   3.644337e-01   3.951007e-01   5.001886e-01   4.791349e-01   5.202269e-01   5.640518e-01   6.078835e-01   6.476023e-01   6.917171e-01   7.267111e-01   7.781293e-01
   7.224304e-01   1.000000e+00   9.543609e-01   9.399896e-01   3.949869e-01   4.990737e-01   4.795518e-01   5.204311e-01   5.658767e-01   6.078336e-01   6.463189e-01   7.049884e-01   7.235633e-01   7.783087e-01
   0.000000e+00   3.349002e-05   1.223582e-04   8.620991e-01   3.950653e-01   4.800759e-01   4.858887e-01   5.168417e-01   5.827431e-01   5.883608e-01   6.467400e-01   6.836171e-01   7.136634e-01   7.779277e-01
   0.000000e+00   9.431918e-01   0.000000e+00   9.884330e-01   3.951939e-01   5.004275e-01   4.790043e-01   5.204113e-01   5.642713e-01   6.077744e-01   6.461241e-01   6.926407e-01   7.262576e-01   7.775425e-01
   7.075102e-01   9.506029e-01   1.400801e-01   3.268749e-01   3.952155e-01   5.003957e-01   4.799451e-01   5.203728e-01   5.746973e-01   6.036713e-01   6.463114e-01   6.810155e-01   7.265674e-01   7.782471e-01
   2.358898e-02   1.000000e+00   9.461022e-01   3.692268e-01   3.961050e-01   5.004274e-01   4.820000e-01   5.203067e-01   5.638427e-01   6.077740e-01   6.463189e-01   6.897008e-01   7.267840e-01   7.753965e-01
   0.000000e+00   7.855051e-05   1.112906e-01   9.515899e-01   3.950924e-01   5.004414e-01   4.787844e-01   5.203654e-01   5.685556e-01   6.077726e-01   6.491516e-01   6.814863e-01   7.268084e-01   7.780747e-01
   0.000000e+00   3.349180e-05   1.363190e-04   9.297061e-01   3.961105e-01   5.004909e-01   4.859096e-01   5.589234e-01   5.581596e-01   5.882871e-01   6.475925e-01   6.970316e-01   7.266261e-01   7.731313e-01
   0.000000e+00   6.773909e-05   4.908460e-02   9.181587e-01   3.952015e-01   4.979413e-01   4.787631e-01   5.203905e-01   5.638722e-01   6.078353e-01   6.462635e-01   6.897391e-01   7.266328e-01   7.783378e-01
   0.000000e+00   4.125293e-02   8.160576e-02   3.924203e-01   3.956692e-01   5.004849e-01   4.859704e-01   5.204218e-01   5.638979e-01   6.078016e-01   6.468617e-01   6.895675e-01   7.285724e-01   7.785835e-01
   7.275060e-01   8.815403e-05   0.000000e+00   2.559830e-01   3.950380e-01   5.003314e-01   4.796883e-01   5.204251e-01   5.631429e-01   6.078562e-01   6.469844e-01   6.936081e-01   7.266402e-01   7.783590e-01
   6.393081e-02   8.646806e-03   9.643801e-01   3.644337e-01   3.950006e-01   5.003958e-01   4.791363e-01   5.203674e-01   5.651951e-01   6.078090e-01   6.475580e-01   6.901731e-01   7.265264e-01   7.782470e-01
   0.000000e+00   0.000000e+00   1.863433e-03   9.487505e-01   3.952722e-01   5.004768e-01   4.787893e-01   5.203643e-01   5.637615e-01   6.078342e-01   6.462963e-01   6.898538e-01   7.266127e-01   7.780200e-01
