   9.997977e-01   1.208605e-04   7.397750e-01   1.170411e-04   5.592275e-01   5.739920e-01   6.741001e-01   6.685545e-01   6.617186e-01   5.744876e-01   6.562745e-01   6.947361e-01   7.432313e-01   7.916130e-01
   9.522069e-01   5.241319e-04   8.937536e-01   1.320700e-04   5.581871e-01   5.624030e-01   6.542081e-01   6.674286e-01   6.694959e-01   6.781658e-01   6.562506e-01   6.988470e-01   7.467937e-01   7.916250e-01
   9.462362e-01   1.120768e-04   7.318796e-01   1.320507e-04   5.777775e-01   5.610783e-01   6.649230e-01   6.694352e-01   6.694594e-01   6.895724e-01   6.553291e-01   6.987683e-01   7.418893e-01   7.921162e-01
   1.000000e+00   3.601914e-05   7.338965e-01   6.982647e-03   5.110682e-01   5.629379e-01   6.740005e-01   6.448724e-01   6.621297e-01   6.829984e-01   6.551757e-01   6.988290e-01   7.431706e-01   7.886556e-01
   4.363035e-01   6.879251e-01   8.127136e-01   8.230168e-01   5.427475e-01   5.464319e-01   6.116981e-01   6.691748e-01   6.693180e-01   6.543790e-01   6.486599e-01   6.926282e-01   7.429198e-01   7.916109e-01
   1.000000e+00   1.333115e-02   7.280070e-01   1.212584e-01   6.006065e-01   5.662062e-01   6.740696e-01   6.516120e-01   6.695146e-01   6.810168e-01   6.563030e-01   6.988466e-01   7.429951e-01   7.915835e-01
   4.363035e-01   6.879251e-01   8.127136e-01   8.274205e-01   5.553164e-01   5.462534e-01   6.116981e-01   6.691748e-01   6.696631e-01   6.543790e-01   6.486599e-01   6.925567e-01   7.429198e-01   7.916402e-01
   4.614039e-01   9.876802e-01   7.924538e-01   8.312071e-01   5.581871e-01   5.464744e-01   6.550766e-01   6.698811e-01   6.696605e-01   6.100777e-01   6.562382e-01   6.986240e-01   7.461276e-01   7.915926e-01
   1.000000e+00   6.883369e-01   7.414404e-01   1.228255e-01   5.641003e-01   5.629538e-01   6.739036e-01   6.510461e-01   6.628282e-01   6.789778e-01   6.554457e-01   6.985373e-01   7.431564e-01   7.886622e-01
   6.891263e-01   8.981127e-01   7.990753e-01   9.412531e-03   5.497480e-01   5.464742e-01   6.550798e-01   6.686141e-01   6.696449e-01   6.101371e-01   6.563221e-01   6.986479e-01   7.458799e-01   7.920925e-01
   1.000000e+00   9.703885e-01   7.408416e-01   0.000000e+00   5.641003e-01   5.638710e-01   6.739036e-01   6.508800e-01   6.628282e-01   6.789778e-01   6.554457e-01   6.988497e-01   7.431390e-01   7.886902e-01
   6.565128e-01   2.633052e-02   7.395998e-01   3.133653e-03   5.496371e-01   5.464590e-01   6.550849e-01   6.695148e-01   6.711455e-01   6.101303e-01   6.562718e-01   6.986176e-01   7.432440e-01   7.916508e-01
   7.725437e-01   1.681283e-04   7.265556e-01   1.308556e-04   5.699550e-01   5.666514e-01   6.650183e-01   6.634132e-01   6.699579e-01   6.866946e-01   6.544057e-01   6.986599e-01   7.432637e-01   7.916083e-01
   6.901192e-01   9.415168e-01   9.415653e-01   8.602802e-01   5.577237e-01   5.638591e-01   6.543368e-01   6.507567e-01   6.613433e-01   6.775214e-01   6.553749e-01   6.987608e-01   7.430197e-01   7.916230e-01
   6.682687e-01   6.981154e-01   7.409308e-01   2.147831e-01   5.641583e-01   5.629538e-01   6.739036e-01   6.484987e-01   6.628902e-01   6.799517e-01   6.563177e-01   6.986251e-01   7.431564e-01   7.886632e-01
   1.000000e+00   9.159892e-05   8.924641e-01   1.320700e-04   5.582700e-01   5.662152e-01   6.741996e-01   6.515358e-01   6.633247e-01   6.782107e-01   6.562895e-01   6.986594e-01   7.429940e-01   7.916093e-01
   7.008301e-01   2.798327e-03   6.491660e-01   3.270798e-01   5.634285e-01   5.630625e-01   6.744275e-01   6.501202e-01   6.703431e-01   6.779153e-01   6.553129e-01   6.985884e-01   7.428495e-01   7.887034e-01
   4.637663e-01   2.078722e-04   6.491660e-01   2.661414e-04   5.633609e-01   5.629567e-01   6.744122e-01   6.492363e-01   6.695882e-01   6.776999e-01   6.562324e-01   6.986721e-01   7.430408e-01   7.887034e-01
   1.000000e+00   6.957303e-01   7.415303e-01   1.283357e-01   5.919961e-01   5.629538e-01   6.737043e-01   6.510461e-01   6.700497e-01   6.789778e-01   6.554457e-01   6.985356e-01   7.426323e-01   7.916109e-01
   1.000000e+00   9.703885e-01   7.408405e-01   0.000000e+00   5.641003e-01   5.629786e-01   6.739036e-01   6.508800e-01   6.628282e-01   6.789778e-01   6.554457e-01   6.988339e-01   7.431392e-01   7.886902e-01
   1.000000e+00   6.792300e-01   7.414410e-01   1.080442e-01   5.641003e-01   5.638462e-01   6.739036e-01   6.510461e-01   6.628282e-01   6.789778e-01   6.554457e-01   6.985532e-01   7.431562e-01   7.886902e-01
   8.371180e-01   6.384520e-01   8.157904e-01   9.381013e-01   5.556277e-01   5.518232e-01   6.552066e-01   6.515941e-01   6.620039e-01   6.777925e-01   6.554120e-01   6.941059e-01   7.432940e-01   7.916590e-01
   6.628869e-01   9.261341e-01   7.348329e-01   1.500848e-01   5.797941e-01   5.463903e-01   6.550615e-01   6.695127e-01   6.699805e-01   6.098723e-01   6.562979e-01   6.986158e-01   7.432460e-01   7.919999e-01
   4.828738e-01   7.707415e-01   7.364727e-01   2.528524e-01   5.495055e-01   5.476610e-01   6.569147e-01   6.685796e-01   6.694948e-01   6.100104e-01   6.563744e-01   6.988538e-01   7.430098e-01   7.916339e-01
   8.551475e-01   2.963807e-02   7.341061e-01   1.408209e-03   5.699806e-01   5.894170e-01   6.142826e-01   6.520181e-01   6.627995e-01   6.114869e-01   6.562849e-01   6.985334e-01   7.464398e-01   7.920198e-01
   8.576230e-01   5.662349e-01   7.339292e-01   4.652019e-03   5.499351e-01   5.464463e-01   6.550794e-01   6.686595e-01   6.700045e-01   6.118817e-01   6.563267e-01   6.986386e-01   7.461218e-01   7.916418e-01
   6.901192e-01   9.415168e-01   9.415653e-01   8.740620e-01   5.577237e-01   6.022041e-01   6.551080e-01   6.694929e-01   6.692786e-01   6.119795e-01   6.553878e-01   6.987608e-01   7.468461e-01   7.916440e-01
   7.766951e-01   1.548073e-04   7.675858e-01   2.629307e-03   5.492833e-01   5.465289e-01   6.550758e-01   6.685492e-01   6.711007e-01   6.101336e-01   6.563748e-01   6.986176e-01   7.419857e-01   7.916518e-01
   7.766951e-01   2.136692e-03   7.698715e-01   6.666146e-02   5.496710e-01   5.465289e-01   6.550757e-01   6.685920e-01   6.711007e-01   6.101432e-01   6.563748e-01   6.986178e-01   7.458820e-01   7.916518e-01
   7.759715e-01   9.880555e-03   7.355346e-01   6.878700e-05   5.496867e-01   5.463969e-01   6.550758e-01   6.685492e-01   6.711007e-01   6.101313e-01   6.563720e-01   6.986117e-01   7.458820e-01   7.916536e-01
   8.153172e-01   2.559554e-04   7.334013e-01   1.706978e-03   5.552265e-01   5.476097e-01   6.569227e-01   6.695187e-01   6.722350e-01   6.101729e-01   6.563027e-01   6.986585e-01   7.431088e-01   7.915699e-01
   6.901192e-01   9.454130e-01   9.415653e-01   8.671698e-01   5.504620e-01   6.022041e-01   6.549964e-01   6.686312e-01   6.695216e-01   6.103282e-01   6.543492e-01   6.987608e-01   7.429143e-01   7.915657e-01
   7.816243e-01   2.360890e-03   7.364727e-01   4.292535e-03   5.535376e-01   5.476610e-01   6.569259e-01   6.685796e-01   6.694950e-01   6.098782e-01   6.563769e-01   6.988538e-01   7.430154e-01   7.915915e-01
   7.764956e-01   5.901598e-01   7.339292e-01   2.634119e-03   5.499351e-01   5.464463e-01   6.550794e-01   6.686595e-01   6.699767e-01   6.118817e-01   6.563270e-01   6.986171e-01   7.461218e-01   7.916520e-01
   7.745341e-01   2.360890e-03   7.363564e-01   4.087002e-03   5.541657e-01   5.463897e-01   6.549341e-01   6.685796e-01   6.694857e-01   6.100011e-01   6.563744e-01   6.988477e-01   7.430118e-01   7.915914e-01
   7.059239e-01   1.543932e-04   6.491660e-01   2.661414e-04   5.630540e-01   5.630616e-01   6.744122e-01   6.492481e-01   6.695610e-01   6.777085e-01   6.562324e-01   6.986721e-01   7.428512e-01   7.887034e-01
   6.925965e-01   9.454130e-01   9.408524e-01   8.650514e-01   5.500342e-01   6.022041e-01   6.494376e-01   6.686312e-01   5.978222e-01   6.776173e-01   6.553941e-01   6.987608e-01   7.429166e-01   7.920017e-01
   7.816243e-01   2.360890e-03   7.364727e-01   2.310200e-01   5.527040e-01   5.465313e-01   6.550889e-01   6.685801e-01   6.694950e-01   6.100764e-01   6.563223e-01   6.988420e-01   7.459075e-01   7.915901e-01
   1.000000e+00   0.000000e+00   7.907050e-01   0.000000e+00   5.552016e-01   5.464906e-01   6.546068e-01   6.693489e-01   6.698321e-01   6.101527e-01   6.563072e-01   6.986236e-01   7.461205e-01   7.916032e-01
   1.000000e+00   1.103739e-04   7.479988e-01   1.320700e-04   5.595637e-01   5.657318e-01   6.545731e-01   6.515358e-01   6.700286e-01   6.795364e-01   6.595392e-01   6.986583e-01   7.432311e-01   7.920119e-01
   9.997977e-01   1.131215e-04   7.329172e-01   1.170411e-04   5.371040e-01   5.485516e-01   6.734461e-01   6.685483e-01   6.617186e-01   6.099606e-01   6.596656e-01   6.947361e-01   7.432769e-01   7.920322e-01
   6.622966e-01   0.000000e+00   8.936680e-01   1.602675e-01   5.575235e-01   5.476436e-01   6.545225e-01   6.697166e-01   6.712686e-01   6.100520e-01   6.553957e-01   6.985313e-01   7.461243e-01   7.918800e-01
   7.751889e-01   9.880555e-03   7.338400e-01   6.878700e-05   5.494197e-01   5.463969e-01   6.549902e-01   6.687640e-01   6.711563e-01   6.101406e-01   6.563543e-01   6.986107e-01   7.458820e-01   7.920658e-01
   7.838048e-01   1.005456e-02   7.272145e-01   3.565644e-04   5.826564e-01   5.476513e-01   6.525783e-01   6.695144e-01   6.711614e-01   6.098728e-01   6.563129e-01   6.986100e-01   7.432466e-01   7.921298e-01
   8.371180e-01   6.384520e-01   8.157904e-01   9.134895e-01   5.556277e-01   5.517657e-01   6.571442e-01   6.499999e-01   6.620450e-01   6.777196e-01   6.554120e-01   6.937185e-01   7.432940e-01   7.919316e-01
   6.593742e-01   2.806808e-04   8.377086e-01   1.258035e-04   5.685661e-01   5.665974e-01   6.547014e-01   6.715898e-01   6.700580e-01   6.844658e-01   6.569453e-01   6.988537e-01   7.429762e-01   7.918862e-01
   9.997977e-01   1.131215e-04   7.328452e-01   1.170411e-04   5.357888e-01   5.485516e-01   6.740714e-01   6.683053e-01   6.616802e-01   6.120777e-01   6.596656e-01   6.947361e-01   7.432769e-01   7.920322e-01
   7.717968e-01   2.459183e-04   7.363288e-01   5.750655e-03   5.550406e-01   5.464743e-01   6.550761e-01   6.693476e-01   6.711064e-01   6.101428e-01   6.563221e-01   6.986242e-01   7.432355e-01   7.916460e-01
   7.728624e-01   2.136692e-03   7.675858e-01   2.629307e-03   5.498632e-01   5.465289e-01   6.550746e-01   6.685507e-01   6.711007e-01   6.101380e-01   6.563748e-01   6.986194e-01   7.458840e-01   7.916518e-01
   7.059239e-01   9.881666e-01   6.483444e-01   1.756476e-06   5.638606e-01   5.629476e-01   6.744273e-01   6.501348e-01   6.613213e-01   6.778425e-01   6.553748e-01   6.986731e-01   7.428350e-01   7.887310e-01
   7.845593e-01   0.000000e+00   7.414410e-01   1.032979e-01   5.642296e-01   5.638462e-01   6.739036e-01   6.510461e-01   6.628282e-01   6.789778e-01   6.551777e-01   6.985542e-01   7.431709e-01   7.885816e-01
   7.816243e-01   2.360890e-03   7.364727e-01   2.310200e-01   5.527040e-01   5.465313e-01   6.550889e-01   6.693542e-01   6.694950e-01   6.100764e-01   6.563223e-01   6.988420e-01   7.459387e-01   7.915626e-01
   9.999927e-01   1.131215e-04   7.328043e-01   1.195622e-04   5.357888e-01   5.638039e-01   6.740714e-01   6.683053e-01   6.628063e-01   6.794198e-01   6.596538e-01   6.947361e-01   7.432771e-01   7.920322e-01
   4.321428e-01   6.558680e-01   7.915755e-01   7.811353e-01   5.487410e-01   5.465754e-01   6.549161e-01   6.691116e-01   6.699761e-01   6.097694e-01   6.563669e-01   7.046098e-01   7.432414e-01   7.920648e-01
   6.633295e-01   1.492203e-04   8.380506e-01   1.636300e-04   5.493453e-01   5.476683e-01   6.535293e-01   6.693373e-01   6.695604e-01   6.101381e-01   6.562661e-01   6.987593e-01   7.432415e-01   7.916425e-01
   4.736797e-01   9.461192e-01   7.303384e-01   0.000000e+00   5.575288e-01   5.462124e-01   6.550182e-01   6.686058e-01   6.697958e-01   6.101375e-01   6.563748e-01   6.986178e-01   7.458628e-01   7.916042e-01
   6.908437e-01   9.243170e-01   7.550737e-01   8.811122e-01   5.577599e-01   5.477239e-01   6.550700e-01   6.695139e-01   6.699836e-01   6.103712e-01   6.554744e-01   6.988709e-01   7.459670e-01   7.920117e-01
   9.912769e-01   1.000000e+00   7.907050e-01   2.148871e-01   5.555690e-01   5.464746e-01   6.550759e-01   6.686380e-01   6.711394e-01   6.100777e-01   6.562890e-01   6.986239e-01   7.461276e-01   7.921137e-01
   6.733216e-01   8.779858e-01   7.924556e-01   2.166967e-01   5.581059e-01   5.464194e-01   6.549247e-01   6.695247e-01   6.711235e-01   6.114733e-01   6.563091e-01   6.986250e-01   7.462059e-01   7.918410e-01
   7.740382e-01   1.548073e-04   7.675858e-01   2.629307e-03   5.500012e-01   5.905731e-01   6.140879e-01   6.685492e-01   6.711007e-01   6.101336e-01   6.563748e-01   6.985297e-01   7.419857e-01   7.916579e-01
   6.889697e-01   9.996392e-01   7.983615e-01   0.000000e+00   5.498368e-01   5.464742e-01   6.550833e-01   6.686028e-01   6.700145e-01   6.108291e-01   6.563213e-01   6.986389e-01   7.461205e-01   7.920451e-01
   7.816243e-01   2.360890e-03   7.364727e-01   1.639082e-02   5.805062e-01   5.476509e-01   6.569577e-01   6.685796e-01   6.710363e-01   6.098789e-01   6.563810e-01   6.986100e-01   7.430149e-01   7.915913e-01
   8.564518e-01   2.963807e-02   7.341061e-01   1.408209e-03   5.699898e-01   5.894170e-01   6.142826e-01   6.520181e-01   6.628068e-01   6.114869e-01   6.562849e-01   6.985271e-01   7.464398e-01   7.920201e-01
   7.766820e-01   1.511293e-01   7.690235e-01   2.583629e-03   5.492516e-01   5.464777e-01   6.550672e-01   6.685437e-01   6.711071e-01   6.101339e-01   6.563748e-01   6.986386e-01   7.458681e-01   7.915844e-01
   7.751889e-01   3.534878e-02   7.338401e-01   8.747207e-05   5.494197e-01   5.463969e-01   6.550797e-01   6.687570e-01   6.700054e-01   6.101406e-01   6.563543e-01   6.986171e-01   7.458820e-01   7.920658e-01
   8.371180e-01   6.335394e-01   8.157904e-01   9.134895e-01   5.555767e-01   5.517613e-01   6.571510e-01   6.499999e-01   6.620450e-01   6.788408e-01   6.554154e-01   6.937185e-01   7.432852e-01   7.919316e-01
   7.826634e-01   1.753675e-03   7.675858e-01   2.583629e-03   5.498379e-01   5.465704e-01   6.550758e-01   6.685491e-01   6.700090e-01   6.101336e-01   6.563128e-01   6.986386e-01   7.458820e-01   7.920404e-01
   1.000000e+00   0.000000e+00   8.924934e-01   1.320700e-04   5.595637e-01   5.639554e-01   6.739000e-01   6.515358e-01   6.633247e-01   6.782155e-01   6.551625e-01   6.986602e-01   7.432311e-01   7.920119e-01
   6.781222e-01   8.748383e-01   8.123248e-01   4.652019e-03   5.498368e-01   5.462050e-01   6.550757e-01   6.686063e-01   6.710681e-01   6.100746e-01   6.553239e-01   6.986176e-01   7.429140e-01   7.920907e-01
   6.633295e-01   1.471568e-04   7.336602e-01   4.576078e-03   5.499524e-01   5.476683e-01   6.538217e-01   6.693373e-01   6.695642e-01   6.101381e-01   6.562661e-01   6.986869e-01   7.437472e-01   7.916425e-01
   6.622966e-01   0.000000e+00   8.936680e-01   1.602675e-01   5.554760e-01   5.476436e-01   6.552135e-01   6.697166e-01   6.712686e-01   6.098874e-01   6.553957e-01   6.982140e-01   7.433002e-01   7.918800e-01
   7.776430e-01   1.547900e-01   7.329723e-01   1.545452e-01   5.496211e-01   5.464763e-01   6.550678e-01   6.691877e-01   6.711243e-01   6.101285e-01   6.562718e-01   6.986179e-01   7.432612e-01   7.920002e-01
   4.406261e-01   6.558680e-01   7.915755e-01   7.877366e-01   5.487410e-01   5.463564e-01   6.548449e-01   6.691019e-01   6.694001e-01   6.110036e-01   6.563684e-01   6.985566e-01   7.465498e-01   7.920648e-01
   8.512595e-01   8.028350e-01   7.583749e-01   1.384572e-01   5.799609e-01   5.462093e-01   6.546097e-01   6.686242e-01   6.702652e-01   6.101442e-01   6.562919e-01   6.987433e-01   7.458819e-01   7.916453e-01
   1.000000e+00   9.436777e-01   6.498538e-01   0.000000e+00   5.641338e-01   5.701009e-01   6.739044e-01   6.508800e-01   6.628282e-01   6.776572e-01   6.554457e-01   6.988339e-01   7.428495e-01   7.887033e-01
   6.628869e-01   9.314859e-01   7.335765e-01   1.500848e-01   5.797653e-01   5.463903e-01   6.550615e-01   6.694976e-01   6.699805e-01   6.098723e-01   6.562720e-01   6.986158e-01   7.432460e-01   7.919999e-01
   6.691968e-01   0.000000e+00   7.339030e-01   1.241270e-01   5.499457e-01   5.464741e-01   6.564236e-01   6.685828e-01   6.697541e-01   6.119288e-01   6.563014e-01   6.986868e-01   7.461196e-01   7.920950e-01
   6.733216e-01   8.779858e-01   7.920616e-01   2.171203e-01   5.581059e-01   5.476909e-01   6.550135e-01   6.685985e-01   6.698151e-01   6.101387e-01   6.563112e-01   6.986251e-01   7.462002e-01   7.920278e-01
   1.000000e+00   9.857695e-01   8.104802e-01   4.983904e-02   5.804341e-01   5.464466e-01   6.550473e-01   6.686066e-01   6.697557e-01   6.101381e-01   6.563015e-01   6.988623e-01   7.429730e-01   7.916477e-01
   7.717532e-01   5.547447e-01   7.341050e-01   1.376300e-03   5.696135e-01   5.464463e-01   6.550794e-01   6.686595e-01   6.699767e-01   6.118826e-01   6.563270e-01   6.986179e-01   7.464155e-01   7.920175e-01
   6.794620e-01   5.652334e-01   8.136689e-01   4.652019e-03   5.498368e-01   5.462172e-01   6.550799e-01   6.686103e-01   6.695172e-01   6.101319e-01   6.563223e-01   6.987566e-01   7.461372e-01   7.916505e-01
   4.443993e-01   6.889463e-01   8.129780e-01   8.375163e-01   4.871846e-01   5.464640e-01   6.116981e-01   6.698840e-01   6.698345e-01   6.100688e-01   6.562382e-01   6.924652e-01   7.459718e-01   7.917649e-01
   7.740382e-01   1.548073e-04   7.672669e-01   2.629307e-03   5.500012e-01   5.905731e-01   6.140879e-01   6.685492e-01   6.710800e-01   6.100753e-01   6.563281e-01   6.985334e-01   7.419857e-01   7.916280e-01
   8.606941e-01   8.066950e-01   7.577631e-01   1.375522e-01   5.559153e-01   5.461921e-01   6.547297e-01   6.686242e-01   6.710392e-01   6.104343e-01   6.553466e-01   6.986094e-01   7.427480e-01   7.913949e-01
   6.550652e-01   2.633052e-02   7.395998e-01   3.130459e-03   5.498578e-01   5.464590e-01   6.550800e-01   6.695148e-01   6.711112e-01   6.101303e-01   6.562718e-01   6.986176e-01   7.432602e-01   7.916092e-01
   4.614039e-01   9.876802e-01   7.921131e-01   8.312071e-01   5.622576e-01   5.464749e-01   6.550766e-01   6.694690e-01   6.696605e-01   6.103925e-01   6.563053e-01   6.988038e-01   7.461264e-01   7.915863e-01
   7.717968e-01   2.459183e-04   7.363288e-01   5.750655e-03   5.550406e-01   5.464743e-01   6.550761e-01   6.685981e-01   6.711312e-01   6.101338e-01   6.563131e-01   6.986387e-01   7.431927e-01   7.916460e-01
   4.443993e-01   6.889463e-01   8.112505e-01   8.410304e-01   4.871846e-01   5.464640e-01   6.108935e-01   6.698840e-01   6.698191e-01   6.100688e-01   6.562301e-01   6.924652e-01   7.459640e-01   7.916439e-01
   6.691968e-01   0.000000e+00   7.339290e-01   1.241270e-01   5.499457e-01   5.464741e-01   6.564236e-01   6.685828e-01   6.700067e-01   6.119288e-01   6.563014e-01   6.986868e-01   7.461196e-01   7.920950e-01
   6.556083e-01   2.744323e-02   7.335912e-01   1.512272e-01   5.494236e-01   5.463875e-01   6.550805e-01   6.691937e-01   6.711243e-01   6.101401e-01   6.562701e-01   6.986171e-01   7.457225e-01   7.920661e-01
   6.901192e-01   9.454130e-01   9.415653e-01   3.792865e-02   5.498250e-01   5.465298e-01   6.549988e-01   6.685501e-01   6.695216e-01   6.103282e-01   6.562759e-01   6.987596e-01   7.457183e-01   7.915580e-01
   6.327583e-01   1.502583e-04   7.339290e-01   1.233738e-01   5.496023e-01   5.464527e-01   6.564236e-01   6.685828e-01   6.695661e-01   6.119288e-01   6.563014e-01   6.986868e-01   7.461196e-01   7.920950e-01
   7.885426e-01   1.103739e-04   7.414337e-01   1.320700e-04   5.594050e-01   5.638550e-01   6.740953e-01   6.515549e-01   6.700286e-01   6.795442e-01   6.549478e-01   6.986530e-01   7.432311e-01   7.886646e-01
   1.000000e+00   3.497648e-02   7.339292e-01   2.697974e-03   5.499351e-01   5.464463e-01   6.532165e-01   6.686595e-01   6.701313e-01   6.118817e-01   6.563135e-01   6.986164e-01   7.461218e-01   7.916520e-01
   7.751889e-01   3.534878e-02   7.338401e-01   8.747207e-05   5.496172e-01   5.463969e-01   6.550670e-01   6.687511e-01   6.700054e-01   6.101406e-01   6.563560e-01   6.986176e-01   7.434201e-01   7.919999e-01
   1.000000e+00   3.497648e-02   7.339292e-01   2.697974e-03   5.499351e-01   5.464463e-01   6.551117e-01   6.686529e-01   6.701313e-01   6.103154e-01   6.563135e-01   6.986240e-01   7.461218e-01   7.915886e-01
   8.524942e-01   9.968749e-01   7.340139e-01   1.238997e-01   5.496732e-01   5.464796e-01   6.550662e-01   6.686103e-01   6.699991e-01   6.098859e-01   6.563733e-01   6.986173e-01   7.458669e-01   7.915822e-01
   1.000000e+00   6.345564e-01   7.915755e-01   7.877366e-01   5.487697e-01   5.464470e-01   6.547991e-01   6.686348e-01   6.701213e-01   6.110025e-01   6.563153e-01   6.985562e-01   7.461333e-01   7.916537e-01
