   1.214986e-03   0.000000e+00   9.922058e-01   9.508595e-01   9.953840e-01   9.691375e-01   9.967805e-01   6.020573e-01   8.555279e-01   4.353590e-01   9.182315e-01   9.999952e-01   9.292440e-01   9.996686e-01   9.381588e-01   9.999998e-01   9.441411e-01   9.999754e-01   9.501825e-01   9.963565e-01
   0.000000e+00   3.935235e-03   9.997763e-01   9.603391e-01   9.923904e-01   9.786136e-01   7.998723e-01   8.945628e-01   4.617333e-01   4.280011e-01   9.180296e-01   9.989744e-01   9.287375e-01   9.999655e-01   9.444293e-01   9.999680e-01   9.445969e-01   9.999730e-01   9.510848e-01   9.978337e-01
   0.000000e+00   6.402037e-03   9.998761e-01   9.985861e-01   9.648544e-01   9.818648e-01   7.981557e-01   8.955984e-01   8.486892e-01   3.594795e-01   9.157989e-01   9.987404e-01   9.288935e-01   9.999675e-01   9.448106e-01   9.999807e-01   9.443935e-01   9.999749e-01   9.515358e-01   9.987907e-01
   4.417275e-02   1.807972e-01   1.000000e+00   9.992290e-01   9.630153e-01   9.851634e-01   7.107759e-01   7.888964e-01   8.560035e-01   2.078288e-01   9.175240e-01   9.997346e-01   9.255730e-01   9.997699e-01   9.392248e-01   9.999794e-01   9.441396e-01   9.999998e-01   9.513194e-01   9.987986e-01
   2.219249e-01   2.093873e-03   1.000000e+00   9.894003e-01   9.696711e-01   9.097086e-01   7.029708e-01   8.374091e-01   3.015177e-01   8.430135e-01   9.180517e-01   9.997285e-01   9.299121e-01   9.999814e-01   9.383421e-01   9.999616e-01   9.442801e-01   9.999953e-01   9.520952e-01   1.000000e+00
   0.000000e+00   3.039263e-03   1.905693e-04   9.741139e-01   9.774148e-01   9.644919e-01   4.870099e-01   9.101028e-01   4.978697e-01   8.833649e-01   9.180410e-01   9.997556e-01   9.265093e-01   9.999658e-01   9.346622e-01   9.999999e-01   9.476095e-01   9.995918e-01   9.513568e-01   9.960526e-01
   0.000000e+00   1.063133e-03   9.694344e-01   9.839338e-01   9.955363e-01   9.149295e-01   7.225589e-01   8.939222e-01   4.541043e-01   6.124895e-01   9.180347e-01   9.989523e-01   9.288357e-01   9.999950e-01   9.356220e-01   9.999806e-01   9.443850e-01   9.996883e-01   9.490247e-01   9.978337e-01
   0.000000e+00   4.815310e-03   9.997763e-01   9.603391e-01   9.923904e-01   9.786136e-01   7.998723e-01   8.692578e-01   4.617333e-01   6.404217e-01   9.171856e-01   9.989744e-01   9.287375e-01   9.999654e-01   9.355752e-01   9.999684e-01   9.445958e-01   9.999730e-01   9.522874e-01   9.977928e-01
   4.616979e-02   1.756146e-01   9.998682e-01   9.990454e-01   9.634931e-01   9.827656e-01   9.928724e-01   8.945854e-01   5.836953e-01   8.834264e-01   9.166063e-01   9.997346e-01   9.269539e-01   1.000000e+00   9.392915e-01   9.999818e-01   9.441341e-01   9.999978e-01   9.537081e-01   9.977945e-01
   4.725327e-02   2.137461e-02   9.983709e-01   9.988615e-01   9.984021e-01   9.539095e-01   7.153247e-01   8.732901e-01   7.818724e-01   5.001093e-01   9.170559e-01   9.999755e-01   9.291040e-01   9.998830e-01   9.480241e-01   9.998962e-01   9.448181e-01   9.999190e-01   9.507791e-01   9.993848e-01
   4.417275e-02   1.807972e-01   1.000000e+00   9.989174e-01   9.630153e-01   9.851634e-01   7.107759e-01   8.502408e-01   8.560035e-01   1.938144e-01   9.175240e-01   9.997346e-01   9.359660e-01   9.997708e-01   9.392248e-01   9.999561e-01   9.437985e-01   9.998648e-01   9.513194e-01   9.987986e-01
   4.616979e-02   1.756146e-01   1.000000e+00   9.990454e-01   9.984460e-01   9.970768e-01   7.212567e-01   7.859639e-01   3.014645e-01   8.162951e-01   9.171040e-01   9.997346e-01   9.356965e-01   9.999813e-01   9.392923e-01   9.999717e-01   9.437788e-01   9.999953e-01   9.513933e-01   9.995256e-01
   4.725327e-02   2.137461e-02   9.984538e-01   9.988615e-01   9.984021e-01   9.539095e-01   1.000000e+00   8.732901e-01   3.702323e-01   5.001093e-01   9.174715e-01   9.997419e-01   9.348258e-01   9.998830e-01   9.407352e-01   9.998962e-01   9.448094e-01   9.999190e-01   9.508052e-01   9.993848e-01
   3.189180e-02   0.000000e+00   1.000000e+00   9.793467e-01   9.854613e-01   9.826052e-01   7.085688e-01   9.475753e-01   4.616011e-01   3.659583e-01   9.210796e-01   9.979127e-01   9.334477e-01   9.999757e-01   9.392805e-01   9.767213e-01   9.439972e-01   9.994208e-01   9.587983e-01   9.979463e-01
   0.000000e+00   0.000000e+00   9.706216e-01   9.839338e-01   9.691857e-01   9.149856e-01   7.225589e-01   8.939222e-01   3.666429e-01   6.124895e-01   9.180347e-01   9.989523e-01   9.288348e-01   9.999944e-01   9.356220e-01   9.999817e-01   9.443850e-01   9.996934e-01   9.490233e-01   9.994636e-01
   4.561540e-02   4.257205e-04   9.991442e-01   9.826398e-01   7.886763e-01   9.236604e-01   7.227533e-01   7.520909e-01   2.231929e-01   5.534555e-01   9.211476e-01   9.999458e-01   9.274777e-01   9.999736e-01   9.392141e-01   9.999817e-01   9.440990e-01   9.999933e-01   9.486805e-01   9.974309e-01
   2.224484e-01   0.000000e+00   1.000000e+00   9.829151e-01   9.840555e-01   9.657657e-01   6.969763e-01   9.007100e-01   5.519474e-01   8.370719e-01   9.182056e-01   9.989677e-01   9.301603e-01   9.997878e-01   9.393267e-01   9.999549e-01   9.442824e-01   9.996880e-01   9.512931e-01   1.000000e+00
   2.219249e-01   0.000000e+00   1.000000e+00   9.765149e-01   9.578622e-01   9.841696e-01   7.034910e-01   8.643074e-01   1.000000e+00   8.430135e-01   9.180754e-01   9.989929e-01   9.286570e-01   9.999822e-01   9.381443e-01   9.998789e-01   9.442300e-01   9.999776e-01   9.531693e-01   9.980631e-01
   2.219249e-01   2.093873e-03   1.000000e+00   9.738931e-01   9.696711e-01   9.097086e-01   7.029708e-01   8.374091e-01   2.722204e-01   8.430135e-01   9.180517e-01   9.997285e-01   9.299150e-01   9.999814e-01   9.383421e-01   9.999619e-01   9.442878e-01   9.999953e-01   9.511164e-01   1.000000e+00
   2.219249e-01   2.093873e-03   1.000000e+00   9.736591e-01   1.000000e+00   9.097086e-01   7.029708e-01   8.398233e-01   2.722204e-01   8.430135e-01   9.170808e-01   9.997285e-01   9.299244e-01   9.999900e-01   9.383421e-01   9.999634e-01   9.442905e-01   9.999256e-01   9.511164e-01   1.000000e+00
   0.000000e+00   3.894176e-03   9.738934e-01   9.979173e-01   9.597534e-01   9.623017e-01   8.113500e-01   8.944238e-01   3.793678e-01   4.802766e-01   9.180305e-01   9.997558e-01   9.285445e-01   9.999634e-01   9.360884e-01   9.999999e-01   9.473605e-01   1.000000e+00   9.500690e-01   9.979256e-01
   2.219249e-01   2.397723e-04   1.000000e+00   9.864832e-01   9.982319e-01   9.842002e-01   7.034910e-01   8.594310e-01   1.000000e+00   8.430135e-01   9.181360e-01   9.989929e-01   9.285144e-01   9.999821e-01   9.392923e-01   9.999631e-01   9.442709e-01   9.999776e-01   9.531906e-01   9.980541e-01
   6.408074e-01   3.789670e-02   9.999860e-01   9.990324e-01   9.799985e-01   9.657248e-01   9.945768e-01   9.388018e-01   6.501563e-01   5.557724e-01   9.212773e-01   9.998324e-01   9.323381e-01   9.999738e-01   9.398615e-01   9.999841e-01   9.447249e-01   9.999763e-01   9.510250e-01   9.973588e-01
   2.219249e-01   1.726015e-01   1.000000e+00   9.976474e-01   9.697107e-01   9.656391e-01   7.029603e-01   7.766636e-01   3.663738e-01   8.206177e-01   9.179602e-01   9.997843e-01   9.287712e-01   9.999813e-01   9.500299e-01   9.999633e-01   9.442130e-01   9.999986e-01   9.475144e-01   9.978229e-01
   2.219249e-01   1.755265e-01   1.914972e-01   9.193300e-01   9.699464e-01   9.617976e-01   6.980131e-01   7.750994e-01   3.663738e-01   8.430135e-01   9.183424e-01   9.997854e-01   9.287752e-01   9.999819e-01   9.483893e-01   9.999959e-01   9.442764e-01   9.995089e-01   9.478596e-01   9.996934e-01
   2.219249e-01   1.779200e-01   2.050983e-02   9.188692e-01   9.696380e-01   9.981767e-01   7.029708e-01   8.490000e-01   3.015177e-01   8.430135e-01   9.180116e-01   9.997853e-01   9.288663e-01   9.999815e-01   9.383421e-01   9.999616e-01   9.442801e-01   9.353694e-01   9.520952e-01   9.977175e-01
   6.408074e-01   3.789670e-02   9.834686e-01   9.979612e-01   9.799985e-01   9.657248e-01   9.945768e-01   9.388308e-01   6.501563e-01   5.536392e-01   9.212773e-01   9.998285e-01   9.287748e-01   9.999738e-01   9.406566e-01   9.999841e-01   9.442054e-01   9.999763e-01   9.510250e-01   9.973588e-01
   7.529212e-01   1.588636e-01   2.824383e-01   9.746816e-01   9.521215e-01   9.990951e-01   9.972853e-01   8.662783e-01   5.488948e-01   9.055453e-01   9.169641e-01   9.997291e-01   9.287588e-01   9.999915e-01   9.613867e-01   9.999858e-01   9.445390e-01   9.994714e-01   9.496411e-01   9.999557e-01
   2.504073e-01   2.900000e-01   9.826291e-01   9.857270e-01   9.742885e-01   9.861858e-01   7.216695e-01   7.955576e-01   7.420170e-01   8.052629e-01   9.169201e-01   9.998392e-01   9.331296e-01   9.999016e-01   9.365042e-01   9.999848e-01   9.443935e-01   9.994612e-01   9.496031e-01   9.990239e-01
   1.331335e-02   0.000000e+00   3.539130e-01   9.114744e-01   9.700439e-01   8.742255e-01   7.002339e-01   8.720634e-01   3.664627e-01   5.860371e-01   9.171022e-01   9.997840e-01   9.275667e-01   9.999814e-01   9.485450e-01   9.999012e-01   9.442295e-01   1.000000e+00   9.510659e-01   9.994645e-01
   2.219249e-01   2.093873e-03   1.987855e-03   1.000000e+00   9.697069e-01   9.098606e-01   7.006055e-01   8.648610e-01   5.525199e-01   8.509111e-01   9.167438e-01   9.990428e-01   9.299971e-01   9.999815e-01   9.410481e-01   9.999847e-01   9.442296e-01   9.999855e-01   9.510584e-01   9.994656e-01
   2.676513e-02   9.201795e-01   9.931461e-01   9.539851e-01   9.711230e-01   8.742255e-01   7.008011e-01   8.646071e-01   5.529082e-01   8.496278e-01   9.171022e-01   9.997858e-01   9.279032e-01   9.999814e-01   9.384322e-01   9.994734e-01   9.442295e-01   9.999770e-01   9.510659e-01   9.994645e-01
   4.616979e-02   1.760381e-01   8.587568e-01   1.000000e+00   9.631655e-01   9.827656e-01   6.924754e-01   8.946019e-01   5.094307e-01   8.723864e-01   9.169703e-01   9.998500e-01   9.265906e-01   9.998649e-01   9.392343e-01   9.999818e-01   9.438222e-01   9.999978e-01   9.537077e-01   9.986312e-01
   2.504073e-01   2.900000e-01   9.826291e-01   9.857270e-01   9.739719e-01   9.857639e-01   8.223622e-01   7.956440e-01   7.420170e-01   2.665073e-01   9.213501e-01   9.998392e-01   9.291477e-01   9.968061e-01   9.365042e-01   9.999848e-01   9.443935e-01   9.994612e-01   9.509197e-01   9.990239e-01
   1.208294e-01   0.000000e+00   1.000000e+00   9.902820e-01   9.828074e-01   9.623314e-01   6.633185e-01   8.719158e-01   3.425496e-01   8.190789e-01   8.962428e-01   9.994072e-01   9.358172e-01   1.000000e+00   9.392305e-01   9.994993e-01   9.441661e-01   1.000000e+00   9.511206e-01   9.995780e-01
   6.408074e-01   3.789670e-02   9.999859e-01   9.990324e-01   9.999046e-01   9.761478e-01   8.287265e-01   9.385100e-01   5.461126e-01   5.445025e-01   9.212016e-01   9.998324e-01   9.324374e-01   9.999815e-01   9.398763e-01   9.999011e-01   9.447249e-01   9.966282e-01   9.479342e-01   9.973622e-01
   2.226840e-01   2.093873e-03   1.000000e+00   9.894003e-01   9.702930e-01   9.095908e-01   9.852680e-01   8.374091e-01   5.455762e-01   8.430135e-01   9.169886e-01   9.997286e-01   9.299121e-01   9.999999e-01   9.383951e-01   9.999616e-01   9.442904e-01   9.994993e-01   9.520952e-01   1.000000e+00
   2.196935e-01   2.093873e-03   0.000000e+00   9.730072e-01   9.634498e-01   9.688640e-01   6.743392e-01   8.398233e-01   2.722204e-01   8.430135e-01   9.169570e-01   9.997285e-01   9.299244e-01   9.968363e-01   9.382533e-01   9.999634e-01   9.442905e-01   9.999407e-01   9.711214e-01   1.000000e+00
   4.507212e-02   1.464722e-03   3.417114e-03   9.738881e-01   9.693355e-01   8.582569e-01   7.033718e-01   8.643217e-01   5.370573e-01   5.457249e-01   9.168286e-01   9.997563e-01   9.288358e-01   9.999139e-01   9.349486e-01   9.999987e-01   9.441223e-01   9.999838e-01   9.488476e-01   9.994566e-01
   7.585567e-01   8.360041e-01   1.829652e-01   9.747773e-01   9.915994e-01   9.828621e-01   9.967199e-01   7.442276e-01   2.087712e-01   8.778546e-01   9.171137e-01   9.998513e-01   9.299075e-01   9.999985e-01   9.392893e-01   1.000000e+00   9.440715e-01   9.999184e-01   9.467089e-01   9.972471e-01
   2.676513e-02   9.202643e-01   9.998248e-01   9.556677e-01   9.714877e-01   9.716526e-01   4.802328e-01   8.647137e-01   5.454100e-01   8.496278e-01   9.171022e-01   9.998329e-01   9.812006e-01   9.998782e-01   9.384322e-01   9.994734e-01   9.442419e-01   9.999998e-01   9.510659e-01   9.996507e-01
   2.219249e-01   1.758560e-01   1.000000e+00   9.193898e-01   9.725389e-01   9.655494e-01   7.029603e-01   8.705813e-01   3.731358e-01   8.430135e-01   9.180130e-01   9.997865e-01   9.288115e-01   9.999816e-01   9.381330e-01   9.999998e-01   9.442802e-01   9.999995e-01   9.521720e-01   9.999898e-01
   9.620047e-01   8.902774e-02   1.820440e-01   9.963080e-01   9.803683e-01   8.664323e-01   6.933854e-01   7.649309e-01   3.440220e-01   2.903891e-01   9.102296e-01   9.997931e-01   9.277881e-01   9.999814e-01   9.403433e-01   9.998188e-01   9.437919e-01   9.999257e-01   9.496194e-01   9.978604e-01
   2.219249e-01   1.697777e-01   9.752984e-01   9.212365e-01   9.697069e-01   9.119080e-01   7.029691e-01   8.648610e-01   3.648671e-01   8.509111e-01   9.167438e-01   9.997678e-01   9.299971e-01   9.999815e-01   9.410030e-01   9.999847e-01   9.442802e-01   9.999855e-01   9.510584e-01   9.994657e-01
   9.193181e-01   1.755873e-01   0.000000e+00   9.033258e-01   9.998380e-01   9.866580e-01   7.033068e-01   8.628014e-01   5.492995e-01   8.333098e-01   9.169699e-01   9.998058e-01   9.292289e-01   9.999919e-01   9.382939e-01   9.999937e-01   9.445345e-01   9.999727e-01   9.479821e-01   9.989048e-01
   6.408074e-01   3.771007e-02   9.999860e-01   1.000000e+00   1.000000e+00   9.759776e-01   8.287265e-01   9.371303e-01   5.461126e-01   5.252955e-01   9.212773e-01   9.998325e-01   9.324470e-01   9.999738e-01   9.398623e-01   9.999011e-01   9.447249e-01   9.966953e-01   9.479548e-01   9.973688e-01
   4.360814e-02   2.349208e-02   9.849972e-01   9.826676e-01   9.999790e-01   9.696004e-01   6.884032e-01   7.500730e-01   6.208821e-01   8.806862e-01   9.183079e-01   9.999495e-01   9.287326e-01   9.999747e-01   9.360042e-01   9.999816e-01   9.442855e-01   9.999993e-01   9.522881e-01   1.000000e+00
   2.504073e-01   2.900000e-01   9.751604e-01   9.843730e-01   9.742885e-01   9.861858e-01   7.216695e-01   7.943429e-01   6.215176e-01   6.043476e-01   9.169201e-01   9.998392e-01   9.330075e-01   9.999016e-01   9.360043e-01   9.999998e-01   9.443935e-01   9.994612e-01   9.489589e-01   1.000000e+00
   7.698325e-01   9.993298e-01   1.662483e-01   9.869656e-01   9.967849e-01   9.438715e-01   7.063818e-01   8.510864e-01   5.844273e-01   6.280377e-01   9.170720e-01   9.988028e-01   9.288566e-01   9.999986e-01   9.386711e-01   9.996873e-01   9.439936e-01   9.999726e-01   9.507749e-01   9.989160e-01
   2.242383e-01   1.683418e-01   7.797662e-03   9.975788e-01   9.997672e-01   9.696533e-01   6.979019e-01   8.632055e-01   8.434530e-01   8.611928e-01   9.173705e-01   9.998308e-01   9.724175e-01   9.999999e-01   9.401413e-01   9.998565e-01   9.442060e-01   9.994990e-01   9.475144e-01   9.977892e-01
   6.408074e-01   5.401065e-02   0.000000e+00   1.000000e+00   1.000000e+00   9.759776e-01   8.348628e-01   9.385100e-01   5.486679e-01   8.749448e-01   9.212773e-01   9.998324e-01   9.290304e-01   9.999747e-01   9.388985e-01   9.998982e-01   9.468957e-01   9.966594e-01   9.479548e-01   9.988632e-01
   2.265449e-01   1.683418e-01   9.964411e-01   9.975788e-01   9.997666e-01   9.688239e-01   6.979019e-01   9.655650e-01   9.376538e-01   8.611928e-01   9.170056e-01   9.998307e-01   9.265251e-01   9.999043e-01   9.394752e-01   9.999624e-01   9.448002e-01   9.994990e-01   9.546667e-01   9.977892e-01
   8.295900e-01   1.709447e-01   9.927384e-01   9.988929e-01   9.888989e-01   9.782176e-01   9.879978e-01   8.561950e-01   5.506104e-01   6.330344e-01   9.170736e-01   9.994398e-01   9.286828e-01   9.999999e-01   9.354494e-01   9.966021e-01   9.441595e-01   9.994756e-01   9.512027e-01   9.989101e-01
   2.808381e-02   9.202643e-01   9.998248e-01   9.556677e-01   9.714877e-01   9.716526e-01   1.000000e+00   8.635214e-01   5.445952e-01   8.496278e-01   9.166105e-01   9.998333e-01   9.812006e-01   9.998782e-01   9.384332e-01   9.999301e-01   9.442419e-01   9.999998e-01   9.512516e-01   9.996507e-01
   1.957549e-01   9.371747e-01   3.547466e-03   9.986560e-01   9.645019e-01   9.716162e-01   7.987707e-01   8.955984e-01   8.281040e-01   8.109469e-01   9.192361e-01   9.987121e-01   9.288453e-01   9.996588e-01   9.451457e-01   9.998810e-01   9.445308e-01   9.998667e-01   9.542001e-01   9.988943e-01
   5.388062e-02   8.852703e-01   9.999982e-01   9.808734e-01   7.886763e-01   9.236604e-01   4.770702e-01   7.520909e-01   2.199368e-01   5.534555e-01   9.180371e-01   9.998289e-01   9.275083e-01   9.999736e-01   9.055173e-01   9.999822e-01   9.434006e-01   9.999997e-01   9.486258e-01   9.974448e-01
   7.697736e-01   8.325256e-01   1.000000e+00   9.975977e-01   9.944331e-01   9.821104e-01   8.564161e-01   8.638150e-01   3.008310e-01   8.130741e-01   9.171013e-01   9.987101e-01   9.356420e-01   1.000000e+00   9.448364e-01   9.999859e-01   9.445371e-01   9.999730e-01   9.513942e-01   9.989027e-01
   9.746276e-01   9.169753e-01   9.876391e-01   9.950986e-01   9.785786e-01   9.868492e-01   9.946271e-01   8.577701e-01   5.604351e-01   8.236521e-01   9.192932e-01   9.999366e-01   9.285348e-01   9.996600e-01   9.414419e-01   9.998207e-01   9.439892e-01   1.000000e+00   9.542482e-01   9.996593e-01
   1.716959e-01   8.872267e-01   9.999259e-01   9.556852e-01   9.999542e-01   9.718821e-01   8.704303e-01   7.643322e-01   8.878690e-01   8.703298e-01   9.170564e-01   9.997283e-01   9.266532e-01   9.999350e-01   9.485697e-01   9.999990e-01   9.448085e-01   9.999278e-01   9.540839e-01   9.977659e-01
   8.279333e-01   1.709447e-01   9.880838e-01   9.605725e-01   9.888672e-01   9.615759e-01   1.000000e+00   8.563052e-01   5.506671e-01   8.679575e-01   9.169683e-01   9.997226e-01   9.234653e-01   9.999999e-01   9.386699e-01   9.999152e-01   9.445523e-01   9.994701e-01   9.497300e-01   9.989103e-01
   8.363486e-01   8.741610e-01   9.998689e-01   9.990671e-01   9.598218e-01   9.831611e-01   4.814559e-01   8.729074e-01   6.116789e-01   8.425849e-01   9.180486e-01   9.846739e-01   9.266174e-01   9.998768e-01   9.201602e-01   9.999822e-01   8.797887e-01   9.999997e-01   9.510420e-01   9.977083e-01
   1.955402e-01   9.339139e-01   0.000000e+00   9.990324e-01   9.999046e-01   9.759910e-01   8.291449e-01   9.385100e-01   5.461126e-01   5.445025e-01   9.212016e-01   9.998478e-01   9.323930e-01   9.999976e-01   9.398763e-01   9.999011e-01   9.447249e-01   9.966282e-01   9.479342e-01   9.973694e-01
   8.295900e-01   1.730914e-01   1.672546e-01   9.831053e-01   9.888989e-01   9.614791e-01   9.879978e-01   8.561950e-01   5.506104e-01   6.352240e-01   9.170610e-01   9.994171e-01   9.288335e-01   1.000000e+00   9.354443e-01   9.965979e-01   9.441595e-01   9.994756e-01   9.512027e-01   9.989101e-01
   6.408074e-01   3.789670e-02   9.990868e-01   9.969174e-01   9.856316e-01   9.657248e-01   9.945768e-01   9.388240e-01   6.501563e-01   5.536392e-01   9.212773e-01   9.998324e-01   9.287748e-01   9.999738e-01   9.406566e-01   9.999841e-01   9.442054e-01   1.000000e+00   9.478449e-01   9.973588e-01
   8.949680e-02   0.000000e+00   1.000000e+00   9.902820e-01   9.829453e-01   9.629558e-01   6.623388e-01   8.719158e-01   3.439244e-01   6.187046e-01   8.962428e-01   9.994072e-01   9.358172e-01   9.999672e-01   9.392305e-01   1.000000e+00   9.443949e-01   1.000000e+00   9.511097e-01   9.995747e-01
   7.708637e-01   9.866448e-01   1.590479e-01   9.955218e-01   9.962059e-01   9.436187e-01   7.148794e-01   8.560319e-01   3.854723e-01   8.761067e-01   9.431025e-01   9.997070e-01   9.299146e-01   9.996503e-01   9.386417e-01   1.000000e+00   9.443845e-01   9.999933e-01   9.515358e-01   9.989159e-01
   7.708309e-01   1.850537e-02   1.000000e+00   9.986709e-01   9.644862e-01   9.097361e-01   6.986540e-01   8.964912e-01   8.833926e-01   6.099906e-01   9.158938e-01   9.997270e-01   9.299146e-01   9.999932e-01   9.448106e-01   1.000000e+00   9.443935e-01   9.999727e-01   9.515358e-01   9.987530e-01
   2.676513e-02   9.346869e-01   9.998248e-01   9.556677e-01   9.991257e-01   8.659641e-01   6.918189e-01   8.647874e-01   5.454100e-01   8.362182e-01   9.171235e-01   9.998339e-01   9.812006e-01   9.999859e-01   9.384322e-01   9.994734e-01   9.442419e-01   9.999998e-01   9.510659e-01   9.996133e-01
   8.288309e-01   1.709447e-01   9.882212e-01   1.000000e+00   9.888555e-01   9.621061e-01   7.057005e-01   8.644453e-01   3.065519e-01   9.038360e-01   9.180315e-01   9.997226e-01   9.286828e-01   9.995847e-01   9.353848e-01   9.998793e-01   9.441492e-01   9.999697e-01   9.511650e-01   9.989732e-01
   4.616979e-02   1.756146e-01   9.983804e-01   9.990353e-01   9.984172e-01   9.995714e-01   7.217199e-01   7.859639e-01   5.385450e-01   8.162951e-01   9.170997e-01   9.997346e-01   9.356965e-01   9.999813e-01   9.403647e-01   9.999357e-01   9.437788e-01   9.999953e-01   9.513933e-01   9.995256e-01
   9.620047e-01   8.666637e-02   1.820440e-01   9.963080e-01   9.522180e-01   1.000000e+00   6.933854e-01   7.416587e-01   3.408946e-01   2.903891e-01   9.102310e-01   9.997931e-01   9.277663e-01   9.999818e-01   9.403433e-01   9.998188e-01   9.437919e-01   9.999257e-01   9.496194e-01   9.978600e-01
   2.676513e-02   9.201795e-01   9.949896e-01   9.550150e-01   9.711230e-01   8.742255e-01   7.003112e-01   8.646071e-01   5.530083e-01   8.499543e-01   9.171022e-01   9.997858e-01   9.290175e-01   9.999814e-01   9.384322e-01   9.994734e-01   9.442295e-01   1.000000e+00   9.510659e-01   9.994546e-01
   9.193181e-01   1.756969e-01   1.881215e-01   9.976746e-01   9.493129e-01   9.862822e-01   7.032353e-01   8.628014e-01   5.521318e-01   8.321597e-01   9.169699e-01   9.998058e-01   9.292456e-01   9.999347e-01   9.382939e-01   9.999994e-01   9.468058e-01   9.999719e-01   9.479821e-01   9.988610e-01
   9.627242e-01   1.715811e-01   1.000000e+00   9.993564e-01   9.694137e-01   9.687219e-01   7.491152e-01   9.491118e-01   5.368430e-01   8.142486e-01   9.106355e-01   9.997718e-01   9.288101e-01   9.962758e-01   9.403834e-01   9.999558e-01   9.442767e-01   9.999258e-01   9.478375e-01   9.997643e-01
   2.492106e-01   2.900000e-01   9.826291e-01   9.857635e-01   9.641363e-01   9.857639e-01   7.981639e-01   7.956440e-01   7.420170e-01   2.381792e-01   9.214904e-01   9.999038e-01   9.288477e-01   9.999862e-01   9.365042e-01   9.998783e-01   9.443935e-01   9.994612e-01   9.509197e-01   9.990239e-01
   7.776177e-01   1.715811e-01   9.998690e-01   9.986714e-01   9.694137e-01   9.695219e-01   9.499077e-01   9.415039e-01   5.328140e-01   8.403083e-01   9.158184e-01   9.997718e-01   9.288101e-01   9.967244e-01   9.400549e-01   9.999558e-01   9.442767e-01   9.999850e-01   9.478375e-01   9.987716e-01
   7.443042e-01   1.909813e-01   9.998111e-01   9.812325e-01   9.983420e-01   9.706927e-01   9.921540e-01   8.855855e-01   5.499840e-01   8.092470e-01   9.169782e-01   9.997979e-01   9.351485e-01   1.000000e+00   9.405833e-01   9.999524e-01   9.448425e-01   9.999762e-01   9.507320e-01   9.991869e-01
   1.841751e-02   8.220804e-01   9.963286e-01   9.991391e-01   9.643573e-01   9.832282e-01   7.057742e-01   8.955984e-01   3.004517e-01   8.189746e-01   9.208831e-01   9.987450e-01   9.286433e-01   9.995798e-01   9.447213e-01   9.996120e-01   9.442265e-01   9.999849e-01   9.514035e-01   9.999318e-01
   2.219249e-01   0.000000e+00   1.000000e+00   9.864832e-01   9.982319e-01   9.842002e-01   7.034910e-01   8.594310e-01   5.530191e-01   8.430135e-01   9.181371e-01   9.989929e-01   9.285144e-01   9.998723e-01   9.392923e-01   9.999631e-01   9.486994e-01   9.999776e-01   9.531992e-01   9.980541e-01
   7.377183e-01   3.130289e-02   9.767742e-01   9.990047e-01   1.000000e+00   9.634251e-01   1.000000e+00   9.385124e-01   5.389663e-01   2.960772e-01   9.182946e-01   9.999705e-01   9.288441e-01   9.967165e-01   9.406614e-01   9.998246e-01   9.442046e-01   9.999834e-01   9.479744e-01   9.978230e-01
   7.407686e-01   5.236319e-03   9.798011e-01   9.738103e-01   9.580824e-01   8.825244e-01   9.907014e-01   8.618311e-01   5.487191e-01   8.422977e-01   9.180754e-01   9.990156e-01   9.286598e-01   1.000000e+00   9.379621e-01   9.967273e-01   9.447172e-01   9.994725e-01   9.511744e-01   9.980631e-01
   6.271605e-01   4.115755e-02   1.000000e+00   9.989585e-01   9.646446e-01   9.715329e-01   7.983523e-01   8.955984e-01   8.486892e-01   8.190273e-01   9.191941e-01   9.986967e-01   9.329622e-01   9.996428e-01   9.451457e-01   9.998806e-01   9.445308e-01   9.998667e-01   9.542094e-01   9.988871e-01
   7.403358e-01   9.314022e-01   9.999184e-01   9.993684e-01   1.000000e+00   9.825593e-01   8.497685e-01   8.900683e-01   5.591452e-01   8.125375e-01   9.170017e-01   9.998362e-01   9.288346e-01   9.999678e-01   9.448420e-01   9.999805e-01   9.444119e-01   9.999852e-01   9.477648e-01   9.987646e-01
   7.391390e-01   9.381278e-01   0.000000e+00   9.131839e-01   9.784713e-01   9.710605e-01   9.950109e-01   8.577701e-01   5.484000e-01   8.990406e-01   8.904998e-01   9.997978e-01   9.288357e-01   9.996589e-01   9.395506e-01   9.997138e-01   9.447339e-01   1.000000e+00   9.505667e-01   9.990223e-01
   9.811034e-01   9.394327e-01   1.820440e-01   9.948699e-01   9.973239e-01   9.627710e-01   7.034620e-01   8.387311e-01   3.825741e-01   2.863479e-01   9.170583e-01   9.997976e-01   9.278306e-01   9.999833e-01   9.391600e-01   9.998187e-01   9.446440e-01   9.999942e-01   9.496236e-01   9.978825e-01
   9.809798e-01   9.395540e-01   1.768669e-01   9.064019e-01   9.975056e-01   9.615811e-01   8.420687e-01   8.572753e-01   5.489084e-01   8.744092e-01   9.170546e-01   9.997004e-01   9.266019e-01   9.969085e-01   9.387653e-01   9.999820e-01   9.468388e-01   9.999717e-01   9.509034e-01   9.987124e-01
   6.408074e-01   5.401065e-02   0.000000e+00   8.672378e-01   1.000000e+00   9.759776e-01   8.353527e-01   9.385100e-01   5.485678e-01   8.746183e-01   9.212773e-01   9.998324e-01   9.279161e-01   9.999747e-01   9.388985e-01   9.998982e-01   9.468957e-01   9.965787e-01   9.479548e-01   9.988730e-01
   1.607837e-02   0.000000e+00   1.000000e+00   1.000000e+00   9.984191e-01   9.824126e-01   7.515837e-01   8.621017e-01   5.573070e-01   8.121236e-01   9.191601e-01   9.987538e-01   9.333886e-01   9.999818e-01   9.349971e-01   9.998805e-01   9.442135e-01   9.999849e-01   9.489288e-01   9.978244e-01
   2.607281e-02   0.000000e+00   9.720052e-01   9.839115e-01   9.641688e-01   9.149856e-01   7.225589e-01   8.599148e-01   3.735303e-01   8.257384e-01   9.180431e-01   9.989379e-01   9.288430e-01   9.999944e-01   9.029422e-01   9.999817e-01   9.443850e-01   9.999679e-01   9.543060e-01   9.994636e-01
   4.616979e-02   1.760319e-01   1.000000e+00   9.951206e-01   9.983768e-01   9.821210e-01   7.227799e-01   7.369173e-01   5.663974e-01   8.155112e-01   9.170948e-01   9.997346e-01   9.289421e-01   1.000000e+00   9.392915e-01   9.999721e-01   9.437788e-01   1.000000e+00   9.513933e-01   9.996557e-01
   1.599889e-01   8.415047e-01   7.546968e-02   9.747827e-01   9.920639e-01   9.827158e-01   8.313536e-01   8.955984e-01   2.230069e-01   6.244773e-01   9.158573e-01   9.998515e-01   9.299084e-01   9.999935e-01   9.385065e-01   9.998806e-01   9.383218e-01   9.845573e-01   9.477620e-01   9.972335e-01
   8.355556e-01   1.730914e-01   1.672546e-01   9.831053e-01   9.565848e-01   9.614791e-01   6.998713e-01   8.561950e-01   5.506104e-01   6.352240e-01   9.170610e-01   9.989897e-01   9.288327e-01   9.998718e-01   9.392160e-01   9.998733e-01   9.989551e-01   9.994756e-01   8.603427e-01   9.989405e-01
   9.811034e-01   3.946359e-02   1.329545e-01   9.943984e-01   9.973239e-01   9.613420e-01   7.034620e-01   8.389963e-01   3.834066e-01   8.712711e-01   9.170173e-01   9.997284e-01   9.281416e-01   9.999832e-01   9.391600e-01   9.999852e-01   9.446440e-01   9.999942e-01   9.496236e-01   9.978863e-01
   8.486198e-01   1.726366e-01   1.000000e+00   9.599474e-01   9.990910e-01   9.656466e-01   6.678282e-01   8.586234e-01   5.506104e-01   9.197541e-01   9.179713e-01   9.993902e-01   9.287728e-01   9.586887e-01   9.672951e-01   1.000000e+00   9.441589e-01   1.000000e+00   9.477140e-01   9.989088e-01
   7.701185e-01   1.000000e+00   1.000000e+00   9.990596e-01   9.967553e-01   9.438715e-01   7.280477e-01   8.510864e-01   5.844273e-01   8.376329e-01   9.172069e-01   9.988028e-01   9.288566e-01   9.999986e-01   9.387400e-01   9.996815e-01   9.440248e-01   9.999726e-01   9.507749e-01   9.988486e-01
   7.710015e-01   0.000000e+00   9.984539e-01   9.987301e-01   9.968028e-01   9.438516e-01   7.524283e-01   9.414745e-01   5.389184e-01   3.657475e-01   9.174067e-01   9.997763e-01   9.290970e-01   9.967244e-01   9.404026e-01   9.994136e-01   9.439932e-01   9.999723e-01   9.590949e-01   9.978240e-01
   9.680952e-01   9.337310e-01   9.859863e-01   9.746722e-01   9.976466e-01   9.655742e-01   1.000000e+00   8.590521e-01   5.456251e-01   8.784632e-01   9.169719e-01   9.997526e-01   9.288134e-01   9.969249e-01   9.386900e-01   9.999803e-01   9.439921e-01   9.999838e-01   9.507775e-01   9.987892e-01
   8.288309e-01   1.709447e-01   9.882212e-01   1.000000e+00   9.888555e-01   9.777438e-01   7.005888e-01   8.644453e-01   3.034947e-01   8.950903e-01   9.180315e-01   9.997226e-01   9.286828e-01   9.995865e-01   9.353855e-01   9.965074e-01   9.441492e-01   9.999536e-01   9.511637e-01   9.989732e-01
   2.609643e-01   2.900000e-01   9.751604e-01   9.895443e-01   9.742885e-01   1.000000e+00   6.928481e-01   7.943429e-01   6.215176e-01   5.959583e-01   9.102424e-01   9.997925e-01   9.275176e-01   9.999023e-01   9.360043e-01   9.999998e-01   9.438220e-01   9.994596e-01   9.489205e-01   1.000000e+00
   1.015860e-02   9.800434e-01   9.962831e-01   9.986709e-01   9.643653e-01   9.437883e-01   9.539213e-01   8.965243e-01   8.473144e-01   8.521441e-01   9.158374e-01   9.987734e-01   9.298870e-01   9.999835e-01   8.220030e-01   9.994899e-01   9.441647e-01   9.999725e-01   9.515475e-01   9.994465e-01
   7.391390e-01   9.381278e-01   0.000000e+00   9.133572e-01   9.784713e-01   9.842335e-01   9.933871e-01   8.577701e-01   6.218318e-01   8.990406e-01   8.904998e-01   9.997978e-01   9.286566e-01   9.996589e-01   9.381993e-01   9.997138e-01   9.447490e-01   1.000000e+00   9.505520e-01   9.990987e-01
   9.809798e-01   9.395540e-01   1.768669e-01   9.071849e-01   9.975056e-01   9.615788e-01   8.473372e-01   8.572303e-01   5.489309e-01   8.744092e-01   9.170606e-01   9.998011e-01   9.266019e-01   1.000000e+00   9.387653e-01   9.999820e-01   9.468388e-01   9.999775e-01   9.512061e-01   9.989000e-01
   2.544044e-01   2.928250e-01   0.000000e+00   9.836418e-01   1.000000e+00   9.761308e-01   8.353527e-01   9.385100e-01   7.367793e-01   8.746183e-01   9.212773e-01   9.998324e-01   9.291687e-01   9.999747e-01   9.388985e-01   9.999841e-01   9.466891e-01   9.965725e-01   9.479121e-01   9.990095e-01
   9.315024e-01   9.416239e-01   1.820440e-01   9.963080e-01   9.986627e-01   9.762005e-01   8.698264e-01   7.421519e-01   3.825741e-01   2.903891e-01   9.104213e-01   9.997825e-01   9.324172e-01   9.999873e-01   9.484514e-01   9.995343e-01   9.442923e-01   9.999239e-01   9.496940e-01   9.978560e-01
   7.407686e-01   5.236319e-03   9.999614e-01   9.739936e-01   9.587045e-01   8.825244e-01   9.907014e-01   8.578345e-01   5.486543e-01   8.235961e-01   9.192447e-01   9.990265e-01   9.286567e-01   9.996625e-01   9.413124e-01   9.967966e-01   9.447172e-01   9.994725e-01   9.543388e-01   9.980631e-01
   7.394671e-01   8.307595e-01   9.819426e-01   9.550404e-01   1.000000e+00   9.816982e-01   8.690536e-01   8.967164e-01   3.595983e-01   8.191063e-01   9.460890e-01   9.997775e-01   9.352110e-01   9.999678e-01   9.486062e-01   9.999823e-01   9.443561e-01   9.999730e-01   9.542800e-01   9.987417e-01
   7.708309e-01   1.850537e-02   1.000000e+00   9.986709e-01   9.644862e-01   9.097364e-01   6.986540e-01   8.964912e-01   2.823246e-01   6.099906e-01   9.158938e-01   9.997269e-01   9.299146e-01   9.999931e-01   9.447052e-01   1.000000e+00   9.442904e-01   9.999686e-01   9.515358e-01   9.987532e-01
   7.529212e-01   1.478821e-01   2.824383e-01   9.746816e-01   1.000000e+00   9.990951e-01   9.972853e-01   8.655826e-01   5.488948e-01   9.049170e-01   9.170400e-01   9.997319e-01   8.841430e-01   9.999915e-01   9.403738e-01   9.999794e-01   9.447248e-01   9.994425e-01   9.496411e-01   9.999557e-01
   7.443042e-01   2.025443e-01   9.998111e-01   9.812325e-01   9.983420e-01   9.819826e-01   8.522311e-01   8.855855e-01   5.567131e-01   8.664000e-01   9.169782e-01   9.998184e-01   9.351485e-01   1.000000e+00   9.405833e-01   9.999858e-01   9.448425e-01   9.999762e-01   9.507320e-01   9.988660e-01
   2.336960e-02   9.381278e-01   9.998553e-01   9.741752e-01   9.682767e-01   9.710605e-01   7.081020e-01   8.578048e-01   5.484000e-01   8.155056e-01   9.170050e-01   9.996824e-01   9.288354e-01   9.996589e-01   9.414643e-01   9.997510e-01   9.439973e-01   9.999988e-01   9.541647e-01   9.990262e-01
   9.746276e-01   9.169753e-01   9.876391e-01   9.990234e-01   9.785786e-01   9.868492e-01   9.931039e-01   8.543800e-01   3.018896e-01   8.244360e-01   9.163440e-01   9.999366e-01   9.352892e-01   9.996335e-01   9.414419e-01   9.998207e-01   9.439892e-01   9.999980e-01   9.542482e-01   9.995293e-01
   8.733942e-01   8.362572e-01   9.962889e-01   9.887512e-01   9.631164e-01   9.828514e-01   4.847263e-01   7.693980e-01   3.147286e-01   8.459189e-01   9.176569e-01   9.986557e-01   9.266100e-01   9.973246e-01   9.448106e-01   9.999857e-01   9.443244e-01   9.999730e-01   9.510441e-01   9.999284e-01
   5.480790e-02   9.346869e-01   9.998248e-01   9.556677e-01   9.991257e-01   8.659641e-01   6.918189e-01   8.602629e-01   2.078019e-01   5.548315e-01   9.171235e-01   9.998339e-01   9.806626e-01   9.999859e-01   9.384322e-01   9.994734e-01   9.442419e-01   9.999998e-01   9.510659e-01   9.996133e-01
   2.219249e-01   1.758560e-01   1.000000e+00   9.168795e-01   9.725389e-01   9.655494e-01   9.906422e-01   8.577257e-01   7.551778e-01   8.430135e-01   9.179960e-01   9.997989e-01   9.288353e-01   9.999816e-01   9.381330e-01   9.999998e-01   9.442802e-01   9.999995e-01   9.521500e-01   9.989726e-01
   9.620047e-01   1.646005e-01   9.375895e-01   9.963080e-01   9.803683e-01   8.732070e-01   6.909344e-01   7.649309e-01   7.971192e-01   2.903891e-01   9.102296e-01   9.997829e-01   9.277881e-01   9.999814e-01   9.403433e-01   9.998188e-01   9.437800e-01   9.999161e-01   9.495707e-01   9.978604e-01
   8.166859e-01   9.020630e-01   1.000000e+00   9.758431e-01   9.693139e-01   9.111376e-01   7.029708e-01   8.269295e-01   4.015706e-01   2.944044e-01   9.181096e-01   9.997977e-01   9.480863e-01   1.000000e+00   9.621397e-01   9.998177e-01   9.506169e-01   9.999953e-01   9.511164e-01   9.973257e-01
   2.219249e-01   1.709102e-01   3.328575e-01   9.976474e-01   9.697107e-01   9.619808e-01   7.997393e-01   7.742352e-01   3.663738e-01   8.209037e-01   9.170615e-01   9.998340e-01   8.891592e-01   9.999813e-01   9.499729e-01   9.999633e-01   9.442136e-01   9.999986e-01   9.510031e-01   9.978242e-01
   9.837809e-01   8.366430e-01   9.970324e-01   9.466532e-01   9.631562e-01   9.627128e-01   9.647655e-01   7.675231e-01   3.276626e-01   6.202877e-01   9.468324e-01   9.997923e-01   9.335267e-01   1.000000e+00   9.448106e-01   9.999856e-01   9.446443e-01   9.999941e-01   9.495012e-01   1.000000e+00
   7.883732e-01   8.221653e-01   9.585925e-01   9.987957e-01   9.639110e-01   9.839917e-01   9.830024e-01   7.480053e-01   3.085435e-01   8.773129e-01   9.209146e-01   9.998513e-01   9.286184e-01   9.995807e-01   9.392878e-01   1.000000e+00   9.440715e-01   9.999184e-01   9.468514e-01   9.972471e-01
   8.291937e-01   2.093873e-03   9.973700e-01   9.753385e-01   9.693265e-01   9.893358e-01   9.846370e-01   8.558543e-01   3.980169e-01   8.793276e-01   9.180686e-01   9.994148e-01   9.501646e-01   1.000000e+00   9.621397e-01   1.000000e+00   9.506169e-01   9.999953e-01   9.511164e-01   9.988291e-01
   8.295900e-01   1.709447e-01   9.927384e-01   9.988929e-01   9.888989e-01   9.625799e-01   9.931095e-01   8.825627e-01   5.536676e-01   6.417801e-01   9.170736e-01   9.994398e-01   9.286828e-01   9.999982e-01   9.354487e-01   9.999739e-01   9.441595e-01   9.994917e-01   9.512041e-01   9.989101e-01
   2.191988e-01   1.755265e-01   1.916443e-01   9.040670e-01   9.699125e-01   9.617976e-01   6.983525e-01   7.750994e-01   3.663738e-01   8.430135e-01   9.183484e-01   9.998058e-01   9.287863e-01   9.999819e-01   9.382067e-01   9.999995e-01   9.442764e-01   9.995089e-01   9.478596e-01   9.996934e-01
   7.318532e-01   8.220804e-01   9.999216e-01   9.991391e-01   9.643573e-01   9.886718e-01   7.057742e-01   8.955654e-01   3.004517e-01   8.189746e-01   9.208831e-01   9.987450e-01   9.286709e-01   9.995963e-01   9.447213e-01   9.996182e-01   9.442265e-01   9.999842e-01   9.226382e-01   9.999318e-01
   2.219249e-01   0.000000e+00   1.000000e+00   9.904238e-01   9.578622e-01   9.709966e-01   7.051148e-01   8.643074e-01   1.000000e+00   8.430135e-01   9.180754e-01   9.989929e-01   9.288361e-01   9.999822e-01   9.394956e-01   9.998789e-01   9.442149e-01   9.999776e-01   9.531840e-01   9.979867e-01
   1.151449e-01   8.918814e-01   9.999259e-01   9.555520e-01   1.000000e+00   1.000000e+00   7.040156e-01   7.650305e-01   8.605982e-01   3.009035e-01   9.170212e-01   9.997785e-01   9.287377e-01   9.999890e-01   9.407207e-01   9.998150e-01   9.448085e-01   9.999256e-01   9.497244e-01   9.979368e-01
   1.716959e-01   8.889928e-01   1.000000e+00   9.997698e-01   9.885677e-01   9.718821e-01   7.833124e-01   7.377377e-01   8.878690e-01   8.703298e-01   9.177998e-01   9.986958e-01   9.125013e-01   9.999350e-01   9.447741e-01   9.999971e-01   9.448085e-01   9.999278e-01   9.506651e-01   9.977659e-01
   2.219249e-01   2.093873e-03   1.000000e+00   9.736591e-01   1.000000e+00   9.097083e-01   7.029708e-01   8.398233e-01   8.732884e-01   8.430135e-01   9.170808e-01   9.997286e-01   9.299244e-01   9.999901e-01   9.384475e-01   9.999634e-01   9.443935e-01   9.999298e-01   9.511164e-01   9.999998e-01
   7.529212e-01   1.537831e-01   2.821256e-01   9.747706e-01   9.521215e-01   9.969782e-01   9.972853e-01   8.662783e-01   5.525291e-01   8.472810e-01   9.167389e-01   9.997291e-01   9.287336e-01   9.999842e-01   9.413430e-01   9.999858e-01   9.445390e-01   9.994714e-01   9.095121e-01   9.994241e-01
   7.410122e-02   9.429254e-01   9.999982e-01   9.947840e-01   7.908287e-01   9.236604e-01   4.763064e-01   7.534262e-01   2.199368e-01   5.477515e-01   9.180371e-01   9.998314e-01   9.275083e-01   9.998621e-01   9.237768e-01   9.999822e-01   9.434006e-01   9.999997e-01   9.496244e-01   9.974448e-01
   1.955402e-01   9.448954e-01   0.000000e+00   9.990324e-01   9.499920e-01   9.759910e-01   8.291449e-01   9.392056e-01   5.461126e-01   5.451309e-01   9.211257e-01   9.998450e-01   9.286819e-01   9.999976e-01   9.608892e-01   9.999076e-01   9.445390e-01   9.966570e-01   9.479342e-01   9.988304e-01
   7.394671e-01   8.304588e-01   9.827940e-01   9.996293e-01   9.889191e-01   9.816982e-01   7.819357e-01   7.439253e-01   8.587844e-01   8.191063e-01   9.169812e-01   9.987450e-01   9.354081e-01   9.998662e-01   9.448106e-01   9.999804e-01   9.443561e-01   9.999730e-01   9.508798e-01   9.987417e-01
   7.433509e-01   8.294046e-01   9.912664e-01   1.000000e+00   1.000000e+00   9.819071e-01   9.943725e-01   9.371303e-01   5.461126e-01   5.268724e-01   9.212773e-01   9.987821e-01   9.288201e-01   9.999999e-01   9.446406e-01   9.999946e-01   9.447249e-01   9.997817e-01   9.545882e-01   9.973688e-01
