   1.006055e+00   3.675860e+00
   7.074190e-01   4.273038e+00
   9.483142e-01   3.791292e+00
   8.422068e-01   4.003573e+00
   7.748787e-01   4.138182e+00
   1.015670e+00   3.656578e+00
   7.745206e-01   4.138893e+00
   8.517962e-01   3.984392e+00
   8.033504e-01   4.081197e+00
   6.497233e-01   4.388454e+00
   7.841750e-01   4.119536e+00
   9.576037e-01   3.772757e+00
   8.809514e-01   3.925980e+00
   6.686197e-01   4.350669e+00
   9.001402e-01   3.887670e+00
   8.039049e-01   4.080140e+00
   6.399040e-01   4.408081e+00
   6.017485e-01   4.484376e+00
   1.044381e+00   3.599202e+00
   6.207196e-01   4.446457e+00
   7.075008e-01   4.272919e+00
   9.098697e-01   3.868197e+00
   9.579228e-01   3.772074e+00
   9.192633e-01   3.849416e+00
   6.399025e-01   4.408084e+00
   9.768324e-01   3.734227e+00
   5.821390e-01   4.523608e+00
   5.821970e-01   4.523492e+00
   1.063814e+00   3.560227e+00
   7.362106e-01   4.215529e+00
   7.939200e-01   4.100102e+00
   1.044398e+00   3.599171e+00
   8.715193e-01   3.944810e+00
   9.098760e-01   3.868182e+00
   9.482973e-01   3.791324e+00
   7.457225e-01   4.196448e+00
   6.207104e-01   4.446474e+00
   9.963918e-01   3.695090e+00
   9.290381e-01   3.829874e+00
   5.627297e-01   4.562438e+00
   9.766636e-01   3.734559e+00
   6.590130e-01   4.369879e+00
   1.054095e+00   3.579662e+00
   7.363205e-01   4.215289e+00
   6.981299e-01   4.291661e+00
   7.456109e-01   4.196670e+00
   8.905522e-01   3.906818e+00
   6.880693e-01   4.311752e+00
   5.722777e-01   4.543338e+00
   5.916886e-01   4.504511e+00
   1.015530e+00   3.656835e+00
   9.868255e-01   3.714268e+00
   9.197478e-01   3.848380e+00
   5.917025e-01   4.504474e+00
   9.384553e-01   3.810961e+00
   9.870036e-01   3.713859e+00
   8.417228e-01   4.004433e+00
   8.130671e-01   4.061765e+00
   9.385657e-01   3.810738e+00
   9.672441e-01   3.753455e+00
   7.262071e-01   4.235483e+00
   1.034884e+00   3.618121e+00
   7.844867e-01   4.118914e+00
   6.495203e-01   4.388872e+00
   8.226630e-01   4.042573e+00
   8.327335e-01   4.022436e+00
   1.073500e+00   3.540875e+00
   6.590915e-01   4.369722e+00
   8.615024e-01   3.964935e+00
   8.616455e-01   3.964598e+00
   5.629482e-01   4.561996e+00
   9.002917e-01   3.887353e+00
   8.517141e-01   3.984538e+00
   6.014104e-01   4.485105e+00
   7.941551e-01   4.099636e+00
   8.806266e-01   3.926644e+00
   6.785805e-01   4.330771e+00
   7.167763e-01   4.254348e+00
   5.728965e-01   4.542080e+00
   7.652586e-01   4.157408e+00
   7.652554e-01   4.157415e+00
   1.063780e+00   3.560310e+00
   6.301476e-01   4.427595e+00
   1.025024e+00   3.637829e+00
   9.671773e-01   3.753587e+00
   6.306987e-01   4.426497e+00
   7.270316e-01   4.233846e+00
   8.135681e-01   4.060758e+00
   6.882825e-01   4.311326e+00
   6.115235e-01   4.464820e+00
   1.073345e+00   3.541173e+00
   1.083140e+00   3.521612e+00
   8.327493e-01   4.022403e+00
   8.227682e-01   4.042446e+00
   1.005907e+00   3.676141e+00
   7.553422e-01   4.177264e+00
   6.785570e-01   4.330817e+00
   1.054321e+00   3.579236e+00
   1.034519e+00   3.618852e+00
