   9.973779e-01   9.973779e-01   9.973779e-01   9.973779e-01   1.040247e+01   1.097438e+00
   1.290165e+00   1.006108e+00   1.037491e+00   1.223004e+00   1.511648e+00   3.618686e+00
   9.973816e-01   9.973816e-01   9.973816e-01   9.973816e-01   7.365147e+00   3.488298e+00
   1.022946e+00   1.083148e+00   1.345435e+00   1.546028e+00   2.033027e+00   2.364576e+00
   1.017469e+00   1.065470e+00   1.276742e+00   1.381593e+00   1.766251e+00   3.527128e+00
   9.974017e-01   9.974017e-01   9.974017e-01   9.974017e-01   9.333170e+00   2.351520e+00
   9.973769e-01   9.973769e-01   9.973769e-01   9.973769e-01   1.040350e+01   1.096944e+00
   1.321993e+00   1.080447e+00   1.260835e+00   1.211952e+00   1.505197e+00   1.049073e+00
   9.974807e-01   9.974807e-01   3.277637e+00   1.080898e+00   1.779555e+00   2.382770e+00
   1.231654e+00   1.004986e+00   1.014013e+00   2.407326e+00   1.343223e+00   2.415201e+00
   1.025330e+00   1.092262e+00   1.385404e+00   1.603270e+00   2.300741e+00   1.030944e+00
   9.974750e-01   9.974750e-01   3.368296e+00   1.154251e+00   1.074273e+00   3.483202e+00
   1.043806e+00   1.661742e+00   1.033487e+00   1.219598e+00   1.652098e+00   2.419158e+00
   9.974093e-01   1.657041e+00   1.030283e+00   2.750324e+00   1.259867e+00   1.027963e+00
   9.974269e-01   9.974269e-01   9.974269e-01   5.333618e+00   1.520091e+00   2.370760e+00
   9.974075e-01   9.974075e-01   9.974075e-01   5.118219e+00   1.625546e+00   2.371099e+00
   1.434745e+00   1.023543e+00   1.057309e+00   1.141520e+00   1.158382e+00   3.483245e+00
   9.974363e-01   9.974363e-01   5.091569e+00   1.081577e+00   1.112816e+00   1.026411e+00
   9.973776e-01   9.973776e-01   9.973776e-01   9.973776e-01   5.751469e+00   5.597649e+00
   9.974314e-01   9.974314e-01   3.287299e+00   1.098390e+00   1.143905e+00   3.542832e+00
   1.032456e+00   1.499106e+00   1.104894e+00   1.387401e+00   1.982262e+00   1.026328e+00
   9.973910e-01   1.630026e+00   1.017823e+00   3.124554e+00   1.146550e+00   1.060053e+00
   9.974266e-01   2.228214e+00   1.286704e+00   1.196858e+00   1.316516e+00   1.026894e+00
   9.974025e-01   1.791745e+00   1.078288e+00   1.134127e+00   1.423228e+00   3.534458e+00
   1.015319e+00   1.057981e+00   2.568179e+00   1.206117e+00   1.570907e+00   1.049069e+00
   1.007326e+00   1.031082e+00   1.169409e+00   1.062378e+00   3.408434e+00   3.542628e+00
   9.974698e-01   1.684918e+00   1.016924e+00   1.112475e+00   3.610163e+00   1.034752e+00
   1.026531e+00   1.096111e+00   1.398262e+00   1.553738e+00   2.323534e+00   1.026296e+00
   1.011991e+00   1.046679e+00   1.197642e+00   1.267540e+00   1.652792e+00   5.597689e+00
   9.974080e-01   9.974080e-01   3.771552e+00   1.409908e+00   1.272467e+00   1.027869e+00
   1.015328e+00   1.058014e+00   2.568745e+00   1.206201e+00   1.571139e+00   1.047848e+00
   1.055317e+00   1.540966e+00   1.111725e+00   1.048996e+00   1.899967e+00   2.549924e+00
   9.974371e-01   9.974371e-01   9.974371e-01   6.609884e+00   1.357742e+00   1.023710e+00
   9.974478e-01   9.974478e-01   9.974478e-01   5.925970e+00   1.629772e+00   1.032838e+00
   1.026651e+00   1.096514e+00   1.399896e+00   1.547631e+00   2.320644e+00   1.029244e+00
   1.080935e+00   9.997141e-01   2.902274e+00   1.173291e+00   1.286019e+00   1.049107e+00
   1.278900e+00   1.069293e+00   1.339179e+00   1.206000e+00   1.570245e+00   1.047723e+00
   1.023733e+00   9.986558e-01   1.234087e+00   3.086897e+00   1.323218e+00   2.865419e+00
   9.973935e-01   2.287149e+00   1.030716e+00   1.120153e+00   2.075876e+00   1.049487e+00
   1.016977e+00   1.063555e+00   2.712036e+00   1.118031e+00   1.577361e+00   1.047740e+00
   9.974070e-01   2.337897e+00   1.248937e+00   1.147094e+00   1.335441e+00   1.032741e+00
   9.974016e-01   2.358569e+00   1.139887e+00   1.232835e+00   1.362453e+00   1.052290e+00
   1.289649e+00   1.077042e+00   1.107255e+00   1.452055e+00   1.649545e+00   1.028092e+00
   9.974419e-01   9.974419e-01   3.252735e+00   1.096877e+00   1.160747e+00   3.542842e+00
   1.000957e+00   1.033669e+00   1.096508e+00   1.755595e+00   4.084162e+00   1.030292e+00
   1.208201e+00   1.005820e+00   2.002371e+00   1.068624e+00   1.300533e+00   2.419316e+00
   9.974219e-01   9.974219e-01   2.400217e+00   2.936646e+00   1.112698e+00   1.026095e+00
   9.974362e-01   9.974362e-01   3.495778e+00   1.097794e+00   2.011513e+00   1.027279e+00
   1.007444e+00   1.031452e+00   1.134401e+00   3.892507e+00   1.311823e+00   1.269209e+00
   9.974060e-01   9.974060e-01   9.974060e-01   5.341051e+00   1.776442e+00   1.298175e+00
   1.029815e+00   1.698866e+00   1.200412e+00   1.220450e+00   1.275197e+00   2.379694e+00
   1.010815e+00   1.032819e+00   1.227644e+00   3.257034e+00   1.220087e+00   2.373793e+00
   9.974695e-01   9.974695e-01   2.544411e+00   1.054063e+00   1.239927e+00   5.600074e+00
   1.438145e+00   1.019165e+00   1.270406e+00   1.184194e+00   1.509457e+00   1.027455e+00
   1.023359e+00   1.085403e+00   1.501460e+00   1.671428e+00   1.571930e+00   2.366752e+00
   9.974228e-01   2.134185e+00   1.071564e+00   1.072674e+00   1.948181e+00   1.802376e+00
   9.974280e-01   9.974280e-01   3.496241e+00   1.097805e+00   2.011004e+00   1.027271e+00
   1.475756e+00   1.017495e+00   1.130336e+00   1.131411e+00   1.847273e+00   1.026252e+00
   9.973909e-01   9.973909e-01   9.973909e-01   4.358457e+00   2.075953e+00   2.420829e+00
   1.023340e+00   1.102891e+00   1.020914e+00   2.549972e+00   1.802004e+00   2.373003e+00
   1.248040e+00   1.013475e+00   1.036593e+00   1.020830e+00   3.355109e+00   2.377842e+00
   1.530648e+00   1.012560e+00   1.081633e+00   1.173282e+00   1.652457e+00   1.200211e+00
   1.025443e+00   1.092632e+00   1.386903e+00   1.605608e+00   2.290019e+00   1.030990e+00
   9.973848e-01   9.973848e-01   2.995329e+00   1.177227e+00   2.139573e+00   1.208642e+00
   1.039780e+00   9.990563e-01   1.155837e+00   4.302043e+00   1.178535e+00   1.032615e+00
   1.146228e+00   1.004351e+00   1.557061e+00   1.111489e+00   1.940377e+00   2.782385e+00
   1.370719e+00   1.038145e+00   1.116503e+00   1.037654e+00   1.899962e+00   2.549858e+00
   9.974448e-01   9.974448e-01   9.974448e-01   7.701610e+00   1.073411e+00   1.032756e+00
   1.138677e+00   1.006250e+00   2.674955e+00   1.062613e+00   1.099510e+00   2.380826e+00
   1.003753e+00   1.024956e+00   1.102360e+00   1.477312e+00   4.654189e+00   1.050562e+00
   1.020333e+00   1.058362e+00   1.271332e+00   1.019038e+00   3.987302e+00   2.549901e+00
   1.555279e+00   1.021934e+00   1.043013e+00   1.148629e+00   1.425412e+00   2.370110e+00
   1.026314e+00   1.095371e+00   1.398482e+00   1.624528e+00   2.208239e+00   1.030828e+00
   9.974027e-01   2.513223e+00   1.156272e+00   1.118066e+00   1.362463e+00   1.052212e+00
   1.441127e+00   1.009364e+00   1.056942e+00   1.311213e+00   1.755726e+00   1.312754e+00
   1.004820e+00   1.026331e+00   1.261891e+00   3.332357e+00   1.156349e+00   2.865807e+00
   9.973920e-01   9.973920e-01   9.973920e-01   9.973920e-01   1.051181e+01   1.053078e+00
   9.974305e-01   9.974305e-01   1.814313e+00   3.905857e+00   1.110520e+00   1.025976e+00
   9.975220e-01   9.975220e-01   4.377460e+00   1.059026e+00   1.168464e+00   2.378066e+00
   1.019576e+00   1.072602e+00   1.381280e+00   1.138445e+00   1.960537e+00   3.527338e+00
   9.975207e-01   9.975207e-01   4.493102e+00   1.080698e+00   1.097551e+00   2.380948e+00
   1.011714e+00   1.035192e+00   1.242877e+00   3.530995e+00   1.342022e+00   1.027722e+00
   1.022732e+00   1.083021e+00   3.221021e+00   1.147070e+00   1.111517e+00   1.045200e+00
   1.019724e+00   1.089195e+00   2.625776e+00   1.203877e+00   1.362302e+00   1.052291e+00
   1.011971e+00   1.046746e+00   1.196874e+00   1.270688e+00   1.648941e+00   5.597679e+00
   1.013905e+00   1.065576e+00   1.345849e+00   2.827643e+00   1.422836e+00   1.028023e+00
   9.974052e-01   1.327124e+00   1.962513e+00   1.209284e+00   1.390169e+00   2.377625e+00
   1.031793e+00   1.114358e+00   1.012106e+00   2.014113e+00   1.513032e+00   3.482568e+00
   9.974150e-01   2.759929e+00   1.084443e+00   1.077826e+00   1.303933e+00   1.221870e+00
   1.622703e+00   1.018078e+00   1.048567e+00   1.143903e+00   1.295087e+00   2.370588e+00
   9.974033e-01   9.974033e-01   9.974033e-01   5.308027e+00   1.794815e+00   1.298176e+00
   1.019261e+00   1.070075e+00   2.377078e+00   1.211096e+00   1.671958e+00   1.027221e+00
   1.489996e+00   1.018160e+00   1.206369e+00   1.228564e+00   1.423016e+00   1.028026e+00
   1.783656e+00   1.027213e+00   1.054980e+00   1.079203e+00   1.256259e+00   1.242895e+00
   1.025548e+00   1.091888e+00   1.383642e+00   1.604107e+00   2.299749e+00   1.032557e+00
   9.974347e-01   1.599013e+00   1.059263e+00   1.099413e+00   1.319552e+00   5.597708e+00
   9.973933e-01   2.294945e+00   1.039628e+00   1.257515e+00   1.341663e+00   2.420943e+00
   1.003966e+00   1.024533e+00   1.099053e+00   1.618189e+00   4.370522e+00   1.028018e+00
   9.974411e-01   9.974411e-01   3.853715e+00   1.114449e+00   1.301372e+00   2.384532e+00
   9.974103e-01   9.974103e-01   2.206728e+00   2.673613e+00   1.099509e+00   2.381611e+00
   9.974472e-01   9.974472e-01   9.974472e-01   6.604429e+00   1.359678e+00   1.023721e+00
   9.973987e-01   9.973987e-01   9.973987e-01   9.973987e-01   9.672503e+00   1.834793e+00
   9.974553e-01   9.974553e-01   9.974553e-01   3.607626e+00   1.231256e+00   5.616332e+00
   1.037588e+00   1.133220e+00   2.871900e+00   1.142717e+00   1.113024e+00   1.026412e+00
   1.004329e+00   1.146479e+00   1.040575e+00   1.040049e+00   4.863869e+00   2.379627e+00
   1.050885e+00   1.013730e+00   1.348818e+00   1.102288e+00   4.051232e+00   1.026289e+00
   1.187209e+00   1.005567e+00   1.020088e+00   1.134110e+00   3.338713e+00   2.733843e+00
   9.974441e-01   9.974441e-01   2.144468e+00   2.581727e+00   1.167697e+00   2.378673e+00
   1.022886e+00   1.082945e+00   1.346297e+00   1.546032e+00   2.033032e+00   2.364580e+00
   1.437037e+00   1.016823e+00   1.027464e+00   1.105376e+00   2.003668e+00   2.370122e+00
   9.974132e-01   9.974132e-01   9.974132e-01   7.287926e+00   1.153264e+00   1.032724e+00
   1.079073e+00   1.274204e+00   1.088425e+00   1.762997e+00   1.327092e+00   2.369964e+00
   9.973897e-01   9.973897e-01   9.973897e-01   9.973897e-01   9.122981e+00   2.662744e+00
   1.019459e+00   1.072180e+00   1.379084e+00   1.141715e+00   1.960547e+00   3.527348e+00
   1.050393e+00   1.003321e+00   1.220755e+00   1.298722e+00   1.505272e+00   5.597687e+00
   1.026836e+00   1.097154e+00   1.402102e+00   1.543662e+00   2.322761e+00   1.025778e+00
   9.974506e-01   9.974506e-01   9.974506e-01   3.536721e+00   1.267685e+00   5.597722e+00
   9.973951e-01   9.973951e-01   9.973951e-01   9.973951e-01   9.333034e+00   2.351712e+00
   1.038220e+00   9.989391e-01   1.002523e+00   1.074409e+00   7.091093e+00   1.026760e+00
   1.041975e+00   1.012691e+00   2.583055e+00   1.182094e+00   1.641028e+00   1.030642e+00
   1.184696e+00   1.622786e+00   1.081076e+00   1.104108e+00   1.311837e+00   1.268706e+00
   9.974080e-01   2.505406e+00   1.083432e+00   1.243521e+00   1.342630e+00   1.041691e+00
   9.973953e-01   9.973953e-01   9.973953e-01   6.046344e+00   1.449645e+00   1.266534e+00
   1.163102e+00   1.714329e+00   1.036450e+00   1.077399e+00   1.532452e+00   1.097438e+00
   1.275601e+00   1.034388e+00   2.196453e+00   1.081506e+00   1.112942e+00   1.030444e+00
   1.439109e+00   1.026044e+00   1.279742e+00   1.126571e+00   1.559103e+00   1.027445e+00
   9.974191e-01   1.654433e+00   1.016012e+00   1.112165e+00   3.513699e+00   1.209394e+00
   1.019511e+00   9.990110e-01   9.985740e-01   1.262422e+00   5.530495e+00   2.662733e+00
   1.081216e+00   1.591763e+00   1.168650e+00   1.199369e+00   1.549719e+00   1.026613e+00
   1.027591e+00   1.099791e+00   1.554078e+00   1.759585e+00   1.335222e+00   2.366737e+00
   1.007405e+00   1.031297e+00   1.170417e+00   1.060942e+00   3.408455e+00   3.542649e+00
   1.017870e+00   1.069476e+00   1.552170e+00   1.647212e+00   1.646659e+00   2.377611e+00
