   1.000000e+00   9.996697e-01   7.735351e-01   3.006169e-01   0.000000e+00   5.789297e-03   1.286881e-02   0.000000e+00   7.592820e-03   1.270612e-02   0.000000e+00   0.000000e+00   7.731634e-02   1.011073e-01
   0.000000e+00   0.000000e+00   0.000000e+00   4.059186e-12   9.997878e-01   9.999890e-01   9.999666e-01   9.999982e-01   9.999656e-01   9.996269e-01   1.000000e+00   9.999993e-01   9.999478e-01   9.998432e-01
   1.000000e+00   9.996829e-01   7.062169e-01   3.001823e-01   1.379122e-03   5.795075e-03   1.286881e-02   0.000000e+00   7.825267e-03   1.308388e-02   0.000000e+00   1.943395e-02   7.259670e-02   1.095085e-01
   9.923161e-20   0.000000e+00   0.000000e+00   4.085109e-12   9.992248e-01   9.999890e-01   9.999978e-01   9.998830e-01   9.999892e-01   9.996239e-01   1.000000e+00   9.999993e-01   9.999478e-01   9.997898e-01
   0.000000e+00   0.000000e+00   1.142754e-01   2.772636e-02   9.998070e-01   9.999970e-01   9.999924e-01   9.998857e-01   1.000000e+00   9.994840e-01   9.999998e-01   9.999993e-01   9.999870e-01   9.998485e-01
   4.817184e-02   1.000000e+00   9.307965e-01   9.751839e-01   9.962829e-01   9.492580e-01   1.000000e+00   9.999073e-01   9.999910e-01   9.994249e-01   9.999855e-01   9.524203e-01   9.999344e-01   9.999936e-01
   0.000000e+00   0.000000e+00   8.865506e-06   0.000000e+00   9.998058e-01   9.999964e-01   9.999998e-01   9.998829e-01   9.999618e-01   9.997973e-01   1.000000e+00   9.999971e-01   9.999308e-01   9.996034e-01
   0.000000e+00   0.000000e+00   0.000000e+00   0.000000e+00   9.996927e-01   9.999891e-01   9.999657e-01   9.998833e-01   1.000000e+00   9.999429e-01   1.000000e+00   9.999993e-01   9.999478e-01   9.998494e-01
   4.380851e-15   3.968617e-11   2.824776e-10   1.168179e-09   9.992538e-01   9.999998e-01   9.999995e-01   9.999979e-01   9.992911e-01   9.997715e-01   9.999999e-01   9.999993e-01   9.983932e-01   9.716944e-01
   1.000000e+00   9.996829e-01   7.062169e-01   3.001823e-01   1.379122e-03   5.810296e-03   1.286881e-02   3.087087e-03   2.009354e-03   1.885753e-03   0.000000e+00   1.943395e-02   7.259670e-02   3.697031e-02
   2.073975e-05   1.578466e-02   3.925284e-04   0.000000e+00   9.993923e-01   1.000000e+00   9.999663e-01   9.999226e-01   1.000000e+00   9.999100e-01   1.000000e+00   9.997493e-01   9.999319e-01   1.000000e+00
   6.938894e-18   0.000000e+00   8.644687e-06   0.000000e+00   9.993548e-01   9.999890e-01   9.999666e-01   9.998868e-01   9.999164e-01   9.996918e-01   9.773376e-01   9.958100e-01   8.987015e-01   9.990799e-01
   0.000000e+00   4.890266e-05   0.000000e+00   1.174862e-09   9.997878e-01   9.851573e-01   9.999746e-01   1.000000e+00   9.999654e-01   9.994812e-01   1.000000e+00   9.999993e-01   9.002433e-01   9.998343e-01
   1.000000e+00   9.996829e-01   6.757118e-01   3.110693e-01   1.379122e-03   5.810296e-03   4.477247e-02   3.087087e-03   2.009354e-03   0.000000e+00   0.000000e+00   6.315124e-02   7.259670e-02   3.697031e-02
   1.000000e+00   9.996697e-01   9.688271e-01   9.991805e-01   7.629673e-04   9.244205e-01   1.286881e-02   0.000000e+00   9.687816e-01   9.983116e-01   0.000000e+00   9.393804e-01   7.717176e-02   6.498794e-02
   1.000000e+00   9.996829e-01   7.062169e-01   3.165568e-01   1.379122e-03   5.810296e-03   1.286881e-02   3.087087e-03   2.009354e-03   1.885753e-03   0.000000e+00   1.943395e-02   7.259670e-02   3.697031e-02
   1.000000e+00   9.972701e-01   9.470120e-01   2.401390e-02   9.991675e-01   9.999802e-01   1.000000e+00   9.991190e-01   9.912459e-01   9.806905e-01   9.990532e-01   9.710289e-01   8.879732e-01   9.974137e-01
   1.000000e+00   2.887690e-13   9.453655e-01   9.509047e-02   9.996893e-01   9.999804e-01   1.000000e+00   1.000000e+00   9.999824e-01   9.997973e-01   8.022104e-01   9.999971e-01   9.962317e-01   9.996297e-01
   1.000000e+00   9.972986e-01   9.494641e-01   9.522275e-02   9.927796e-01   9.999802e-01   1.000000e+00   9.923544e-01   9.999721e-01   9.996250e-01   8.034574e-01   9.097349e-01   8.849129e-01   9.991925e-01
   0.000000e+00   1.000000e+00   9.006356e-01   2.082279e-02   9.998084e-01   1.000000e+00   9.999991e-01   9.994808e-01   9.999626e-01   9.998954e-01   9.708277e-01   9.540841e-01   9.999479e-01   9.480298e-01
   1.000000e+00   9.996699e-01   7.735351e-01   3.001652e-01   0.000000e+00   5.788686e-03   1.286881e-02   0.000000e+00   1.479184e-02   1.642990e-03   0.000000e+00   0.000000e+00   5.279231e-02   1.011073e-01
   0.000000e+00   0.000000e+00   4.119027e-04   0.000000e+00   1.000000e+00   9.999885e-01   9.999923e-01   9.999260e-01   1.000000e+00   9.998493e-01   1.000000e+00   9.999969e-01   1.000000e+00   9.726905e-01
   1.000000e+00   9.996829e-01   7.062169e-01   3.163188e-01   1.379122e-03   5.810296e-03   1.286881e-02   3.087087e-03   2.009354e-03   1.885753e-03   0.000000e+00   1.943395e-02   7.259670e-02   3.697031e-02
   3.197869e-02   0.000000e+00   9.992169e-01   2.772636e-02   9.998070e-01   9.999970e-01   9.999924e-01   9.998868e-01   9.999999e-01   9.994840e-01   9.999998e-01   1.000000e+00   9.999995e-01   9.999964e-01
   9.671216e-08   0.000000e+00   2.797139e-10   1.972595e-11   9.996927e-01   9.999997e-01   9.999657e-01   9.998833e-01   1.000000e+00   9.999020e-01   1.000000e+00   9.999993e-01   9.999484e-01   1.000000e+00
   9.256647e-13   1.366880e-04   0.000000e+00   3.298140e-04   9.989888e-01   9.999797e-01   1.000000e+00   9.993293e-01   9.999737e-01   9.999161e-01   9.965944e-01   9.999970e-01   9.724680e-01   9.726905e-01
   1.000000e+00   1.000000e+00   9.950990e-01   9.756182e-01   1.000000e+00   9.957289e-01   1.000000e+00   1.000000e+00   9.913320e-01   9.784713e-01   9.999866e-01   9.640733e-01   1.000000e+00   4.641057e-02
   1.000000e+00   9.996697e-01   7.313793e-01   3.006169e-01   7.936041e-04   2.056273e-02   1.286881e-02   0.000000e+00   1.247693e-02   4.248479e-02   0.000000e+00   9.876784e-01   7.266042e-02   6.500179e-02
   2.073975e-05   1.578466e-02   3.925284e-04   0.000000e+00   9.993932e-01   1.000000e+00   9.999663e-01   9.923924e-01   1.000000e+00   9.999100e-01   1.000000e+00   9.997493e-01   9.990365e-01   1.000000e+00
   7.278928e-13   2.949265e-13   2.735150e-04   0.000000e+00   9.997830e-01   9.999893e-01   9.999999e-01   1.000000e+00   9.995056e-01   9.996185e-01   1.000000e+00   9.999993e-01   9.983858e-01   9.875223e-01
   0.000000e+00   0.000000e+00   3.935262e-04   2.912249e-01   9.851989e-01   9.808679e-01   9.983721e-01   9.996515e-01   1.000000e+00   9.996224e-01   9.871082e-01   9.999993e-01   9.271196e-01   6.724148e-03
   1.000000e+00   9.996679e-01   9.688271e-01   9.991805e-01   1.000000e+00   9.959444e-01   1.286881e-02   1.109791e-05   9.674227e-01   9.983116e-01   0.000000e+00   9.382339e-01   7.717176e-02   4.961925e-02
   2.489788e-21   0.000000e+00   0.000000e+00   4.085109e-12   9.992255e-01   9.999890e-01   9.999978e-01   9.998830e-01   9.999892e-01   9.996260e-01   1.000000e+00   9.999970e-01   9.999368e-01   9.999494e-01
   9.834595e-01   9.997777e-01   9.243072e-01   9.554477e-01   7.169914e-02   4.589909e-03   1.000000e+00   0.000000e+00   9.901142e-01   9.915498e-01   1.000000e+00   1.132832e-02   9.805188e-01   9.803489e-01
   1.000000e+00   9.996961e-01   7.786179e-01   3.269982e-01   1.379122e-03   5.810296e-03   1.286881e-02   2.914929e-03   2.009354e-03   1.885753e-03   0.000000e+00   1.943395e-02   7.259670e-02   3.723741e-02
   8.948644e-01   0.000000e+00   0.000000e+00   0.000000e+00   9.844023e-01   9.999890e-01   9.999986e-01   9.994696e-01   9.999568e-01   9.062901e-01   1.000000e+00   1.000000e+00   9.977206e-01   1.000000e+00
   1.000000e+00   9.972986e-01   9.813823e-01   0.000000e+00   9.997895e-01   9.999811e-01   9.999986e-01   9.990085e-01   9.999583e-01   9.999737e-01   9.990413e-01   9.999350e-01   9.920138e-01   1.000000e+00
   1.000000e+00   9.996960e-01   9.718323e-01   3.263181e-01   7.936041e-04   5.824203e-03   1.286881e-02   1.380179e-05   7.824504e-03   4.142734e-03   0.000000e+00   9.967790e-01   7.259632e-02   6.201766e-02
   8.985510e-01   0.000000e+00   2.037887e-02   0.000000e+00   9.844023e-01   1.000000e+00   9.999986e-01   9.994696e-01   9.999568e-01   9.062901e-01   1.000000e+00   1.000000e+00   9.977206e-01   1.000000e+00
   1.000000e+00   9.996697e-01   9.945941e-01   1.000000e+00   7.629673e-04   1.116505e-01   9.988655e-01   1.000000e+00   9.996859e-01   9.984258e-01   1.000000e+00   9.295442e-01   8.376999e-01   6.537914e-02
   9.834595e-01   9.997777e-01   9.156081e-01   9.322957e-01   7.169914e-02   2.878917e-02   1.000000e+00   3.676405e-02   1.000000e+00   9.915498e-01   9.876108e-01   1.000000e+00   9.806591e-01   9.111807e-01
   4.495865e-15   0.000000e+00   0.000000e+00   0.000000e+00   9.997850e-01   9.999886e-01   9.999667e-01   1.000000e+00   9.999956e-01   9.994912e-01   1.000000e+00   9.999993e-01   9.999459e-01   9.998484e-01
   6.960933e-18   0.000000e+00   0.000000e+00   4.059186e-12   9.997878e-01   9.999890e-01   9.999966e-01   9.999982e-01   9.999658e-01   9.996270e-01   1.000000e+00   9.999993e-01   9.999478e-01   9.998417e-01
   9.721308e-01   0.000000e+00   0.000000e+00   7.294805e-03   9.998187e-01   9.999806e-01   9.999657e-01   9.998866e-01   1.000000e+00   9.999419e-01   9.999968e-01   9.562868e-01   9.999332e-01   9.998487e-01
   0.000000e+00   2.842509e-03   9.158333e-01   1.717802e-05   9.999648e-01   9.999890e-01   9.999986e-01   9.998825e-01   9.999656e-01   9.992688e-01   1.000000e+00   9.999970e-01   1.000000e+00   1.000000e+00
   9.999994e-01   2.887690e-13   9.453655e-01   9.509047e-02   9.996716e-01   9.999997e-01   1.000000e+00   1.000000e+00   9.999824e-01   9.997973e-01   8.022182e-01   9.540071e-01   9.962595e-01   9.996297e-01
   1.000000e+00   9.996679e-01   9.688271e-01   9.991805e-01   9.998605e-01   9.960792e-01   1.286881e-02   1.109791e-05   9.674227e-01   9.983080e-01   9.585228e-01   9.382339e-01   6.779292e-02   4.961925e-02
   1.824795e-02   3.448012e-01   9.473370e-01   0.000000e+00   9.988790e-01   9.993825e-01   1.000000e+00   9.998682e-01   9.999678e-01   9.997858e-01   1.000000e+00   9.999971e-01   9.995951e-01   9.999719e-01
   1.000000e+00   9.996823e-01   7.062169e-01   3.001822e-01   1.379122e-03   5.795075e-03   1.286881e-02   0.000000e+00   0.000000e+00   1.308388e-02   0.000000e+00   1.943395e-02   7.773788e-01   6.738228e-02
   0.000000e+00   0.000000e+00   9.270099e-01   2.572156e-04   9.998070e-01   9.999891e-01   9.999959e-01   9.998940e-01   9.999130e-01   9.995049e-01   1.000000e+00   1.000000e+00   9.997241e-01   9.992891e-01
   3.197869e-02   2.273900e-02   9.992169e-01   2.791599e-02   9.998067e-01   9.999970e-01   9.999924e-01   1.000000e+00   9.999974e-01   9.999638e-01   9.999998e-01   9.638623e-01   9.999996e-01   9.998369e-01
   1.000000e+00   9.996679e-01   9.733024e-01   1.000000e+00   1.000000e+00   5.266398e-02   1.286881e-02   3.262439e-03   9.674227e-01   1.000000e+00   0.000000e+00   9.382339e-01   7.741403e-02   4.961925e-02
   1.778766e-02   0.000000e+00   9.471528e-01   2.241074e-04   9.983845e-01   1.000000e+00   9.999660e-01   9.998946e-01   1.000000e+00   9.994921e-01   9.999656e-01   9.999751e-01   1.000000e+00   9.999814e-01
   3.196153e-02   0.000000e+00   0.000000e+00   0.000000e+00   9.994201e-01   9.999889e-01   9.999974e-01   1.000000e+00   9.999567e-01   9.993099e-01   1.000000e+00   9.999970e-01   9.997897e-01   9.728217e-01
   1.000000e+00   1.000000e+00   9.376732e-01   9.370061e-01   9.929719e-01   9.998599e-01   9.999999e-01   1.000000e+00   9.998018e-01   9.981224e-01   0.000000e+00   9.226948e-01   9.030440e-01   9.878429e-01
   1.000000e+00   1.000000e+00   9.958029e-01   9.996181e-01   0.000000e+00   1.000000e+00   1.000000e+00   9.999954e-01   9.999895e-01   9.994249e-01   8.104543e-01   9.514515e-01   8.902367e-01   1.000000e+00
   6.938894e-18   0.000000e+00   0.000000e+00   0.000000e+00   9.999814e-01   9.999889e-01   9.999940e-01   1.000000e+00   9.999477e-01   9.999206e-01   1.000000e+00   9.999993e-01   9.999872e-01   1.000000e+00
   1.461629e-02   9.762438e-01   1.109522e-01   8.950823e-12   9.984313e-01   1.000000e+00   9.992244e-01   9.998788e-01   9.999646e-01   9.996185e-01   1.000000e+00   1.000000e+00   9.999894e-01   9.725104e-01
   8.985510e-01   0.000000e+00   2.037887e-02   0.000000e+00   9.844023e-01   1.000000e+00   9.999986e-01   9.998511e-01   9.999568e-01   9.062901e-01   1.000000e+00   1.000000e+00   9.977206e-01   1.000000e+00
   4.085217e-04   1.059814e-02   0.000000e+00   0.000000e+00   9.996925e-01   9.999997e-01   9.999993e-01   1.000000e+00   9.999985e-01   9.997695e-01   9.997678e-01   1.000000e+00   9.990187e-01   9.998494e-01
   1.000000e+00   9.996720e-01   2.127132e-03   9.621638e-02   9.925661e-01   9.849327e-01   1.000000e+00   9.646961e-01   9.999721e-01   9.996165e-01   7.929153e-01   9.097349e-01   8.852540e-01   9.991925e-01
   6.891347e-18   0.000000e+00   1.720950e-07   0.000000e+00   9.997878e-01   9.999889e-01   9.999960e-01   9.999950e-01   9.999999e-01   9.994914e-01   1.000000e+00   9.999993e-01   1.000000e+00   9.997810e-01
   0.000000e+00   0.000000e+00   0.000000e+00   1.104736e-09   9.996923e-01   9.999890e-01   1.000000e+00   9.994047e-01   9.997931e-01   9.997679e-01   1.000000e+00   9.999975e-01   9.985344e-01   9.999399e-01
   3.841000e-03   1.000000e+00   0.000000e+00   1.000000e+00   9.997655e-01   9.999891e-01   1.000000e+00   9.998940e-01   9.999141e-01   9.994267e-01   1.000000e+00   9.999993e-01   1.000000e+00   9.998985e-01
   6.951255e-18   0.000000e+00   8.650728e-06   1.249923e-02   9.991658e-01   9.999890e-01   9.999662e-01   9.998867e-01   9.999190e-01   9.996930e-01   9.999966e-01   9.999960e-01   8.915859e-01   9.221807e-01
   0.000000e+00   9.754711e-01   9.158333e-01   1.717802e-05   9.999648e-01   9.999971e-01   9.999987e-01   9.998825e-01   9.999654e-01   9.992688e-01   1.000000e+00   9.999970e-01   1.000000e+00   1.000000e+00
   1.894796e-04   0.000000e+00   1.556680e-02   4.609667e-02   9.996918e-01   9.999891e-01   9.999977e-01   9.999995e-01   9.999999e-01   9.999423e-01   9.999994e-01   9.999993e-01   9.999471e-01   9.689839e-01
   4.085217e-04   8.023082e-13   1.995125e-12   0.000000e+00   9.996927e-01   9.999998e-01   9.999999e-01   9.999954e-01   1.000000e+00   9.942219e-01   9.871255e-01   9.992758e-01   9.999472e-01   9.998494e-01
   1.000000e+00   9.971923e-01   9.488577e-01   1.000000e+00   9.105353e-01   1.000000e+00   1.000000e+00   9.991294e-01   9.912459e-01   9.806905e-01   9.990532e-01   9.519219e-01   8.879732e-01   9.974607e-01
   3.318653e-02   0.000000e+00   0.000000e+00   0.000000e+00   9.996377e-01   9.999886e-01   9.999996e-01   1.000000e+00   9.999956e-01   9.996056e-01   1.000000e+00   9.999993e-01   9.961771e-01   9.998517e-01
   0.000000e+00   9.752445e-01   9.158333e-01   1.717802e-05   9.999648e-01   9.999794e-01   1.000000e+00   9.998825e-01   9.999673e-01   9.992688e-01   1.000000e+00   1.000000e+00   1.000000e+00   1.000000e+00
   0.000000e+00   7.600755e-02   0.000000e+00   1.104736e-09   9.992255e-01   9.999891e-01   1.000000e+00   9.999055e-01   9.997931e-01   9.999706e-01   1.000000e+00   9.999988e-01   9.984839e-01   9.999404e-01
   5.394034e-02   9.954209e-01   9.470120e-01   5.651691e-02   9.998105e-01   9.999892e-01   9.999982e-01   9.999271e-01   1.000000e+00   9.806905e-01   9.990652e-01   9.710289e-01   9.569129e-01   9.974170e-01
   2.159393e-23   0.000000e+00   0.000000e+00   4.113455e-12   9.992021e-01   9.999889e-01   9.999929e-01   9.998830e-01   9.999892e-01   9.996260e-01   1.000000e+00   9.999983e-01   9.999998e-01   9.999886e-01
   3.841000e-03   1.000000e+00   0.000000e+00   9.759514e-01   9.997655e-01   9.999891e-01   1.000000e+00   9.998940e-01   9.999900e-01   9.994267e-01   1.000000e+00   9.533899e-01   9.999995e-01   9.987362e-01
   0.000000e+00   2.156038e-04   9.579383e-01   0.000000e+00   9.927677e-01   9.999893e-01   9.999656e-01   9.998833e-01   9.999905e-01   9.999429e-01   8.084177e-01   9.999993e-01   9.999478e-01   9.998464e-01
   0.000000e+00   2.842509e-03   9.158333e-01   1.297953e-02   1.000000e+00   9.999181e-01   9.999986e-01   9.998825e-01   9.999656e-01   9.992688e-01   9.999997e-01   9.999970e-01   1.000000e+00   1.000000e+00
   4.724862e-02   2.237875e-06   0.000000e+00   1.147780e-09   9.997878e-01   1.000000e+00   9.999966e-01   9.998966e-01   9.999141e-01   9.981661e-01   1.000000e+00   9.999993e-01   9.999922e-01   9.999019e-01
   1.778766e-02   0.000000e+00   9.471528e-01   9.814932e-01   9.983927e-01   1.000000e+00   9.999660e-01   9.998946e-01   1.000000e+00   9.994921e-01   1.000000e+00   9.999751e-01   1.000000e+00   9.999814e-01
   8.985510e-01   0.000000e+00   0.000000e+00   0.000000e+00   9.844023e-01   9.999809e-01   9.999986e-01   9.998868e-01   9.999568e-01   9.062901e-01   1.000000e+00   1.000000e+00   9.977206e-01   9.998346e-01
   1.000000e+00   1.000000e+00   9.950990e-01   9.756182e-01   1.000000e+00   9.957289e-01   1.000000e+00   9.998858e-01   9.913320e-01   1.000000e+00   9.999994e-01   9.643234e-01   1.000000e+00   4.641057e-02
   0.000000e+00   0.000000e+00   1.101795e-01   3.298140e-04   9.984207e-01   9.999797e-01   1.000000e+00   9.993293e-01   9.999645e-01   9.999161e-01   9.965944e-01   9.999970e-01   9.998312e-01   9.726905e-01
   3.197869e-02   2.374401e-02   9.966781e-01   2.791599e-02   9.998086e-01   9.999894e-01   9.999662e-01   1.000000e+00   9.999999e-01   9.999638e-01   1.000000e+00   9.638623e-01   1.000000e+00   9.998369e-01
   4.380827e-15   3.171544e-13   2.804825e-10   1.168179e-09   9.992538e-01   9.999997e-01   9.999995e-01   9.999946e-01   9.992822e-01   9.997715e-01   9.999999e-01   9.999993e-01   9.983932e-01   9.716944e-01
   1.000000e+00   8.038152e-01   9.470152e-01   7.207369e-03   9.750154e-01   9.999790e-01   9.599311e-01   9.999850e-01   9.999903e-01   9.994249e-01   8.104543e-01   9.705585e-01   8.896767e-01   9.999530e-01
   1.000000e+00   9.996961e-01   7.786179e-01   3.274787e-01   9.644389e-01   1.813545e-03   9.832361e-01   2.914929e-03   0.000000e+00   1.885753e-03   0.000000e+00   1.943395e-02   7.572140e-02   3.723741e-02
   9.668135e-01   0.000000e+00   1.000000e+00   7.015505e-02   9.997861e-01   9.999893e-01   9.999671e-01   1.000000e+00   9.999775e-01   9.994987e-01   7.920871e-01   1.000000e+00   1.000000e+00   9.995672e-01
   1.000000e+00   9.972986e-01   9.494641e-01   9.522375e-02   9.928808e-01   9.999802e-01   1.000000e+00   9.972932e-01   9.999720e-01   9.996140e-01   8.034574e-01   9.097349e-01   9.936015e-01   9.991938e-01
   4.664951e-02   1.000000e+00   0.000000e+00   1.000000e+00   9.997655e-01   9.999891e-01   9.999653e-01   9.998940e-01   9.999153e-01   9.994250e-01   1.000000e+00   9.999993e-01   9.999344e-01   9.998985e-01
   1.000000e+00   9.974968e-01   9.470120e-01   2.401390e-02   9.991675e-01   9.999979e-01   9.999987e-01   9.998891e-01   9.999981e-01   9.806905e-01   9.990652e-01   9.694174e-01   8.879732e-01   9.056318e-01
   3.841000e-03   1.000000e+00   5.223588e-02   1.000000e+00   9.997655e-01   9.999891e-01   1.000000e+00   9.878483e-01   9.999141e-01   9.994267e-01   1.000000e+00   9.999993e-01   8.839431e-01   9.991787e-01
   4.440367e-02   2.284554e-02   9.301205e-01   7.245036e-04   9.997878e-01   9.508776e-01   9.999952e-01   9.998962e-01   9.988943e-01   9.994256e-01   1.000000e+00   9.997476e-01   1.000000e+00   9.656774e-01
   0.000000e+00   9.597349e-01   8.650728e-06   1.249923e-02   9.786922e-01   9.999890e-01   1.000000e+00   9.999973e-01   9.999190e-01   9.996930e-01   9.999966e-01   9.653021e-01   8.915859e-01   1.000000e+00
   9.986298e-01   9.972472e-01   9.405431e-01   2.418245e-02   9.991448e-01   9.999944e-01   1.000000e+00   9.999168e-01   1.000000e+00   9.998754e-01   8.179419e-01   9.986366e-01   9.970966e-01   9.998285e-01
   3.841000e-03   1.000000e+00   0.000000e+00   1.873087e-02   9.997572e-01   9.917316e-01   1.000000e+00   9.999560e-01   9.999141e-01   9.994267e-01   9.999653e-01   9.999993e-01   1.000000e+00   9.998985e-01
   1.000000e+00   9.996697e-01   9.673631e-01   9.991805e-01   7.629673e-04   9.244205e-01   1.000000e+00   1.268900e-02   9.687816e-01   9.983116e-01   0.000000e+00   9.397534e-01   7.717176e-02   6.498794e-02
   9.834595e-01   9.997777e-01   9.243072e-01   9.554477e-01   9.926025e-01   4.589909e-03   1.000000e+00   0.000000e+00   9.901142e-01   9.915498e-01   1.000000e+00   8.399165e-02   9.805188e-01   9.803489e-01
   1.000000e+00   9.954377e-01   9.431442e-01   3.086253e-01   4.229717e-04   5.810296e-03   9.308914e-01   0.000000e+00   1.537474e-03   1.885753e-03   0.000000e+00   1.943395e-02   1.000000e+00   3.808238e-02
   9.721308e-01   0.000000e+00   2.038224e-02   7.294805e-03   9.998187e-01   9.999997e-01   9.999657e-01   9.998509e-01   1.000000e+00   9.999419e-01   9.999968e-01   9.553057e-01   9.999332e-01   1.000000e+00
   3.197869e-02   1.000000e+00   9.992169e-01   2.791599e-02   9.998070e-01   9.999970e-01   9.999920e-01   1.000000e+00   9.999967e-01   9.784218e-01   9.999870e-01   9.640768e-01   9.999999e-01   9.999964e-01
