   2.310950e-01   2.310966e-01   2.311009e-01   2.311123e-01   2.314251e-01   2.361541e-01   3.063317e-01   1.622135e+01   4.489569e-01   8.768556e-01
   2.301372e-01   2.306273e-01   2.318908e-01   2.352722e-01   3.282315e-01   2.334161e-01   1.421610e+01   3.561793e-01   3.758104e-01   1.066151e+00
   2.303641e-01   2.303694e-01   2.303824e-01   2.304169e-01   2.313812e-01   2.306346e-01   2.489966e-01   8.802901e+00   2.676131e-01   1.711740e+01
   2.312759e-01   2.313410e-01   2.314698e-01   2.318620e-01   2.425711e-01   4.044170e-01   2.329320e-01   1.262033e+01   2.381480e-01   1.288388e+01
   2.334649e-01   2.339403e-01   2.350316e-01   2.380225e-01   3.206888e-01   3.246351e-01   2.342515e-01   1.623071e+01   3.662054e-01   4.622543e-01
   2.322469e-01   2.322633e-01   2.323036e-01   2.324097e-01   2.353764e-01   2.354766e-01   4.676000e-01   2.351586e-01   1.670077e+01   8.298021e+00
   2.305714e-01   2.305973e-01   2.306572e-01   2.308258e-01   2.354321e-01   3.050682e-01   2.563243e-01   2.318096e-01   1.823018e+01   2.435531e-01
   2.298996e-01   2.300643e-01   2.303944e-01   2.313947e-01   2.586610e-01   6.707624e-01   1.278531e+01   4.083556e-01   8.151643e+00   6.958822e-01
   2.300724e-01   2.300903e-01   2.301309e-01   2.302406e-01   2.333189e-01   2.798312e-01   2.302277e-01   2.325917e-01   1.033950e+01   1.677755e+01
   2.349684e-01   2.392585e-01   2.491063e-01   2.760975e-01   2.341055e-01   2.979726e-01   3.032543e-01   1.623106e+01   3.662611e-01   4.623148e-01
   4.672117e-01   9.676635e-01   2.382753e+00   7.383047e-01   3.683049e-01   1.110354e+01   2.552210e-01   2.823016e-01   5.267675e-01   4.780110e-01
   2.302576e-01   2.303344e-01   2.305198e-01   2.310601e-01   2.454143e-01   2.308356e-01   3.215728e-01   9.029385e+00   1.525966e+01   5.990722e-01
   2.304530e-01   2.304602e-01   2.304767e-01   2.305214e-01   2.317726e-01   2.506788e-01   3.036711e-01   2.666302e-01   1.823012e+01   2.492266e-01
   2.326785e-01   2.327902e-01   2.330707e-01   2.414400e-01   2.329674e-01   2.373703e-01   2.339520e-01   2.574393e-01   2.568707e-01   2.023258e+01
   2.308549e-01   2.308561e-01   2.308588e-01   2.308668e-01   2.308652e-01   2.308578e-01   2.312304e-01   2.363308e-01   3.093788e-01   2.023066e+01
   2.306721e-01   2.308046e-01   2.311136e-01   2.319876e-01   2.557049e-01   6.143048e-01   2.317851e-01   1.622163e+01   3.103695e-01   4.035746e-01
   3.002712e-01   4.713063e-01   5.562301e+00   7.063679e-01   6.746114e-01   6.760154e-01   1.295801e+00   9.843527e-01   4.009596e-01   8.951600e+00
   2.327596e-01   2.328862e-01   2.331763e-01   2.339613e-01   2.558688e-01   5.869348e-01   5.499962e+00   1.504835e+01   3.478960e-01   4.300092e-01
   2.372287e-01   2.375534e-01   2.384494e-01   2.408415e-01   3.059359e-01   2.380576e-01   1.423514e+01   2.606720e-01   4.919554e-01   3.385315e-01
   2.308295e-01   2.312218e-01   2.323133e-01   2.351619e-01   3.132957e-01   3.170869e-01   1.422162e+01   3.375328e-01   7.342195e-01   6.002593e-01
   2.319927e-01   2.361690e-01   2.457797e-01   2.729507e-01   1.012474e+00   1.219312e+01   2.433276e-01   2.825129e-01   2.457904e-01   3.222969e-01
   4.795329e-01   1.104141e+00   2.422878e+00   1.998290e+00   8.901186e+00   4.159954e-01   7.682833e-01   1.030497e+00   4.364416e-01   2.937184e-01
   2.306095e-01   2.306528e-01   2.307531e-01   2.310252e-01   2.386003e-01   2.307838e-01   2.306464e-01   1.442189e+01   8.543554e+00   3.209605e-01
   2.321410e-01   2.321429e-01   2.321471e-01   2.321589e-01   2.324834e-01   2.373886e-01   3.101815e-01   2.342476e-01   2.323615e-01   2.023183e+01
   2.739837e-01   3.634247e-01   3.115063e+00   3.586089e-01   5.837746e-01   9.855894e-01   1.180083e+00   1.413016e+01   1.088484e+00   1.045425e+00
   2.589664e-01   3.191760e-01   4.681767e-01   4.930081e+00   2.351257e-01   4.511375e-01   1.150094e+01   4.180149e-01   1.506922e+00   4.682365e-01
   2.305109e-01   2.305825e-01   2.307473e-01   2.312148e-01   2.438968e-01   4.356472e-01   2.972458e-01   1.622710e+01   3.179126e-01   4.125708e-01
   2.472050e-01   2.691692e-01   3.298319e-01   4.918664e-01   4.898576e+00   2.958821e-01   1.261001e+01   2.715905e-01   5.040454e-01   3.136446e-01
   2.477592e-01   2.855298e-01   3.764309e-01   6.183925e-01   7.409570e+00   3.209114e-01   2.328969e-01   1.133037e+01   4.412410e-01   3.566788e-01
   2.307400e-01   2.328602e-01   2.380370e-01   2.522462e-01   6.410398e-01   6.518898e+00   1.213884e+01   3.218188e-01   2.516058e-01   2.671470e-01
   2.348790e-01   2.348916e-01   2.352684e-01   2.358105e-01   2.357787e-01   2.349115e-01   2.349192e-01   2.350670e-01   2.720474e-01   2.023483e+01
   2.619699e-01   3.362971e-01   5.180756e-01   6.004658e+00   7.070765e+00   2.494682e-01   4.404251e-01   7.635383e-01   1.149135e+00   1.514782e+00
   2.311584e-01   2.324918e-01   2.356024e-01   2.444004e-01   4.831383e-01   4.092802e+00   2.357263e-01   1.537305e+01   3.110778e-01   4.043487e-01
   2.302475e-01   2.303250e-01   2.305117e-01   2.310566e-01   2.455255e-01   2.308401e-01   2.778858e-01   9.031677e+00   1.525809e+01   6.086606e-01
   2.537902e-01   3.097978e-01   4.419818e-01   4.498104e+00   3.761103e-01   6.120722e+00   2.775892e-01   3.272141e-01   1.260214e+01   4.751128e-01
   2.404042e-01   2.659310e-01   3.162816e-01   4.920690e-01   4.970651e+00   2.539564e-01   2.703578e-01   2.464135e-01   1.606278e+01   4.528508e-01
   2.320116e-01   2.321701e-01   2.325380e-01   2.335730e-01   2.618274e-01   6.889686e-01   7.027755e+00   3.532263e-01   1.595336e+01   2.846368e-01
   2.318040e-01   2.318161e-01   2.318443e-01   2.319205e-01   2.340524e-01   2.662661e-01   7.443188e-01   1.622008e+01   3.374251e-01   4.119956e-01
   2.523951e-01   3.055446e-01   4.185671e-01   7.788620e-01   1.019873e+01   2.476972e-01   2.802725e-01   2.885995e-01   4.060472e-01   3.836491e-01
   2.517549e-01   2.913029e-01   4.035342e-01   3.592379e+00   3.903406e-01   1.111320e+01   3.193506e-01   3.545072e-01   3.542393e-01   5.655798e-01
   2.721026e-01   3.587833e-01   3.097213e+00   7.240145e+00   4.799652e-01   3.094765e-01   5.931141e-01   7.231938e-01   6.566748e-01   5.501671e-01
   2.320907e-01   2.321973e-01   2.324467e-01   2.331407e-01   2.324315e-01   2.323649e-01   2.614369e-01   2.326178e-01   1.823199e+01   2.544424e-01
   2.303674e-01   2.303675e-01   2.303678e-01   2.303686e-01   2.303890e-01   2.306979e-01   2.352824e-01   3.019612e-01   1.823018e+01   2.434162e-01
   2.677253e-01   3.546445e-01   2.952884e+00   6.753407e+00   7.466263e-01   4.480242e+00   3.700536e-01   4.758370e-01   3.769233e-01   2.691329e-01
   2.694626e-01   3.631297e-01   5.932988e-01   7.509251e+00   2.568360e-01   4.183141e-01   6.112308e-01   6.615735e+00   6.792247e-01   1.808179e+00
   6.371581e-01   1.532682e+00   4.025750e-01   2.680258e-01   3.735415e+00   7.881922e-01   1.216562e+01   5.756998e-01   8.706983e-01   9.126637e-01
   2.917332e-01   4.434308e-01   4.879326e+00   5.298995e-01   6.350290e+00   1.329084e+00   5.582158e-01   1.592281e+00   3.250113e-01   1.534066e+00
   3.083458e-01   4.978920e-01   6.110436e+00   9.211091e-01   1.120583e+00   1.081288e+00   1.072968e+00   1.153710e+00   7.111285e-01   1.755070e+00
   2.311182e-01   2.311224e-01   2.311323e-01   2.311601e-01   2.319198e-01   2.434045e-01   4.138377e-01   2.389785e-01   1.822954e+01   2.695361e-01
   2.338661e-01   2.338683e-01   2.338733e-01   2.338869e-01   2.342669e-01   2.400097e-01   2.341446e-01   2.345444e-01   2.386271e-01   2.023386e+01
   2.336542e-01   2.337253e-01   2.338988e-01   2.343864e-01   2.476733e-01   4.485403e-01   1.423076e+01   3.738341e-01   2.479076e-01   2.909101e-01
   2.392010e-01   2.420506e-01   2.486944e-01   2.673586e-01   2.461209e-01   2.643302e-01   2.382244e-01   1.439269e+01   3.094628e-01   9.561730e+00
   2.527855e-01   3.071995e-01   4.367866e-01   4.402822e+00   3.344834e-01   3.804249e-01   4.328556e-01   2.349653e-01   4.495018e-01   1.726708e+01
   2.524326e-01   3.055412e-01   4.185825e-01   7.787361e-01   1.019870e+01   2.604783e-01   2.605907e-01   2.792099e-01   3.962054e-01   4.035127e-01
   2.323484e-01   2.365012e-01   2.461151e-01   2.733030e-01   1.012824e+00   1.219354e+01   2.614465e-01   2.603196e-01   2.809671e-01   2.788689e-01
   2.492329e-01   2.733075e-01   3.397227e-01   5.168544e-01   5.340938e+00   3.059701e-01   1.226284e+01   2.445665e-01   4.688050e-01   3.675157e-01
   2.648574e-01   3.529696e-01   2.929072e+00   7.597806e-01   5.553697e-01   9.457003e-01   7.393953e-01   5.091700e-01   2.916505e-01   1.795799e+01
   2.757936e-01   3.732269e-01   3.337938e+00   2.769467e-01   5.424908e-01   1.180630e+00   1.213060e+01   6.302483e-01   4.708732e-01   7.073960e-01
   2.735597e-01   3.762507e-01   3.391466e+00   2.576872e-01   9.948628e-01   8.038696e+00   7.765108e+00   3.813018e-01   4.980544e-01   1.182817e+00
   2.311613e-01   2.329083e-01   2.369385e-01   2.481273e-01   5.553216e-01   6.651415e+00   8.687033e+00   3.155351e-01   1.084481e+01   2.746743e-01
   2.952732e-01   4.591360e-01   5.254175e+00   2.488282e-01   6.970497e-01   2.446876e+00   7.173942e+00   1.380967e+00   7.214471e-01   1.812150e+00
   2.319962e-01   2.356960e-01   2.442920e-01   2.686369e-01   9.298061e-01   1.092625e+01   2.450354e-01   2.816096e-01   8.292947e+00   2.514506e-01
   2.424006e-01   2.682610e-01   3.345771e-01   5.189259e-01   5.478517e+00   2.432429e-01   9.413545e+00   8.887760e+00   2.921124e-01   3.893192e-01
   2.304939e-01   2.324083e-01   2.373484e-01   2.501587e-01   6.064659e-01   5.030616e-01   1.264802e+01   3.655393e-01   8.501280e+00   2.303480e-01
   2.301091e-01   2.302686e-01   2.306348e-01   2.316684e-01   2.598621e-01   2.377171e-01   7.741226e-01   8.155239e+00   1.405133e+01   8.318089e+00
   2.671632e-01   3.569302e-01   3.005430e+00   5.267861e-01   5.363641e-01   6.143264e-01   9.512241e+00   8.156242e-01   1.071383e+01   9.987571e-01
   2.319142e-01   2.333177e-01   2.365458e-01   2.456729e-01   4.945275e-01   4.256696e+00   1.341413e+01   4.009552e-01   2.507227e-01   2.609241e-01
   2.311164e-01   2.311198e-01   2.311277e-01   2.311497e-01   2.317531e-01   2.408737e-01   3.762245e-01   2.373600e-01   1.823011e+01   2.694570e-01
   2.303880e-01   2.306139e-01   2.311339e-01   2.326096e-01   2.726755e-01   8.784506e-01   9.868166e+00   1.180204e+01   3.073081e-01   3.826700e-01
   2.305478e-01   2.307181e-01   2.311066e-01   2.321579e-01   2.615663e-01   7.059576e-01   1.202186e+01   6.450573e-01   2.476439e-01   1.097063e+01
   4.922592e-01   1.141810e+00   2.618461e+00   7.805109e-01   2.991517e-01   2.390624e-01   1.025929e+01   6.648951e-01   5.084004e-01   1.030944e+01
   2.312401e-01   2.338396e-01   2.398746e-01   2.568856e-01   7.204793e-01   7.729218e+00   1.113760e+01   3.353488e-01   2.349315e-01   3.001515e-01
   2.320041e-01   2.322738e-01   2.329088e-01   2.346068e-01   2.822508e-01   1.002167e+00   1.168574e+01   9.373877e+00   2.839473e-01   3.535426e-01
   2.296478e-01   2.299269e-01   2.306304e-01   2.326100e-01   2.858862e-01   1.091561e+00   1.304779e+01   6.549150e+00   4.672201e-01   5.880741e-01
   2.346028e-01   2.346211e-01   2.346636e-01   2.347836e-01   2.380487e-01   2.874132e-01   1.423419e+01   2.843011e-01   2.535215e-01   3.408251e-01
   2.350606e-01   2.420525e-01   2.584613e-01   7.614287e-01   8.663194e+00   2.333724e-01   4.672528e-01   3.095943e-01   8.429671e-01   1.087801e+01
   2.720533e-01   3.646021e-01   5.880795e-01   7.334653e+00   4.699161e-01   4.218771e-01   6.518638e+00   3.084554e-01   5.624470e-01   1.623375e+00
   2.320650e-01   2.363177e-01   2.464371e-01   5.549886e-01   5.402754e+00   4.447281e-01   5.302626e-01   2.621992e-01   4.232127e-01   1.731724e+01
   2.377248e-01   2.497591e-01   6.096080e-01   6.637665e+00   5.918099e-01   5.865469e-01   1.171862e+00   5.107361e-01   7.981902e+00   8.300889e+00
   6.152110e-01   1.524456e+00   1.623505e+00   3.069560e-01   4.078687e+00   1.203658e+00   6.326686e+00   2.556024e+00   9.448918e+00   8.800319e+00
   2.342340e-01   2.415363e-01   4.615608e-01   4.146833e+00   5.755865e-01   8.990139e-01   3.462605e-01   5.599590e-01   1.585822e+01   6.550433e-01
   2.320171e-01   2.356091e-01   2.438687e-01   2.661799e-01   8.903878e-01   1.032280e+01   2.930068e-01   3.156738e-01   2.453903e-01   1.096832e+01
   2.328498e-01   2.369932e-01   2.466031e-01   2.738481e-01   1.013332e+00   1.219399e+01   2.832459e-01   2.353644e-01   3.079284e-01   2.429643e-01
   2.579477e-01   3.244231e-01   4.773904e-01   5.245481e+00   5.165882e-01   6.437215e+00   3.264614e-01   6.567478e-01   7.855899e-01   1.179835e+01
   2.787006e-01   3.833782e-01   6.306439e-01   8.192065e+00   4.167376e-01   4.382662e-01   5.964694e-01   4.337537e-01   1.158247e+00   8.144051e-01
   2.537039e-01   3.112111e-01   4.275855e-01   4.320944e+00   8.799123e+00   2.764225e-01   4.099204e-01   7.006000e-01   5.593544e-01   9.713657e-01
   2.512258e-01   2.884472e-01   3.941063e-01   3.395098e+00   3.835413e-01   1.047792e+01   3.199986e-01   5.627552e+00   3.453650e-01   5.716795e-01
   2.637336e-01   3.426622e-01   2.672702e+00   2.800991e-01   4.667099e+00   6.953043e+00   3.186091e-01   2.057369e+00   1.022330e+01   1.080681e+00
   2.322772e-01   2.340753e-01   2.382388e-01   2.499442e-01   2.316919e-01   6.375250e-01   6.268545e+00   5.055237e-01   1.645758e+01   2.565883e-01
   2.317300e-01   2.337244e-01   2.384828e-01   3.845699e-01   5.607763e-01   2.367750e-01   1.283869e+01   4.455983e-01   2.868959e-01   8.887594e+00
   2.970756e-01   4.508103e-01   5.020568e+00   2.348282e-01   8.880886e-01   6.804806e+00   3.051050e+00   1.187289e+00   1.367231e+00   1.960796e+00
   2.797599e-01   3.763857e-01   3.243983e+00   2.701495e-01   4.390857e+00   1.370736e+00   6.123715e+00   7.431142e+00   3.259561e-01   8.911973e+00
   2.338160e-01   2.339304e-01   2.341977e-01   2.349544e-01   2.554758e-01   5.657577e-01   5.170349e+00   1.519847e+01   3.399002e-01   4.179669e-01
   2.515252e-01   3.045813e-01   4.174696e-01   7.783626e-01   1.019795e+01   2.413779e-01   2.790883e-01   3.104065e-01   3.883336e-01   3.837964e-01
   2.478192e-01   2.890683e-01   3.769379e-01   6.569547e-01   7.977866e+00   2.438508e-01   2.696395e-01   1.029781e+01   3.424695e-01   4.949045e-01
   2.433966e-01   2.765118e-01   3.527757e-01   5.681586e-01   6.435085e+00   4.571641e-01   9.095116e+00   2.913121e-01   8.503083e+00   2.308064e-01
   2.780720e-01   3.794764e-01   6.325276e-01   8.198219e+00   2.612684e-01   2.604493e-01   8.124652e-01   2.979973e-01   3.890101e-01   9.635555e-01
   2.426864e-01   2.717098e-01   3.335866e-01   5.249389e-01   5.605447e+00   1.033507e+01   3.223506e-01   3.484302e-01   4.850341e-01   2.739680e-01
   2.407393e-01   2.663572e-01   3.178024e-01   4.813567e-01   4.823364e+00   4.575333e-01   3.498924e-01   1.442469e+01   3.994181e-01   4.912960e-01
   2.322756e-01   2.354040e-01   2.427079e-01   2.634222e-01   8.247570e-01   9.312195e+00   2.735173e-01   7.744218e+00   8.344843e+00   3.796124e-01
   2.298947e-01   2.300384e-01   2.303755e-01   2.313297e-01   2.571699e-01   6.478865e-01   6.446130e+00   1.455323e+01   3.788195e-01   4.757742e-01
   2.794556e-01   3.924289e-01   3.761654e+00   4.337770e+00   1.523435e+00   8.263368e-01   9.297527e-01   9.615511e+00   2.784119e+00   1.333540e+00
   2.342584e-01   2.362882e-01   2.408930e-01   2.538450e-01   6.090414e-01   5.978233e+00   2.682137e-01   3.861203e-01   2.686584e-01   1.777531e+01
   2.350279e-01   2.420420e-01   2.583689e-01   7.615053e-01   8.665166e+00   2.667715e-01   4.620858e-01   3.203343e-01   8.338509e-01   1.087209e+01
   2.426170e-01   2.624653e-01   3.088232e-01   4.399181e-01   3.995277e+00   3.193235e-01   2.503872e-01   8.063614e+00   2.665500e-01   1.595998e+01
   3.086404e-01   4.970348e-01   6.114313e+00   1.036474e+00   1.039519e+00   9.922837e-01   9.706573e-01   1.038705e+00   9.459427e-01   1.616828e+00
   2.332161e-01   2.402362e-01   4.450968e-01   3.878337e+00   5.668558e-01   6.952991e-01   7.524946e-01   5.243427e-01   3.087140e-01   1.796637e+01
   2.306237e-01   2.317822e-01   2.344911e-01   2.421847e-01   4.505214e-01   3.600626e+00   2.540329e-01   1.213593e+01   7.494512e+00   9.264404e+00
   4.208687e-01   8.615724e-01   2.030222e+00   1.191963e+00   3.196056e-01   9.660907e+00   2.502289e-01   8.136248e+00   8.003028e-01   3.173407e-01
   2.923240e-01   4.438086e-01   4.951361e+00   4.841494e+00   6.868768e-01   6.513781e-01   1.355643e+00   1.010069e+00   5.087042e-01   3.820219e+00
   2.302343e-01   2.302801e-01   2.303903e-01   2.307122e-01   2.392581e-01   2.305847e-01   2.575726e-01   9.031916e+00   1.525800e+01   6.091986e-01
   2.533742e-01   3.082492e-01   4.353269e-01   4.386733e+00   3.914539e-01   6.327695e-01   5.257264e-01   2.486860e-01   1.555436e+01   1.090791e+00
   2.405297e-01   2.659517e-01   3.161953e-01   4.916293e-01   4.958338e+00   2.439768e-01   2.766535e-01   3.845844e-01   1.607413e+01   4.585445e-01
   2.848883e-01   3.979264e-01   3.888431e+00   2.067570e+00   6.461762e-01   5.569570e+00   5.643060e-01   9.838650e+00   2.392327e-01   2.616113e+00
   2.681846e-01   3.593254e-01   5.735935e-01   7.142058e+00   4.091348e-01   7.370494e-01   4.301488e-01   3.495241e-01   9.164772e+00   6.635246e-01
   4.965291e-01   1.164625e+00   1.074632e+00   3.698813e-01   3.013277e+00   9.569263e-01   8.510654e+00   8.340423e-01   2.737944e-01   1.402934e+01
   2.717326e-01   3.660961e-01   3.166853e+00   5.972249e-01   6.592087e-01   6.419246e-01   5.157610e-01   7.137932e-01   1.584183e+01   8.991007e-01
   2.495325e-01   2.976456e-01   4.125115e-01   3.909487e+00   3.823761e+00   5.949204e+00   3.355425e-01   5.244266e+00   8.943509e-01   1.173944e+01
   2.323405e-01   2.353518e-01   2.422417e-01   2.616467e-01   7.930860e-01   8.826554e+00   2.731718e-01   4.518408e-01   1.274774e+01   3.083904e-01
   2.372925e-01   2.442560e-01   2.608232e-01   7.676988e-01   8.730729e+00   3.983864e-01   5.906685e-01   2.945506e-01   9.635703e+00   3.100607e-01
   2.536970e-01   2.973439e-01   4.010235e-01   3.552819e+00   2.737764e-01   2.642531e-01   8.776514e+00   7.564404e-01   5.117709e-01   1.370654e+01
   7.137046e-01   1.818738e+00   1.206133e+00   4.470750e-01   5.377211e-01   6.711731e-01   1.120669e+00   1.409030e+01   9.338990e-01   8.764316e-01
   2.851515e-01   3.875332e-01   6.322234e-01   8.183674e+00   3.111051e-01   3.097538e-01   1.357838e+00   7.136219e-01   7.283290e-01   3.146615e-01
   2.515329e-01   3.045895e-01   4.174745e-01   7.783519e-01   1.019775e+01   2.419170e-01   2.788575e-01   2.862937e-01   4.179225e-01   4.102926e-01
   2.310722e-01   2.329713e-01   2.374057e-01   2.499487e-01   5.903004e-01   5.736338e+00   2.426563e-01   1.443398e+01   3.255794e-01   3.996804e-01
   8.099259e-01   2.183084e+00   2.662398e+00   2.800751e-01   7.482427e-01   5.842631e+00   4.759705e+00   7.038846e-01   1.137776e+00   9.006708e+00
   2.830678e-01   4.011872e-01   3.875352e+00   2.666817e-01   5.758256e+00   1.808508e+00   7.902700e+00   9.125143e-01   4.860903e-01   1.733035e+00
   4.537766e-01   1.013035e+00   2.221084e+00   1.818051e+00   7.885980e+00   3.456008e-01   5.182499e+00   1.027428e+00   4.634624e-01   6.151585e+00
   2.402321e-01   2.646337e-01   3.166998e-01   4.782604e-01   4.756903e+00   2.384175e-01   2.904249e-01   3.160854e-01   3.695125e-01   1.804825e+01
   2.321342e-01   2.322590e-01   2.325585e-01   2.333586e-01   2.555922e-01   5.916377e-01   5.578561e+00   3.604161e-01   2.797612e-01   1.870568e+01
   4.978983e-01   1.140457e+00   2.419082e+00   2.881832e+00   2.522550e-01   2.848384e-01   1.184173e+01   1.157155e+00   7.358362e-01   4.753757e-01
   2.455527e-01   2.822963e-01   3.607063e-01   6.107820e-01   7.140942e+00   8.877653e+00   3.003834e-01   3.138088e-01   4.344699e-01   3.511570e-01
   2.544715e-01   3.070026e-01   4.386755e-01   4.377550e+00   2.628088e-01   3.007252e-01   8.661602e-01   1.385818e+01   3.332455e-01   1.214098e+00
   6.368772e-01   1.661177e+00   3.996330e+00   1.042447e+00   2.947585e-01   8.005353e+00   6.647187e-01   2.540050e-01   1.575409e+00   2.607852e-01
   2.319343e-01   2.353671e-01   2.434026e-01   2.660915e-01   8.832544e-01   1.021402e+01   7.943213e+00   3.388183e-01   2.389363e-01   2.981336e-01
   2.576427e-01   3.148364e-01   4.471078e-01   4.553622e+00   6.554125e-01   2.341292e-01   7.559557e+00   1.069079e+01   5.201596e-01   1.455593e+00
   5.533425e-01   1.348859e+00   2.624804e+00   5.674859e-01   5.575688e+00   8.093603e+00   5.230887e-01   1.922888e+00   1.924471e+00   4.947542e-01
   2.772917e-01   3.812278e-01   6.312387e-01   8.187976e+00   4.192791e-01   4.414090e-01   5.929932e-01   4.380487e-01   1.153311e+00   1.048267e+00
   2.332005e-01   2.332135e-01   2.332428e-01   2.333256e-01   2.355934e-01   2.698743e-01   7.786035e-01   8.177765e+00   2.650255e-01   1.757588e+01
   2.670352e-01   3.483659e-01   5.333168e-01   6.303876e+00   2.414993e-01   7.981033e+00   5.672684e-01   2.658386e-01   1.291463e+00   3.619027e-01
   2.884134e-01   3.927326e-01   3.440667e+00   3.075901e-01   5.147136e+00   1.699605e+00   6.419169e+00   9.297736e-01   4.061120e-01   1.052028e+01
   2.524252e-01   3.019510e-01   1.768205e+00   4.098533e+00   4.716248e+00   7.503636e-01   6.720771e+00   8.662977e+00   1.105370e+00   1.282901e+00
   2.524991e-01   3.045832e-01   4.138825e-01   7.636810e-01   9.917339e+00   3.442835e-01   3.530361e+00   2.379254e-01   3.381532e-01   5.764968e-01
   2.311117e-01   2.314174e-01   2.321164e-01   2.340836e-01   2.879244e-01   1.101826e+00   1.318014e+01   5.487183e-01   2.323357e-01   7.681981e+00
   2.329235e-01   2.330444e-01   2.333174e-01   2.340569e-01   2.547637e-01   5.676577e-01   5.022235e-01   3.301760e-01   8.123533e+00   1.819552e+01
   3.686662e-01   7.059168e-01   1.488105e+00   3.692662e+00   3.269742e+00   7.811573e+00   7.526855e-01   9.069212e-01   9.309517e+00   7.781420e-01
   6.746810e-01   1.778885e+00   4.378887e+00   1.252287e+00   3.257781e-01   7.782342e-01   7.916888e+00   9.238774e-01   1.398656e+00   3.117663e-01
   2.838809e-01   4.175641e-01   4.377840e+00   5.444954e-01   5.812416e+00   6.919972e-01   1.762092e+00   1.007423e+00   3.750324e-01   8.942374e+00
   2.439277e-01   2.692696e-01   3.251291e-01   4.878154e-01   4.900644e+00   4.986302e+00   2.768566e-01   4.172601e-01   2.390599e-01   1.603017e+01
   2.323936e-01   2.365413e-01   2.461719e-01   2.733251e-01   1.012860e+00   1.219355e+01   2.373497e-01   2.905788e-01   2.927978e-01   2.482732e-01
   2.746284e-01   3.744151e-01   3.347972e+00   2.830108e-01   5.387315e-01   1.064013e+00   1.212792e+01   6.185287e-01   4.579764e-01   6.933632e-01
   2.563893e-01   3.101461e-01   4.341056e-01   4.294576e+00   6.588033e-01   2.678775e-01   3.171295e+00   7.932923e+00   4.910819e-01   1.384640e+01
   2.873281e-01   3.905422e-01   6.326342e-01   8.186886e+00   2.998476e-01   3.016319e-01   1.348438e+00   6.646941e-01   7.160352e-01   3.437440e-01
   2.713752e-01   3.514679e-01   2.844112e+00   6.722323e+00   2.371138e-01   2.896255e-01   7.331345e-01   8.236790e-01   7.178905e+00   7.940453e-01
   2.549524e-01   3.075389e-01   4.391964e-01   4.382847e+00   2.556537e-01   3.468716e-01   8.570980e-01   1.385358e+01   3.604472e-01   1.189392e+00
   3.728343e-01   7.150001e-01   1.537341e+00   3.846774e+00   3.968019e+00   3.477648e-01   2.828741e+00   2.535837e+00   1.005727e+01   9.936429e+00
   2.314605e-01   2.317053e-01   2.323238e-01   2.325459e-01   2.619747e-01   6.996234e-01   7.194339e+00   1.066792e+01   1.050286e+01   2.369471e-01
   2.302927e-01   2.305909e-01   2.312811e-01   2.311316e-01   2.622449e-01   7.207526e-01   7.525018e+00   2.356266e-01   3.403236e-01   1.728041e+01
   2.323987e-01   2.362201e-01   2.436758e-01   2.701252e-01   9.399930e-01   5.887480e+00   4.523483e-01   2.882195e-01   1.604775e+01   5.913626e-01
   2.302327e-01   2.303460e-01   2.305848e-01   2.313294e-01   2.312651e-01   2.305039e-01   2.654005e-01   7.431138e-01   7.584878e+00   1.847318e+01
   5.995669e-01   1.486658e+00   1.020441e+00   3.369891e-01   5.105769e-01   6.233819e-01   9.861931e-01   1.131012e+01   9.187740e-01   1.229871e+01
   2.442187e-01   2.780943e-01   3.652821e-01   5.907560e-01   6.878336e+00   5.078241e+00   2.323576e-01   4.026759e-01   7.456751e+00   9.836487e+00
   2.745344e-01   3.846555e-01   3.599443e+00   4.560546e-01   4.681803e+00   8.485485e+00   5.094468e-01   1.537996e+00   2.646059e-01   1.449312e+00
   2.420825e-01   2.693407e-01   3.239383e-01   5.007636e-01   5.138439e+00   3.294279e-01   2.328932e-01   1.369656e+01   4.209331e+00   7.023281e-01
   2.318336e-01   2.334895e-01   2.373694e-01   2.481741e-01   2.370766e-01   2.365285e-01   6.891004e-01   2.388704e-01   1.822140e+01   2.769358e-01
   2.331873e-01   2.365770e-01   2.442945e-01   2.660466e-01   8.609653e-01   9.854384e+00   2.343531e-01   4.006547e-01   1.092469e+01   2.325952e-01
   2.681333e-01   3.576466e-01   5.667074e-01   6.987356e+00   2.417502e-01   3.555126e-01   6.159555e-01   2.573203e-01   1.061924e+00   1.080740e+01
   6.668059e-01   1.740501e+00   4.583908e-01   6.592782e+00   5.424216e-01   4.486093e+00   5.139380e-01   6.340571e-01   4.175301e+00   4.721825e-01
   2.429461e-01   2.488429e-01   4.320171e-01   3.498422e+00   5.099316e-01   9.432856e-01   5.588107e+00   7.323766e+00   9.070183e+00   1.016798e+01
   2.790669e-01   3.823833e-01   3.121493e-01   4.800763e+00   6.461536e+00   8.646126e-01   6.543763e-01   8.667126e+00   1.077554e+00   8.387375e-01
   2.672965e-01   3.478399e-01   5.484137e-01   6.559150e+00   3.743743e+00   6.062471e+00   1.603941e+00   4.711335e-01   4.655062e-01   1.047108e+00
   2.321086e-01   2.362485e-01   2.458796e-01   2.730764e-01   1.012578e+00   1.219317e+01   2.326901e-01   2.346307e-01   2.678001e-01   3.570674e-01
   2.753875e-01   3.816911e-01   3.579093e+00   2.571266e-01   7.015141e-01   1.778298e+00   4.986363e+00   9.497876e-01   1.349878e+01   1.901731e+00
   2.806226e-01   3.494588e-01   2.423562e+00   4.413731e-01   4.213564e-01   7.940200e-01   4.322437e+00   9.764564e+00   8.494184e+00   9.578484e+00
   2.307805e-01   2.311027e-01   2.318248e-01   2.547024e-01   6.138980e-01   6.092318e+00   1.026109e+01   7.254738e-01   2.990796e-01   1.014287e+01
   2.307320e-01   2.327785e-01   2.375305e-01   2.504287e-01   6.089475e-01   6.027327e+00   3.044175e-01   2.302630e-01   2.816390e-01   1.772405e+01
   4.316583e-01   9.065206e-01   2.013304e+00   7.003913e-01   3.839208e+00   2.570745e-01   6.341208e-01   1.395971e+01   1.083843e+00   8.509497e-01
   3.734962e-01   6.958381e-01   1.528079e+00   3.749928e+00   1.395658e+00   4.810073e+00   3.342413e-01   1.146663e+01   5.587842e+00   3.361908e-01
   4.445998e-01   9.849085e-01   1.132134e+00   4.193934e+00   5.276935e-01   4.194023e-01   1.015846e+01   6.834083e+00   1.645376e+00   1.554837e+00
   4.323544e-01   8.446549e-01   1.984726e+00   4.998734e+00   1.310719e+00   2.515426e-01   5.851590e+00   3.371816e-01   9.601187e+00   5.978907e+00
   2.318118e-01   2.349286e-01   2.421340e-01   2.623958e-01   8.160784e-01   9.186310e+00   8.726381e+00   4.124087e-01   5.032534e+00   2.462037e-01
   5.222686e-01   1.208816e+00   2.806180e+00   3.213332e+00   8.265942e-01   3.545799e-01   1.247708e+00   9.532536e+00   9.326456e+00   1.014705e+00
   2.302155e-01   2.303409e-01   2.306409e-01   2.314411e-01   2.537294e-01   5.905837e-01   5.589509e+00   3.830700e-01   2.570477e-01   1.869586e+01
   2.579883e-01   3.180459e-01   4.730285e-01   5.038124e+00   1.157726e+00   7.248342e+00   1.098619e+00   8.623831e+00   9.261912e-01   1.793404e+00
   2.880567e-01   4.253487e-01   4.530871e+00   5.764066e-01   3.499520e+00   1.251371e+00   7.997516e-01   1.495337e+00   1.093188e+01   1.772641e+00
   2.514946e-01   3.048796e-01   4.175863e-01   7.781436e-01   1.019789e+01   2.704756e-01   2.611519e-01   2.902674e-01   3.660638e-01   4.289772e-01
   2.465087e-01   2.815326e-01   3.569835e-01   5.872731e-01   6.729553e+00   2.867314e-01   1.084435e+01   2.498644e-01   2.717726e-01   7.013153e-01
   2.670501e-01   3.154949e-01   4.282642e-01   7.324818e-01   9.198333e+00   2.542732e-01   4.547361e-01   7.274094e+00   5.328803e-01   7.195093e-01
   2.570516e-01   3.209752e-01   4.771240e-01   5.196357e+00   6.080881e+00   2.337474e-01   3.957580e-01   7.093450e-01   9.496330e+00   1.484282e+00
   2.773214e-01   3.789180e-01   6.322159e-01   8.201684e+00   2.689711e-01   2.696169e-01   8.182770e-01   3.514523e-01   3.626778e-01   5.412657e-01
   2.714514e-01   3.552516e-01   2.920948e+00   3.059960e-01   4.878562e-01   1.019555e+00   1.056547e+01   8.211588e+00   3.401874e-01   5.558213e-01
   5.032194e-01   1.162414e+00   2.720374e+00   3.189963e+00   4.003373e-01   6.088546e-01   3.932354e-01   1.281951e+01   7.492116e-01   3.675586e-01
   2.301366e-01   2.304716e-01   2.312388e-01   2.333197e-01   2.913506e-01   1.168320e+00   2.312574e-01   2.605137e-01   2.363165e-01   2.016835e+01
   2.662473e-01   3.551859e-01   5.642026e-01   6.974114e+00   2.137391e+00   7.320698e-01   4.245487e-01   3.579472e-01   9.164214e+00   5.338542e-01
   2.344766e-01   2.352272e-01   2.367761e-01   2.414365e-01   3.676066e-01   3.285228e-01   7.918568e+00   3.264463e-01   1.527518e+01   5.201151e-01
   2.314738e-01   2.346217e-01   2.418546e-01   2.621880e-01   8.189101e-01   9.234686e+00   2.572832e-01   1.076227e+01   4.344947e-01   3.051643e-01
   2.493754e-01   2.923302e-01   3.952044e-01   6.852223e-01   8.544559e+00   4.678818e+00   4.299012e-01   6.765293e+00   4.782862e-01   4.208176e-01
   5.036181e-01   1.172527e+00   5.967123e-01   4.357374e+00   4.126965e+00   3.808624e-01   4.795099e-01   9.652549e+00   3.710481e+00   7.183019e+00
   5.031650e-01   1.092913e+00   2.457138e+00   2.651920e+00   4.393882e-01   7.643708e+00   9.698671e-01   6.489143e+00   7.630442e+00   1.270172e+00
   8.017180e-01   2.213688e+00   2.495880e+00   3.568896e+00   9.123191e-01   1.032792e+00   1.383179e+00   1.040786e+00   2.005195e+00   1.170845e+01
   2.725861e-01   3.585902e-01   5.610316e-01   6.859162e+00   2.637678e-01   2.784218e-01   1.098992e+00   9.080379e+00   6.465444e-01   5.411966e-01
   2.566254e-01   3.101241e-01   4.303640e-01   4.218307e+00   2.667964e-01   2.407845e-01   1.053089e+01   8.256937e-01   8.414527e+00   1.078606e+00
   2.336064e-01   2.352174e-01   2.389688e-01   2.493346e-01   5.343077e-01   4.842045e+00   2.993831e-01   3.361128e-01   3.027774e-01   1.868810e+01
   2.313879e-01   2.342318e-01   2.410582e-01   2.599580e-01   7.748589e-01   8.559944e+00   8.291482e+00   7.021864e+00   1.286784e+00   2.869640e-01
   9.559506e-01   2.757355e+00   2.513796e+00   4.259484e+00   1.066661e+00   6.970886e-01   2.001419e+00   2.409671e+00   2.756576e+00   2.138003e+00
   4.233815e-01   8.869204e-01   1.956686e+00   4.943015e+00   1.859919e+00   4.689945e+00   5.822426e+00   8.429807e-01   2.337991e-01   9.365730e+00
   2.319343e-01   2.357172e-01   3.462932e-01   5.177869e-01   2.904277e-01   2.405357e-01   7.569408e+00   7.590254e+00   2.450753e+00   1.432573e+01
   2.319740e-01   2.354825e-01   2.436108e-01   2.664648e-01   8.899706e-01   1.031618e+01   2.481494e-01   2.826792e-01   2.841669e-01   1.098628e+01
   2.413742e-01   2.652896e-01   3.245538e-01   4.891438e-01   4.941470e+00   5.281296e+00   1.106633e+01   6.281662e-01   4.342393e-01   2.766520e-01
   2.383016e-01   2.580369e-01   3.041844e-01   4.302589e-01   3.910586e+00   5.137813e+00   8.673252e+00   8.697635e-01   1.057693e+01   7.946704e-01
   2.494838e-01   2.967221e-01   3.973726e-01   7.193223e-01   9.115052e+00   5.669769e+00   2.961998e-01   3.295683e-01   4.094787e-01   3.421447e-01
   2.700714e-01   3.271638e-01   4.712705e-01   4.708377e+00   5.561813e+00   7.817938e+00   3.158748e-01   1.050697e+00   8.065937e-01   1.360832e+00
   2.341942e-01   2.447756e-01   5.588654e-01   5.821070e+00   5.761374e-01   4.839810e-01   1.016272e+01   9.714002e-01   6.178577e-01   8.208155e-01
   2.307524e-01   2.327911e-01   2.374732e-01   2.503604e-01   6.070215e-01   5.997588e+00   2.500338e-01   7.065135e+00   1.399474e+01   5.566864e-01
   2.311060e-01   2.315675e-01   2.458927e-01   2.690921e-01   2.330350e-01   2.399266e-01   1.200144e+00   3.051202e-01   1.614938e+01   9.462654e+00
   3.091643e-01   4.814019e-01   5.735918e+00   3.121511e+00   8.445167e-01   1.023802e+00   1.677280e+00   7.235294e-01   2.462917e-01   1.534160e+00
   2.682513e-01   3.149488e-01   4.228434e-01   7.279621e-01   9.033425e+00   4.653525e-01   6.825558e+00   3.250399e-01   2.720146e-01   1.267728e+00
   2.518815e-01   3.058754e-01   4.139615e-01   7.639569e-01   9.946538e+00   4.348675e-01   2.452064e-01   4.259787e-01   4.222710e+00   6.892220e-01
   4.841708e-01   1.102442e+00   1.178688e+00   1.700178e+00   5.178416e-01   9.307638e+00   7.656413e+00   2.730658e+00   6.759540e-01   8.579987e-01
   2.320432e-01   2.356385e-01   2.439120e-01   2.661575e-01   8.898937e-01   1.031486e+01   2.589261e-01   2.773756e-01   3.456119e-01   1.098918e+01
   2.462260e-01   2.664275e-01   3.122490e-01   4.406979e-01   3.015052e-01   4.816544e+00   7.288181e+00   1.038390e+01   2.781021e+00   8.673033e+00
   2.681121e-01   3.588796e-01   5.746424e-01   7.182429e+00   2.800173e-01   2.713894e-01   1.061539e+00   7.130205e-01   8.905044e+00   1.403698e+00
   2.458261e-01   2.835847e-01   3.705551e-01   6.156126e-01   2.998531e-01   8.791353e+00   5.362018e-01   1.139816e+01   4.578490e-01   3.679581e-01
   7.079756e-01   1.876569e+00   1.612641e+00   4.166136e-01   4.268092e+00   7.807722e+00   4.045865e-01   1.338247e+00   3.321665e-01   8.234288e+00
   2.515122e-01   2.934530e-01   3.846514e-01   6.497420e-01   7.868381e+00   7.945773e+00   3.899988e-01   5.974238e-01   3.490654e-01   3.003881e-01
   2.515419e-01   3.037905e-01   4.242211e-01   7.513696e-01   3.293686e-01   1.185547e+01   3.523492e+00   3.210394e-01   4.648077e-01   5.423007e-01
   2.575348e-01   3.053509e-01   4.162609e-01   7.193353e-01   9.109875e+00   3.285856e-01   3.762917e-01   2.900012e-01   8.443061e+00   4.442165e-01
   2.317213e-01   2.329731e-01   2.358727e-01   2.440350e-01   4.667731e-01   3.834097e+00   1.358064e+01   3.590976e-01   2.528273e-01   2.965112e-01
   2.703103e-01   3.660164e-01   5.885306e-01   7.485342e+00   2.593048e-01   5.155620e-01   7.231750e-01   6.691726e+00   3.949775e-01   1.974989e+00
   2.390722e-01   2.505159e-01   5.866369e-01   6.219007e+00   7.599295e-01   8.934533e-01   6.577420e+00   1.311213e+00   8.434380e+00   2.586576e+00
   7.989266e-01   2.211694e+00   1.346118e+00   2.747205e-01   5.689932e+00   1.806005e+00   7.826922e+00   9.346495e-01   8.366590e-01   3.616422e+00
   2.356311e-01   2.372220e-01   2.409543e-01   2.513172e-01   5.345400e-01   4.816387e+00   3.383606e-01   2.859497e-01   3.495630e-01   1.870913e+01
   1.180925e+00   3.500863e+00   1.616864e+00   9.213404e-01   1.107299e+00   9.749037e-01   1.058057e+00   2.707525e+00   7.256497e-01   1.745773e+00
   3.995773e-01   7.742471e-01   1.642030e+00   3.975237e+00   5.079445e+00   6.643634e+00   3.445857e-01   7.160190e+00   3.640979e-01   1.007491e+00
   2.315706e-01   2.316277e-01   2.333404e-01   2.357583e-01   3.085307e-01   2.388332e-01   5.822624e-01   4.357421e-01   6.901284e+00   1.879871e+01
   5.605172e-01   1.359068e+00   1.490231e+00   8.276851e-01   7.789176e-01   5.978193e+00   5.734167e+00   5.257124e-01   8.801707e+00   9.915290e+00
   2.375812e-01   2.376174e-01   2.376042e-01   2.378048e-01   2.418735e-01   2.376513e-01   3.144337e-01   1.357240e+00   1.629221e+01   9.171603e+00
   2.526025e-01   2.907066e-01   2.838373e-01   4.951317e-01   4.099128e-01   2.528645e-01   7.452005e+00   1.041525e+00   5.531988e+00   1.628308e+01
   2.303726e-01   2.303906e-01   2.304317e-01   2.305431e-01   2.336561e-01   2.806976e-01   1.205170e+01   6.436565e-01   2.305744e-01   1.093244e+01
   4.401061e-01   9.463342e-01   1.995709e+00   1.606965e+00   7.074098e+00   3.598762e+00   1.024241e+00   6.981786e-01   9.850667e+00   1.739749e+00
   2.465339e-01   2.466742e-01   2.469984e-01   2.479105e-01   2.728342e-01   6.496139e-01   6.241034e+00   3.247457e-01   1.650137e+01   2.692762e-01
   2.693591e-01   3.511195e-01   5.487217e-01   6.569498e+00   6.208747e+00   1.043084e+00   1.110699e+00   4.365786e-01   3.836677e-01   1.424142e+00
   2.330944e-01   2.389766e-01   4.219024e-01   3.484090e+00   4.964720e-01   4.257017e-01   3.483506e+00   7.280412e-01   2.558248e-01   1.786714e+01
   2.711489e-01   3.722165e-01   3.346918e+00   3.383188e+00   4.089211e+00   3.588191e+00   5.075430e-01   2.242876e+00   1.036345e+01   2.502693e+00
   2.607273e-01   3.375668e-01   2.587034e+00   2.411613e-01   4.528143e-01   1.274144e+00   3.486068e+00   7.764464e+00   5.063804e-01   1.520481e+01
   6.786770e-01   1.796264e+00   4.444414e+00   4.513373e+00   3.362965e-01   7.145072e-01   5.284881e-01   3.818880e-01   7.784461e-01   2.721240e+00
   2.364132e-01   2.405497e-01   2.501827e-01   2.773263e-01   1.016528e+00   1.219220e+01   2.469467e-01   7.106591e-01   2.603760e-01   3.540326e-01
   2.321295e-01   2.355694e-01   2.449013e-01   2.700970e-01   9.569247e-01   1.134152e+01   5.831244e-01   6.122232e+00   7.093561e-01   6.391226e-01
   2.465964e-01   2.772070e-01   3.535824e-01   5.684490e-01   6.358315e+00   2.617244e-01   3.264176e-01   4.271091e-01   3.488058e-01   1.601006e+01
   2.342801e-01   2.415646e-01   2.591380e-01   7.896955e-01   9.127031e+00   3.926828e-01   6.464028e+00   2.669332e-01   5.819243e-01   1.646047e+00
   2.533828e-01   2.886623e-01   3.739598e-01   6.163170e-01   7.132466e+00   4.785848e-01   3.648763e-01   9.001549e+00   3.324674e-01   9.648855e+00
   2.316725e-01   2.344249e-01   2.407876e-01   2.581060e-01   7.400957e-01   8.024154e+00   2.322054e-01   9.458289e+00   2.350872e-01   1.008861e+01
   5.627824e-01   1.354252e+00   3.192196e+00   1.905027e+00   5.209499e-01   6.450621e+00   3.156803e-01   8.022890e-01   7.726065e-01   1.178661e+01
   7.223739e-01   1.941194e+00   1.049255e+00   3.276671e+00   5.961651e-01   5.850165e-01   1.055614e+00   8.428694e-01   1.370886e+01   3.378676e+00
   3.953260e-01   7.697110e-01   1.635965e+00   4.055466e+00   2.581772e-01   3.695878e+00   4.617332e+00   9.106843e+00   2.991070e-01   9.346280e+00
   2.321150e-01   2.359239e-01   2.446029e-01   2.681330e-01   9.254781e-01   1.085893e+01   2.444697e-01   2.671223e-01   8.492449e+00   2.497622e-01
   2.482434e-01   2.933943e-01   3.995254e-01   7.012867e-01   8.844636e+00   6.218186e+00   4.807437e-01   2.980985e-01   2.812994e-01   1.489154e+00
   2.928298e-01   4.454261e-01   4.971795e+00   2.530050e-01   5.611850e-01   1.551595e+00   1.205918e+00   6.871743e-01   4.544283e-01   1.210627e+01
   2.612405e-01   3.290389e-01   4.938233e-01   5.505018e+00   6.406335e+00   2.668183e-01   6.102353e+00   8.126967e-01   9.028753e-01   1.370537e+00
   2.669559e-01   3.488243e-01   2.852417e+00   4.363052e-01   4.880796e-01   4.024641e-01   1.007974e+00   1.306001e+01   2.521085e+00   7.829021e+00
   2.670731e-01   3.430391e-01   5.256892e-01   6.082932e+00   4.142436e-01   8.206355e+00   1.044768e+00   6.093065e-01   2.580486e+00   3.870923e-01
   2.363754e-01   2.366135e-01   2.371670e-01   2.386947e-01   2.807508e-01   9.164631e-01   2.448247e-01   1.179600e+01   4.316064e-01   1.401551e+01
   4.935736e-01   1.138465e+00   2.601025e+00   7.986951e-01   3.064340e-01   5.808516e-01   4.712720e+00   8.410006e-01   7.732945e-01   1.654474e+01
   2.440975e-01   2.694694e-01   3.296274e-01   5.014534e-01   5.115644e+00   1.133711e+00   8.456462e+00   6.771072e+00   1.185018e+00   1.003060e+01
   2.723516e-01   3.569700e-01   2.844423e+00   6.613167e+00   4.390722e+00   4.841435e-01   5.922646e-01   7.244924e-01   6.510915e-01   5.678186e-01
   2.317337e-01   2.344806e-01   2.407730e-01   2.584868e-01   7.428535e-01   8.065102e+00   6.610606e+00   4.758051e-01   9.867609e-01   1.225461e+01
   2.365476e-01   2.445169e-01   2.643078e-01   8.579041e-01   1.018617e+01   6.614162e-01   7.760289e-01   4.346505e-01   4.546812e-01   4.848232e-01
   2.556672e-01   3.093634e-01   4.430369e-01   4.448100e+00   5.413159e+00   3.619325e-01   2.000243e+00   6.719752e+00   9.549809e+00   1.496154e+00
