   3.335407e-01   2.643947e-01   6.219998e+00   4.412071e-01
   6.850885e-01   3.787875e-01   2.916728e-01   8.014291e+00
   2.584521e-01   2.401651e-01   1.803671e+00   7.950983e+00
   2.337628e-01   2.301237e-01   5.419418e-01   8.217393e+00
   6.393876e-01   3.590195e-01   2.901873e-01   8.056697e+00
   3.326551e-01   2.626923e-01   6.218983e+00   4.436887e-01
   3.329110e-01   2.644335e-01   6.219435e+00   4.398459e-01
   2.573763e-01   2.388800e-01   1.829981e+00   7.939224e+00
   3.316819e-01   2.613149e-01   2.405759e-01   8.217429e+00
   3.319190e-01   2.603360e-01   2.414907e-01   8.217587e+00
   5.525993e-01   2.293000e+00   5.273670e+00   4.870438e-01
   3.326614e-01   2.626826e-01   6.219001e+00   4.430725e-01
   2.207296e+00   8.150283e-01   3.882843e-01   4.644973e-01
   2.308981e-01   2.396865e-01   5.428280e-01   8.218279e+00
   4.288634e-01   1.133613e+00   3.332940e-01   7.982505e+00
   2.331653e-01   2.339957e-01   5.420283e-01   8.217479e+00
   8.271920e-01   3.915629e+00   3.872850e-01   2.215431e+00
   2.491033e-01   2.361525e-01   1.350607e+00   8.088572e+00
   2.207286e+00   8.152489e-01   3.881280e-01   4.643012e-01
   9.112105e-01   4.470585e-01   2.866646e-01   7.741279e+00
   8.132397e-01   4.052284e+00   4.085177e-01   4.898527e-01
   3.322272e-01   2.596214e-01   2.401041e-01   8.217804e+00
   1.629643e+00   6.511577e-01   4.467356e+00   4.550401e-01
   2.207304e+00   8.146669e-01   3.885250e-01   4.648016e-01
   8.050222e-01   4.135842e-01   2.783157e-01   7.885559e+00
   2.146374e+00   7.934302e-01   4.392762e-01   2.194441e+00
   8.464102e-01   4.033268e+00   3.911961e-01   4.410069e-01
   1.326533e+00   3.032596e+00   2.963964e+00   5.074968e-01
   1.042961e+00   1.878311e+00   3.607630e-01   6.750965e+00
   1.748575e+00   2.058851e+00   3.922892e-01   3.930492e+00
   4.112614e-01   1.352308e+00   2.829686e-01   7.873739e+00
   2.207370e+00   8.134897e-01   3.892512e-01   4.658305e-01
   2.663746e-01   2.507291e-01   1.568221e+00   8.045548e+00
   2.146909e+00   8.045761e-01   1.693349e+00   4.569897e-01
   4.443337e-01   1.189992e+00   6.034266e+00   4.518007e-01
   2.745213e-01   2.627741e-01   2.915545e+00   7.382250e+00
   1.995599e+00   1.864008e+00   3.911517e-01   2.102310e+00
   3.320748e-01   2.604360e-01   2.409827e-01   8.217730e+00
   8.203299e-01   4.047929e+00   4.085123e-01   4.898460e-01
   1.879071e+00   2.487847e+00   3.976866e-01   4.762948e-01
   3.335547e-01   2.643504e-01   6.220034e+00   4.398364e-01
   3.218278e-01   3.429546e-01   6.080986e+00   1.989737e+00
   8.306910e-01   3.925257e+00   1.694455e+00   4.543674e-01
   1.017867e+00   4.763638e-01   5.740618e+00   4.474367e-01
   3.016518e-01   2.527149e-01   4.415811e+00   5.952891e+00
   5.241773e-01   1.963060e+00   3.317861e-01   7.387553e+00
   1.871774e+00   1.749361e+00   2.384431e+00   2.102910e+00
   4.371210e-01   1.212476e+00   6.017695e+00   6.162001e-01
   3.298013e-01   2.589995e-01   6.037380e+00   2.195805e+00
   6.152179e-01   2.686618e+00   4.813267e+00   6.237310e-01
   2.025701e+00   7.603643e-01   2.734656e+00   5.276404e-01
   7.699485e-01   4.043189e-01   6.009952e+00   4.856013e-01
   7.305758e-01   1.465835e+00   3.235033e-01   7.574052e+00
   1.910223e+00   1.641799e+00   2.698462e+00   4.520897e-01
   3.251913e-01   2.607224e-01   5.648540e+00   3.651124e+00
   2.022643e+00   2.023808e+00   3.992620e-01   5.099202e-01
   5.436514e-01   2.197179e+00   4.980399e+00   2.877407e+00
   2.145458e+00   7.921448e-01   4.200244e-01   2.228513e+00
   6.534443e-01   2.856209e+00   3.588361e-01   6.019390e+00
   9.434321e-01   1.812678e+00   5.292022e+00   8.159386e-01
   3.125235e-01   2.569934e-01   4.946757e+00   5.166679e+00
   9.192392e-01   3.984260e+00   4.396227e-01   5.942977e-01
   1.475649e+00   3.204441e+00   3.957167e-01   2.201594e+00
   7.832540e-01   3.662521e+00   3.977774e-01   3.679418e+00
   1.476995e+00   3.351816e+00   3.888843e-01   4.707456e-01
   7.722837e-01   3.991638e-01   6.004028e+00   4.768544e-01
   1.851471e+00   2.432116e+00   1.410726e+00   4.907902e-01
   2.148782e+00   1.348831e+00   3.903243e-01   4.689437e-01
   3.312134e-01   2.608167e-01   6.033200e+00   2.227189e+00
   2.787343e-01   2.651574e-01   3.159630e+00   7.209538e+00
   1.850383e+00   7.222812e-01   3.665831e+00   4.471600e-01
   2.062432e+00   7.657804e-01   1.945857e+00   2.190923e+00
   7.316450e-01   3.280752e+00   1.781708e+00   4.529929e+00
   3.825821e-01   1.205891e+00   4.931057e+00   4.761023e+00
   4.966237e-01   1.443701e+00   2.549800e+00   7.114280e+00
   7.664029e-01   4.436329e-01   6.007557e+00   4.601945e-01
   6.304573e-01   6.705481e-01   2.957896e+00   7.137208e+00
   1.420262e+00   5.956976e-01   2.099376e+00   6.110789e+00
   7.762021e-01   3.548553e+00   3.193174e+00   4.806661e-01
   1.841736e+00   7.189515e-01   4.053339e-01   4.856181e+00
   2.618068e-01   4.288261e-01   6.218691e+00   4.729699e-01
   2.730264e-01   2.443583e-01   2.728470e+00   7.501275e+00
   4.495205e-01   1.543785e+00   3.027959e-01   7.753613e+00
   1.645003e+00   1.175507e+00   3.681956e-01   5.583416e+00
   1.497498e+00   1.966644e+00   3.522413e+00   2.870081e+00
   3.117447e-01   3.543608e-01   5.719727e+00   3.461059e+00
   2.975525e-01   3.460106e-01   5.349665e+00   4.385099e+00
   9.391450e-01   4.461413e-01   5.665608e+00   2.031224e+00
   1.491751e+00   6.489476e-01   4.915819e+00   4.672251e-01
   9.431947e-01   3.498469e+00   3.946099e-01   3.897889e+00
   1.874141e+00   2.228764e+00   1.902915e+00   6.257308e-01
   3.185141e-01   2.588822e-01   5.328511e+00   4.434249e+00
   1.022686e+00   4.715925e-01   3.027748e-01   7.563765e+00
   1.361787e+00   2.482255e+00   3.961226e-01   5.106358e+00
   1.985928e+00   8.878562e-01   2.725642e+00   2.010207e+00
   1.106989e+00   2.363818e+00   4.235937e+00   2.497185e+00
   1.015928e+00   3.823683e+00   1.393409e+00   4.724945e-01
   1.026137e+00   3.899033e+00   4.429589e-01   5.324246e-01
   2.083397e+00   7.800221e-01   4.283247e-01   3.033125e+00
   4.414240e-01   1.224031e+00   6.016808e+00   6.064800e-01
   1.308673e+00   3.454848e+00   4.061485e-01   2.309916e+00
   1.704632e+00   2.132327e+00   3.092763e+00   5.802197e-01
   5.266426e-01   8.805606e-01   3.932280e+00   6.332204e+00
   8.178986e-01   3.841191e+00   2.117873e+00   4.460199e-01
   1.035057e+00   4.817401e-01   5.717521e+00   4.620165e-01
   5.636550e-01   2.342404e+00   3.659312e-01   6.890025e+00
   1.284318e+00   1.542057e+00   3.066162e+00   5.264313e+00
   1.493907e+00   6.286911e-01   5.271087e-01   6.369237e+00
   1.987952e+00   7.635171e-01   2.988897e+00   5.407721e-01
   1.995753e+00   2.104832e+00   3.945037e-01   4.746742e-01
   2.665979e-01   2.663612e-01   2.557810e+00   7.601871e+00
   8.154230e-01   3.819329e+00   1.232400e+00   2.507877e+00
   8.158249e-01   4.152601e-01   5.564912e+00   3.032205e+00
   4.342811e-01   1.153178e+00   5.699784e+00   2.899875e+00
   1.837152e+00   2.123939e+00   3.772241e-01   3.111497e+00
   8.030382e-01   4.145669e-01   3.512105e-01   7.884768e+00
   2.204416e+00   8.287629e-01   4.357664e-01   5.062141e-01
   1.480700e+00   3.345689e+00   4.083093e-01   4.577120e-01
