   7.855485e-01   9.871754e-01   1.080815e-05   4.131184e-04   2.484552e-08   4.532210e-03   6.521875e-05   0.000000e+00   9.627756e-03   1.659711e-07   8.758530e-01   9.599165e-01   7.479314e-01   8.085732e-01   8.716300e-01   9.250342e-01   9.741009e-01   9.991039e-01   6.600113e-01   6.945883e-01
   0.000000e+00   0.000000e+00   0.000000e+00   0.000000e+00   0.000000e+00   8.224070e-01   0.000000e+00   0.000000e+00   1.122898e-06   9.579107e-06   8.924941e-01   9.683863e-01   7.551953e-01   8.085350e-01   8.716955e-01   9.278632e-01   9.857478e-01   9.997046e-01   6.588403e-01   6.979043e-01
   7.433012e-01   9.866709e-01   5.828661e-06   4.131184e-04   2.561805e-08   4.528604e-03   6.603443e-05   0.000000e+00   9.627756e-03   1.659069e-07   8.758559e-01   9.599165e-01   7.520566e-01   8.078864e-01   8.532770e-01   9.336506e-01   9.743524e-01   9.996855e-01   6.672073e-01   6.945787e-01
   7.862653e-01   9.870064e-01   5.082027e-06   6.031940e-04   6.235520e-07   1.412998e-05   3.199149e-03   0.000000e+00   5.803718e-06   1.734008e-05   8.842762e-01   9.614835e-01   7.479306e-01   8.076431e-01   8.711313e-01   9.278058e-01   9.852191e-01   9.993386e-01   6.669676e-01   6.945871e-01
   0.000000e+00   0.000000e+00   1.394772e-05   0.000000e+00   1.000000e+00   8.257980e-01   0.000000e+00   0.000000e+00   7.181001e-07   0.000000e+00   9.093090e-01   9.685704e-01   7.551891e-01   8.085738e-01   8.659372e-01   9.288870e-01   9.863553e-01   9.997181e-01   6.688211e-01   6.974458e-01
   0.000000e+00   0.000000e+00   1.235171e-05   0.000000e+00   0.000000e+00   7.039805e-04   9.495842e-06   0.000000e+00   8.703833e-06   3.498918e-07   8.838163e-01   9.688051e-01   7.478186e-01   8.076978e-01   8.714405e-01   9.253086e-01   9.858691e-01   9.996938e-01   6.600106e-01   6.945842e-01
   7.862653e-01   9.870064e-01   2.567291e-05   0.000000e+00   6.190679e-07   1.412998e-05   0.000000e+00   0.000000e+00   5.803718e-06   8.591330e-03   8.842762e-01   9.690661e-01   7.479306e-01   8.076431e-01   8.711313e-01   9.278058e-01   9.852168e-01   9.993386e-01   6.669676e-01   6.945893e-01
   0.000000e+00   1.268276e-05   1.000000e+00   9.654791e-01   2.016132e-04   0.000000e+00   0.000000e+00   0.000000e+00   1.435710e-04   0.000000e+00   8.954812e-01   9.667820e-01   7.449335e-01   8.078881e-01   8.718465e-01   9.276127e-01   9.858427e-01   9.993142e-01   6.470961e-01   6.953907e-01
   0.000000e+00   0.000000e+00   0.000000e+00   7.258106e-01   1.922773e-05   4.438825e-03   8.059290e-01   4.370779e-09   4.314334e-06   0.000000e+00   8.959026e-01   9.826798e-01   7.480139e-01   8.309508e-01   8.515894e-01   8.674919e-01   9.861580e-01   9.185302e-01   6.666514e-01   6.945494e-01
   2.326877e-01   0.000000e+00   1.000000e+00   9.654791e-01   1.994225e-04   0.000000e+00   0.000000e+00   0.000000e+00   2.284826e-04   0.000000e+00   8.924527e-01   9.668478e-01   7.458779e-01   8.078810e-01   8.722650e-01   9.270877e-01   9.961033e-01   9.993142e-01   6.464686e-01   6.953907e-01
   0.000000e+00   4.963282e-05   0.000000e+00   7.505057e-04   6.019033e-07   4.198857e-03   2.088359e-04   0.000000e+00   0.000000e+00   7.780608e-01   8.775850e-01   9.640431e-01   7.494606e-01   8.075830e-01   8.718378e-01   9.247823e-01   9.354108e-01   9.996518e-01   6.608549e-01   6.888065e-01
   0.000000e+00   0.000000e+00   4.833880e-06   0.000000e+00   0.000000e+00   7.125996e-04   3.251482e-03   0.000000e+00   8.703833e-06   1.635414e-07   8.842812e-01   9.688051e-01   7.478186e-01   8.076413e-01   8.714492e-01   9.277785e-01   9.858691e-01   9.996938e-01   6.600106e-01   6.971686e-01
   5.758934e-04   4.634263e-01   0.000000e+00   7.283106e-01   0.000000e+00   0.000000e+00   0.000000e+00   0.000000e+00   0.000000e+00   7.692341e-06   8.807403e-01   9.668405e-01   7.450465e-01   7.426712e-01   8.722052e-01   9.270823e-01   9.962161e-01   9.991161e-01   6.516552e-01   6.953658e-01
   0.000000e+00   0.000000e+00   0.000000e+00   0.000000e+00   0.000000e+00   0.000000e+00   9.717580e-06   0.000000e+00   8.703833e-06   3.498918e-07   8.838163e-01   9.688344e-01   7.478186e-01   8.076978e-01   8.714405e-01   9.252810e-01   9.737829e-01   9.996938e-01   6.600106e-01   6.945842e-01
   0.000000e+00   4.004874e-04   2.652412e-02   1.633947e-02   9.744124e-01   4.189070e-07   8.735344e-01   8.267428e-01   2.350196e-03   0.000000e+00   8.951362e-01   9.820101e-01   7.453802e-01   8.067767e-01   8.699246e-01   9.249885e-01   9.756446e-01   1.000000e+00   6.564807e-01   6.902893e-01
   0.000000e+00   0.000000e+00   0.000000e+00   0.000000e+00   0.000000e+00   0.000000e+00   0.000000e+00   9.124744e-01   8.747955e-06   3.498918e-07   8.838541e-01   9.688407e-01   7.478186e-01   8.076978e-01   8.714405e-01   9.266951e-01   9.738744e-01   9.996938e-01   6.600106e-01   6.945842e-01
   4.259634e-03   0.000000e+00   7.008979e-06   1.422387e-05   9.790116e-01   0.000000e+00   2.501286e-04   6.647967e-03   8.445387e-01   7.756107e-01   8.921693e-01   9.679721e-01   6.686104e-01   7.889987e-01   8.732528e-01   9.278562e-01   9.860469e-01   9.996836e-01   6.823327e-01   6.978879e-01
   0.000000e+00   5.428137e-04   4.833880e-06   0.000000e+00   0.000000e+00   7.125996e-04   1.135925e-01   0.000000e+00   8.703833e-06   2.908794e-09   8.842812e-01   9.813295e-01   7.477577e-01   8.076744e-01   9.260785e-01   9.277785e-01   9.855020e-01   9.987240e-01   6.790517e-01   6.971686e-01
   7.433012e-01   9.866709e-01   2.622762e-05   3.913436e-04   2.561805e-08   4.469384e-03   6.603443e-05   0.000000e+00   0.000000e+00   2.395487e-04   8.758559e-01   9.599256e-01   7.475707e-01   8.078864e-01   8.532770e-01   9.336506e-01   9.743524e-01   9.993328e-01   6.672139e-01   6.945787e-01
   2.363409e-01   8.949502e-01   9.995887e-01   9.061008e-01   1.955804e-04   5.088638e-06   0.000000e+00   6.968109e-03   1.887747e-02   5.046862e-06   9.237003e-01   9.650625e-01   7.819232e-01   8.214683e-01   8.708248e-01   9.858920e-01   9.954466e-01   9.834033e-01   5.657581e-01   6.907727e-01
   6.047663e-04   2.772182e-04   0.000000e+00   7.265622e-01   1.000000e+00   8.347542e-01   9.193617e-09   7.151417e-08   0.000000e+00   1.257301e-03   8.950127e-01   9.668967e-01   7.494667e-01   8.071773e-01   8.711857e-01   9.270999e-01   9.740464e-01   9.997014e-01   6.608212e-01   6.773649e-01
   0.000000e+00   1.268276e-05   1.000000e+00   9.654791e-01   1.936032e-04   7.081156e-04   0.000000e+00   1.753658e-09   1.429127e-04   0.000000e+00   8.842881e-01   9.667820e-01   7.492023e-01   8.078864e-01   8.718331e-01   9.277921e-01   9.858427e-01   9.993142e-01   6.601402e-01   6.974360e-01
   0.000000e+00   3.875080e-16   9.871493e-01   8.298804e-01   0.000000e+00   6.016244e-05   7.365505e-07   7.244277e-08   1.279494e-06   1.257301e-03   8.924525e-01   9.694718e-01   7.494606e-01   8.078811e-01   8.711855e-01   9.290245e-01   9.738430e-01   9.992452e-01   6.467551e-01   6.954256e-01
   8.019765e-01   4.989100e-04   8.155804e-04   8.990342e-01   1.571256e-04   1.269561e-05   8.046057e-01   8.253174e-01   3.250546e-07   3.026440e-06   8.759951e-01   9.810451e-01   7.493171e-01   8.076745e-01   8.709688e-01   9.255593e-01   9.743147e-01   9.999286e-01   6.671807e-01   6.777489e-01
   4.200417e-02   1.960300e-01   2.499532e-05   5.916624e-04   9.139478e-01   1.872516e-03   3.195983e-03   0.000000e+00   5.803718e-06   8.326689e-04   8.845373e-01   9.690661e-01   7.479516e-01   8.076267e-01   7.952306e-01   9.260038e-01   9.745772e-01   9.993416e-01   6.669676e-01   6.950919e-01
   2.246438e-01   1.818256e-02   0.000000e+00   6.878499e-06   0.000000e+00   1.554549e-04   1.975069e-04   8.887736e-04   2.698080e-05   0.000000e+00   8.843030e-01   9.687136e-01   7.479130e-01   8.076480e-01   8.718234e-01   9.272371e-01   9.745368e-01   9.992394e-01   6.531977e-01   6.972861e-01
   0.000000e+00   1.681233e-02   7.242460e-07   0.000000e+00   9.837643e-07   0.000000e+00   8.698391e-01   8.267428e-01   1.086069e-05   1.683554e-07   8.951362e-01   9.686260e-01   7.490885e-01   8.068019e-01   8.531206e-01   9.343744e-01   9.730622e-01   9.996876e-01   6.599299e-01   6.973411e-01
   1.293592e-01   0.000000e+00   9.743357e-01   8.359848e-01   1.000000e+00   8.288718e-01   9.691440e-02   0.000000e+00   8.686882e-01   4.040663e-05   8.954054e-01   9.652385e-01   7.450527e-01   8.207306e-01   8.718418e-01   9.902866e-01   9.857857e-01   9.993316e-01   5.604900e-01   6.910096e-01
   8.618782e-01   4.386275e-01   2.601347e-05   4.113438e-04   2.701026e-08   4.524290e-03   2.616139e-04   0.000000e+00   1.362334e-02   2.043108e-04   8.761216e-01   9.599165e-01   7.452509e-01   8.033264e-01   8.532770e-01   9.342349e-01   9.743437e-01   9.990957e-01   6.672187e-01   6.945795e-01
   5.637132e-03   0.000000e+00   9.856897e-01   3.871223e-03   9.805956e-01   7.801759e-01   0.000000e+00   6.909879e-03   1.259103e-04   1.726028e-01   8.927615e-01   9.663313e-01   7.484760e-01   9.586725e-01   8.487812e-01   9.271996e-01   9.315938e-01   9.998884e-01   6.604133e-01   6.979989e-01
   1.569687e-03   0.000000e+00   1.333325e-05   0.000000e+00   0.000000e+00   8.008643e-01   3.251482e-03   5.136520e-04   7.247228e-01   0.000000e+00   8.656532e-01   9.688069e-01   7.536006e-01   8.029827e-01   8.708779e-01   9.277785e-01   9.858853e-01   9.996489e-01   6.600558e-01   7.611084e-01
   0.000000e+00   0.000000e+00   9.906525e-01   9.766712e-01   1.132873e-06   8.841340e-04   8.047955e-01   7.976978e-01   0.000000e+00   0.000000e+00   8.200269e-01   9.649293e-01   7.776677e-01   8.502450e-01   8.711464e-01   9.254372e-01   9.746730e-01   9.996915e-01   6.745448e-01   6.602451e-01
   0.000000e+00   0.000000e+00   1.423687e-05   5.580217e-03   6.105821e-07   6.716850e-03   0.000000e+00   0.000000e+00   8.703833e-06   1.635414e-07   8.841731e-01   9.685770e-01   7.492233e-01   8.076463e-01   8.713595e-01   9.277875e-01   9.744641e-01   9.997183e-01   6.600106e-01   6.974391e-01
   0.000000e+00   9.709906e-13   1.060052e-07   8.289544e-01   6.095979e-07   7.778690e-01   6.874090e-07   7.244277e-08   1.483041e-08   1.257301e-03   8.923836e-01   9.695202e-01   7.449225e-01   8.075830e-01   8.712769e-01   9.277440e-01   9.740464e-01   9.996660e-01   6.600480e-01   6.900564e-01
   0.000000e+00   0.000000e+00   4.833880e-06   0.000000e+00   0.000000e+00   7.125996e-04   3.251482e-03   0.000000e+00   9.213797e-01   5.798088e-02   8.839573e-01   9.689618e-01   7.478186e-01   8.076413e-01   8.714170e-01   9.277831e-01   9.632808e-01   9.993446e-01   6.735960e-01   6.971686e-01
   1.313234e-05   0.000000e+00   0.000000e+00   0.000000e+00   0.000000e+00   0.000000e+00   0.000000e+00   9.124744e-01   8.747955e-06   4.440799e-07   8.838487e-01   9.688407e-01   7.478186e-01   8.071955e-01   8.714401e-01   9.266951e-01   9.856542e-01   9.996938e-01   6.600106e-01   6.945842e-01
   2.410270e-01   1.000000e+00   9.706669e-01   9.618210e-01   0.000000e+00   0.000000e+00   0.000000e+00   3.175992e-04   2.908359e-02   1.527865e-02   8.924694e-01   9.666553e-01   6.944611e-01   8.078777e-01   8.719965e-01   9.269593e-01   9.954834e-01   9.999003e-01   6.529334e-01   6.953907e-01
   8.803617e-01   0.000000e+00   1.404101e-05   0.000000e+00   1.000000e+00   7.925191e-01   0.000000e+00   8.010929e-01   7.181001e-07   0.000000e+00   8.756936e-01   9.686904e-01   7.551891e-01   8.101542e-01   8.709076e-01   9.288682e-01   9.863553e-01   9.997181e-01   6.691158e-01   6.968689e-01
   0.000000e+00   9.909042e-01   5.108542e-06   3.871912e-05   9.429741e-01   8.819004e-01   3.250529e-03   0.000000e+00   9.370315e-01   1.144581e-03   8.802524e-01   9.648978e-01   7.486820e-01   8.077001e-01   8.465249e-01   9.277534e-01   9.863059e-01   9.990440e-01   5.735521e-01   6.936521e-01
   7.469067e-01   3.556431e-02   1.394866e-05   0.000000e+00   0.000000e+00   1.610527e-05   1.670206e-07   0.000000e+00   0.000000e+00   3.501400e-07   8.954260e-01   9.597884e-01   7.493916e-01   8.071135e-01   8.636372e-01   9.272190e-01   9.857676e-01   9.996944e-01   6.606891e-01   6.945842e-01
   6.766436e-02   3.472872e-02   2.528048e-05   3.917989e-04   1.638690e-08   4.633164e-06   2.638360e-06   2.285941e-10   4.644048e-06   3.501400e-07   8.954260e-01   9.597884e-01   7.478186e-01   8.071366e-01   8.714334e-01   9.278019e-01   9.735765e-01   9.992515e-01   6.605895e-01   6.945382e-01
   0.000000e+00   0.000000e+00   1.189139e-05   7.450511e-01   0.000000e+00   6.867592e-04   5.232779e-04   4.911905e-11   7.163304e-04   3.767243e-07   8.948161e-01   9.687486e-01   7.476866e-01   8.075834e-01   8.714405e-01   9.252876e-01   9.862295e-01   9.996730e-01   6.600190e-01   6.945842e-01
   7.999786e-01   5.382853e-01   1.388442e-05   6.271036e-04   0.000000e+00   0.000000e+00   1.350082e-04   0.000000e+00   8.066197e-01   8.338637e-01   8.840321e-01   9.735269e-01   7.474766e-01   7.885990e-01   9.374071e-01   9.261475e-01   9.751960e-01   9.999837e-01   6.672672e-01   7.688170e-01
   8.618782e-01   4.245596e-01   1.414445e-05   4.113438e-04   2.696118e-08   4.524290e-03   2.616139e-04   0.000000e+00   1.274985e-02   2.043108e-04   8.761216e-01   9.599165e-01   7.452509e-01   8.033264e-01   8.532770e-01   9.342349e-01   9.743437e-01   9.992545e-01   6.672187e-01   6.945712e-01
   1.143088e-04   2.100547e-01   1.176689e-03   5.672486e-04   0.000000e+00   0.000000e+00   3.144636e-03   4.982760e-03   1.384203e-06   1.212539e-01   8.956316e-01   9.925186e-01   7.477807e-01   8.072336e-01   8.707770e-01   9.271151e-01   9.760594e-01   9.993244e-01   6.459599e-01   6.964626e-01
   4.091805e-02   2.067766e-01   2.493501e-05   5.914472e-04   0.000000e+00   1.554549e-04   1.975069e-04   8.887736e-04   5.641265e-06   8.228559e-04   8.845377e-01   9.687136e-01   7.479130e-01   8.076480e-01   8.718234e-01   9.272371e-01   9.745758e-01   9.992412e-01   6.531977e-01   6.973149e-01
   7.626701e-01   4.062712e-02   2.652412e-02   0.000000e+00   9.744124e-01   0.000000e+00   8.735344e-01   8.267428e-01   2.350196e-03   2.051459e-02   8.756484e-01   9.820101e-01   7.453802e-01   8.067767e-01   8.699246e-01   9.249885e-01   9.756164e-01   1.000000e+00   6.671946e-01   6.902893e-01
   0.000000e+00   3.936835e-01   5.374712e-07   0.000000e+00   1.000000e+00   0.000000e+00   0.000000e+00   8.267428e-01   1.926401e-04   1.034555e-01   8.951305e-01   9.685881e-01   7.478454e-01   8.084823e-01   8.525954e-01   9.555756e-01   9.867909e-01   9.998861e-01   7.121096e-01   6.973387e-01
   0.000000e+00   1.267657e-05   1.000000e+00   9.640641e-01   1.000000e+00   1.613037e-02   0.000000e+00   0.000000e+00   8.686882e-01   0.000000e+00   8.954812e-01   9.643975e-01   7.451338e-01   8.078948e-01   8.718395e-01   9.275153e-01   9.858427e-01   9.993316e-01   6.573537e-01   6.953907e-01
   0.000000e+00   0.000000e+00   5.109763e-02   1.410161e-05   0.000000e+00   0.000000e+00   8.954658e-02   0.000000e+00   9.619687e-01   8.379754e-01   8.958614e-01   9.689059e-01   6.680845e-01   7.895402e-01   8.733093e-01   9.261390e-01   9.746746e-01   9.979882e-01   6.589202e-01   6.903187e-01
   1.597704e-02   2.006064e-02   3.347372e-04   0.000000e+00   9.857418e-07   8.735815e-04   8.119397e-01   8.250963e-01   7.957246e-01   9.881070e-01   8.917719e-01   9.648855e-01   7.529607e-01   8.502450e-01   8.714617e-01   9.254208e-01   9.746578e-01   9.999825e-01   6.592911e-01   6.946778e-01
   0.000000e+00   1.295547e-05   1.000000e+00   0.000000e+00   1.962669e-04   7.247751e-04   0.000000e+00   3.425635e-03   1.429127e-04   0.000000e+00   8.842881e-01   9.667820e-01   7.492802e-01   8.077002e-01   8.714495e-01   9.267134e-01   9.858427e-01   9.993224e-01   6.601367e-01   6.974360e-01
   0.000000e+00   0.000000e+00   0.000000e+00   6.998211e-01   6.019033e-07   0.000000e+00   7.667373e-01   8.454590e-01   2.483492e-03   7.780608e-01   8.776267e-01   9.636226e-01   7.232746e-01   8.069296e-01   8.718374e-01   9.247819e-01   9.602584e-01   9.996546e-01   6.608729e-01   7.651594e-01
   0.000000e+00   1.268276e-05   0.000000e+00   9.654791e-01   8.833955e-01   3.272063e-05   1.476560e-04   0.000000e+00   1.435710e-04   0.000000e+00   8.954812e-01   9.667820e-01   7.449256e-01   8.078736e-01   8.713171e-01   9.259928e-01   9.858427e-01   9.993142e-01   6.672870e-01   6.953907e-01
   2.792093e-04   2.772182e-04   4.769663e-03   7.356376e-01   0.000000e+00   8.481827e-01   2.300682e-04   4.781253e-08   0.000000e+00   1.002899e-01   8.931204e-01   9.624470e-01   7.494667e-01   8.063191e-01   8.711983e-01   8.854025e-01   9.740464e-01   9.978731e-01   6.608212e-01   7.058703e-01
   2.216402e-01   3.953466e-01   0.000000e+00   9.537180e-01   9.860274e-01   0.000000e+00   3.232229e-03   3.530127e-07   5.699755e-05   0.000000e+00   8.951438e-01   9.465550e-01   7.477215e-01   8.077407e-01   8.631688e-01   8.618835e-01   9.861219e-01   9.999246e-01   6.610196e-01   6.940679e-01
   0.000000e+00   0.000000e+00   6.134654e-04   7.014532e-01   1.000000e+00   1.576261e-04   7.393398e-01   1.638223e-02   2.350196e-03   0.000000e+00   8.959042e-01   9.688120e-01   7.450141e-01   8.069282e-01   8.707485e-01   9.250035e-01   9.860233e-01   1.000000e+00   6.663845e-01   6.892846e-01
   1.480138e-03   1.265672e-05   1.000000e+00   9.867085e-01   2.016132e-04   0.000000e+00   3.147639e-03   1.202200e-09   6.803406e-01   0.000000e+00   8.948000e-01   9.667820e-01   7.449335e-01   7.252204e-01   8.718465e-01   9.276127e-01   9.858863e-01   9.996483e-01   6.340752e-01   6.953907e-01
   0.000000e+00   9.734016e-01   0.000000e+00   1.919413e-03   0.000000e+00   8.032182e-01   8.738820e-01   9.070584e-01   9.109459e-01   0.000000e+00   8.948784e-01   9.688455e-01   7.562281e-01   8.076235e-01   8.716390e-01   9.305750e-01   9.638814e-01   9.991179e-01   6.592857e-01   6.823117e-01
   0.000000e+00   2.478268e-03   0.000000e+00   2.277080e-02   1.000000e+00   7.490612e-01   8.693803e-01   1.731310e-02   6.744104e-01   3.448501e-05   8.955320e-01   9.686267e-01   7.443282e-01   8.341871e-01   8.716390e-01   9.392811e-01   9.751060e-01   9.999000e-01   6.590396e-01   7.049789e-01
   1.484565e-01   4.647005e-01   0.000000e+00   1.410161e-05   0.000000e+00   6.667457e-03   9.073966e-01   0.000000e+00   8.348813e-01   8.466426e-01   8.958614e-01   9.733446e-01   6.680845e-01   8.082744e-01   8.732551e-01   9.261243e-01   9.749419e-01   9.996851e-01   6.592259e-01   6.900827e-01
   0.000000e+00   1.000000e+00   0.000000e+00   6.154527e-06   0.000000e+00   1.389180e-05   3.476872e-03   9.124744e-01   5.762611e-06   1.769599e-05   8.842835e-01   9.611089e-01   7.479316e-01   8.076978e-01   8.785654e-01   9.277844e-01   9.731054e-01   9.996877e-01   6.600578e-01   6.945871e-01
   2.225465e-01   0.000000e+00   0.000000e+00   8.313995e-01   5.293902e-06   5.325628e-03   8.410910e-01   3.062855e-03   4.172582e-06   1.489803e-04   8.959179e-01   9.826099e-01   7.450664e-01   8.076748e-01   9.315009e-01   9.260776e-01   9.961010e-01   9.174693e-01   6.733232e-01   6.721527e-01
   8.803617e-01   0.000000e+00   1.404101e-05   0.000000e+00   1.104643e-02   7.925191e-01   0.000000e+00   8.010929e-01   8.143741e-07   0.000000e+00   8.762958e-01   9.687004e-01   7.551390e-01   8.075310e-01   8.708952e-01   9.289098e-01   9.736765e-01   9.997181e-01   6.691158e-01   6.969070e-01
   1.273345e-01   4.391177e-01   1.000000e+00   7.766744e-01   1.000000e+00   5.684659e-02   0.000000e+00   1.300010e-02   0.000000e+00   1.106558e-02   8.802893e-01   9.648716e-01   7.478840e-01   8.091776e-01   9.510046e-01   9.249028e-01   9.756909e-01   9.998873e-01   6.606825e-01   6.955371e-01
   1.265752e-02   9.866709e-01   5.828661e-06   1.716946e-02   0.000000e+00   4.528604e-03   6.603443e-05   0.000000e+00   2.267445e-02   8.296750e-01   8.758559e-01   9.599165e-01   7.572713e-01   8.078864e-01   8.532770e-01   9.335702e-01   9.743524e-01   9.987717e-01   6.672073e-01   6.945787e-01
   0.000000e+00   4.351045e-01   1.450304e-05   8.916078e-03   2.012146e-04   8.431484e-01   0.000000e+00   1.172704e-02   1.267635e-02   8.638159e-01   8.953986e-01   9.724899e-01   7.458133e-01   8.204736e-01   8.960211e-01   9.289054e-01   9.348916e-01   9.996922e-01   6.606444e-01   6.898931e-01
   1.660186e-01   1.927426e-01   9.781350e-01   9.829289e-06   0.000000e+00   8.280213e-01   3.140957e-03   5.109218e-04   9.022032e-01   1.037583e-01   8.956121e-01   9.916345e-01   7.462827e-01   8.027307e-01   9.260099e-01   9.259746e-01   9.883460e-01   9.979350e-01   6.965110e-01   7.615837e-01
   1.078250e-03   4.949711e-01   1.000000e+00   0.000000e+00   1.397256e-02   1.235541e-04   0.000000e+00   8.267428e-01   1.926401e-04   1.034555e-01   8.955514e-01   9.671178e-01   7.459566e-01   8.085132e-01   8.525954e-01   9.555756e-01   9.867909e-01   9.998860e-01   7.121096e-01   6.973387e-01
   0.000000e+00   0.000000e+00   0.000000e+00   7.258106e-01   1.922773e-05   4.144682e-03   8.790426e-01   8.453637e-01   4.314334e-06   3.770988e-05   8.951444e-01   9.823040e-01   7.480139e-01   8.309508e-01   8.518362e-01   8.672820e-01   9.752133e-01   1.000000e+00   6.603118e-01   6.945448e-01
   0.000000e+00   1.245144e-05   1.000000e+00   7.397521e-01   1.000000e+00   1.601503e-02   2.601005e-05   4.911905e-11   8.781107e-01   3.767243e-07   8.948161e-01   9.687486e-01   7.476866e-01   8.075925e-01   8.714501e-01   9.252876e-01   9.862295e-01   9.996794e-01   6.600190e-01   6.953762e-01
   8.954903e-05   2.603929e-08   3.667781e-03   0.000000e+00   2.138554e-04   0.000000e+00   1.038432e-04   2.729027e-06   4.833238e-02   3.351260e-02   8.659071e-01   9.688069e-01   7.535425e-01   8.324344e-01   8.716377e-01   9.277785e-01   9.858418e-01   9.993149e-01   6.570680e-01   7.060288e-01
   0.000000e+00   9.230108e-01   0.000000e+00   8.355937e-01   2.644356e-06   0.000000e+00   0.000000e+00   1.115428e-11   1.423217e-04   0.000000e+00   8.956569e-01   9.667461e-01   7.448677e-01   8.076807e-01   8.718996e-01   9.276167e-01   9.858427e-01   9.993140e-01   6.469196e-01   6.946381e-01
   0.000000e+00   4.965941e-05   9.584519e-06   8.307076e-01   6.280114e-07   4.198411e-03   0.000000e+00   0.000000e+00   2.706321e-04   7.756174e-01   8.775850e-01   9.640238e-01   7.754825e-01   8.085308e-01   8.711889e-01   9.252341e-01   9.342340e-01   9.996518e-01   6.606857e-01   6.946189e-01
   1.465785e-01   4.269816e-01   5.059376e-02   1.000000e+00   5.068753e-08   0.000000e+00   9.214456e-01   8.385228e-01   8.445387e-01   8.637410e-01   8.196720e-01   9.648864e-01   6.680845e-01   8.499419e-01   8.732526e-01   9.253987e-01   9.749664e-01   9.979882e-01   6.363450e-01   6.862303e-01
   2.178009e-01   4.966341e-01   9.914803e-01   9.746270e-01   0.000000e+00   1.232246e-04   0.000000e+00   3.530127e-07   2.321523e-03   0.000000e+00   8.951286e-01   9.450847e-01   7.453889e-01   8.077580e-01   8.906672e-01   9.249814e-01   9.861402e-01   9.999245e-01   6.610196e-01   6.940679e-01
   0.000000e+00   4.315484e-01   0.000000e+00   4.287267e-04   5.919814e-07   7.736673e-06   5.232779e-04   1.734699e-09   1.486198e-02   2.050785e-04   8.953933e-01   9.688411e-01   7.479281e-01   8.078916e-01   8.530649e-01   9.253166e-01   9.860961e-01   9.992893e-01   6.603193e-01   6.945703e-01
   1.699425e-01   9.910017e-01   7.242460e-07   1.218393e-02   0.000000e+00   0.000000e+00   9.906285e-01   8.267118e-01   1.342976e-02   1.022490e-01   8.268355e-01   9.687091e-01   7.450079e-01   7.738175e-01   8.536516e-01   9.558177e-01   9.868129e-01   9.996831e-01   6.961322e-01   6.973411e-01
   8.115984e-09   6.014190e-05   1.000000e+00   6.722302e-02   3.915783e-02   0.000000e+00   8.799160e-01   4.740698e-03   6.651641e-03   8.396079e-01   8.891158e-01   9.939581e-01   7.572720e-01   8.079556e-01   8.627396e-01   9.271683e-01   9.758781e-01   9.765748e-01   6.568630e-01   6.941313e-01
   8.294487e-01   3.927958e-01   4.848313e-06   0.000000e+00   9.769393e-01   4.388514e-02   3.355336e-03   8.510458e-06   8.256279e-07   4.973788e-03   8.922647e-01   9.810398e-01   7.551891e-01   8.085047e-01   8.709076e-01   9.277774e-01   9.755345e-01   9.922509e-01   6.319278e-01   6.952926e-01
   7.626641e-01   9.234661e-01   2.652412e-02   0.000000e+00   1.067468e-02   0.000000e+00   8.797737e-01   8.267428e-01   2.484593e-03   1.097674e-01   8.834586e-01   9.680901e-01   7.453516e-01   8.067767e-01   8.699344e-01   9.248675e-01   9.793042e-01   1.000000e+00   6.671946e-01   6.902893e-01
   0.000000e+00   1.268276e-05   9.854418e-01   9.191922e-01   7.111514e-02   0.000000e+00   5.916034e-03   0.000000e+00   1.423967e-04   0.000000e+00   8.954812e-01   9.667820e-01   7.491925e-01   8.078888e-01   8.852996e-01   9.276187e-01   9.858427e-01   9.999867e-01   6.470961e-01   6.953907e-01
   2.222712e-01   4.966341e-01   9.914803e-01   9.749443e-01   2.436896e-08   1.232246e-04   0.000000e+00   3.527706e-07   9.303311e-01   0.000000e+00   8.764326e-01   9.450847e-01   7.418948e-01   8.077580e-01   8.906672e-01   9.343539e-01   9.390081e-01   9.999245e-01   6.731396e-01   6.971963e-01
   8.070336e-01   9.523640e-01   1.496229e-05   0.000000e+00   0.000000e+00   1.423688e-05   0.000000e+00   2.177393e-08   2.048024e-07   8.565751e-03   8.842762e-01   9.688042e-01   7.536302e-01   8.076477e-01   8.711190e-01   9.290150e-01   9.858629e-01   9.993152e-01   6.673833e-01   6.947234e-01
   7.433012e-01   0.000000e+00   0.000000e+00   8.453553e-01   5.114343e-05   4.528703e-03   0.000000e+00   7.141319e-08   0.000000e+00   0.000000e+00   8.957898e-01   9.599165e-01   7.520566e-01   8.078864e-01   8.532770e-01   9.143745e-01   9.743524e-01   9.856592e-01   6.672073e-01   7.831271e-01
   7.596032e-01   1.567690e-01   2.493501e-05   4.158974e-04   8.555801e-05   1.764163e-03   1.950031e-04   2.592891e-06   5.641265e-06   8.307276e-04   8.836854e-01   9.679045e-01   7.479130e-01   8.076493e-01   8.718234e-01   9.272378e-01   9.989015e-01   9.992377e-01   6.534166e-01   6.944987e-01
   0.000000e+00   5.000189e-01   9.713427e-01   9.746270e-01   0.000000e+00   1.232246e-04   2.109490e-06   6.239047e-06   2.321523e-03   1.851945e-02   8.951286e-01   9.682823e-01   7.453889e-01   8.076500e-01   8.909300e-01   9.249814e-01   9.438228e-01   9.909950e-01   6.602546e-01   6.940679e-01
   4.949786e-05   4.965941e-05   9.584519e-06   8.307076e-01   6.280114e-07   8.205026e-01   3.267259e-03   0.000000e+00   2.706321e-04   1.047306e-02   8.655538e-01   9.641357e-01   7.534667e-01   8.086231e-01   8.711889e-01   9.252341e-01   9.342340e-01   9.996518e-01   6.606857e-01   7.613803e-01
   4.200417e-02   7.286340e-04   4.645989e-02   7.239850e-01   8.730454e-01   0.000000e+00   6.990628e-04   2.005501e-14   9.900420e-01   8.250416e-01   8.962187e-01   9.687477e-01   7.479550e-01   8.222643e-01   7.936563e-01   9.252971e-01   9.745721e-01   9.993446e-01   6.669676e-01   6.950921e-01
   2.389586e-02   4.695760e-02   5.237471e-02   2.941924e-02   9.603910e-01   8.032182e-01   8.787760e-01   9.070584e-01   3.035403e-02   5.795693e-06   8.953847e-01   9.688455e-01   7.557486e-01   8.510455e-01   8.404678e-01   9.303822e-01   9.949500e-01   9.997453e-01   6.592857e-01   6.835325e-01
   0.000000e+00   0.000000e+00   0.000000e+00   0.000000e+00   1.922773e-05   1.117624e-03   6.729314e-01   0.000000e+00   0.000000e+00   1.221606e-01   8.958527e-01   9.686459e-01   7.554154e-01   8.085143e-01   8.629184e-01   9.275456e-01   9.861580e-01   9.991280e-01   6.667544e-01   6.979544e-01
   6.990897e-01   2.095289e-01   4.331883e-07   5.914472e-04   0.000000e+00   4.789705e-03   1.975069e-04   8.887736e-04   5.641265e-06   8.228559e-04   8.772578e-01   9.685428e-01   7.479130e-01   8.076478e-01   8.718234e-01   9.272371e-01   9.745758e-01   9.992412e-01   6.531977e-01   6.970540e-01
   8.803617e-01   0.000000e+00   1.404101e-05   0.000000e+00   1.116588e-02   7.925191e-01   1.970996e-04   5.148831e-03   6.757533e-07   0.000000e+00   8.837885e-01   9.679048e-01   7.551891e-01   8.101542e-01   8.709076e-01   9.289324e-01   9.866971e-01   9.997181e-01   6.688262e-01   6.945739e-01
   1.539142e-02   0.000000e+00   9.830698e-01   7.175661e-01   1.922773e-05   8.382586e-01   8.045847e-01   4.370779e-09   7.125910e-01   6.865084e-02   8.911050e-01   9.691324e-01   7.480178e-01   8.317891e-01   8.510669e-01   8.685167e-01   9.861359e-01   1.000000e+00   6.592817e-01   6.804962e-01
   2.713592e-02   2.562929e-01   0.000000e+00   0.000000e+00   0.000000e+00   4.568640e-03   0.000000e+00   5.077446e-03   0.000000e+00   7.745395e-06   8.924114e-01   9.608629e-01   7.221488e-01   7.226058e-01   8.529965e-01   9.543205e-01   9.961913e-01   9.999357e-01   6.439015e-01   6.953612e-01
   2.113849e-01   0.000000e+00   0.000000e+00   8.453553e-01   2.106743e-04   0.000000e+00   0.000000e+00   4.566644e-10   2.291742e-04   0.000000e+00   8.924618e-01   9.596946e-01   7.520080e-01   8.078812e-01   8.532770e-01   9.337904e-01   9.967618e-01   9.989423e-01   6.431342e-01   6.946050e-01
   1.250756e-02   7.574619e-02   6.756048e-07   0.000000e+00   9.837643e-07   0.000000e+00   8.857116e-01   8.267428e-01   1.086069e-05   0.000000e+00   8.951362e-01   9.686260e-01   7.490885e-01   8.078377e-01   8.531206e-01   9.335550e-01   9.730622e-01   9.987707e-01   6.599299e-01   6.972271e-01
   1.628885e-01   0.000000e+00   8.724066e-01   0.000000e+00   1.506162e-04   6.286355e-01   0.000000e+00   0.000000e+00   3.248457e-07   9.896158e-04   8.961792e-01   9.826084e-01   7.480221e-01   9.792832e-01   8.721225e-01   8.665258e-01   9.290637e-01   9.990775e-01   6.961702e-01   6.985758e-01
   0.000000e+00   0.000000e+00   1.127225e-02   7.281396e-03   7.961908e-04   2.401735e-02   8.790426e-01   8.453637e-01   4.314334e-06   0.000000e+00   8.951444e-01   9.688986e-01   6.680357e-01   8.107901e-01   9.026804e-01   8.681399e-01   9.752133e-01   9.999942e-01   6.687273e-01   7.393196e-01
   7.405834e-01   9.870064e-01   5.082027e-06   0.000000e+00   2.769965e-02   1.412998e-05   2.590059e-03   8.587037e-02   5.803718e-06   1.734008e-05   8.830052e-01   9.614835e-01   7.514452e-01   8.076431e-01   8.632234e-01   9.278058e-01   9.852191e-01   9.993386e-01   6.669676e-01   6.945871e-01
   1.008437e-03   1.960300e-01   3.707641e-03   5.916624e-04   9.139478e-01   1.859723e-03   3.195983e-03   2.662058e-06   5.803718e-06   8.326689e-04   8.665112e-01   9.690661e-01   7.536271e-01   8.076267e-01   7.954381e-01   9.261578e-01   9.744469e-01   9.993136e-01   6.669676e-01   6.950919e-01
   0.000000e+00   0.000000e+00   0.000000e+00   0.000000e+00   0.000000e+00   8.224070e-01   5.209484e-04   5.207544e-11   1.122898e-06   5.511720e-06   8.924951e-01   9.687698e-01   7.481191e-01   8.085090e-01   8.716838e-01   9.277951e-01   9.750062e-01   9.997046e-01   6.587658e-01   6.978688e-01
   2.523414e-02   0.000000e+00   8.633924e-03   2.446859e-02   9.896365e-01   4.528604e-03   8.885810e-01   1.583255e-02   9.848790e-03   0.000000e+00   8.767083e-01   9.821037e-01   7.520566e-01   8.078904e-01   8.541065e-01   9.249117e-01   9.977000e-01   9.815614e-01   6.672073e-01   6.973936e-01
   1.597704e-02   4.620486e-04   1.304735e-05   0.000000e+00   1.557803e-02   8.735815e-04   7.864700e-01   8.250963e-01   0.000000e+00   9.881070e-01   8.917673e-01   9.648855e-01   7.478852e-01   8.502450e-01   8.714493e-01   9.254151e-01   9.746578e-01   9.997015e-01   6.592911e-01   6.947568e-01
   7.576969e-01   4.130587e-02   2.493501e-05   4.158974e-04   9.637377e-01   1.554549e-04   0.000000e+00   8.887736e-04   0.000000e+00   1.630489e-03   8.758751e-01   9.818245e-01   7.479416e-01   8.076493e-01   8.718136e-01   9.273580e-01   9.745758e-01   9.992412e-01   6.531977e-01   6.945000e-01
   0.000000e+00   3.927958e-01   4.848313e-06   3.067535e-02   3.868515e-02   4.388514e-02   8.065975e-01   8.510458e-06   4.202232e-09   4.973788e-03   8.201492e-01   9.810398e-01   7.770851e-01   8.098735e-01   8.711363e-01   9.254409e-01   9.755345e-01   9.922509e-01   7.146074e-01   6.937652e-01
   0.000000e+00   1.144527e-05   0.000000e+00   0.000000e+00   2.379645e-08   0.000000e+00   3.251482e-03   5.250814e-04   8.703833e-06   1.573752e-02   8.840088e-01   9.688069e-01   7.536006e-01   8.031597e-01   8.714432e-01   9.277787e-01   9.857873e-01   9.996489e-01   6.600106e-01   6.963040e-01
   0.000000e+00   0.000000e+00   0.000000e+00   7.258106e-01   9.999429e-01   4.438825e-03   8.059290e-01   4.370779e-09   6.639752e-05   0.000000e+00   8.959041e-01   9.686070e-01   7.480139e-01   8.309508e-01   8.503026e-01   9.251927e-01   9.861580e-01   9.185302e-01   6.663859e-01   6.401068e-01
   5.637132e-03   0.000000e+00   1.000000e+00   3.871223e-03   9.805956e-01   7.801759e-01   8.518677e-01   6.909879e-03   1.266380e-04   0.000000e+00   8.927492e-01   9.663313e-01   7.484760e-01   9.586725e-01   8.487243e-01   8.906008e-01   9.315938e-01   9.998884e-01   6.604154e-01   6.299450e-01
   4.316933e-03   4.675334e-01   4.282922e-04   0.000000e+00   9.746229e-01   8.233803e-01   3.193818e-02   8.284728e-01   2.350196e-03   2.070893e-02   8.756484e-01   9.820101e-01   7.549836e-01   8.091845e-01   8.699115e-01   9.249893e-01   8.560560e-01   1.000000e+00   6.671946e-01   6.902893e-01
   2.237912e-01   0.000000e+00   2.014463e-02   1.422387e-05   9.790116e-01   0.000000e+00   2.480192e-04   6.642081e-03   8.445387e-01   7.570912e-01   8.921693e-01   9.447745e-01   6.686104e-01   7.891066e-01   8.729900e-01   9.278562e-01   9.860469e-01   9.999254e-01   6.830977e-01   6.978879e-01
   1.173053e-02   5.417417e-01   0.000000e+00   0.000000e+00   0.000000e+00   8.248457e-01   0.000000e+00   5.077446e-03   7.549878e-01   8.263737e-01   8.924114e-01   9.734322e-01   7.474656e-01   8.075545e-01   8.749885e-01   9.271087e-01   9.961913e-01   9.997068e-01   6.672691e-01   7.702135e-01
   1.520189e-03   0.000000e+00   1.333325e-05   0.000000e+00   0.000000e+00   0.000000e+00   0.000000e+00   5.136520e-04   7.247228e-01   7.651444e-01   8.776845e-01   9.686950e-01   7.756163e-01   8.028903e-01   8.708779e-01   9.277785e-01   9.858853e-01   9.996489e-01   6.600558e-01   6.943470e-01
   0.000000e+00   0.000000e+00   0.000000e+00   0.000000e+00   0.000000e+00   8.257431e-01   0.000000e+00   0.000000e+00   1.122898e-06   1.778826e-04   8.924717e-01   9.683768e-01   7.477938e-01   8.077203e-01   8.716955e-01   9.251530e-01   9.857478e-01   9.997046e-01   6.588403e-01   6.944992e-01
   0.000000e+00   0.000000e+00   0.000000e+00   0.000000e+00   6.236248e-07   3.206893e-05   0.000000e+00   0.000000e+00   2.706321e-04   7.725778e-01   8.775850e-01   9.640004e-01   7.483700e-01   8.071956e-01   8.344426e-01   9.253172e-01   9.342340e-01   9.412647e-01   6.631586e-01   6.946189e-01
   0.000000e+00   3.897983e-01   5.057281e-06   3.871912e-05   9.723156e-01   8.819004e-01   2.262501e-04   0.000000e+00   8.960434e-01   1.956984e-04   8.802524e-01   9.648978e-01   7.486820e-01   8.076966e-01   8.531084e-01   9.277534e-01   9.860930e-01   9.992880e-01   6.620804e-01   6.936521e-01
   8.019765e-01   4.989100e-04   0.000000e+00   0.000000e+00   1.370168e-02   1.269561e-05   8.046057e-01   8.253174e-01   3.250546e-07   9.863189e-02   8.760985e-01   9.669004e-01   7.490987e-01   8.076745e-01   8.709688e-01   9.259172e-01   9.867506e-01   9.999286e-01   6.654912e-01   6.777489e-01
   6.182291e-04   4.685312e-01   9.584519e-06   7.110072e-01   6.280114e-07   4.198411e-03   0.000000e+00   0.000000e+00   2.784076e-04   7.756174e-01   8.775850e-01   9.640238e-01   7.757883e-01   8.093972e-01   8.711889e-01   9.252341e-01   9.348697e-01   9.991114e-01   6.606857e-01   6.946189e-01
   0.000000e+00   0.000000e+00   1.134839e-05   7.456959e-01   0.000000e+00   6.867592e-04   5.362306e-04   4.911905e-11   7.501882e-04   3.767243e-07   8.905112e-01   9.687476e-01   7.476866e-01   8.075834e-01   8.714403e-01   9.252876e-01   9.862295e-01   9.996730e-01   6.600190e-01   6.945842e-01
   0.000000e+00   5.382853e-01   9.992218e-01   6.259751e-04   0.000000e+00   0.000000e+00   2.214006e-04   0.000000e+00   1.180175e-02   0.000000e+00   8.840321e-01   9.691437e-01   7.474820e-01   7.891786e-01   9.374071e-01   9.261430e-01   9.745815e-01   9.993501e-01   6.684962e-01   7.670229e-01
   7.646041e-01   0.000000e+00   1.000000e+00   9.654791e-01   6.514756e-03   4.566066e-03   0.000000e+00   7.095652e-08   0.000000e+00   0.000000e+00   8.920209e-01   9.670697e-01   7.459265e-01   8.078862e-01   8.722650e-01   9.270877e-01   9.736938e-01   9.860311e-01   6.705417e-01   6.953907e-01
   0.000000e+00   5.134232e-05   0.000000e+00   0.000000e+00   0.000000e+00   4.145093e-03   0.000000e+00   8.453637e-01   4.314334e-06   3.770988e-05   8.943575e-01   9.825411e-01   7.480139e-01   8.314803e-01   8.717782e-01   8.672820e-01   9.362666e-01   1.000000e+00   6.603053e-01   6.942859e-01
   8.297355e-01   4.675334e-01   8.230107e-04   0.000000e+00   9.746229e-01   4.381864e-02   8.735340e-01   8.267428e-01   2.350196e-03   2.082499e-02   8.745556e-01   9.820101e-01   7.449376e-01   8.348284e-01   8.699115e-01   9.255535e-01   8.560560e-01   9.999982e-01   6.671946e-01   6.903690e-01
   7.267278e-01   9.836543e-01   0.000000e+00   0.000000e+00   1.234651e-07   4.531447e-03   2.080355e-04   0.000000e+00   9.398032e-01   7.780608e-01   8.802649e-01   9.638585e-01   7.494606e-01   8.077028e-01   8.718378e-01   9.247823e-01   9.354108e-01   9.996946e-01   6.655169e-01   6.936277e-01
   3.183656e-02   0.000000e+00   0.000000e+00   6.068841e-04   6.589790e-07   4.453786e-03   6.735405e-01   0.000000e+00   9.572535e-02   1.223289e-01   8.971013e-01   9.686364e-01   7.480139e-01   8.076996e-01   8.708263e-01   9.248354e-01   9.861580e-01   9.780452e-01   6.667544e-01   6.945494e-01
   2.652842e-02   2.693026e-01   5.828661e-06   5.886682e-04   2.561805e-08   4.528604e-03   7.014938e-05   0.000000e+00   9.627756e-03   3.428117e-07   8.834859e-01   9.607257e-01   7.520566e-01   8.078851e-01   8.543519e-01   9.336506e-01   9.977000e-01   9.996856e-01   6.672481e-01   6.973740e-01
   0.000000e+00   8.716927e-01   9.995911e-01   7.397521e-01   1.000000e+00   1.601503e-02   2.601005e-05   4.911905e-11   8.826710e-01   4.441121e-07   8.923122e-01   9.686876e-01   7.476866e-01   8.075925e-01   8.708392e-01   9.884365e-01   9.862295e-01   9.996794e-01   6.038417e-01   6.953762e-01
   5.376220e-03   1.000000e+00   0.000000e+00   7.505057e-04   6.019033e-07   4.198857e-03   2.082026e-04   0.000000e+00   0.000000e+00   7.780608e-01   8.775850e-01   9.640431e-01   7.494606e-01   7.690286e-01   8.718378e-01   9.248932e-01   9.354108e-01   9.993342e-01   6.608549e-01   6.888990e-01
   5.949639e-04   0.000000e+00   1.396522e-05   0.000000e+00   1.000000e+00   8.257980e-01   0.000000e+00   2.050925e-04   9.038626e-07   1.425988e-04   9.093090e-01   9.685704e-01   7.551759e-01   8.085738e-01   8.659372e-01   9.288995e-01   9.862489e-01   9.997039e-01   6.688211e-01   6.977882e-01
   0.000000e+00   0.000000e+00   1.243883e-03   7.450511e-01   0.000000e+00   6.867592e-04   2.329444e-06   0.000000e+00   7.163304e-04   1.122710e-06   8.948151e-01   9.683651e-01   7.476866e-01   8.076093e-01   8.714522e-01   9.252876e-01   9.862295e-01   9.996730e-01   6.600190e-01   6.946197e-01
