   3.090226e-01   9.911288e-01   5.448507e-02   2.630330e-01   9.959366e-01   9.886426e-01   8.749985e-01   1.000000e+00   8.999969e-01   9.999999e-01   9.166703e-01   1.000000e+00   9.285744e-01   1.000000e+00   9.375003e-01   9.999999e-01
   3.088531e-01   9.912421e-01   5.468874e-02   2.613685e-01   9.965548e-01   9.888566e-01   8.749985e-01   1.000000e+00   8.999970e-01   9.999999e-01   9.166703e-01   1.000000e+00   9.285742e-01   1.000000e+00   9.374990e-01   9.999999e-01
   1.367488e-01   2.620382e-02   8.483497e-02   2.457786e-01   9.988791e-01   9.208719e-01   8.749984e-01   1.000000e+00   9.000004e-01   1.000000e+00   9.166703e-01   1.000000e+00   9.285732e-01   1.000000e+00   9.374988e-01   9.999999e-01
   1.343367e-01   2.620382e-02   5.408279e-02   2.763562e-01   9.989022e-01   9.592215e-01   8.749989e-01   9.999987e-01   9.000004e-01   1.000000e+00   9.166703e-01   1.000000e+00   9.285742e-01   1.000000e+00   9.374989e-01   9.999999e-01
   3.165774e-01   9.999615e-01   9.359807e-01   1.000000e+00   9.948285e-01   9.754595e-01   8.750196e-01   1.000000e+00   8.999549e-01   1.000000e+00   9.166716e-01   1.000000e+00   9.285748e-01   9.999999e-01   9.384893e-01   9.999999e-01
   1.000000e+00   1.000000e+00   7.795874e-02   9.241665e-01   9.987913e-01   9.979678e-01   8.750072e-01   1.000000e+00   8.999963e-01   9.997097e-01   9.166824e-01   1.000000e+00   9.285741e-01   9.999990e-01   9.374990e-01   1.000000e+00
   9.933714e-01   9.996143e-01   9.965809e-01   1.000000e+00   9.959434e-01   8.531754e-01   8.749985e-01   9.993927e-01   8.227009e-01   9.999999e-01   9.166707e-01   9.998792e-01   9.285754e-01   1.000000e+00   9.395882e-01   9.829377e-01
   1.367488e-01   2.620382e-02   8.483497e-02   2.763562e-01   9.948281e-01   9.199697e-01   8.749984e-01   1.000000e+00   9.000004e-01   1.000000e+00   9.166703e-01   1.000000e+00   9.285744e-01   1.000000e+00   9.375003e-01   1.000000e+00
   3.090271e-01   9.912083e-01   5.451604e-02   2.721990e-01   9.959364e-01   9.886060e-01   8.749983e-01   1.000000e+00   8.999960e-01   1.000000e+00   9.166707e-01   1.000000e+00   9.285742e-01   1.000000e+00   9.375002e-01   1.000000e+00
   1.000000e+00   9.110582e-01   4.890057e-02   2.749489e-01   9.948228e-01   9.921348e-01   8.750102e-01   9.999997e-01   9.000118e-01   1.000000e+00   9.166822e-01   1.000000e+00   9.285743e-01   1.000000e+00   9.374989e-01   1.000000e+00
   3.289497e-01   9.999661e-01   9.693023e-01   9.919180e-01   1.000000e+00   9.337014e-01   8.750989e-01   9.647667e-01   9.007762e-01   9.999960e-01   9.165945e-01   9.999955e-01   9.285750e-01   1.000000e+00   9.226161e-01   1.000000e+00
   1.000000e+00   9.999998e-01   7.731282e-01   2.095514e-01   9.948193e-01   9.382183e-01   8.750050e-01   1.000000e+00   9.000117e-01   1.000000e+00   9.166786e-01   1.000000e+00   9.281181e-01   9.992229e-01   9.374990e-01   1.000000e+00
   1.000000e+00   1.000000e+00   5.408133e-02   2.749489e-01   9.947869e-01   9.957423e-01   8.750102e-01   9.999987e-01   9.000001e-01   1.000000e+00   9.166693e-01   1.000000e+00   9.285742e-01   1.000000e+00   9.375010e-01   1.000000e+00
   3.069385e-01   9.234800e-01   9.670233e-01   9.908287e-01   9.976022e-01   9.659965e-01   8.751899e-01   1.000000e+00   8.744526e-01   1.000000e+00   8.944980e-01   8.970765e-01   9.287762e-01   9.996635e-01   9.374745e-01   9.999417e-01
   9.557815e-01   9.374170e-01   5.174441e-02   8.384520e-01   9.947795e-01   9.915597e-01   8.750102e-01   1.000000e+00   9.000117e-01   9.999659e-01   9.166684e-01   1.000000e+00   9.285743e-01   1.000000e+00   9.374979e-01   1.000000e+00
   3.087569e-01   9.773347e-01   8.782594e-01   7.810581e-01   9.732382e-01   9.856937e-01   8.750079e-01   9.999987e-01   9.000224e-01   1.000000e+00   9.166377e-01   1.000000e+00   9.285742e-01   1.000000e+00   9.374743e-01   9.999999e-01
   3.090226e-01   9.911288e-01   5.451522e-02   2.630330e-01   9.959554e-01   9.886426e-01   8.749982e-01   1.000000e+00   8.999969e-01   1.000000e+00   9.166703e-01   1.000000e+00   9.285744e-01   1.000000e+00   9.375010e-01   1.000000e+00
   3.090226e-01   9.911288e-01   5.448507e-02   2.630330e-01   9.967417e-01   9.862031e-01   8.749985e-01   1.000000e+00   8.999969e-01   1.000000e+00   9.166703e-01   1.000000e+00   9.285744e-01   1.000000e+00   9.375003e-01   9.999999e-01
   9.632562e-01   9.971564e-01   7.897865e-01   9.967895e-01   9.948193e-01   9.908667e-01   9.040180e-01   1.000000e+00   8.731754e-01   1.000000e+00   9.166786e-01   9.942344e-01   9.281269e-01   9.992229e-01   9.375006e-01   9.977580e-01
   9.445917e-01   9.687207e-01   8.045392e-01   9.700748e-01   9.958507e-01   9.138434e-01   8.747396e-01   9.999961e-01   8.720434e-01   9.999974e-01   9.165940e-01   9.998764e-01   9.757434e-01   1.000000e+00   9.375006e-01   9.978079e-01
   2.198544e-01   9.938574e-01   1.704705e-02   1.000000e+00   9.999195e-01   9.855949e-01   8.757488e-01   9.993689e-01   8.999965e-01   1.000000e+00   9.177133e-01   9.998793e-01   9.285744e-01   1.000000e+00   9.373099e-01   1.000000e+00
   9.992792e-01   1.000000e+00   7.546869e-01   1.000000e+00   9.954752e-01   8.728501e-01   8.750110e-01   9.999997e-01   8.999916e-01   9.999999e-01   9.166782e-01   9.999990e-01   9.285711e-01   9.997814e-01   9.371039e-01   9.996835e-01
   9.555992e-01   9.349416e-01   1.128197e-01   2.771786e-01   9.988515e-01   9.424053e-01   8.747491e-01   1.000000e+00   8.999948e-01   1.000000e+00   8.984844e-01   1.000000e+00   9.368470e-01   9.992161e-01   9.375021e-01   9.999999e-01
   3.088531e-01   9.912082e-01   5.468874e-02   2.613685e-01   9.965548e-01   9.514460e-01   8.749985e-01   1.000000e+00   8.999960e-01   1.000000e+00   9.166704e-01   9.999995e-01   9.285742e-01   1.000000e+00   9.374990e-01   9.999999e-01
   1.000000e+00   9.110582e-01   5.411359e-02   2.749489e-01   9.948228e-01   9.921348e-01   8.750102e-01   9.999997e-01   9.000118e-01   1.000000e+00   9.166704e-01   1.000000e+00   9.285743e-01   1.000000e+00   9.374989e-01   1.000000e+00
   2.858075e-01   9.916805e-01   7.591239e-01   7.638817e-01   9.948520e-01   9.908398e-01   8.750050e-01   1.000000e+00   9.000097e-01   1.000000e+00   9.166797e-01   1.000000e+00   9.285797e-01   9.999973e-01   9.374989e-01   9.999999e-01
   2.386900e-01   9.999976e-01   1.115495e-01   2.769142e-01   9.951309e-01   9.370794e-01   8.750033e-01   9.997652e-01   8.999913e-01   9.999985e-01   9.166624e-01   1.000000e+00   9.284261e-01   9.997788e-01   9.374805e-01   1.000000e+00
   1.000000e+00   9.999998e-01   4.901827e-02   2.749489e-01   9.948228e-01   9.921348e-01   8.750102e-01   9.999998e-01   9.000118e-01   1.000000e+00   9.166820e-01   1.000000e+00   9.285743e-01   1.000000e+00   9.374989e-01   1.000000e+00
   2.204327e-01   9.999166e-01   1.238112e-03   9.769987e-01   9.959986e-01   9.822884e-01   8.750943e-01   9.998528e-01   8.999938e-01   9.989071e-01   8.634841e-01   9.555556e-01   9.286153e-01   9.992590e-01   9.390799e-01   9.999821e-01
   1.000000e+00   9.088507e-01   4.890057e-02   1.000000e+00   9.977991e-01   9.921348e-01   8.750116e-01   9.999997e-01   9.000118e-01   1.000000e+00   9.166822e-01   1.000000e+00   9.285743e-01   1.000000e+00   9.434402e-01   1.000000e+00
   1.000000e+00   9.349416e-01   1.146044e-01   2.771786e-01   9.990009e-01   9.954934e-01   8.747516e-01   1.000000e+00   9.197825e-01   1.000000e+00   8.986387e-01   1.000000e+00   9.275461e-01   9.999935e-01   9.375021e-01   9.999999e-01
   1.000000e+00   1.000000e+00   3.760376e-02   2.749489e-01   9.947869e-01   9.956898e-01   8.750083e-01   9.999987e-01   9.000002e-01   1.000000e+00   9.166693e-01   1.000000e+00   9.285742e-01   1.000000e+00   9.375010e-01   1.000000e+00
   9.493544e-01   9.590316e-01   6.609481e-02   2.763562e-01   9.989022e-01   9.629706e-01   8.749989e-01   9.998635e-01   9.000004e-01   1.000000e+00   9.166703e-01   1.000000e+00   9.285742e-01   1.000000e+00   9.366075e-01   9.999999e-01
   9.445917e-01   9.687207e-01   7.531587e-01   9.700748e-01   9.958507e-01   9.136152e-01   8.747328e-01   9.999999e-01   8.997907e-01   9.999999e-01   9.166787e-01   9.998758e-01   9.751401e-01   1.000000e+00   9.167683e-01   9.994283e-01
   1.369096e-01   8.885658e-01   4.027881e-02   9.198949e-01   9.972313e-01   9.854940e-01   8.749714e-01   1.000000e+00   9.000634e-01   9.999923e-01   9.167411e-01   9.728053e-01   8.827985e-01   9.999298e-01   9.374966e-01   9.999999e-01
   9.974580e-01   1.000000e+00   7.465041e-01   7.702116e-01   9.954630e-01   9.957423e-01   8.750102e-01   9.999986e-01   9.000001e-01   1.000000e+00   9.166693e-01   9.999991e-01   9.285742e-01   1.000000e+00   9.375010e-01   9.996744e-01
   2.032858e-01   9.936995e-01   9.795678e-01   9.903407e-01   9.752848e-01   9.846490e-01   8.749967e-01   1.000000e+00   9.013145e-01   9.997088e-01   9.176816e-01   1.000000e+00   9.288422e-01   1.000000e+00   9.299072e-01   1.000000e+00
   9.701353e-01   9.999870e-01   9.939174e-01   9.929053e-01   9.948512e-01   9.905154e-01   8.741076e-01   9.999986e-01   8.999964e-01   1.000000e+00   9.166707e-01   1.000000e+00   9.285742e-01   9.999988e-01   9.374967e-01   9.999999e-01
   1.000000e+00   9.365265e-01   8.735950e-01   7.728552e-01   9.732382e-01   9.855577e-01   8.750079e-01   9.999987e-01   9.000224e-01   1.000000e+00   9.166376e-01   1.000000e+00   9.285742e-01   9.999989e-01   9.374716e-01   9.999787e-01
   1.367488e-01   1.000000e+00   8.828136e-02   2.597722e-01   9.711752e-01   9.249990e-01   8.749984e-01   1.000000e+00   9.000003e-01   1.000000e+00   9.163590e-01   1.000000e+00   9.285742e-01   1.000000e+00   9.374988e-01   9.999999e-01
   2.032858e-01   9.700661e-01   9.794952e-01   9.919854e-01   9.962286e-01   9.886051e-01   9.641909e-01   9.999792e-01   9.516491e-01   9.998919e-01   9.176816e-01   1.000000e+00   9.288307e-01   1.000000e+00   9.397344e-01   9.994713e-01
   2.440467e-01   1.000000e+00   1.115495e-01   2.769142e-01   9.951309e-01   9.370794e-01   8.750034e-01   9.997652e-01   8.999970e-01   9.999985e-01   9.166625e-01   9.448583e-01   9.284261e-01   9.997788e-01   9.375001e-01   1.000000e+00
   3.112695e-01   9.701663e-01   8.787086e-01   1.000000e+00   9.745414e-01   9.201793e-01   8.749960e-01   9.993939e-01   9.039483e-01   1.000000e+00   9.809457e-01   1.000000e+00   9.285741e-01   1.000000e+00   9.326409e-01   9.829769e-01
   1.339451e-01   8.885410e-01   3.660890e-02   9.198949e-01   9.972313e-01   9.909635e-01   8.749714e-01   1.000000e+00   9.000634e-01   9.999923e-01   9.167411e-01   9.728053e-01   8.827985e-01   9.999285e-01   9.374988e-01   9.999999e-01
   9.445917e-01   9.687325e-01   9.891007e-01   9.699685e-01   9.958887e-01   9.121036e-01   8.747400e-01   9.997687e-01   8.715968e-01   9.999974e-01   9.166705e-01   9.998770e-01   9.598269e-01   9.999987e-01   9.383783e-01   9.999999e-01
   9.830333e-01   1.000000e+00   8.793172e-02   9.762647e-01   9.966285e-01   9.942737e-01   8.867675e-01   9.999999e-01   9.000121e-01   9.999994e-01   9.869003e-01   1.000000e+00   9.285743e-01   1.000000e+00   9.374993e-01   9.999999e-01
   1.000000e+00   8.699441e-01   7.731282e-01   2.095514e-01   9.948197e-01   9.861862e-01   8.750046e-01   1.000000e+00   9.000117e-01   1.000000e+00   9.166687e-01   1.000000e+00   9.281181e-01   9.992229e-01   9.375001e-01   9.999999e-01
   3.110411e-01   9.912421e-01   5.408540e-02   2.024922e-01   9.993949e-01   9.891035e-01   8.749985e-01   9.992592e-01   9.038784e-01   1.000000e+00   9.166893e-01   1.000000e+00   9.285742e-01   9.279328e-01   9.374989e-01   9.999992e-01
   2.836975e-01   9.919777e-01   5.792419e-02   1.769308e-01   9.988875e-01   9.845346e-01   8.754622e-01   1.000000e+00   9.003501e-01   1.000000e+00   9.817038e-01   1.000000e+00   9.285741e-01   9.941340e-01   9.375048e-01   9.999999e-01
   9.702955e-01   9.936022e-01   9.966535e-01   1.000000e+00   9.750144e-01   8.038414e-01   8.737746e-01   9.994339e-01   8.322556e-01   9.957544e-01   9.166707e-01   9.941087e-01   9.281348e-01   1.000000e+00   9.615604e-01   9.724099e-01
   1.839123e-01   1.000000e+00   5.394631e-02   3.018407e-01   9.716698e-01   9.208594e-01   8.749985e-01   1.000000e+00   9.000003e-01   1.000000e+00   9.166791e-01   9.999902e-01   9.285762e-01   9.999984e-01   9.372620e-01   9.999884e-01
   2.809932e-01   8.743019e-01   8.782594e-01   1.000000e+00   9.732382e-01   9.860633e-01   8.750027e-01   1.000000e+00   9.000224e-01   1.000000e+00   9.166377e-01   1.000000e+00   9.285742e-01   9.999999e-01   9.374996e-01   9.999999e-01
   9.997088e-01   1.000000e+00   9.645611e-02   8.081555e-01   9.987913e-01   9.979678e-01   8.750067e-01   1.000000e+00   8.999963e-01   9.997074e-01   9.166769e-01   1.000000e+00   9.285694e-01   9.999990e-01   9.374005e-01   1.000000e+00
   7.776548e-02   7.394098e-02   7.356525e-01   1.000000e+00   9.987005e-01   9.682418e-01   8.749996e-01   9.992821e-01   8.998033e-01   1.000000e+00   9.734392e-01   1.000000e+00   9.285742e-01   1.000000e+00   9.374989e-01   9.993966e-01
   1.817820e-01   1.000000e+00   7.447928e-01   9.890329e-01   9.954630e-01   9.957092e-01   8.750102e-01   9.999986e-01   9.218421e-01   1.000000e+00   9.166673e-01   9.851303e-01   9.285742e-01   1.000000e+00   9.375010e-01   9.998043e-01
   9.732563e-01   9.411708e-01   7.731282e-01   8.279492e-01   9.966777e-01   9.908695e-01   8.750046e-01   9.999999e-01   9.000122e-01   1.000000e+00   9.167388e-01   1.000000e+00   9.281247e-01   9.992249e-01   9.374999e-01   1.000000e+00
   9.445917e-01   1.000000e+00   9.932094e-01   9.699685e-01   9.958887e-01   9.121036e-01   8.747400e-01   9.997687e-01   9.022409e-01   9.999974e-01   9.162928e-01   1.000000e+00   9.598269e-01   9.999987e-01   9.383587e-01   9.754020e-01
   2.888505e-01   9.911641e-01   9.939174e-01   9.929053e-01   9.948512e-01   9.885700e-01   8.750157e-01   9.999986e-01   8.999964e-01   1.000000e+00   9.166707e-01   1.000000e+00   9.256981e-01   1.000000e+00   9.374967e-01   9.916943e-01
   9.445917e-01   9.834905e-01   8.010336e-01   9.763149e-01   9.706621e-01   9.138434e-01   8.747396e-01   9.999961e-01   8.720434e-01   9.999974e-01   9.165942e-01   9.998669e-01   9.754323e-01   9.102354e-01   9.375005e-01   9.978079e-01
   1.885953e-01   9.685736e-01   9.368203e-01   1.000000e+00   9.948526e-01   9.757451e-01   8.750151e-01   1.000000e+00   8.999549e-01   1.000000e+00   9.166716e-01   1.000000e+00   9.277195e-01   9.999999e-01   9.384893e-01   9.999999e-01
   3.092434e-01   9.252905e-01   8.615512e-01   9.792062e-01   9.965895e-01   9.659965e-01   8.750049e-01   9.997462e-01   9.032043e-01   1.000000e+00   8.944980e-01   9.977896e-01   9.175547e-01   9.999432e-01   9.101764e-01   9.999417e-01
   9.999996e-01   9.999557e-01   7.511727e-01   9.541020e-01   9.792612e-01   8.707619e-01   8.750762e-01   9.999997e-01   8.998631e-01   9.999999e-01   9.166858e-01   9.999998e-01   9.276479e-01   1.000000e+00   9.374927e-01   1.000000e+00
   9.933714e-01   9.999989e-01   9.965809e-01   1.000000e+00   9.959434e-01   8.531754e-01   8.749988e-01   1.000000e+00   8.242707e-01   9.999999e-01   9.166707e-01   9.998553e-01   9.285754e-01   1.000000e+00   9.395882e-01   9.829377e-01
   9.645313e-01   9.236666e-01   8.785548e-01   9.792450e-01   9.739700e-01   9.935117e-01   8.750022e-01   9.994796e-01   9.000555e-01   9.999998e-01   9.166518e-01   1.000000e+00   9.285410e-01   1.000000e+00   9.372069e-01   9.999988e-01
   2.935457e-01   9.999870e-01   1.000000e+00   9.929053e-01   9.948510e-01   9.889469e-01   8.741084e-01   1.000000e+00   8.999964e-01   1.000000e+00   9.166709e-01   1.000000e+00   9.285742e-01   9.979599e-01   9.374967e-01   9.999999e-01
   1.343752e-01   2.620382e-02   5.408279e-02   2.452053e-01   9.989022e-01   9.498520e-01   8.749989e-01   9.999987e-01   9.000004e-01   1.000000e+00   9.166703e-01   1.000000e+00   9.285732e-01   1.000000e+00   9.374989e-01   9.999999e-01
   3.312623e-01   9.858091e-01   9.151350e-01   2.807717e-01   9.736890e-01   9.471478e-01   8.750953e-01   9.998494e-01   9.007802e-01   9.999999e-01   9.166465e-01   9.999367e-01   8.897009e-01   1.000000e+00   9.384984e-01   1.000000e+00
   3.090226e-01   9.912083e-01   5.451586e-02   2.632350e-01   9.967343e-01   9.885669e-01   8.749983e-01   1.000000e+00   8.999960e-01   1.000000e+00   9.166707e-01   1.000000e+00   9.285744e-01   1.000000e+00   9.375003e-01   1.000000e+00
   9.907960e-01   9.854087e-01   1.230267e-01   3.453140e-01   9.954537e-01   9.821772e-01   8.750640e-01   1.000000e+00   8.999588e-01   9.999663e-01   9.166729e-01   9.998080e-01   9.285741e-01   9.648736e-01   9.093625e-01   1.000000e+00
   9.555992e-01   9.349416e-01   9.524605e-01   2.771786e-01   9.948132e-01   9.421750e-01   8.750771e-01   1.000000e+00   8.999991e-01   1.000000e+00   9.181215e-01   9.999288e-01   9.368470e-01   9.992161e-01   9.385369e-01   1.000000e+00
   9.830333e-01   9.985693e-01   8.793172e-02   9.768566e-01   9.947705e-01   9.942737e-01   8.867675e-01   1.000000e+00   9.000117e-01   9.999994e-01   9.869003e-01   1.000000e+00   9.460183e-01   9.904516e-01   9.374899e-01   9.999999e-01
   1.724077e-01   9.988879e-01   9.774507e-01   2.861007e-01   9.959588e-01   9.886010e-01   8.750485e-01   9.997385e-01   9.059418e-01   9.879816e-01   8.821586e-01   1.000000e+00   9.293122e-01   1.000000e+00   9.374966e-01   9.977920e-01
   9.709770e-01   9.999870e-01   9.947888e-01   9.929053e-01   9.948045e-01   9.905154e-01   8.741076e-01   1.000000e+00   8.999964e-01   1.000000e+00   9.166786e-01   9.401414e-01   9.285742e-01   9.999679e-01   9.374967e-01   9.964574e-01
   9.755955e-01   9.835982e-01   9.646337e-01   3.453140e-01   9.954537e-01   9.821772e-01   8.751931e-01   1.000000e+00   8.999942e-01   9.999999e-01   9.166729e-01   8.992381e-01   9.285741e-01   9.992221e-01   9.375485e-01   9.999999e-01
   2.385443e-01   1.000000e+00   1.115495e-01   2.770146e-01   9.951309e-01   9.370794e-01   8.750033e-01   9.997652e-01   8.999913e-01   9.999984e-01   9.166624e-01   9.999999e-01   9.284261e-01   1.000000e+00   9.374351e-01   1.000000e+00
   1.000000e+00   9.261788e-01   5.408133e-02   9.609505e-01   9.947869e-01   9.936861e-01   8.750102e-01   9.994734e-01   9.000553e-01   9.999998e-01   9.166693e-01   1.000000e+00   9.285411e-01   1.000000e+00   9.375010e-01   1.000000e+00
   1.391746e-01   9.174562e-01   9.796320e-01   9.568237e-01   9.738212e-01   9.940528e-01   8.621282e-01   9.998610e-01   9.049673e-01   1.000000e+00   9.869003e-01   9.994540e-01   9.285811e-01   9.998857e-01   9.374999e-01   9.994259e-01
   2.403738e-01   9.411708e-01   1.311179e-01   8.279492e-01   9.966742e-01   9.401249e-01   8.750034e-01   9.999999e-01   9.000130e-01   1.000000e+00   9.167388e-01   1.000000e+00   9.281248e-01   9.997854e-01   9.374999e-01   1.000000e+00
   1.000000e+00   1.000000e+00   8.495622e-02   8.081555e-01   9.950546e-01   9.664676e-01   8.750067e-01   1.000000e+00   9.000024e-01   9.997074e-01   9.166763e-01   9.969860e-01   9.285694e-01   9.999990e-01   9.374093e-01   9.999978e-01
   3.188298e-01   1.000000e+00   1.000000e+00   1.000000e+00   9.948346e-01   9.889469e-01   8.750824e-01   1.000000e+00   9.578135e-01   1.000000e+00   9.166709e-01   1.000000e+00   9.285742e-01   9.992729e-01   9.374981e-01   9.999999e-01
   2.489867e-01   9.823329e-01   9.984126e-02   2.768119e-01   9.951270e-01   9.351101e-01   8.750103e-01   9.997391e-01   9.001237e-01   1.000000e+00   9.166880e-01   9.400703e-01   9.495877e-01   9.997721e-01   9.767921e-01   9.999540e-01
   9.453830e-01   9.996143e-01   9.965809e-01   1.000000e+00   9.958517e-01   9.141329e-01   8.750026e-01   9.993927e-01   8.227009e-01   9.999999e-01   9.166707e-01   9.998758e-01   9.285754e-01   1.000000e+00   9.395882e-01   1.000000e+00
   9.445917e-01   9.687207e-01   9.645937e-01   9.934916e-01   9.959382e-01   9.121882e-01   8.747328e-01   9.997553e-01   9.095403e-01   1.000000e+00   9.166787e-01   9.998758e-01   9.751401e-01   1.000000e+00   9.167683e-01   9.994283e-01
   3.092434e-01   9.081538e-01   8.615512e-01   9.792062e-01   9.965045e-01   9.921626e-01   8.750049e-01   9.997462e-01   9.032043e-01   1.000000e+00   8.941267e-01   9.977896e-01   9.285688e-01   9.999432e-01   9.439660e-01   9.999417e-01
   9.968521e-01   9.816255e-01   9.817877e-01   9.782641e-01   9.986561e-01   9.866632e-01   8.750595e-01   9.999547e-01   8.899094e-01   9.920258e-01   9.166275e-01   9.999958e-01   9.279896e-01   1.000000e+00   9.145514e-01   9.996427e-01
   1.839123e-01   9.998913e-01   5.408143e-02   3.018407e-01   9.947768e-01   9.194760e-01   8.749985e-01   9.999988e-01   9.000002e-01   1.000000e+00   9.166791e-01   1.000000e+00   9.285742e-01   1.000000e+00   9.372619e-01   9.999890e-01
   1.000000e+00   9.999998e-01   7.473158e-01   2.095514e-01   9.761810e-01   9.377271e-01   8.750049e-01   1.000000e+00   9.000117e-01   1.000000e+00   9.167686e-01   1.000000e+00   9.281181e-01   9.992229e-01   9.374990e-01   9.999894e-01
   1.817820e-01   1.000000e+00   7.317901e-01   2.701917e-01   9.954630e-01   9.957092e-01   8.750097e-01   9.999986e-01   9.218421e-01   1.000000e+00   9.166673e-01   9.851303e-01   9.285742e-01   1.000000e+00   9.375010e-01   9.998043e-01
   9.969460e-01   9.349416e-01   1.146044e-01   2.555840e-01   8.368828e-01   9.861504e-01   8.747516e-01   9.999551e-01   9.191408e-01   1.000000e+00   8.986387e-01   9.999963e-01   9.285996e-01   9.999935e-01   9.375021e-01   9.999999e-01
   1.900324e-01   9.700661e-01   9.794952e-01   9.830856e-01   9.943446e-01   9.886051e-01   9.641909e-01   9.999792e-01   9.512455e-01   9.998919e-01   9.176816e-01   9.957083e-01   9.288307e-01   1.000000e+00   9.395013e-01   9.994713e-01
   1.768684e-01   9.987268e-01   5.394631e-02   9.683282e-01   9.836876e-01   9.759335e-01   8.749985e-01   9.999960e-01   9.000002e-01   1.000000e+00   9.165918e-01   9.685716e-01   9.285762e-01   9.999984e-01   9.372632e-01   9.999568e-01
   9.998602e-01   9.996143e-01   9.654239e-01   9.939741e-01   9.959434e-01   9.993993e-01   8.749985e-01   9.997638e-01   8.700517e-01   9.997038e-01   9.166706e-01   9.998792e-01   9.285754e-01   1.000000e+00   9.374267e-01   9.999999e-01
   9.538815e-01   1.000000e+00   8.484245e-01   9.844041e-01   9.954975e-01   8.666346e-01   8.750175e-01   9.992565e-01   9.005097e-01   9.999982e-01   9.165935e-01   9.999996e-01   9.279852e-01   9.967179e-01   9.372182e-01   9.996868e-01
   1.674477e-01   9.580081e-01   7.795874e-02   9.304944e-01   9.737401e-01   9.979678e-01   8.750072e-01   1.000000e+00   8.999963e-01   9.735634e-01   9.166795e-01   1.000000e+00   9.285741e-01   9.999990e-01   9.374990e-01   1.000000e+00
   1.000000e+00   9.999998e-01   9.799234e-01   2.749489e-01   9.959906e-01   9.921348e-01   8.750100e-01   9.999998e-01   9.000118e-01   1.000000e+00   9.166820e-01   1.000000e+00   9.285768e-01   1.000000e+00   9.374989e-01   9.978027e-01
   9.732563e-01   9.411708e-01   4.872124e-02   2.331442e-01   9.968761e-01   9.894416e-01   8.750046e-01   9.999999e-01   9.000127e-01   1.000000e+00   9.167388e-01   1.000000e+00   9.281247e-01   9.992192e-01   9.374999e-01   1.000000e+00
   3.057094e-01   9.133928e-01   3.738246e-02   2.744450e-01   9.946613e-01   9.889576e-01   8.750099e-01   1.000000e+00   8.999970e-01   1.000000e+00   9.166692e-01   1.000000e+00   9.285742e-01   9.978289e-01   9.375002e-01   9.502760e-01
   2.216942e-01   1.000000e+00   2.101742e-03   3.083526e-01   9.718895e-01   9.221807e-01   8.749988e-01   1.000000e+00   8.999915e-01   9.989076e-01   9.166480e-01   9.997796e-01   9.285762e-01   9.999984e-01   9.390706e-01   9.999819e-01
   9.645313e-01   9.974878e-01   8.785548e-01   2.932434e-01   9.739700e-01   9.955679e-01   9.069247e-01   1.000000e+00   9.000002e-01   1.000000e+00   9.166518e-01   1.000000e+00   9.285741e-01   1.000000e+00   9.372069e-01   9.999988e-01
   1.000000e+00   8.732710e-01   8.398319e-02   2.809866e-01   9.959571e-01   9.865423e-01   8.750094e-01   1.000000e+00   8.999939e-01   1.000000e+00   9.166705e-01   1.000000e+00   9.285744e-01   1.000000e+00   9.375001e-01   9.557253e-01
   1.461273e-01   4.365414e-02   7.552825e-01   7.483586e-01   9.948667e-01   9.666046e-01   8.757075e-01   9.999661e-01   8.939058e-01   1.000000e+00   9.185547e-01   9.968955e-01   9.280619e-01   9.999920e-01   9.372766e-01   9.999706e-01
   9.769292e-01   1.000000e+00   7.535598e-01   2.769142e-01   9.951344e-01   9.878240e-01   8.750046e-01   9.997652e-01   8.999961e-01   9.999985e-01   9.166625e-01   9.448583e-01   9.284260e-01   9.992183e-01   9.375001e-01   1.000000e+00
   1.398030e-01   2.824442e-02   7.667824e-01   7.483586e-01   9.986034e-01   9.981047e-01   8.621049e-01   9.999679e-01   8.999964e-01   1.000000e+00   9.185553e-01   9.999095e-01   9.285798e-01   9.997128e-01   9.374900e-01   9.993987e-01
   9.841868e-01   9.990222e-01   1.000000e+00   2.978289e-01   9.941845e-01   9.878330e-01   8.747310e-01   9.997914e-01   9.012396e-01   9.999985e-01   9.166636e-01   9.932229e-01   9.284261e-01   1.000000e+00   9.375001e-01   1.000000e+00
   9.925800e-01   9.687207e-01   7.531587e-01   9.700748e-01   9.959424e-01   8.526576e-01   8.747288e-01   9.999999e-01   8.997907e-01   9.999999e-01   9.166787e-01   9.998792e-01   9.751401e-01   1.000000e+00   9.167683e-01   9.821812e-01
   3.112771e-01   1.000000e+00   5.466037e-02   2.609650e-01   9.718312e-01   9.860383e-01   8.749985e-01   1.000000e+00   8.999915e-01   1.000000e+00   9.166791e-01   9.999902e-01   9.285743e-01   9.999984e-01   9.482180e-01   9.999924e-01
   2.810250e-01   9.327033e-01   1.000000e+00   9.761694e-01   9.797733e-01   9.952070e-01   9.625670e-01   9.999996e-01   8.744317e-01   9.996986e-01   9.078782e-01   9.963923e-01   9.285713e-01   9.995964e-01   9.374754e-01   1.000000e+00
   9.998602e-01   9.996143e-01   7.539889e-01   9.705573e-01   9.958559e-01   9.135876e-01   8.749985e-01   1.000000e+00   8.700517e-01   9.999999e-01   9.166706e-01   9.998792e-01   9.285754e-01   1.000000e+00   9.395882e-01   9.999999e-01
   1.000000e+00   9.259874e-01   4.890057e-02   1.000000e+00   9.979263e-01   9.659688e-01   8.750116e-01   9.999997e-01   9.000118e-01   1.000000e+00   9.170534e-01   1.000000e+00   9.175603e-01   1.000000e+00   9.096506e-01   1.000000e+00
   3.090226e-01   9.911288e-01   6.751792e-02   9.818742e-01   9.959554e-01   9.886426e-01   8.749986e-01   1.000000e+00   8.636042e-01   1.000000e+00   9.166703e-01   1.000000e+00   9.285744e-01   1.000000e+00   9.375010e-01   1.000000e+00
   9.999062e-01   9.152134e-01   9.817877e-01   7.857649e-01   9.976102e-01   9.953451e-01   9.732084e-01   9.999996e-01   9.003585e-01   9.919581e-01   9.166282e-01   9.996269e-01   9.275207e-01   1.000000e+00   9.145514e-01   9.989038e-01
   1.000000e+00   9.361920e-01   1.000000e+00   2.840830e-01   9.910225e-01   9.970263e-01   8.125457e-01   9.995323e-01   9.004075e-01   1.000000e+00   9.166704e-01   1.000000e+00   9.285691e-01   9.999989e-01   9.376397e-01   9.993975e-01
   9.445917e-01   9.698813e-01   8.045392e-01   3.332302e-01   9.958507e-01   9.138434e-01   8.747396e-01   1.000000e+00   8.720434e-01   9.999974e-01   9.166813e-01   9.998764e-01   9.757434e-01   1.000000e+00   9.374993e-01   9.978395e-01
   3.110411e-01   9.135490e-01   5.393918e-02   2.744450e-01   9.946613e-01   9.941105e-01   8.750099e-01   1.000000e+00   8.999970e-01   1.000000e+00   9.169612e-01   1.000000e+00   9.285742e-01   9.979008e-01   9.375003e-01   9.993193e-01
   1.000000e+00   9.088507e-01   8.247211e-01   1.000000e+00   9.977991e-01   9.943407e-01   8.750116e-01   9.876638e-01   9.000118e-01   1.000000e+00   9.166822e-01   1.000000e+00   9.285743e-01   9.954017e-01   9.441777e-01   1.000000e+00
   2.601879e-01   9.949731e-01   1.146044e-01   2.771786e-01   9.990009e-01   9.980708e-01   8.747516e-01   1.000000e+00   9.201749e-01   1.000000e+00   8.986387e-01   1.000000e+00   9.275461e-01   9.999935e-01   9.375021e-01   1.000000e+00
   2.810250e-01   9.108779e-01   9.862639e-01   9.921850e-01   9.537486e-01   9.919904e-01   9.575347e-01   9.999985e-01   8.744317e-01   9.996986e-01   9.078782e-01   9.963923e-01   9.285708e-01   9.997757e-01   9.374754e-01   1.000000e+00
   2.836975e-01   9.849279e-01   5.773399e-02   3.552378e-01   9.955655e-01   9.297805e-01   8.754622e-01   1.000000e+00   9.003501e-01   1.000000e+00   9.149781e-01   1.000000e+00   9.285741e-01   9.941340e-01   9.375048e-01   1.000000e+00
