   6.169567e-01   5.859509e-01   9.406586e-01   5.663722e-01   9.371570e-01   9.520466e-01   4.551562e-01   3.646704e-01   3.015265e-01   1.806461e-01   1.444117e-01   1.054656e-01   6.914435e-02   4.568975e-02   3.244037e-02   2.026071e-02
   9.828197e-01   5.947919e-01   7.659065e-01   2.127861e-01   0.000000e+00   9.515968e-01   4.866239e-01   3.660885e-01   2.715693e-01   2.014227e-01   1.503329e-01   1.089492e-01   6.852245e-02   5.323845e-02   3.295607e-02   2.897363e-02
   9.987725e-01   8.852309e-01   2.001983e-02   7.198869e-01   6.236715e-03   7.055223e-01   4.636284e-01   3.538393e-01   2.576333e-01   1.899432e-01   1.433426e-01   1.083018e-01   6.890283e-02   5.488616e-02   4.895088e-02   2.678995e-02
   9.991186e-01   7.383819e-01   1.055868e-03   0.000000e+00   9.852252e-01   9.480654e-01   4.122221e-01   3.302181e-01   3.014734e-01   1.806461e-01   1.438852e-01   1.083200e-01   7.142022e-02   4.568975e-02   2.968850e-02   2.048134e-02
   3.080067e-02   5.526210e-04   8.985050e-01   9.580722e-01   9.599836e-01   9.174870e-01   9.753417e-01   8.354055e-02   1.215122e-01   9.374095e-02   3.901037e-02   6.844665e-03   6.488681e-03   4.603457e-03   2.199264e-03   2.262218e-03
   9.965990e-01   2.078602e-01   4.309770e-06   4.682834e-01   5.847987e-01   9.736980e-01   4.106652e-01   1.997883e-01   1.372528e-01   9.777866e-02   7.706704e-02   4.697528e-02   2.598777e-02   2.011355e-02   9.880887e-03   8.206118e-03
   9.500413e-01   5.627781e-01   1.778824e-04   1.964565e-04   9.839498e-01   8.473086e-01   2.625791e-01   2.000838e-01   1.526419e-01   1.109355e-01   7.591918e-02   5.791131e-02   3.668002e-02   1.719136e-02   1.454536e-02   2.094911e-02
   1.000000e+00   9.938678e-01   0.000000e+00   0.000000e+00   6.693188e-01   8.454381e-01   4.814881e-01   3.542980e-01   2.697557e-01   2.011833e-01   1.438498e-01   1.076412e-01   8.131979e-02   5.226534e-02   4.788686e-02   2.881637e-02
   7.113215e-01   1.434195e-01   9.653677e-01   5.663722e-01   9.371570e-01   9.869895e-01   4.543344e-01   3.644206e-01   3.005956e-01   1.839798e-01   1.815045e-01   1.055141e-01   7.219800e-02   4.568975e-02   3.244037e-02   2.026071e-02
   1.000000e+00   1.870508e-01   4.309770e-06   4.609178e-01   5.847987e-01   9.944038e-01   4.123223e-01   2.021848e-01   1.314960e-01   9.777866e-02   7.706704e-02   7.257330e-02   2.598777e-02   2.011355e-02   9.880887e-03   8.101152e-03
   3.063314e-01   1.875437e-01   9.891269e-01   9.316622e-01   9.973290e-01   9.174399e-01   4.150124e-01   7.694822e-02   1.075872e-01   4.505988e-02   8.329408e-02   2.488757e-02   1.464428e-02   1.021597e-02   4.252022e-03   3.164025e-03
   4.351160e-01   2.078286e-01   9.743147e-01   1.000000e+00   9.982139e-01   9.969051e-01   4.573544e-01   2.237296e-01   1.373147e-01   9.804525e-02   5.938442e-02   4.697200e-02   2.425827e-02   1.761308e-02   1.105805e-02   1.221021e-02
   6.889434e-01   9.915190e-01   8.156572e-01   7.396070e-03   9.080299e-01   8.455217e-01   4.831236e-01   3.720410e-01   2.568822e-01   2.018896e-01   1.438498e-01   1.076139e-01   8.143536e-02   5.366918e-02   4.804107e-02   2.853562e-02
   8.392055e-01   5.950303e-01   3.143919e-04   1.784128e-02   9.978899e-01   9.737249e-01   4.108366e-01   1.969290e-01   1.434997e-01   9.262176e-02   7.535033e-02   6.596153e-02   2.600495e-02   1.669590e-02   1.119311e-02   7.440250e-03
   9.831957e-01   8.883305e-01   2.001983e-02   6.566531e-01   6.236715e-03   9.375615e-01   4.644323e-01   3.705378e-01   2.574472e-01   1.896350e-01   1.438603e-01   1.083477e-01   6.890283e-02   5.492200e-02   2.838864e-02   2.678995e-02
   8.395825e-01   5.886459e-01   1.161262e-03   0.000000e+00   9.983659e-01   9.971160e-01   4.542819e-01   1.998500e-01   1.466004e-01   9.261390e-02   7.657543e-02   4.849623e-02   2.398076e-02   1.662719e-02   1.117050e-02   7.589272e-03
   2.315075e-01   1.875437e-01   1.000000e+00   9.316622e-01   9.968059e-01   9.174399e-01   9.124290e-01   1.415650e-01   1.075872e-01   4.505988e-02   8.329408e-02   1.696784e-02   1.464958e-02   1.021597e-02   4.927371e-03   2.136786e-03
   4.670939e-01   1.875494e-01   5.501808e-03   9.352131e-01   9.805244e-01   9.910842e-01   4.149378e-01   8.889934e-02   3.580526e-02   1.022009e-01   4.655035e-02   8.479125e-03   1.168890e-02   3.670124e-03   4.254738e-03   5.411534e-03
   9.987833e-01   9.997166e-01   1.146828e-03   3.783299e-03   6.619425e-01   8.453241e-01   4.970767e-01   3.649701e-01   2.835021e-01   2.012773e-01   1.438732e-01   1.090950e-01   8.143285e-02   5.632661e-02   4.899973e-02   2.846801e-02
   7.107923e-01   5.915302e-01   9.406586e-01   4.018648e-01   9.371570e-01   9.092534e-01   4.551562e-01   3.826850e-01   3.015083e-01   1.840885e-01   1.438217e-01   1.054938e-01   7.198314e-02   4.828189e-02   3.244037e-02   2.896011e-02
   1.000000e+00   6.368846e-01   3.456875e-03   4.034266e-01   9.432955e-01   9.460430e-01   5.011275e-01   3.642168e-01   2.678603e-01   2.012710e-01   1.503012e-01   1.055195e-01   7.264796e-02   5.462760e-02   4.903426e-02   2.847849e-02
   4.670351e-01   3.259079e-01   0.000000e+00   5.177321e-02   9.851913e-01   9.948054e-01   9.248602e-01   1.906655e-01   2.119068e-01   2.166457e-02   3.683634e-02   6.163982e-03   3.082246e-03   2.303435e-02   4.280997e-03   2.374737e-03
   4.615056e-01   2.473339e-01   0.000000e+00   5.942491e-02   9.982868e-01   9.948054e-01   9.215426e-01   1.648468e-01   1.314701e-01   9.240653e-02   3.922343e-02   9.351893e-03   3.082246e-03   4.622733e-03   5.446441e-03   2.374737e-03
   1.000000e+00   9.929246e-01   5.499897e-03   3.851722e-01   1.129183e-01   9.741970e-01   4.831915e-01   3.642611e-01   2.824601e-01   2.025027e-01   1.438566e-01   1.055563e-01   8.059260e-02   5.149643e-02   3.287968e-02   2.846663e-02
   3.958746e-01   9.313185e-01   0.000000e+00   6.759570e-02   9.830895e-01   9.736878e-01   4.108342e-01   8.356370e-02   1.200001e-01   4.621372e-02   3.501232e-02   1.019206e-02   1.419027e-02   5.660547e-03   3.056041e-03   3.373731e-03
   9.969576e-01   7.922565e-01   3.674085e-03   0.000000e+00   1.000000e+00   9.836048e-01   4.766984e-01   3.811639e-01   2.831413e-01   1.956945e-01   1.437951e-01   1.056165e-01   8.163094e-02   5.216129e-02   3.383931e-02   2.863660e-02
   1.000000e+00   9.879255e-01   0.000000e+00   3.804481e-04   6.743406e-01   8.454375e-01   4.824298e-01   3.650480e-01   3.028942e-01   2.018815e-01   1.438498e-01   1.075889e-01   8.143362e-02   5.365364e-02   4.899358e-02   2.846756e-02
   3.069170e-01   9.982987e-01   1.442123e-04   0.000000e+00   9.840595e-01   9.941123e-01   4.153489e-01   8.355988e-02   1.080778e-01   2.694373e-02   3.903884e-02   1.042883e-02   8.592477e-02   5.543758e-03   2.950343e-03   3.150289e-03
   9.965273e-01   9.879255e-01   0.000000e+00   3.804481e-04   6.743406e-01   8.454375e-01   4.824298e-01   3.650480e-01   3.024022e-01   2.018815e-01   1.438498e-01   1.075889e-01   8.143362e-02   5.365364e-02   4.899358e-02   2.838379e-02
   2.215112e-01   2.804423e-02   9.573148e-01   9.945962e-01   9.877213e-01   9.263076e-01   9.243934e-01   8.335984e-02   1.212115e-01   4.682310e-02   3.919595e-02   9.631872e-03   1.817256e-02   5.918680e-03   3.029041e-03   3.222735e-03
   9.680130e-01   5.056577e-01   7.936195e-01   5.687962e-01   0.000000e+00   8.837526e-01   4.840157e-01   3.544798e-01   2.455317e-01   2.016451e-01   1.435995e-01   1.140596e-01   8.136413e-02   5.199438e-02   4.888247e-02   2.881465e-02
   2.245783e-01   2.804423e-02   9.246385e-01   9.945962e-01   9.971704e-01   9.253225e-01   9.387801e-01   8.335984e-02   1.063584e-01   4.552752e-02   3.920311e-02   1.009758e-02   1.408288e-02   5.519365e-03   3.107731e-03   2.755360e-03
   4.351160e-01   2.375424e-01   9.273814e-01   9.999923e-01   9.982139e-01   9.969051e-01   4.573544e-01   2.029796e-01   1.373147e-01   9.804525e-02   7.141056e-02   4.697200e-02   2.425827e-02   1.695235e-02   1.105805e-02   1.221021e-02
   9.990775e-01   9.971770e-01   3.613247e-03   2.819857e-01   1.129183e-01   9.926823e-01   4.828118e-01   3.789012e-01   2.575026e-01   1.963086e-01   1.437976e-01   1.055363e-01   8.163231e-02   5.044645e-02   3.382113e-02   2.846829e-02
   9.989014e-01   1.306054e-01   3.869907e-02   1.782155e-01   9.982321e-01   9.962498e-01   4.542677e-01   1.998350e-01   1.315185e-01   9.288109e-02   5.970712e-02   4.849769e-02   2.450909e-02   2.054110e-02   1.120554e-02   7.505800e-03
   9.989014e-01   1.306054e-01   3.869907e-02   1.618314e-01   9.955530e-01   9.730639e-01   4.541865e-01   1.904348e-01   1.315185e-01   9.288068e-02   5.723871e-02   4.849769e-02   2.421818e-02   2.054110e-02   1.120554e-02   7.505800e-03
   9.990775e-01   5.986334e-01   4.217247e-03   2.909287e-01   9.047535e-01   9.926823e-01   4.556845e-01   3.789012e-01   2.575026e-01   1.961451e-01   1.437942e-01   1.055363e-01   6.923044e-02   5.054005e-02   3.382113e-02   1.995878e-02
   4.163071e-01   5.839263e-01   3.202389e-02   9.240148e-01   9.968054e-01   9.252942e-01   4.375265e-01   7.904407e-02   1.065118e-01   4.552091e-02   4.336708e-02   1.708260e-02   1.408288e-02   5.515323e-03   4.918336e-03   3.421011e-03
   3.558504e-01   9.313185e-01   0.000000e+00   1.922958e-01   9.830895e-01   9.370611e-01   4.106280e-01   8.356370e-02   1.158148e-01   4.621372e-02   3.501232e-02   1.019206e-02   1.419027e-02   6.484735e-03   3.056041e-03   3.373731e-03
   5.499468e-01   7.640074e-01   9.315693e-05   8.622105e-01   9.851004e-01   9.724648e-01   3.994611e-01   1.969757e-01   1.429737e-01   9.392296e-02   6.135958e-02   7.256148e-02   3.733792e-02   1.748450e-02   1.432817e-02   7.390508e-03
   9.421426e-01   8.222957e-01   2.474335e-03   9.547366e-01   0.000000e+00   9.889721e-01   4.635820e-01   3.536247e-01   2.695187e-01   2.451102e-01   1.467669e-01   1.064335e-01   8.132298e-02   5.226566e-02   5.067145e-02   2.865459e-02
   9.990775e-01   8.418215e-01   2.465298e-03   2.819857e-01   0.000000e+00   9.925340e-01   4.828118e-01   3.551437e-01   2.701883e-01   1.963086e-01   1.414268e-01   1.055363e-01   8.256731e-02   5.222423e-02   4.890223e-02   2.846829e-02
   4.123178e-01   1.000000e+00   2.609434e-04   9.996556e-01   9.875577e-01   9.883525e-01   3.716729e-01   1.969757e-01   1.430559e-01   9.795505e-02   7.714102e-02   7.256148e-02   3.717415e-02   1.748231e-02   1.417385e-02   7.390508e-03
   1.000000e+00   9.845976e-01   0.000000e+00   0.000000e+00   6.743441e-01   8.454381e-01   4.814881e-01   3.542980e-01   2.697557e-01   2.011969e-01   1.438498e-01   1.076412e-01   8.104161e-02   5.226612e-02   4.671297e-02   2.697257e-02
   4.155838e-01   6.528399e-01   0.000000e+00   9.037969e-01   9.986327e-01   9.288291e-01   4.108366e-01   7.986936e-02   9.983154e-02   4.742535e-02   4.329015e-02   1.706777e-02   1.382740e-02   1.127485e-02   4.918336e-03   3.421011e-03
   9.987725e-01   8.852309e-01   0.000000e+00   6.631143e-01   6.236715e-03   7.055223e-01   4.641474e-01   3.523363e-01   2.576333e-01   1.899432e-01   1.110192e-01   1.082777e-01   6.890283e-02   4.584783e-02   3.295638e-02   2.678995e-02
   2.273675e-02   1.462756e-01   8.985050e-01   9.580722e-01   9.599836e-01   9.970851e-01   9.753417e-01   8.354055e-02   1.405642e-01   9.331847e-02   3.883551e-02   6.844665e-03   6.488681e-03   4.499695e-03   2.199264e-03   2.262218e-03
   7.113215e-01   1.434195e-01   9.653677e-01   9.209207e-01   9.371570e-01   9.869895e-01   4.377128e-01   3.528883e-01   2.971114e-01   1.853500e-01   1.812509e-01   1.026341e-01   7.219800e-02   4.521205e-02   3.244037e-02   2.074543e-02
   9.630275e-01   7.924214e-02   3.491832e-02   4.951656e-01   1.000000e+00   9.715726e-01   5.109725e-01   1.998057e-01   1.461800e-01   9.384400e-02   6.001016e-02   4.281116e-02   2.560498e-02   1.576122e-02   1.105798e-02   8.097677e-03
   3.918091e-01   1.000000e+00   0.000000e+00   9.092130e-02   9.895133e-01   9.874876e-01   3.712525e-01   1.997813e-01   1.054772e-01   4.414867e-02   3.903840e-02   2.077927e-02   1.419027e-02   5.379972e-03   2.491812e-03   3.373731e-03
   9.936600e-01   1.750861e-01   4.214729e-06   0.000000e+00   9.993300e-01   9.944038e-01   4.272900e-01   2.148061e-01   1.001171e-01   1.640512e-01   4.079671e-02   6.927214e-02   2.598777e-02   2.116518e-02   2.025682e-02   8.101152e-03
   4.048677e-01   5.897820e-01   2.541267e-02   9.240148e-01   9.880518e-01   1.000000e+00   4.375265e-01   7.904407e-02   1.065118e-01   4.552091e-02   5.201842e-02   1.708260e-02   1.394836e-02   5.515323e-03   5.155754e-03   3.421011e-03
   4.153349e-01   9.986024e-01   0.000000e+00   9.385121e-02   9.986327e-01   1.000000e+00   3.819094e-01   7.986936e-02   1.338644e-01   4.742535e-02   4.329015e-02   1.689586e-02   1.337026e-02   1.127485e-02   4.918336e-03   3.421011e-03
   8.455076e-01   5.851752e-01   3.405624e-04   6.167084e-03   9.978899e-01   9.735185e-01   3.476042e-01   2.223182e-01   1.434997e-01   9.093165e-02   7.535033e-02   5.637671e-02   2.582491e-02   2.096897e-02   1.119311e-02   7.513400e-03
   9.953550e-01   7.395094e-01   1.650712e-03   5.174518e-03   9.979310e-01   9.887896e-01   4.766648e-01   3.913907e-01   2.819877e-01   1.896239e-01   1.438960e-01   1.106304e-01   5.722820e-02   5.659928e-02   3.332753e-02   2.513269e-02
   4.524976e-01   2.342840e-02   9.573148e-01   5.381012e-02   9.874886e-01   9.956643e-01   9.243934e-01   8.398653e-02   1.212115e-01   4.682310e-02   3.919595e-02   9.631872e-03   1.817256e-02   4.655023e-03   3.029041e-03   2.332831e-03
   1.602745e-01   7.640065e-03   9.996069e-01   9.456194e-01   1.000000e+00   9.112885e-01   9.064382e-01   7.852496e-02   1.150715e-01   1.311879e-01   2.751972e-02   1.488781e-02   2.244055e-02   5.664745e-03   2.817497e-03   3.006076e-03
   9.912748e-01   5.288235e-01   3.137173e-04   1.118532e-02   5.835035e-01   9.739291e-01   2.720527e-01   1.998057e-01   1.371176e-01   9.267539e-02   7.535196e-02   4.672577e-02   2.598841e-02   2.013290e-02   1.770348e-02   8.087612e-03
   9.805887e-01   9.971770e-01   2.492265e-03   2.763262e-01   1.668575e-01   9.834248e-01   4.600996e-01   3.789012e-01   2.575026e-01   1.962172e-01   1.437767e-01   1.056201e-01   6.796913e-02   5.388905e-02   3.379876e-02   2.863566e-02
   3.958746e-01   9.313185e-01   0.000000e+00   9.024243e-02   9.831118e-01   9.741177e-01   4.143503e-01   8.463571e-02   1.055021e-01   4.621372e-02   3.503943e-02   1.019206e-02   1.419027e-02   5.653308e-03   3.056041e-03   3.373731e-03
   9.269195e-01   5.202856e-01   1.326613e-01   3.018514e-01   9.604439e-01   9.166891e-01   4.766839e-01   9.173891e-02   2.262958e-01   9.315673e-02   1.383704e-01   6.843571e-02   6.903475e-02   3.522640e-02   3.359281e-02   3.365679e-02
   9.953600e-01   7.922565e-01   1.693614e-03   5.162578e-03   9.656578e-01   9.912355e-01   4.766985e-01   3.431620e-01   2.823535e-01   1.956835e-01   1.438011e-01   1.086389e-01   8.167125e-02   5.380227e-02   3.386511e-02   2.515248e-02
   9.780320e-01   5.025190e-01   4.583979e-04   7.786591e-01   9.317599e-01   8.431749e-01   4.825896e-01   3.563450e-01   3.043564e-01   2.012314e-01   1.438340e-01   1.055628e-01   7.152776e-02   5.160113e-02   3.774093e-02   2.789100e-02
   4.615056e-01   6.002515e-01   0.000000e+00   5.995305e-02   9.973435e-01   9.291617e-01   8.916936e-01   1.683216e-01   9.940953e-02   9.240653e-02   3.922343e-02   9.351893e-03   2.738289e-03   3.675127e-03   4.297067e-03   2.346426e-03
   9.269195e-01   5.655060e-01   0.000000e+00   3.108194e-01   9.311666e-01   9.985350e-01   4.762331e-01   3.817988e-01   2.262958e-01   1.900357e-01   1.446285e-01   7.044212e-02   6.851772e-02   4.558473e-02   3.338459e-02   2.095391e-02
   9.999990e-01   8.410175e-01   1.815050e-04   2.710987e-01   1.411895e-02   9.925340e-01   5.147259e-01   3.554433e-01   2.698960e-01   1.963086e-01   1.469999e-01   1.055363e-01   8.261766e-02   5.222423e-02   3.244997e-02   4.583261e-02
   4.631443e-01   6.275754e-01   0.000000e+00   8.032094e-02   9.982868e-01   9.291617e-01   3.941801e-01   1.648468e-01   1.075938e-01   9.240653e-02   1.162572e-02   9.351893e-03   3.082246e-03   4.619351e-03   4.243564e-03   2.337136e-03
   6.211688e-01   5.075084e-01   9.406586e-01   5.634719e-01   9.372299e-01   9.571717e-01   4.551562e-01   3.646704e-01   3.015265e-01   1.811966e-01   1.444231e-01   1.054656e-01   6.901740e-02   4.568975e-02   3.770229e-02   2.026071e-02
   9.749754e-01   1.306054e-01   3.869907e-02   1.780169e-01   9.981179e-01   9.710632e-01   4.542677e-01   1.824258e-01   1.315185e-01   9.288109e-02   5.970712e-02   4.833421e-02   2.450909e-02   2.054110e-02   1.120554e-02   7.505800e-03
   3.860346e-01   5.925708e-01   0.000000e+00   9.294777e-01   9.837769e-01   9.985219e-01   4.389104e-01   2.032402e-01   1.620235e-01   1.128351e-01   5.201842e-02   1.708260e-02   1.394836e-02   1.712234e-02   5.530532e-03   3.435948e-03
   7.113215e-01   2.090841e-01   9.774770e-01   7.757512e-03   1.000000e+00   9.867955e-01   4.377128e-01   3.528883e-01   2.376082e-01   1.854654e-01   1.792114e-01   1.257271e-01   7.219800e-02   4.521205e-02   3.244037e-02   2.074543e-02
   9.738199e-01   5.025190e-01   4.583979e-04   7.815594e-01   9.316870e-01   8.380498e-01   4.591202e-01   3.563450e-01   3.043564e-01   2.006809e-01   1.438226e-01   1.055628e-01   7.165471e-02   5.160113e-02   3.247901e-02   2.789100e-02
   9.420439e-01   8.367429e-01   2.471174e-03   9.547366e-01   0.000000e+00   9.984203e-01   4.587255e-01   3.547667e-01   2.699368e-01   1.867022e-01   1.446236e-01   1.061240e-01   8.257039e-02   5.220018e-02   5.067145e-02   2.865459e-02
   9.953440e-01   7.887501e-01   4.475197e-03   5.162578e-03   9.845805e-01   9.564546e-01   4.609050e-01   3.462524e-01   2.823535e-01   1.956835e-01   1.438011e-01   1.087728e-01   8.167125e-02   5.054731e-02   3.386511e-02   2.515248e-02
   1.000000e+00   9.930453e-01   0.000000e+00   0.000000e+00   6.743441e-01   8.539496e-01   4.814933e-01   3.542980e-01   2.680435e-01   2.024400e-01   1.438498e-01   1.076412e-01   8.102548e-02   5.414975e-02   4.671297e-02   2.697257e-02
   1.000000e+00   9.997592e-01   3.545857e-03   4.058512e-04   6.684316e-01   8.454297e-01   4.824298e-01   3.716687e-01   2.696038e-01   2.020911e-01   1.438498e-01   1.076139e-01   8.143448e-02   5.249433e-02   3.888714e-02   2.868604e-02
   9.997648e-01   9.971770e-01   2.567326e-03   2.763262e-01   1.734501e-01   9.834248e-01   4.600996e-01   3.788748e-01   2.575026e-01   1.962172e-01   1.437767e-01   1.057275e-01   6.796913e-02   5.388905e-02   3.379876e-02   2.863566e-02
   9.500413e-01   5.528227e-01   1.987722e-02   1.964565e-04   9.995736e-01   8.473086e-01   2.625791e-01   3.917346e-01   1.489035e-01   1.109355e-01   7.605539e-02   5.791131e-02   3.693820e-02   5.511003e-02   1.454536e-02   2.094911e-02
   4.307593e-01   6.419422e-01   0.000000e+00   1.788232e-01   9.982868e-01   9.291617e-01   3.941801e-01   1.648468e-01   1.048801e-01   9.288042e-02   5.867851e-02   9.351893e-03   2.430897e-02   4.686048e-03   4.243564e-03   2.337136e-03
   1.839467e-02   1.000000e+00   8.874769e-01   9.580163e-01   9.875577e-01   9.883525e-01   3.716729e-01   1.969757e-01   1.217787e-01   9.795505e-02   4.176745e-02   7.256148e-02   3.717415e-02   1.748231e-02   1.417385e-02   2.218758e-03
   9.936398e-01   5.859584e-01   2.676753e-08   7.595831e-03   6.444726e-01   8.726427e-01   4.005792e-01   2.237172e-01   1.533237e-01   1.399394e-01   7.596697e-02   5.776994e-02   3.770780e-02   2.083799e-02   1.811135e-02   8.825066e-03
   9.999951e-01   9.230747e-01   7.178298e-04   2.966200e-01   2.575238e-01   9.872358e-01   4.611066e-01   3.582422e-01   2.826058e-01   1.896371e-01   1.434268e-01   1.086385e-01   6.804292e-02   5.693635e-02   3.460331e-02   2.888415e-02
   9.990775e-01   5.983198e-01   4.217247e-03   2.909287e-01   9.047535e-01   9.972786e-01   4.556845e-01   3.789012e-01   2.569231e-01   1.961451e-01   1.438229e-01   1.055626e-01   6.923044e-02   5.162636e-02   3.382113e-02   1.995878e-02
   9.417991e-01   9.938678e-01   0.000000e+00   0.000000e+00   6.693188e-01   8.454381e-01   4.814881e-01   3.547703e-01   2.697712e-01   2.004140e-01   1.445756e-01   1.061196e-01   8.131979e-02   5.226534e-02   5.415701e-03   2.881637e-02
   9.675803e-01   1.751637e-01   7.936195e-01   5.687962e-01   2.705464e-02   9.912773e-01   4.824675e-01   3.544607e-01   2.455317e-01   2.014642e-01   1.435995e-01   1.024599e-01   8.119350e-02   5.199438e-02   4.888247e-02   2.065010e-02
   4.176959e-01   5.839263e-01   2.911539e-02   1.129640e-01   9.589683e-01   9.222758e-01   4.339957e-01   2.234378e-01   1.055000e-01   4.552091e-02   4.336708e-02   1.708260e-02   5.609895e-03   5.515323e-03   3.564152e-03   3.474209e-03
   4.766120e-01   9.993649e-01   1.755105e-05   3.015375e-02   9.830077e-01   9.874600e-01   3.737792e-01   2.016504e-01   1.430561e-01   9.833883e-02   4.132356e-02   9.690632e-03   3.771493e-02   5.978450e-03   1.437001e-02   7.478995e-03
   9.738199e-01   5.028325e-01   4.583979e-04   7.815594e-01   9.316870e-01   8.334535e-01   4.591202e-01   3.563450e-01   3.049359e-01   2.006809e-01   1.437939e-01   1.055364e-01   7.165471e-02   5.051482e-02   3.247901e-02   2.789100e-02
   9.809871e-01   9.971770e-01   3.642554e-03   2.815737e-01   1.659360e-01   9.935472e-01   4.600996e-01   3.789012e-01   2.575026e-01   1.962172e-01   1.437767e-01   1.055363e-01   6.796913e-02   5.067560e-02   3.382113e-02   2.863586e-02
   9.294643e-01   5.024088e-01   3.574345e-02   2.823856e-03   8.945041e-01   8.616899e-01   5.107813e-01   3.567324e-01   2.260846e-01   1.044167e-01   1.444051e-01   4.223038e-02   2.558516e-02   5.158429e-02   1.078904e-02   4.399426e-03
   8.352420e-01   5.894182e-01   1.093899e-03   0.000000e+00   9.985116e-01   9.979773e-01   4.542792e-01   1.998500e-01   1.474468e-01   9.261390e-02   7.657543e-02   4.963176e-02   2.398076e-02   1.662719e-02   1.117050e-02   7.075279e-03
   3.720570e-01   8.897552e-01   9.450272e-01   1.608322e-01   4.958609e-02   9.973177e-01   5.528874e-01   1.999533e-01   1.462231e-01   9.406215e-02   7.647645e-02   3.995832e-02   2.560837e-02   1.207344e-02   1.133773e-02   4.456508e-02
   1.000000e+00   9.476185e-01   0.000000e+00   0.000000e+00   6.690187e-01   8.442567e-01   4.972265e-01   3.542980e-01   2.739186e-01   1.871741e-01   1.109475e-01   1.081887e-01   8.320015e-02   5.207768e-02   4.788686e-02   2.881637e-02
   9.997613e-01   7.879779e-01   4.542560e-03   5.162578e-03   9.844348e-01   9.555933e-01   4.609077e-01   3.462524e-01   2.815071e-01   1.956835e-01   1.438011e-01   1.076372e-01   8.167125e-02   5.054731e-02   3.386511e-02   2.566647e-02
   1.000000e+00   6.368846e-01   3.456875e-03   3.723984e-01   9.389324e-01   9.954290e-01   4.684250e-01   3.642168e-01   2.678603e-01   2.012710e-01   1.503012e-01   1.087115e-01   7.256613e-02   5.462760e-02   2.724900e-02   2.988086e-02
   9.987725e-01   5.848025e-01   2.001983e-02   7.198869e-01   9.548268e-01   7.284893e-01   4.645034e-01   3.528330e-01   2.576333e-01   1.899432e-01   1.433426e-01   1.115815e-01   6.895393e-02   8.494951e-02   4.895088e-02   2.678995e-02
   8.571796e-01   5.851752e-01   3.405624e-04   3.028384e-02   9.982132e-01   9.735185e-01   3.476042e-01   2.224759e-01   1.430550e-01   9.106363e-02   7.535033e-02   5.786339e-02   3.758945e-02   2.096897e-02   1.119311e-02   7.513400e-03
   9.660310e-01   7.924214e-02   3.573561e-02   7.330530e-04   1.000000e+00   9.715726e-01   4.050613e-01   1.998057e-01   1.863480e-01   9.384400e-02   6.001016e-02   4.281616e-02   2.560498e-02   1.576122e-02   1.105798e-02   8.097677e-03
   7.113215e-01   2.090841e-01   9.260492e-01   1.000000e+00   1.000000e+00   9.972068e-01   4.377128e-01   3.528883e-01   2.376082e-01   1.950403e-01   1.792114e-01   1.262623e-01   2.514548e-02   4.521205e-02   3.244037e-02   2.057198e-02
   9.676397e-01   6.368846e-01   3.456875e-03   4.034266e-01   9.589524e-01   9.460430e-01   5.011275e-01   3.642168e-01   2.678603e-01   2.012741e-01   1.503233e-01   1.026464e-01   7.264796e-02   5.468106e-02   4.903426e-02   2.847849e-02
   9.888292e-01   1.635201e-01   3.869907e-02   1.770677e-01   9.835227e-01   9.969161e-01   3.716109e-01   2.000406e-01   1.407209e-01   9.331735e-02   5.970712e-02   4.645225e-02   2.445808e-02   1.960643e-02   1.120554e-02   7.478927e-03
   9.675803e-01   1.751637e-01   7.852354e-01   0.000000e+00   9.799695e-01   9.912773e-01   4.824675e-01   3.544607e-01   2.455317e-01   1.956421e-01   1.435995e-01   1.024599e-01   8.168048e-02   5.199438e-02   3.375882e-02   2.065010e-02
   9.953550e-01   7.354246e-01   0.000000e+00   5.861369e-02   9.979310e-01   9.669433e-01   4.766648e-01   4.281195e-01   2.819877e-01   1.896239e-01   1.438960e-01   1.106304e-01   5.722820e-02   5.731280e-02   3.214515e-02   2.513269e-02
   5.499468e-01   1.824228e-01   0.000000e+00   9.982154e-01   9.977689e-01   9.724598e-01   4.686502e-01   2.031083e-01   1.429737e-01   9.392296e-02   6.135958e-02   7.256148e-02   1.361441e-02   5.205271e-03   1.432817e-02   1.574873e-02
   9.980574e-01   9.938678e-01   0.000000e+00   0.000000e+00   6.693188e-01   8.454381e-01   4.814881e-01   3.547703e-01   2.697713e-01   2.004158e-01   1.447484e-01   1.076549e-01   8.101273e-02   5.217531e-02   4.829445e-02   2.881817e-02
   9.804433e-01   9.929246e-01   2.576371e-03   3.803170e-01   1.662773e-01   9.741970e-01   4.591120e-01   3.765425e-01   2.835081e-01   2.025569e-01   1.437771e-01   1.055563e-01   8.059260e-02   5.149643e-02   3.377872e-02   2.846663e-02
   9.993158e-01   2.079254e-01   6.260696e-02   4.682834e-01   6.602853e-01   9.736980e-01   4.107644e-01   1.865481e-01   1.499179e-01   9.866806e-02   7.706704e-02   4.696669e-02   2.598777e-02   2.002309e-02   9.880887e-03   7.579545e-03
   7.117543e-01   4.821829e-01   9.653677e-01   9.209207e-01   9.101746e-01   8.794648e-01   4.387009e-01   3.543588e-01   2.971114e-01   2.023129e-01   1.811850e-01   1.142910e-01   8.093225e-02   4.521205e-02   3.252174e-02   2.890998e-02
   5.480693e-01   6.651702e-01   2.503050e-04   8.693339e-01   9.954902e-01   9.277244e-01   3.296031e-01   2.041835e-01   1.067578e-01   9.796173e-02   7.473560e-02   7.139372e-02   3.763129e-02   4.535487e-03   1.552923e-02   5.106637e-03
   8.477492e-01   5.443013e-01   3.359610e-04   7.786591e-01   9.314240e-01   9.683249e-01   3.510147e-01   3.498745e-01   3.005056e-01   1.974686e-01   1.438156e-01   5.728166e-02   7.101318e-02   5.160113e-02   3.774093e-02   2.789100e-02
   9.999406e-01   1.751637e-01   7.936195e-01   5.687962e-01   1.139770e-02   9.912773e-01   4.824675e-01   4.812811e-01   2.455317e-01   2.014612e-01   1.435774e-01   1.053330e-01   8.119350e-02   5.194093e-02   4.888247e-02   2.065010e-02
   4.766120e-01   9.647839e-01   1.755105e-05   3.255097e-02   9.979439e-01   9.874600e-01   4.677247e-01   2.016504e-01   1.430561e-01   9.833883e-02   4.132356e-02   1.173607e-02   3.776146e-02   5.978450e-03   1.437001e-02   7.505837e-03
   4.615056e-01   6.043362e-01   1.723075e-03   6.513882e-03   9.973435e-01   9.291617e-01   8.916936e-01   1.683216e-01   9.940953e-02   9.240653e-02   3.922343e-02   9.351893e-03   2.738289e-03   2.961608e-03   5.479451e-03   2.346426e-03
   4.351160e-01   2.197563e-01   9.437677e-01   8.639874e-01   9.855454e-01   9.969051e-01   4.573544e-01   1.968470e-01   1.373147e-01   1.145059e-01   7.141056e-02   4.697200e-02   2.425827e-02   1.695235e-02   1.105805e-02   7.318182e-03
   9.738199e-01   5.025190e-01   1.363520e-04   7.785393e-01   9.316870e-01   8.392674e-01   4.585569e-01   3.704785e-01   3.043564e-01   2.006750e-01   1.438617e-01   1.055628e-01   7.165471e-02   5.160113e-02   3.224330e-02   2.789100e-02
   8.368657e-01   9.999347e-01   1.230825e-03   0.000000e+00   5.881025e-01   8.486776e-01   4.541827e-01   1.997884e-01   1.373191e-01   2.025692e-01   7.620986e-02   4.667266e-02   2.398076e-02   1.671765e-02   1.117050e-02   8.215846e-03
   9.830328e-01   6.085962e-01   7.659065e-01   2.127861e-01   0.000000e+00   9.557388e-01   4.610843e-01   3.657397e-01   2.715560e-01   1.955834e-01   1.503329e-01   1.089492e-01   6.843187e-02   5.323845e-02   3.384085e-02   2.892065e-02
   9.913019e-01   4.352843e-01   3.137173e-04   2.685851e-05   5.835035e-01   9.739291e-01   2.720527e-01   1.998057e-01   1.371176e-01   2.035479e-01   7.680013e-02   4.672577e-02   2.475284e-02   2.013290e-02   1.770348e-02   8.087612e-03
   9.742721e-04   9.856880e-01   8.874769e-01   9.580163e-01   9.875577e-01   9.883525e-01   3.716729e-01   1.969757e-01   1.217399e-01   9.838776e-02   4.176745e-02   7.261424e-02   3.717415e-02   1.748231e-02   1.417385e-02   2.218758e-03
