   5.896649e-01   5.896652e-01   5.896665e-01   5.896701e-01   5.896801e-01   5.897059e-01   5.897781e-01   1.658943e+01
   5.896663e-01   5.896673e-01   5.896713e-01   5.896827e-01   5.897137e-01   5.897935e-01   5.899408e-01   1.658904e+01
   5.896645e-01   5.896654e-01   5.896690e-01   5.896799e-01   5.897084e-01   5.897823e-01   5.899250e-01   1.658907e+01
   5.986128e-01   6.081765e-01   6.471939e-01   7.580816e-01   1.061650e+00   1.893362e+00   4.108173e+00   9.439756e+00
   5.922629e-01   5.951780e-01   6.065886e-01   6.393867e-01   7.278195e-01   9.564487e-01   1.598827e+00   1.453899e+01
   5.935364e-01   5.977003e-01   6.141206e-01   6.616600e-01   7.892395e-01   1.122960e+00   2.051669e+00   1.361793e+01
   5.928722e-01   5.962690e-01   6.100114e-01   6.497519e-01   7.576343e-01   1.053381e+00   1.841114e+00   1.404668e+01
   6.069815e-01   6.080270e-01   6.126457e-01   6.256382e-01   6.527675e-01   7.172744e-01   8.715349e-01   1.600649e+01
   6.029847e-01   6.164706e-01   6.722620e-01   8.356606e-01   1.264932e+00   2.094359e+00   4.091504e+00   8.590379e+00
   6.215142e-01   6.269488e-01   6.488938e-01   7.140913e-01   8.490597e-01   1.169445e+00   1.912116e+00   1.366219e+01
   5.896643e-01   5.896646e-01   5.896657e-01   5.896692e-01   5.896783e-01   5.897018e-01   5.897679e-01   1.658945e+01
   5.962214e-01   6.029590e-01   6.289761e-01   7.073220e-01   9.129163e-01   1.446783e+00   2.946281e+00   1.180293e+01
   5.896650e-01   5.896660e-01   5.896699e-01   5.896807e-01   5.897110e-01   5.897886e-01   5.899305e-01   1.658906e+01
   6.433750e-01   6.528590e-01   6.934878e-01   8.021594e-01   1.102030e+00   1.920461e+00   3.338833e+00   1.045478e+01
   6.283769e-01   6.335816e-01   6.547345e-01   7.152724e-01   8.798509e-01   1.191070e+00   1.953847e+00   1.359093e+01
   5.935076e-01   5.976401e-01   6.139273e-01   6.611046e-01   7.877078e-01   1.118821e+00   2.040422e+00   1.364089e+01
   5.896606e-01   5.896609e-01   5.896622e-01   5.896658e-01   5.896755e-01   5.897010e-01   5.897717e-01   1.658943e+01
   5.896655e-01   5.896664e-01   5.896698e-01   5.896793e-01   5.897058e-01   5.897737e-01   5.899643e-01   1.658906e+01
   6.215199e-01   6.290516e-01   6.583805e-01   7.482502e-01   9.906746e-01   1.448507e+00   3.105849e+00   1.154993e+01
   6.180323e-01   6.313832e-01   6.836818e-01   8.339888e-01   1.153097e+00   1.906105e+00   4.490368e+00   8.700572e+00
   6.131374e-01   6.189283e-01   6.415364e-01   7.082400e-01   8.478954e-01   1.193867e+00   2.348273e+00   1.307036e+01
   6.462608e-01   6.573642e-01   7.005509e-01   8.255781e-01   1.164861e+00   2.091997e+00   3.696977e+00   9.640920e+00
   5.962212e-01   6.029592e-01   6.289764e-01   7.073261e-01   9.129287e-01   1.446753e+00   2.946280e+00   1.180293e+01
   5.896645e-01   5.896654e-01   5.896691e-01   5.896800e-01   5.897089e-01   5.897838e-01   5.899218e-01   1.658907e+01
   6.151200e-01   6.181007e-01   6.315807e-01   6.693846e-01   7.483219e-01   9.360160e-01   1.384864e+00   1.486788e+01
   6.114479e-01   6.160186e-01   6.369706e-01   6.948777e-01   8.455976e-01   1.147178e+00   2.213683e+00   1.334282e+01
   5.896641e-01   5.896641e-01   5.896641e-01   5.896641e-01   5.896641e-01   5.896641e-01   5.896641e-01   1.658966e+01
   5.911343e-01   5.927292e-01   5.997210e-01   6.180898e-01   6.687865e-01   7.993971e-01   1.166435e+00   1.541757e+01
   5.979751e-01   6.058071e-01   6.363271e-01   7.244629e-01   9.592342e-01   1.582183e+00   3.302374e+00   1.107984e+01
   6.109272e-01   6.156178e-01   6.362665e-01   6.914484e-01   8.430926e-01   1.258026e+00   2.362398e+00   1.303281e+01
   5.958227e-01   6.025888e-01   6.287196e-01   7.073982e-01   9.113533e-01   1.446333e+00   2.945851e+00   1.180250e+01
   6.117763e-01   6.184486e-01   6.443685e-01   7.193165e-01   9.240725e-01   1.441011e+00   2.912506e+00   1.191866e+01
   6.140980e-01   6.230965e-01   6.585302e-01   7.595126e-01   1.033857e+00   1.553312e+00   3.444916e+00   1.083587e+01
   5.924631e-01   5.946433e-01   6.030873e-01   6.287745e-01   6.956320e-01   8.697078e-01   1.356299e+00   1.503298e+01
   6.297052e-01   6.353286e-01   6.582379e-01   7.237221e-01   8.630899e-01   1.192003e+00   1.954780e+00   1.359186e+01
   5.944212e-01   5.985397e-01   6.148575e-01   6.634876e-01   7.893548e-01   1.120238e+00   1.748769e+00   1.397162e+01
   6.241121e-01   6.301671e-01   6.563019e-01   7.245091e-01   9.159598e-01   1.440357e+00   2.344165e+00   1.267483e+01
   6.155108e-01   6.240942e-01   6.572897e-01   7.537377e-01   1.015588e+00   1.509335e+00   2.711931e+00   1.179931e+01
   5.917012e-01   5.935548e-01   6.005918e-01   6.222527e-01   6.785436e-01   8.248680e-01   1.233687e+00   1.528017e+01
   6.299082e-01   6.374296e-01   6.719073e-01   7.639509e-01   1.015076e+00   1.491412e+00   3.227091e+00   1.132964e+01
   6.149971e-01   6.233726e-01   6.593157e-01   7.502237e-01   1.003477e+00   1.662960e+00   2.932362e+00   1.136393e+01
   6.252720e-01   6.303020e-01   6.512107e-01   7.106768e-01   8.694930e-01   1.180115e+00   1.947461e+00   1.361863e+01
   6.145226e-01   6.213166e-01   6.476973e-01   7.212145e-01   9.241004e-01   1.310404e+00   2.253093e+00   1.285856e+01
   6.071583e-01   6.080259e-01   6.117772e-01   6.217791e-01   6.435178e-01   6.946687e-01   8.258592e-01   1.612022e+01
   6.184763e-01   6.218264e-01   6.350190e-01   6.746251e-01   7.779918e-01   9.754298e-01   1.694412e+00   1.442314e+01
   5.896642e-01   5.896652e-01   5.896692e-01   5.896805e-01   5.897113e-01   5.897895e-01   5.899383e-01   1.658904e+01
   6.163380e-01   6.291183e-01   6.817451e-01   8.339503e-01   1.143251e+00   2.215606e+00   4.219082e+00   8.604460e+00
   5.928417e-01   5.953127e-01   6.048217e-01   6.337649e-01   7.092172e-01   9.055804e-01   1.454471e+00   1.483369e+01
   6.177460e-01   6.295858e-01   6.810092e-01   8.237245e-01   1.204858e+00   2.223806e+00   4.038151e+00   8.764034e+00
   6.146391e-01   6.169146e-01   6.261314e-01   6.527591e-01   7.072621e-01   8.959781e-01   1.225545e+00   1.523068e+01
   6.315696e-01   6.425131e-01   6.895288e-01   8.138619e-01   1.159753e+00   2.096927e+00   3.729831e+00   9.517954e+00
   5.982728e-01   6.071472e-01   6.428099e-01   7.434888e-01   1.022784e+00   1.785429e+00   3.817639e+00   1.003222e+01
   6.102680e-01   6.132315e-01   6.253643e-01   6.598352e-01   7.501139e-01   9.390689e-01   1.375099e+00   1.486283e+01
   5.975787e-01   6.050467e-01   6.357005e-01   7.235524e-01   9.597575e-01   1.581748e+00   3.301771e+00   1.107935e+01
   5.963214e-01   6.027857e-01   6.289998e-01   7.073836e-01   9.127824e-01   1.446778e+00   2.946307e+00   1.180293e+01
   6.211470e-01   6.262861e-01   6.473260e-01   7.069817e-01   8.640595e-01   1.170701e+00   1.908861e+00   1.366209e+01
   5.948309e-01   5.986540e-01   6.131554e-01   6.565807e-01   7.486120e-01   1.035139e+00   1.794599e+00   1.413123e+01
   6.087379e-01   6.178233e-01   6.543784e-01   7.532056e-01   1.024335e+00   1.550483e+00   3.447954e+00   1.081178e+01
   6.174606e-01   6.223985e-01   6.426930e-01   7.005744e-01   8.581040e-01   1.155143e+00   1.878628e+00   1.371998e+01
   5.988626e-01   5.992099e-01   6.005613e-01   6.044759e-01   6.150447e-01   6.429190e-01   6.929122e-01   1.638288e+01
   6.074484e-01   6.077039e-01   6.087347e-01   6.116987e-01   6.197356e-01   6.360152e-01   6.747274e-01   1.645469e+01
   6.143594e-01   6.199935e-01   6.421342e-01   7.094863e-01   8.446071e-01   1.185316e+00   1.981428e+00   1.351780e+01
   5.962293e-01   6.027589e-01   6.289146e-01   7.072609e-01   9.128549e-01   1.446721e+00   2.946220e+00   1.180286e+01
   5.925408e-01   5.957154e-01   6.081472e-01   6.438699e-01   7.173957e-01   9.564582e-01   1.598955e+00   1.453903e+01
   5.922047e-01   5.946491e-01   6.051759e-01   6.330707e-01   6.922357e-01   8.453731e-01   1.336729e+00   1.507039e+01
   6.110659e-01   6.167701e-01   6.401233e-01   7.064726e-01   8.793751e-01   1.242860e+00   2.064215e+00   1.327215e+01
   5.945591e-01   5.971613e-01   6.084293e-01   6.397976e-01   7.231142e-01   9.399766e-01   1.354780e+00   1.487128e+01
   6.204299e-01   6.258637e-01   6.500396e-01   7.175991e-01   8.525089e-01   1.326499e+00   2.530504e+00   1.271960e+01
   6.093122e-01   6.115824e-01   6.210200e-01   6.463029e-01   7.006684e-01   8.876137e-01   1.217255e+00   1.523698e+01
   6.040488e-01   6.177091e-01   6.724630e-01   8.205602e-01   1.237579e+00   2.028350e+00   4.050635e+00   8.806084e+00
   6.236090e-01   6.363516e-01   6.919577e-01   8.416997e-01   1.173199e+00   2.264791e+00   4.095485e+00   8.663092e+00
   5.896620e-01   5.896629e-01   5.896664e-01   5.896764e-01   5.897036e-01   5.897738e-01   5.899698e-01   1.658903e+01
   6.175863e-01   6.312244e-01   6.865474e-01   8.471729e-01   1.275610e+00   2.103754e+00   4.089008e+00   8.641017e+00
   6.196778e-01   6.315153e-01   6.837550e-01   8.312590e-01   1.128201e+00   1.899675e+00   3.645579e+00   9.759335e+00
   6.447014e-01   6.567089e-01   7.033215e-01   8.428982e-01   1.131689e+00   1.824612e+00   3.511829e+00   1.018230e+01
   5.992659e-01   6.090182e-01   6.466138e-01   7.569607e-01   1.049681e+00   1.614727e+00   3.652518e+00   1.036669e+01
   6.087417e-01   6.114381e-01   6.234918e-01   6.570228e-01   7.241844e-01   9.001219e-01   1.298337e+00   1.504621e+01
   5.926685e-01   5.951578e-01   6.053249e-01   6.353510e-01   7.141372e-01   8.748571e-01   1.261029e+00   1.507859e+01
   5.993333e-01   6.093639e-01   6.488968e-01   7.634080e-01   1.070705e+00   1.877895e+00   4.116590e+00   9.421948e+00
   5.974919e-01   6.040574e-01   6.337710e-01   7.117445e-01   8.750667e-01   1.275743e+00   2.624466e+00   1.244817e+01
   5.934199e-01   5.959035e-01   6.070463e-01   6.356620e-01   6.971283e-01   8.957329e-01   1.261786e+00   1.507935e+01
   5.933659e-01   5.973503e-01   6.132491e-01   6.588411e-01   7.814422e-01   1.102087e+00   1.994552e+00   1.373411e+01
   6.165098e-01   6.189948e-01   6.291264e-01   6.595668e-01   7.193878e-01   8.683349e-01   1.222085e+00   1.524398e+01
   5.961695e-01   6.032276e-01   6.310447e-01   7.116201e-01   9.278483e-01   1.493364e+00   3.068452e+00   1.155211e+01
   6.097185e-01   6.107447e-01   6.149973e-01   6.272113e-01   6.593131e-01   7.494277e-01   9.246338e-01   1.590958e+01
   5.929253e-01   5.963702e-01   6.103051e-01   6.506074e-01   7.600121e-01   1.059932e+00   1.858780e+00   1.401081e+01
   6.014890e-01   6.110651e-01   6.498205e-01   7.649455e-01   1.074691e+00   1.915900e+00   4.164596e+00   9.331486e+00
   5.931868e-01   5.948624e-01   6.013232e-01   6.201448e-01   6.709292e-01   8.016757e-01   1.169388e+00   1.541755e+01
   6.182640e-01   6.267360e-01   6.594822e-01   7.546329e-01   1.012961e+00   1.500066e+00   2.743083e+00   1.180216e+01
   6.152146e-01   6.207943e-01   6.425495e-01   7.083088e-01   8.766381e-01   1.205390e+00   1.996416e+00   1.344182e+01
   6.185130e-01   6.290361e-01   6.695630e-01   7.870720e-01   1.106186e+00   1.979530e+00   4.308948e+00   9.088722e+00
   6.112146e-01   6.160332e-01   6.348716e-01   6.890210e-01   8.358471e-01   1.238885e+00   2.313331e+00   1.313798e+01
   6.334051e-01   6.431797e-01   6.809681e-01   7.904489e-01   1.084410e+00   1.846970e+00   3.979174e+00   9.801462e+00
   6.114449e-01   6.179281e-01   6.461784e-01   7.218307e-01   8.942134e-01   1.448963e+00   2.385773e+00   1.254546e+01
   6.193112e-01   6.312421e-01   6.838290e-01   8.244860e-01   1.197533e+00   2.252067e+00   4.120855e+00   8.644004e+00
   5.896625e-01   5.896629e-01   5.896643e-01   5.896683e-01   5.896790e-01   5.897068e-01   5.897580e-01   1.658944e+01
   6.168201e-01   6.291313e-01   6.767417e-01   8.150341e-01   1.188198e+00   1.916082e+00   4.490079e+00   8.700284e+00
   5.972059e-01   6.052613e-01   6.363708e-01   7.300403e-01   9.281710e-01   1.554474e+00   2.723935e+00   1.180274e+01
   6.000853e-01   6.081905e-01   6.397751e-01   7.309851e-01   9.744003e-01   1.637898e+00   3.428516e+00   1.082911e+01
   6.225639e-01   6.272393e-01   6.463806e-01   7.006531e-01   8.420276e-01   1.120690e+00   1.789793e+00   1.394032e+01
   5.931596e-01   5.969485e-01   6.135686e-01   6.575203e-01   7.780352e-01   1.109542e+00   1.994523e+00   1.373408e+01
   5.976706e-01   6.011543e-01   6.145336e-01   6.555258e-01   7.359878e-01   1.003535e+00   1.712837e+00   1.431874e+01
   6.235153e-01   6.307971e-01   6.591134e-01   7.461970e-01   9.806033e-01   1.578208e+00   3.260523e+00   1.124402e+01
   6.292602e-01   6.348773e-01   6.577592e-01   7.231683e-01   8.628487e-01   1.191477e+00   1.954137e+00   1.359189e+01
   6.070024e-01   6.097430e-01   6.208605e-01   6.531390e-01   7.392285e-01   9.596323e-01   1.367566e+00   1.486015e+01
   6.009142e-01   6.112991e-01   6.529055e-01   7.654571e-01   1.074239e+00   1.940366e+00   3.504410e+00   1.002022e+01
   6.295243e-01   6.399206e-01   6.811884e-01   7.985572e-01   1.040467e+00   1.631607e+00   3.640502e+00   1.047659e+01
   6.169222e-01   6.194138e-01   6.295627e-01   6.600591e-01   7.199903e-01   8.679392e-01   1.222891e+00   1.524439e+01
   6.244060e-01   6.307333e-01   6.580422e-01   7.293141e-01   9.273993e-01   1.474375e+00   2.417831e+00   1.250923e+01
   5.993620e-01   6.093946e-01   6.505337e-01   7.695034e-01   1.091108e+00   1.972345e+00   4.325595e+00   8.998570e+00
   6.185320e-01   6.317667e-01   6.862461e-01   8.438400e-01   1.254889e+00   2.062765e+00   4.220856e+00   8.606233e+00
   6.012090e-01   6.092083e-01   6.420855e-01   7.361658e-01   9.287901e-01   1.598981e+00   3.304902e+00   1.108249e+01
   6.131322e-01   6.214294e-01   6.570732e-01   7.472117e-01   1.003078e+00   1.657526e+00   2.966922e+00   1.132778e+01
   6.131281e-01   6.190427e-01   6.444420e-01   7.106755e-01   8.992661e-01   1.272162e+00   2.565255e+00   1.262967e+01
   6.103443e-01   6.168842e-01   6.420628e-01   7.148739e-01   9.156612e-01   1.428693e+00   2.369103e+00   1.257548e+01
   5.989711e-01   5.992642e-01   6.004511e-01   6.038695e-01   6.131624e-01   6.375328e-01   7.048188e-01   1.638302e+01
   6.341800e-01   6.386341e-01   6.582518e-01   7.090976e-01   8.511834e-01   1.236155e+00   1.906920e+00   1.371209e+01
   6.310453e-01   6.398432e-01   6.790597e-01   7.841671e-01   1.070930e+00   1.614829e+00   2.939723e+00   1.132982e+01
   6.080106e-01   6.107422e-01   6.229610e-01   6.569485e-01   7.250244e-01   9.033573e-01   1.288410e+00   1.504544e+01
   5.993145e-01   6.088506e-01   6.477553e-01   7.583116e-01   1.060998e+00   1.886830e+00   4.091953e+00   9.473596e+00
   5.992245e-01   6.079785e-01   6.421796e-01   7.408328e-01   1.012582e+00   1.518843e+00   2.765152e+00   1.163407e+01
   5.930114e-01   5.949006e-01   6.021853e-01   6.233990e-01   6.806879e-01   8.281014e-01   1.242727e+00   1.526738e+01
   5.970931e-01   6.042198e-01   6.335348e-01   7.222640e-01   9.517182e-01   1.550575e+00   2.724315e+00   1.180297e+01
   5.961738e-01   6.028569e-01   6.286156e-01   7.063007e-01   9.101000e-01   1.453021e+00   2.946282e+00   1.180293e+01
   5.896643e-01   5.896652e-01   5.896688e-01   5.896789e-01   5.897062e-01   5.897776e-01   5.899765e-01   1.658903e+01
   6.069804e-01   6.080266e-01   6.126510e-01   6.256585e-01   6.528190e-01   7.174004e-01   8.712336e-01   1.600649e+01
   6.144692e-01   6.234446e-01   6.596792e-01   7.652807e-01   1.042380e+00   1.586297e+00   2.885930e+00   1.139756e+01
   5.991625e-01   6.090526e-01   6.471183e-01   7.577171e-01   1.058826e+00   1.878314e+00   4.067569e+00   9.518577e+00
   5.933597e-01   5.969958e-01   6.115040e-01   6.530982e-01   7.638538e-01   1.053178e+00   1.864303e+00   1.400067e+01
   6.322565e-01   6.437643e-01   6.887333e-01   8.179272e-01   1.169918e+00   2.075091e+00   3.730018e+00   9.518140e+00
   6.029565e-01   6.163985e-01   6.720041e-01   8.348685e-01   1.262731e+00   2.089436e+00   4.101918e+00   8.591627e+00
   6.090398e-01   6.187675e-01   6.579089e-01   7.637244e-01   1.054029e+00   1.617386e+00   3.639958e+00   1.041250e+01
   6.141038e-01   6.208807e-01   6.472168e-01   7.206009e-01   9.231195e-01   1.312243e+00   2.251540e+00   1.285816e+01
   5.980194e-01   6.054751e-01   6.360802e-01   7.235204e-01   9.610816e-01   1.582248e+00   3.302118e+00   1.107981e+01
   6.012584e-01   6.022027e-01   6.058943e-01   6.158345e-01   6.432203e-01   7.167864e-01   9.180696e-01   1.595449e+01
   6.169788e-01   6.310112e-01   6.863448e-01   8.446483e-01   1.269421e+00   2.114796e+00   4.088986e+00   8.639918e+00
   6.284355e-01   6.369261e-01   6.712159e-01   7.711289e-01   9.755566e-01   1.682309e+00   2.853593e+00   1.151880e+01
   6.074195e-01   6.098905e-01   6.209367e-01   6.516651e-01   7.132115e-01   8.658216e-01   1.384983e+00   1.502058e+01
   6.109911e-01   6.128408e-01   6.205064e-01   6.421951e-01   7.012160e-01   8.523087e-01   1.276754e+00   1.525125e+01
   6.166049e-01   6.199229e-01   6.348225e-01   6.743704e-01   7.566991e-01   1.042964e+00   1.538743e+00   1.452523e+01
   6.069425e-01   6.081832e-01   6.132625e-01   6.276976e-01   6.652555e-01   7.403319e-01   9.182509e-01   1.589159e+01
   5.993478e-01   6.093874e-01   6.489555e-01   7.635685e-01   1.070349e+00   1.877901e+00   4.116596e+00   9.421955e+00
   6.203509e-01   6.254260e-01   6.479822e-01   7.112703e-01   8.774300e-01   1.315742e+00   2.530759e+00   1.271986e+01
   5.922081e-01   5.946528e-01   6.051246e-01   6.331443e-01   6.922389e-01   8.453762e-01   1.336732e+00   1.507039e+01
   6.292995e-01   6.414276e-01   6.884298e-01   8.264306e-01   1.197420e+00   2.201371e+00   3.958781e+00   8.983528e+00
   6.213132e-01   6.332647e-01   6.800899e-01   8.161107e-01   1.181831e+00   1.874475e+00   4.399551e+00   8.910463e+00
   6.164732e-01   6.249904e-01   6.593622e-01   7.632362e-01   9.753338e-01   1.672152e+00   2.868132e+00   1.144736e+01
   5.991267e-01   6.080376e-01   6.426138e-01   7.430996e-01   1.012877e+00   1.723271e+00   3.002363e+00   1.108000e+01
   6.010749e-01   6.114988e-01   6.517559e-01   7.660612e-01   1.080994e+00   1.939854e+00   3.493390e+00   1.003401e+01
   6.122129e-01   6.169779e-01   6.366486e-01   6.951813e-01   8.461984e-01   1.147714e+00   2.214263e+00   1.334340e+01
   6.193253e-01   6.317456e-01   6.825954e-01   8.267777e-01   1.206409e+00   1.947517e+00   3.731541e+00   9.467727e+00
   6.273704e-01   6.318291e-01   6.504722e-01   7.035940e-01   8.480163e-01   1.121137e+00   2.115403e+00   1.359048e+01
   6.204495e-01   6.254760e-01   6.460752e-01   7.044936e-01   8.580710e-01   1.158169e+00   1.880430e+00   1.372513e+01
   6.075348e-01   6.086296e-01   6.128714e-01   6.245615e-01   6.566147e-01   7.442613e-01   9.804156e-01   1.584675e+01
   5.968977e-01   6.034451e-01   6.330319e-01   7.107416e-01   8.735462e-01   1.272896e+00   2.629161e+00   1.244759e+01
   5.963032e-01   6.026721e-01   6.285960e-01   7.043096e-01   9.061811e-01   1.463149e+00   2.947074e+00   1.180019e+01
