   7.020420e-01   1.000000e+00   1.000000e+00   1.000000e+00   2.369286e-07   0.000000e+00   9.804623e-07   0.000000e+00   0.000000e+00   2.507590e-06   4.831039e-09   0.000000e+00   0.000000e+00   5.539419e-09
   7.020412e-01   9.999999e-01   1.000000e+00   1.000000e+00   2.367484e-08   5.151940e-10   9.807522e-07   0.000000e+00   0.000000e+00   2.521334e-06   4.389008e-07   3.886990e-05   0.000000e+00   0.000000e+00
   0.000000e+00   1.473747e-05   0.000000e+00   0.000000e+00   4.096430e-07   1.227788e-08   5.334116e-06   0.000000e+00   2.012392e-06   0.000000e+00   0.000000e+00   3.333964e-05   0.000000e+00   4.793471e-05
   0.000000e+00   4.625502e-06   7.413924e-06   0.000000e+00   3.451201e-06   2.218607e-10   5.307840e-06   0.000000e+00   2.200725e-06   3.271144e-05   2.517162e-06   8.180492e-10   6.643460e-12   0.000000e+00
   7.020485e-01   1.000000e+00   1.000000e+00   1.000000e+00   6.361943e-06   3.525151e-11   9.804623e-07   2.811446e-09   0.000000e+00   2.507590e-06   4.831039e-09   0.000000e+00   0.000000e+00   5.539419e-09
   7.020947e-01   9.999999e-01   1.000000e+00   1.000000e+00   1.759725e-07   4.799425e-10   1.008318e-06   7.117673e-07   0.000000e+00   0.000000e+00   4.393020e-07   4.027187e-05   0.000000e+00   0.000000e+00
   0.000000e+00   4.675937e-06   7.409381e-06   0.000000e+00   3.388384e-06   2.374987e-10   5.307840e-06   0.000000e+00   2.189375e-06   3.271144e-05   2.517162e-06   0.000000e+00   5.008542e-12   0.000000e+00
   7.020826e-01   1.000000e+00   1.000000e+00   1.000000e+00   0.000000e+00   5.116960e-10   5.292756e-07   0.000000e+00   0.000000e+00   2.521334e-06   4.337170e-07   3.886990e-05   5.773660e-05   0.000000e+00
   0.000000e+00   0.000000e+00   0.000000e+00   0.000000e+00   3.480522e-06   6.283715e-11   0.000000e+00   5.142501e-08   4.809069e-07   0.000000e+00   7.521374e-09   3.279074e-05   1.710383e-09   0.000000e+00
   7.020216e-01   9.999999e-01   1.000000e+00   1.000000e+00   2.367484e-08   5.395785e-14   4.671571e-07   0.000000e+00   0.000000e+00   2.521334e-06   4.389008e-07   3.904227e-05   0.000000e+00   1.426428e-05
   0.000000e+00   0.000000e+00   1.132563e-04   0.000000e+00   5.979598e-06   1.036747e-09   5.165950e-06   6.942658e-09   2.842231e-06   0.000000e+00   0.000000e+00   1.897632e-05   1.723784e-09   0.000000e+00
   0.000000e+00   4.675937e-06   6.948203e-06   0.000000e+00   3.388384e-06   5.373912e-10   4.988808e-06   0.000000e+00   2.189375e-06   3.148826e-05   2.619693e-06   1.442553e-06   4.786767e-12   0.000000e+00
   0.000000e+00   4.675937e-06   0.000000e+00   1.739238e-04   3.388384e-06   5.373912e-10   4.988808e-06   0.000000e+00   2.189375e-06   3.170682e-05   2.374026e-08   1.442553e-06   4.786767e-12   0.000000e+00
   6.956465e-01   1.000000e+00   9.473597e-01   4.266981e-01   6.340933e-05   3.415975e-10   1.464358e-05   2.011433e-03   0.000000e+00   2.769853e-06   6.811515e-06   1.042523e-05   0.000000e+00   1.464015e-05
   8.249103e-05   1.730779e-06   3.870174e-05   5.793020e-01   2.463430e-05   2.369285e-10   3.637159e-03   1.118847e-07   2.143806e-05   9.909807e-06   1.338653e-08   3.690411e-05   1.644621e-04   6.369943e-08
   4.254562e-02   0.000000e+00   0.000000e+00   3.986297e-01   3.412071e-06   1.438196e-10   3.688990e-03   1.328502e-05   5.456661e-04   0.000000e+00   5.825172e-06   4.581828e-07   1.072919e-13   2.188616e-03
   7.099968e-01   1.056544e-01   1.000000e+00   1.000000e+00   1.345328e-02   1.594042e-02   1.005385e-06   0.000000e+00   1.992917e-05   0.000000e+00   5.508944e-07   1.627514e-06   0.000000e+00   7.569097e-07
   6.414722e-01   9.999904e-01   9.629719e-01   4.091079e-01   1.594822e-04   1.590022e-07   3.139418e-06   0.000000e+00   4.811596e-04   2.706104e-06   1.944352e-02   2.231599e-05   4.373297e-03   6.510660e-10
   4.494136e-02   1.060499e-01   0.000000e+00   0.000000e+00   4.951991e-05   0.000000e+00   4.766548e-06   2.018172e-09   0.000000e+00   0.000000e+00   0.000000e+00   8.558661e-07   0.000000e+00   1.948878e-06
   7.020485e-01   9.999999e-01   1.000000e+00   1.000000e+00   6.361943e-06   3.525151e-11   9.804623e-07   9.127015e-09   0.000000e+00   2.507590e-06   4.831039e-09   0.000000e+00   0.000000e+00   0.000000e+00
   0.000000e+00   0.000000e+00   0.000000e+00   9.351350e-01   0.000000e+00   0.000000e+00   4.079916e-06   0.000000e+00   3.410428e-06   1.213950e-08   3.439641e-11   2.220598e-06   1.714411e-09   0.000000e+00
   6.418638e-01   9.992145e-01   9.967966e-01   4.020040e-01   0.000000e+00   1.177413e-11   9.807522e-07   1.220599e-05   0.000000e+00   4.101918e-08   6.118327e-06   3.914326e-05   0.000000e+00   7.675539e-07
   0.000000e+00   7.987116e-01   3.875676e-05   9.236530e-01   2.691437e-05   5.317592e-09   1.190395e-07   5.778036e-04   2.129201e-05   4.584153e-02   4.680914e-06   1.604377e-05   3.063477e-03   0.000000e+00
   8.090035e-02   4.675937e-06   9.553795e-01   0.000000e+00   0.000000e+00   6.938171e-09   5.020759e-06   0.000000e+00   5.300312e-04   0.000000e+00   6.223113e-08   0.000000e+00   0.000000e+00   0.000000e+00
   5.023675e-04   1.484536e-04   7.203754e-06   6.126541e-01   1.902765e-06   8.561663e-13   3.688990e-03   1.328502e-05   5.467822e-04   7.511459e-08   5.438973e-03   2.221079e-05   2.574980e-18   2.188616e-03
   6.425787e-01   9.918266e-01   9.580538e-01   4.314703e-01   1.535467e-02   1.590022e-07   3.139418e-06   2.453955e-09   4.811596e-04   1.639490e-06   0.000000e+00   2.207948e-05   4.373297e-03   4.231730e-12
   6.418638e-01   8.277113e-01   9.967966e-01   4.020040e-01   0.000000e+00   1.125293e-09   9.807522e-07   1.220599e-05   0.000000e+00   4.101918e-08   3.063223e-07   3.914089e-05   7.369704e-05   0.000000e+00
   7.021236e-01   8.654660e-01   8.794711e-01   1.000000e+00   6.361943e-06   1.729287e-05   2.952953e-04   2.696715e-04   1.159816e-07   0.000000e+00   5.672245e-07   1.429260e-07   1.432226e-04   0.000000e+00
   5.023675e-04   1.912715e-02   4.070789e-02   4.044193e-01   3.661542e-07   1.653157e-07   4.904414e-05   0.000000e+00   5.479268e-04   1.213241e-07   4.070439e-04   2.221299e-05   2.602085e-18   2.188616e-03
   4.254562e-02   1.824726e-02   0.000000e+00   5.993316e-01   6.852899e-08   8.328821e-13   3.688990e-03   1.299006e-05   5.467822e-04   2.459105e-06   6.178938e-07   2.219581e-05   7.891531e-20   2.188616e-03
   0.000000e+00   0.000000e+00   9.470062e-01   0.000000e+00   8.067493e-06   2.187568e-10   4.988808e-06   0.000000e+00   0.000000e+00   1.186218e-05   4.455634e-07   3.995360e-05   0.000000e+00   3.470741e-04
   6.553807e-01   1.000000e+00   1.000000e+00   4.242672e-01   1.537091e-02   2.226099e-06   4.656203e-07   1.278450e-07   0.000000e+00   1.691240e-06   1.406685e-01   3.608807e-05   2.519825e-02   7.077574e-07
   7.020485e-01   9.158527e-01   1.000000e+00   1.000000e+00   6.361943e-06   1.482863e-07   1.001541e-06   2.811446e-09   1.699791e-05   2.507590e-06   3.636514e-04   2.137586e-05   0.000000e+00   5.539419e-09
   0.000000e+00   7.987116e-01   3.875676e-05   1.226074e-02   2.691437e-05   5.317592e-09   1.190395e-07   5.778036e-04   2.057139e-05   7.852113e-04   4.680914e-06   1.470344e-06   2.250902e-04   0.000000e+00
   0.000000e+00   4.675937e-06   9.312670e-01   0.000000e+00   3.358232e-06   7.060906e-12   5.310267e-06   3.523911e-02   2.189375e-06   3.271144e-05   2.517162e-06   0.000000e+00   4.382634e-03   0.000000e+00
   5.732840e-01   9.899306e-01   9.582029e-01   3.902874e-01   6.904353e-07   0.000000e+00   8.875428e-08   0.000000e+00   0.000000e+00   2.620815e-06   5.330309e-06   1.676045e-07   1.835713e-02   6.642660e-10
   6.970170e-01   1.000000e+00   1.000000e+00   4.298868e-01   1.286271e-03   1.512496e-02   6.025169e-05   2.552058e-04   1.043944e-05   7.069819e-04   4.494987e-07   1.207674e-08   0.000000e+00   6.656873e-07
   4.494136e-02   6.917027e-02   9.629183e-01   1.430724e-05   1.603956e-04   2.565037e-10   4.738418e-06   2.018172e-09   0.000000e+00   0.000000e+00   0.000000e+00   8.558661e-07   6.787600e-06   1.948878e-06
   0.000000e+00   0.000000e+00   0.000000e+00   9.367894e-01   1.716423e-04   0.000000e+00   4.077557e-06   0.000000e+00   3.339118e-06   0.000000e+00   3.398534e-09   2.220598e-06   1.714411e-09   2.286392e-05
   5.350897e-02   9.006925e-02   0.000000e+00   3.816514e-01   5.009794e-05   0.000000e+00   5.140412e-06   6.937383e-09   1.042727e-01   1.005387e-05   0.000000e+00   0.000000e+00   3.840437e-09   0.000000e+00
   1.395859e-02   9.015249e-01   6.343793e-02   8.934262e-01   3.553077e-06   1.244022e-08   6.120811e-07   9.584664e-08   0.000000e+00   1.315648e-06   4.434932e-07   1.083909e-06   1.498047e-13   3.480866e-05
   7.020485e-01   5.856823e-02   1.000000e+00   1.000000e+00   6.361943e-06   0.000000e+00   9.804623e-07   1.980993e-03   0.000000e+00   2.507590e-06   3.871768e-10   4.118257e-05   0.000000e+00   5.539419e-09
   6.946859e-05   2.268855e-05   4.105777e-05   0.000000e+00   3.390352e-06   1.298412e-10   4.988808e-06   2.648016e-09   2.651361e-06   1.044796e-05   2.619693e-06   1.478628e-06   4.786767e-12   0.000000e+00
   0.000000e+00   8.031897e-01   9.321816e-03   9.221542e-01   2.691437e-05   5.317592e-09   1.190395e-07   5.700146e-04   2.129201e-05   4.584153e-02   4.591051e-06   1.640409e-05   3.063477e-03   0.000000e+00
   0.000000e+00   8.114907e-02   7.409381e-06   0.000000e+00   3.387698e-06   2.374987e-10   5.307840e-06   6.932220e-06   2.090795e-06   1.828816e-02   5.526794e-08   0.000000e+00   5.008542e-12   7.695489e-07
   0.000000e+00   1.473747e-05   0.000000e+00   9.345683e-01   2.428408e-05   1.227788e-08   8.707933e-06   1.031012e-09   2.071106e-06   9.997011e-06   0.000000e+00   3.333964e-05   0.000000e+00   4.793471e-05
   6.421177e-01   8.160961e-01   0.000000e+00   1.000000e+00   8.128335e-06   5.135345e-09   4.118556e-07   5.778036e-04   0.000000e+00   0.000000e+00   4.745427e-06   3.896570e-05   3.024697e-03   0.000000e+00
   7.020485e-01   9.158527e-01   9.739130e-01   6.241305e-02   6.361943e-06   1.513835e-07   1.001541e-06   2.811446e-09   1.699791e-05   1.595888e-06   3.636514e-04   2.137586e-05   0.000000e+00   5.539419e-09
   0.000000e+00   8.649493e-01   1.000000e+00   0.000000e+00   1.189864e-09   6.283715e-11   0.000000e+00   5.258873e-08   4.809069e-07   0.000000e+00   7.521374e-09   3.279074e-05   1.713597e-09   0.000000e+00
   4.254562e-02   1.749250e-02   0.000000e+00   5.993316e-01   0.000000e+00   8.328821e-13   3.831416e-03   1.293568e-05   5.467822e-04   1.884367e-02   6.178938e-07   2.220141e-05   6.677820e-03   2.190698e-03
   7.020766e-01   9.120706e-01   9.988294e-01   1.000000e+00   8.803337e-04   0.000000e+00   1.744713e-06   0.000000e+00   4.811596e-04   1.241719e-06   0.000000e+00   1.602340e-06   2.570110e-05   0.000000e+00
   6.438669e-01   9.421676e-02   9.999655e-01   4.683280e-03   3.398274e-06   6.433680e-09   1.091427e-07   8.114921e-05   0.000000e+00   8.461828e-03   0.000000e+00   3.913121e-05   2.923863e-03   0.000000e+00
   8.732767e-05   7.987116e-01   1.578074e-02   1.224247e-02   2.691437e-05   9.216756e-11   1.190395e-07   5.167357e-04   2.348271e-05   1.038546e-04   4.680914e-06   4.253114e-05   2.250902e-04   0.000000e+00
   6.837920e-01   5.901299e-02   9.518281e-01   1.000000e+00   6.361943e-06   1.588711e-07   9.804623e-07   1.980993e-03   4.678173e-04   1.304279e-06   3.871768e-10   4.144392e-05   4.340550e-03   0.000000e+00
   1.924386e-03   1.171078e-02   0.000000e+00   1.082175e-01   2.463942e-06   7.749651e-12   7.541596e-07   2.705859e-09   2.115525e-05   6.772818e-10   0.000000e+00   0.000000e+00   1.246893e-13   1.038024e-01
   6.425787e-01   9.786437e-01   9.674437e-01   4.314703e-01   1.535467e-02   6.720751e-05   3.139418e-06   2.492099e-09   4.811596e-04   1.735305e-06   0.000000e+00   6.506818e-02   0.000000e+00   4.231730e-12
   7.020485e-01   8.697291e-01   8.960158e-01   1.341470e-02   5.074864e-05   1.290806e-02   1.140460e-02   6.924514e-09   2.497220e-06   9.639750e-06   3.294697e-04   1.985044e-06   0.000000e+00   5.291012e-09
   6.139514e-01   9.911886e-01   9.470062e-01   0.000000e+00   6.415125e-05   0.000000e+00   4.988808e-06   1.321704e-07   5.158338e-04   1.127138e-05   4.600558e-07   3.995360e-05   0.000000e+00   3.470741e-04
   5.567353e-01   1.455196e-01   1.000000e+00   7.013967e-02   0.000000e+00   1.638413e-07   5.330222e-06   0.000000e+00   7.130994e-08   1.269778e-03   8.215233e-11   5.212510e-07   4.268327e-03   4.883448e-02
   7.020412e-01   9.999999e-01   5.679898e-03   9.672685e-01   2.367484e-08   5.151940e-10   9.807522e-07   0.000000e+00   0.000000e+00   2.521334e-06   4.389008e-07   3.886990e-05   0.000000e+00   0.000000e+00
   7.095658e-01   9.158527e-01   0.000000e+00   6.104731e-02   6.446937e-06   1.513835e-07   1.058793e-06   4.155678e-09   1.680489e-07   1.595888e-06   2.116044e-06   2.139998e-05   0.000000e+00   5.286483e-09
   6.845121e-01   8.329328e-01   1.000000e+00   9.999891e-01   1.354838e-02   0.000000e+00   6.080334e-05   3.090274e-04   8.348819e-06   8.220887e-05   3.004663e-07   1.687610e-06   0.000000e+00   2.806122e-02
   7.108622e-01   4.675937e-06   9.705762e-01   1.000000e+00   3.388384e-06   5.373912e-10   4.927623e-06   0.000000e+00   0.000000e+00   3.170682e-05   5.746431e-09   0.000000e+00   4.701111e-12   0.000000e+00
   6.756038e-01   1.484536e-04   1.000000e+00   6.126541e-01   1.902765e-06   8.561663e-13   0.000000e+00   0.000000e+00   5.499928e-04   2.449035e-06   5.428865e-03   2.230761e-05   0.000000e+00   2.774828e-06
   7.047472e-01   7.272668e-02   1.000000e+00   7.304315e-02   1.577190e-04   5.196787e-10   4.674204e-06   0.000000e+00   0.000000e+00   0.000000e+00   0.000000e+00   3.886990e-05   0.000000e+00   0.000000e+00
   5.796611e-01   9.740452e-01   9.297567e-01   0.000000e+00   3.104300e-06   7.060906e-12   5.310267e-06   3.523911e-02   4.846992e-08   3.271144e-05   2.517162e-06   0.000000e+00   4.382634e-03   0.000000e+00
   6.891679e-01   9.999999e-01   9.824776e-01   9.837007e-01   1.759725e-07   5.802690e-07   1.008318e-06   7.117673e-07   2.105073e-06   3.106272e-05   1.609056e-08   4.027187e-05   1.439938e-14   0.000000e+00
   6.439580e-02   9.999999e-01   1.000000e+00   1.000000e+00   1.580747e-04   1.907338e-11   9.807522e-07   0.000000e+00   0.000000e+00   2.453028e-06   4.388916e-07   1.787269e-05   1.697895e-09   0.000000e+00
   1.560891e-01   3.886911e-02   0.000000e+00   1.000000e+00   1.472804e-06   6.283715e-11   9.438871e-07   5.142501e-08   2.341239e-06   0.000000e+00   7.521374e-09   6.040943e-07   1.710276e-09   2.804507e-03
   1.055290e-03   1.101885e-01   7.409381e-06   0.000000e+00   5.105931e-05   2.374987e-10   5.140138e-06   7.620202e-09   2.189375e-06   3.291593e-05   2.517162e-06   0.000000e+00   3.659719e-09   0.000000e+00
   7.495205e-01   1.000000e+00   9.934303e-01   4.298868e-01   1.286271e-03   1.512496e-02   0.000000e+00   2.552058e-04   1.043944e-05   7.061897e-04   4.440158e-07   1.207674e-08   0.000000e+00   6.288668e-07
   7.021221e-01   9.390216e-01   1.000000e+00   1.000000e+00   6.361943e-06   7.148235e-07   2.952953e-04   2.696715e-04   4.882501e-02   0.000000e+00   5.672245e-07   1.400373e-07   1.432226e-04   5.475580e-09
   7.020423e-01   9.968275e-01   0.000000e+00   3.872225e-01   3.411741e-06   1.473731e-02   8.802036e-08   6.739690e-03   0.000000e+00   2.610145e-06   4.689154e-08   0.000000e+00   3.263189e-06   3.579673e-02
   0.000000e+00   0.000000e+00   4.129412e-05   0.000000e+00   3.390352e-06   2.416791e-10   4.985954e-06   0.000000e+00   2.189375e-06   1.044796e-05   2.619693e-06   1.442553e-06   4.786767e-12   0.000000e+00
   7.018490e-01   8.887936e-01   9.916815e-01   4.223806e-02   2.819482e-05   1.469393e-07   1.600584e-05   2.585427e-04   0.000000e+00   1.229802e-08   3.579753e-04   2.167712e-05   2.614259e-03   0.000000e+00
   6.535999e-01   7.973479e-01   9.659495e-01   4.314703e-01   1.566821e-02   3.665011e-02   3.139418e-06   1.269667e-05   4.600626e-04   5.253442e-02   4.754653e-06   2.270461e-05   3.071293e-03   4.231730e-12
   5.844127e-01   1.089508e-01   1.121231e-04   0.000000e+00   4.521848e-03   2.596166e-02   3.790423e-07   5.856539e-04   2.185205e-06   1.000861e-05   0.000000e+00   0.000000e+00   3.112759e-03   1.895126e-06
   6.845121e-01   8.340732e-01   1.000000e+00   1.000000e+00   1.275174e-02   1.634611e-02   6.113121e-05   3.090274e-04   1.038257e-05   1.414179e-07   1.967280e-02   1.527395e-05   0.000000e+00   2.044131e-02
   7.021263e-01   4.427575e-03   1.000000e+00   1.000000e+00   2.288318e-06   3.136914e-12   9.508298e-07   6.703244e-11   2.319732e-06   0.000000e+00   5.303065e-09   1.849625e-07   1.692532e-09   2.706289e-09
   6.904692e-01   8.116188e-01   9.967966e-01   3.981251e-01   0.000000e+00   1.125293e-09   9.807522e-07   1.900155e-03   5.514500e-04   2.913737e-05   5.553803e-02   4.135840e-05   7.369704e-05   8.666753e-07
   2.236837e-02   9.992145e-01   9.967966e-01   4.043592e-01   0.000000e+00   1.177413e-11   2.529275e-06   8.215990e-08   0.000000e+00   4.101918e-08   6.854854e-06   3.914326e-05   1.186348e-19   1.248896e-05
   2.999366e-02   9.219664e-01   0.000000e+00   8.404420e-01   3.447379e-06   1.248878e-10   8.688820e-07   0.000000e+00   1.885365e-10   3.429867e-08   1.168421e-03   0.000000e+00   1.246893e-13   1.377496e-03
   8.119087e-02   8.864195e-07   1.007952e-01   8.563283e-01   3.441793e-06   6.938171e-09   5.020759e-06   0.000000e+00   5.084186e-04   1.229538e-06   5.283772e-08   0.000000e+00   0.000000e+00   0.000000e+00
   5.584364e-02   3.466407e-01   7.789721e-02   0.000000e+00   5.711240e-06   0.000000e+00   5.086805e-06   2.829590e-09   1.668589e-05   1.972791e-06   3.418173e-05   2.116589e-05   3.537617e-09   2.484072e-10
   0.000000e+00   7.552727e-02   3.360728e-02   9.174106e-03   2.426932e-05   1.684284e-07   1.866495e-07   0.000000e+00   0.000000e+00   4.490764e-02   0.000000e+00   3.922021e-05   0.000000e+00   6.070562e-03
   0.000000e+00   7.959652e-01   9.943201e-01   1.000000e+00   6.891709e-07   1.225133e-10   0.000000e+00   0.000000e+00   0.000000e+00   3.089628e-05   4.337170e-07   1.395104e-06   2.836054e-08   1.391607e-05
   7.020663e-01   9.999999e-01   1.000000e+00   1.000000e+00   3.407115e-06   0.000000e+00   5.210876e-06   0.000000e+00   9.588854e-08   0.000000e+00   0.000000e+00   9.371063e-06   1.250359e-06   7.239548e-07
   0.000000e+00   0.000000e+00   9.982070e-01   1.365741e-03   3.395527e-06   6.283715e-11   0.000000e+00   5.008078e-08   1.731076e-05   0.000000e+00   3.615429e-04   3.276661e-05   1.710383e-09   2.529362e-10
   0.000000e+00   8.566786e-01   8.982482e-01   0.000000e+00   6.649554e-06   1.141805e-04   4.427653e-06   3.137032e-04   5.002566e-04   2.654857e-06   9.906088e-06   4.053198e-05   0.000000e+00   3.441510e-04
   6.376454e-01   0.000000e+00   0.000000e+00   9.367894e-01   1.359122e-05   1.387907e-02   4.077557e-06   0.000000e+00   3.339118e-06   6.830638e-08   3.407707e-09   2.220598e-06   1.651649e-11   2.286392e-05
   7.546214e-01   9.132110e-01   9.627706e-01   1.000000e+00   1.594822e-04   1.057012e-09   3.139418e-06   0.000000e+00   4.597497e-04   3.016358e-05   1.944352e-02   2.214839e-05   4.281297e-03   0.000000e+00
   7.021263e-01   7.232594e-01   1.000000e+00   0.000000e+00   5.928076e-06   0.000000e+00   6.942750e-09   0.000000e+00   4.593998e-07   0.000000e+00   5.303065e-09   3.237160e-05   1.692639e-09   2.706289e-09
   7.106625e-01   7.970011e-01   9.986438e-01   1.000000e+00   2.934123e-05   1.031112e-11   1.136062e-05   2.642298e-04   0.000000e+00   1.025544e-03   9.841685e-08   0.000000e+00   2.618499e-03   0.000000e+00
   0.000000e+00   4.675937e-06   9.461220e-01   3.098598e-03   3.357411e-06   1.394409e-10   5.559976e-06   4.474289e-04   2.189375e-06   3.271144e-05   2.517162e-06   0.000000e+00   4.382634e-03   0.000000e+00
   6.834435e-01   8.062511e-01   1.000000e+00   4.145862e-01   1.549878e-02   2.226099e-06   1.064251e-05   1.250713e-07   5.370833e-04   1.691240e-06   0.000000e+00   3.608807e-05   3.274939e-03   5.776726e-07
   7.020499e-01   8.738117e-01   8.779139e-01   1.000000e+00   6.361943e-06   6.974051e-06   9.804623e-07   2.811446e-09   1.171375e-07   2.507590e-06   4.831039e-09   2.648666e-09   0.000000e+00   6.383928e-11
   5.732840e-01   0.000000e+00   9.582029e-01   1.000000e+00   6.763246e-07   1.913279e-04   1.007815e-06   5.753430e-09   0.000000e+00   2.620815e-06   5.330309e-06   1.676045e-07   1.834689e-02   6.642660e-10
   6.717432e-01   9.159562e-01   9.739130e-01   1.000000e+00   7.155644e-06   5.561353e-09   5.972019e-09   2.811446e-09   1.699791e-05   1.595888e-06   5.774562e-06   3.866444e-05   0.000000e+00   5.539419e-09
   1.026463e-01   8.160961e-01   0.000000e+00   1.000000e+00   8.128335e-06   0.000000e+00   5.173225e-06   0.000000e+00   0.000000e+00   0.000000e+00   4.745427e-06   4.546035e-05   0.000000e+00   0.000000e+00
