   9.923121e-01   4.090076e+00   1.952268e+00   5.618274e+00   1.883923e+00   2.178079e+00   2.673763e+00   2.435615e+00
   9.955277e-01   9.955277e-01   9.955277e-01   9.955277e-01   1.091320e+01   1.914343e+00   2.054323e+00   2.105938e+00
   9.224913e-01   9.224913e-01   9.224913e-01   4.294573e+00   1.763060e+00   2.175598e+00   1.177558e+01   8.138330e+00
   9.953475e-01   9.953475e-01   9.953475e-01   9.953475e-01   1.091274e+01   1.916473e+00   2.055695e+00   2.106596e+00
   9.960514e-01   9.960514e-01   9.960514e-01   8.847938e+00   1.804817e+00   2.454344e+00   2.334083e+00   2.260157e+00
   9.962886e-01   9.962886e-01   6.822727e+00   1.840651e+00   2.006095e+00   2.277640e+00   2.749543e+00   2.479640e+00
   8.891224e-01   8.891224e-01   8.891224e-01   4.496997e+00   2.003953e+00   2.307452e+00   2.363553e+00   1.482955e+01
   2.884071e+00   1.600364e+00   1.913837e+00   1.925045e+00   2.151364e+00   2.323454e+00   2.718935e+00   2.575524e+00
   8.802552e-01   8.802552e-01   8.802552e-01   8.802552e-01   5.355498e+00   7.998348e+00   1.018924e+01   2.092170e+00
   2.391688e+00   1.436676e+00   1.627163e+00   1.738204e+00   7.739219e+00   2.022713e+00   2.527736e+00   2.356479e+00
   8.810557e-01   8.810557e-01   8.810557e-01   8.810557e-01   1.189902e+00   9.776054e-01   9.872950e-01   1.687244e+01
   8.813842e-01   8.813842e-01   8.813842e-01   8.813842e-01   8.813842e-01   6.131946e+00   7.756560e+00   1.293342e+01
   2.546169e+00   1.486626e+00   1.735217e+00   1.755653e+00   1.776152e+00   2.244889e+00   2.534251e+00   1.022400e+01
   8.807201e-01   8.807201e-01   8.807201e-01   8.807201e-01   1.211921e+00   9.845379e-01   1.002795e+00   1.687073e+01
   8.800115e-01   8.800115e-01   8.800115e-01   8.800115e-01   8.800115e-01   8.800115e-01   1.483962e+01   2.094512e+00
   8.806455e-01   8.806455e-01   8.806455e-01   8.806455e-01   1.178610e+00   9.745897e-01   9.824655e-01   1.687263e+01
   9.708145e-01   4.196474e+00   1.668648e+00   2.259836e+00   2.478286e+00   7.017489e+00   3.124780e+00   2.563209e+00
   8.800286e-01   8.800286e-01   3.039391e+00   1.930992e+00   2.095134e+00   2.160740e+00   2.278188e+00   1.534291e+01
   9.963707e-01   9.963707e-01   9.963707e-01   8.851157e+00   1.811167e+00   2.381857e+00   2.384862e+00   2.253004e+00
   8.893638e-01   8.893638e-01   8.893638e-01   8.893638e-01   6.091081e+00   7.054184e+00   2.399396e+00   1.166847e+01
   1.925415e+00   2.238675e+00   5.538739e+00   2.255819e+00   2.317915e+00   2.614241e+00   3.042526e+00   2.639064e+00
   9.323786e-01   3.070294e+00   3.506535e+00   2.223250e+00   2.363878e+00   8.946035e+00   3.212079e+00   2.630314e+00
   2.147692e+00   1.513381e+00   1.775952e+00   1.775973e+00   1.749384e+00   2.111000e+00   9.653435e+00   8.433202e+00
   8.893383e-01   8.893383e-01   8.893383e-01   8.893383e-01   8.893383e-01   7.611325e+00   1.144501e+01   6.379316e+00
   8.806856e-01   8.806856e-01   8.806856e-01   8.806856e-01   8.806856e-01   1.346857e+00   1.012657e+00   1.686790e+01
   8.804847e-01   8.804847e-01   8.804847e-01   8.804847e-01   5.255424e+00   2.145517e+00   1.175758e+01   7.925169e+00
   9.947496e-01   9.947496e-01   5.519742e+00   1.674882e+00   7.323741e+00   1.923276e+00   2.444518e+00   2.307782e+00
   9.983334e-01   4.840166e+00   1.835026e+00   1.854660e+00   2.087906e+00   2.268636e+00   2.733485e+00   2.445229e+00
   9.463950e-01   9.463950e-01   3.284234e+00   7.915533e+00   2.640479e+00   2.772478e+00   3.182754e+00   2.693196e+00
   8.795604e-01   8.795604e-01   8.795604e-01   8.795604e-01   8.795604e-01   1.266675e+01   3.032259e+00   2.596120e+00
   9.978762e-01   4.374968e+00   1.742354e+00   1.631303e+00   2.108624e+00   2.241023e+00   2.633161e+00   8.651579e+00
   9.944828e-01   9.944828e-01   5.655447e+00   1.721917e+00   1.859201e+00   2.118023e+00   9.488926e+00   1.992000e+00
   8.800555e-01   8.800555e-01   8.800555e-01   8.800555e-01   8.800555e-01   8.800555e-01   1.483977e+01   2.092917e+00
   8.804627e-01   8.804627e-01   3.328225e+00   1.997990e+00   2.265471e+00   2.348554e+00   1.049028e+01   9.770748e+00
   9.941859e-01   9.941859e-01   9.941859e-01   8.134238e+00   1.777339e+00   2.054376e+00   2.429503e+00   7.763195e+00
   9.583500e-01   2.813557e+00   1.744868e+00   1.809015e+00   1.756892e+00   8.854396e+00   2.513939e+00   9.790372e+00
   8.795760e-01   8.795760e-01   8.795760e-01   8.795760e-01   8.795760e-01   1.266680e+01   3.032080e+00   2.596026e+00
   8.799594e-01   8.799594e-01   8.799594e-01   8.799594e-01   8.799594e-01   8.799594e-01   1.483963e+01   2.093471e+00
   9.084028e-01   2.799681e+00   2.212291e+00   2.308438e+00   2.217037e+00   2.581017e+00   2.698455e+00   1.376516e+01
   8.816390e-01   8.816390e-01   3.026451e+00   1.872532e+00   1.959495e+00   2.204561e+00   1.355210e+01   2.776038e+00
   8.800150e-01   8.800150e-01   8.800150e-01   8.800150e-01   8.800150e-01   6.430467e+00   2.004057e+00   1.500732e+01
   8.813542e-01   8.813542e-01   8.813542e-01   8.813542e-01   8.813542e-01   5.743711e+00   2.263765e+00   1.542346e+01
   8.820571e-01   8.820571e-01   8.820571e-01   8.820571e-01   8.820571e-01   7.983182e+00   1.210719e+01   2.215381e+00
   8.826066e-01   8.826066e-01   2.926523e+00   1.798108e+00   1.897455e+00   8.749041e+00   3.143662e+00   1.106179e+01
   8.806329e-01   8.806329e-01   8.806329e-01   8.806329e-01   8.806329e-01   4.695927e+00   1.410707e+01   2.157586e+00
   8.800689e-01   8.800689e-01   8.800689e-01   8.800689e-01   8.800689e-01   8.800689e-01   1.483979e+01   2.092835e+00
   8.811640e-01   8.811640e-01   8.811640e-01   8.811640e-01   6.069849e+00   2.278251e+00   1.264901e+01   2.534574e+00
   2.122661e+00   1.574373e+00   1.582323e+00   1.675417e+00   7.155337e+00   1.958476e+00   7.983732e+00   1.883125e+00
   8.825758e-01   8.825758e-01   8.825758e-01   8.825758e-01   8.825758e-01   3.961090e+00   1.435480e+01   2.328041e+00
   8.807026e-01   8.807026e-01   8.807026e-01   8.807026e-01   8.807026e-01   1.331126e+00   1.006796e+00   1.686878e+01
   8.810663e-01   8.810663e-01   8.810663e-01   8.810663e-01   8.810663e-01   8.810663e-01   1.409702e+01   6.160357e+00
   9.000445e-01   9.000445e-01   9.000445e-01   9.000445e-01   8.194055e+00   8.857675e+00   2.805880e+00   2.475319e+00
   8.828032e-01   8.828032e-01   8.828032e-01   8.828032e-01   4.341955e+00   1.191606e+01   3.041039e+00   2.576883e+00
   8.976388e-01   8.976388e-01   8.976388e-01   8.976388e-01   4.724975e+00   1.014051e+01   7.975301e+00   1.990895e+00
   8.798554e-01   8.798554e-01   8.798554e-01   8.798554e-01   4.793039e+00   2.116700e+00   2.259676e+00   1.542607e+01
   8.795469e-01   8.795469e-01   8.795469e-01   8.795469e-01   8.795469e-01   1.266671e+01   3.032411e+00   2.596200e+00
   8.883305e-01   8.883305e-01   8.883305e-01   8.883305e-01   8.883305e-01   1.015465e+01   2.506423e+00   1.088493e+01
   8.830094e-01   8.830094e-01   8.830094e-01   5.217352e+00   2.289656e+00   7.575450e+00   2.922997e+00   1.040816e+01
   8.825731e-01   8.825731e-01   8.825731e-01   8.825731e-01   4.675701e+00   1.175618e+01   3.043093e+00   2.577928e+00
   8.797336e-01   8.797336e-01   8.797336e-01   8.797336e-01   8.797336e-01   8.797336e-01   1.483925e+01   2.095602e+00
   8.958786e-01   8.958786e-01   8.958786e-01   8.958786e-01   8.958786e-01   8.958786e-01   5.999035e+00   1.579506e+01
   9.962195e-01   9.962195e-01   6.822136e+00   1.842412e+00   2.006882e+00   2.277643e+00   2.756256e+00   2.477907e+00
   8.804901e-01   8.804901e-01   3.548700e+00   2.090853e+00   5.016555e+00   6.182272e+00   6.861587e+00   8.563176e+00
   9.829609e-01   9.829609e-01   9.829609e-01   7.047000e+00   7.321855e+00   1.907290e+00   2.439186e+00   2.308192e+00
   2.223120e+00   1.351410e+00   1.610533e+00   1.673889e+00   1.718984e+00   2.047772e+00   1.164814e+01   2.107061e+00
   9.123925e-01   9.123925e-01   9.123925e-01   9.123925e-01   4.495911e+00   1.761369e+00   1.903791e+00   1.576367e+01
   8.804683e-01   8.804683e-01   8.804683e-01   8.804683e-01   4.647389e+00   2.061845e+00   6.061491e+00   1.437613e+01
   8.794550e-01   8.794550e-01   8.794550e-01   8.794550e-01   8.794550e-01   8.794550e-01   8.794550e-01   1.687946e+01
   1.838058e+00   2.232624e+00   3.461982e+00   1.891232e+00   1.974716e+00   2.205105e+00   2.362216e+00   1.227226e+01
   8.969231e-01   8.969231e-01   3.262717e+00   1.931940e+00   2.086023e+00   2.157325e+00   2.293212e+00   1.514206e+01
   8.802265e-01   8.802265e-01   8.802265e-01   8.802265e-01   6.337790e+00   2.255260e+00   1.241957e+01   2.452018e+00
   9.677577e-01   2.614468e+00   1.582644e+00   1.518727e+00   9.739641e+00   2.547539e+00   2.881037e+00   2.552372e+00
   1.679484e+00   1.473948e+00   2.070821e+00   7.650554e+00   2.808059e+00   3.048872e+00   3.268682e+00   2.756059e+00
   9.650665e-01   9.650665e-01   9.650665e-01   7.829176e+00   2.005354e+00   2.515600e+00   7.688560e+00   2.168307e+00
   9.151991e-01   2.419030e+00   1.531344e+00   2.057331e+00   1.975291e+00   2.247839e+00   1.337277e+01   2.694447e+00
   9.438308e-01   9.438308e-01   9.438308e-01   4.460432e+00   9.669458e+00   2.458310e+00   2.897205e+00   2.544806e+00
   8.801267e-01   8.801267e-01   8.801267e-01   8.801267e-01   8.801267e-01   4.432321e+00   1.598598e+00   1.614098e+01
   8.939784e-01   8.939784e-01   8.939784e-01   3.977856e+00   1.929914e+00   2.041823e+00   1.357830e+01   2.544566e+00
   8.798087e-01   8.798087e-01   8.798087e-01   8.798087e-01   8.798087e-01   8.798087e-01   1.483918e+01   2.097811e+00
   9.243120e-01   9.243120e-01   9.243120e-01   3.228399e+00   2.535041e+00   1.566454e+00   1.652982e+00   1.598075e+01
   9.962187e-01   9.962187e-01   9.962187e-01   8.852191e+00   1.802244e+00   2.146853e+00   2.559543e+00   2.383931e+00
   8.919157e-01   8.919157e-01   8.919157e-01   8.919157e-01   8.919157e-01   1.168235e+01   2.725734e+00   7.571352e+00
   1.958219e+00   1.944695e+00   3.621070e+00   3.346790e+00   2.261226e+00   2.478628e+00   7.239130e+00   7.322703e+00
   9.943460e-01   9.943460e-01   4.876977e+00   1.632125e+00   8.407822e+00   1.979335e+00   2.496433e+00   2.338138e+00
   1.490273e+00   1.889489e+00   1.550606e+00   1.938284e+00   2.084256e+00   4.759568e+00   8.289161e+00   1.144724e+01
   8.899060e-01   8.899060e-01   8.899060e-01   8.899060e-01   8.899060e-01   8.899060e-01   6.455730e+00   1.557113e+01
   8.802236e-01   8.802236e-01   8.802236e-01   8.802236e-01   8.802236e-01   4.858306e+00   1.608409e+00   1.595251e+01
   8.906162e-01   8.906162e-01   8.906162e-01   8.906162e-01   8.906162e-01   8.906162e-01   6.167564e+00   1.571052e+01
   8.803867e-01   8.803867e-01   8.803867e-01   8.803867e-01   1.260266e+00   9.923917e-01   1.000008e+00   1.686756e+01
   9.879739e-01   9.879739e-01   5.246660e+00   1.733483e+00   1.840737e+00   2.097350e+00   2.293004e+00   1.187525e+01
   8.964592e-01   2.230513e+00   1.932100e+00   1.859239e+00   6.266551e+00   9.506428e+00   3.322583e+00   2.595756e+00
   9.099516e-01   9.099516e-01   9.099516e-01   3.919767e+00   9.793892e+00   2.903158e+00   3.271846e+00   2.745279e+00
   8.823190e-01   8.823190e-01   8.823190e-01   8.823190e-01   8.823190e-01   5.512813e+00   1.159975e+01   9.119805e+00
   9.826687e-01   9.826687e-01   9.826687e-01   6.809771e+00   1.768158e+00   2.035691e+00   2.249078e+00   1.168472e+01
   8.803381e-01   8.803381e-01   8.803381e-01   8.803381e-01   8.803381e-01   1.009446e+01   9.783678e+00   2.117641e+00
   1.992703e+00   2.414952e+00   1.656113e+00   2.151159e+00   2.306222e+00   6.257492e+00   2.889671e+00   1.012865e+01
   8.795553e-01   8.795553e-01   8.795553e-01   8.795553e-01   8.795553e-01   1.266674e+01   3.032316e+00   2.596150e+00
   9.149652e-01   9.149652e-01   9.149652e-01   4.157130e+00   1.785817e+00   1.158573e+01   3.174677e+00   2.622393e+00
   8.800923e-01   8.800923e-01   8.800923e-01   8.800923e-01   8.800923e-01   4.853053e+00   1.608216e+00   1.595479e+01
   9.665159e-01   3.473391e+00   1.886233e+00   4.755242e+00   5.695855e+00   2.149024e+00   5.859974e+00   1.964240e+00
   1.539582e+00   1.651534e+00   3.517042e+00   1.853739e+00   9.020439e+00   2.418778e+00   2.838617e+00   2.521118e+00
   9.838129e-01   3.392394e+00   1.882219e+00   7.008188e+00   2.028953e+00   2.297115e+00   2.762840e+00   2.490933e+00
   8.796451e-01   8.796451e-01   8.796451e-01   8.796451e-01   8.796451e-01   1.266702e+01   3.031311e+00   2.595615e+00
   9.966666e-01   9.966666e-01   4.504585e+00   1.543454e+00   7.391556e+00   1.831712e+00   2.285337e+00   8.690786e+00
   8.800470e-01   8.800470e-01   8.800470e-01   8.800470e-01   8.800470e-01   8.800470e-01   1.483976e+01   2.092968e+00
   9.878096e-01   9.878096e-01   5.266576e+00   1.739368e+00   1.727117e+00   4.535638e+00   2.087620e+00   1.089717e+01
   8.969313e-01   8.969313e-01   8.969313e-01   6.251414e+00   5.528441e+00   2.826511e+00   8.602780e+00   2.389223e+00
   9.413234e-01   9.413234e-01   9.413234e-01   7.516246e+00   2.637298e+00   7.187804e+00   2.661327e+00   2.518625e+00
   8.829562e-01   8.829562e-01   8.829562e-01   8.829562e-01   8.829562e-01   8.829562e-01   1.410273e+01   6.149728e+00
   9.425151e-01   9.425151e-01   4.071465e+00   3.567413e+00   8.498692e+00   2.551901e+00   2.997552e+00   2.534249e+00
   8.806651e-01   8.806651e-01   3.182486e+00   1.925654e+00   7.847995e+00   7.535481e+00   3.277560e+00   2.737366e+00
   8.971384e-01   8.971384e-01   8.971384e-01   8.971384e-01   5.221044e+00   1.152099e+01   2.844737e+00   2.488514e+00
   9.067464e-01   9.067464e-01   9.067464e-01   5.110686e+00   4.599793e+00   9.897838e+00   2.729308e+00   2.436159e+00
   8.894050e-01   8.894050e-01   8.894050e-01   8.894050e-01   9.270788e+00   2.882502e+00   3.201162e+00   8.771275e+00
   9.119348e-01   9.119348e-01   9.119348e-01   5.300626e+00   2.050811e+00   8.110619e+00   8.834186e+00   2.151242e+00
   9.212351e-01   9.212351e-01   9.212351e-01   9.212351e-01   9.212351e-01   1.059220e+01   2.531996e+00   1.021317e+01
   9.099738e-01   9.099738e-01   9.099738e-01   2.179479e+00   5.905933e+00   2.193619e+00   8.795445e+00   1.098529e+01
   8.900899e-01   8.900899e-01   8.900899e-01   8.900899e-01   8.900899e-01   4.295855e+00   1.603772e+00   1.621046e+01
   1.664298e+00   1.724014e+00   2.116285e+00   6.297697e+00   3.993041e+00   2.224296e+00   7.871147e+00   1.984706e+00
   9.080696e-01   9.080696e-01   3.256958e+00   1.835209e+00   4.220814e+00   2.226625e+00   1.264521e+01   2.394861e+00
   9.023850e-01   9.023850e-01   9.023850e-01   9.023850e-01   9.023850e-01   7.002551e+00   1.291808e+01   2.029992e+00
   8.887931e-01   8.887931e-01   8.887931e-01   4.499548e+00   2.003480e+00   2.307125e+00   2.364317e+00   1.482612e+01
   8.916832e-01   8.916832e-01   8.916832e-01   8.916832e-01   5.860818e+00   2.286264e+00   1.287184e+01   2.259224e+00
   8.979623e-01   8.979623e-01   8.979623e-01   8.979623e-01   5.321485e+00   1.892217e+00   2.052661e+00   1.512498e+01
   9.951711e-01   9.951711e-01   9.951711e-01   7.042801e+00   7.385753e+00   1.796236e+00   2.352912e+00   2.262792e+00
   8.806843e-01   8.806843e-01   8.806843e-01   8.806843e-01   8.806843e-01   8.806843e-01   5.928394e+00   1.580452e+01
   9.954896e-01   9.954896e-01   9.954896e-01   9.954896e-01   1.091322e+01   1.913821e+00   2.053777e+00   2.105865e+00
   8.804040e-01   8.804040e-01   8.804040e-01   8.804040e-01   8.026739e+00   6.242503e+00   6.776103e+00   6.241917e+00
   8.899257e-01   8.899257e-01   8.899257e-01   8.899257e-01   8.899257e-01   8.400724e+00   2.204822e+00   1.327757e+01
   2.681629e+00   1.852147e+00   3.598691e+00   1.841503e+00   2.065427e+00   2.525592e+00   2.450244e+00   2.323575e+00
   9.709951e-01   9.709951e-01   6.274491e+00   2.005160e+00   2.473052e+00   5.733762e+00   2.670137e+00   2.325090e+00
   9.140907e-01   9.140907e-01   9.140907e-01   5.355854e+00   4.598304e+00   9.668256e+00   2.644194e+00   2.392160e+00
   8.801962e-01   8.801962e-01   8.801962e-01   8.801962e-01   8.801962e-01   7.790144e+00   1.226301e+01   2.252625e+00
   9.722462e-01   2.891247e+00   2.224105e+00   5.460261e+00   1.946992e+00   2.134135e+00   2.492416e+00   1.084722e+01
   9.258975e-01   9.258975e-01   9.258975e-01   9.258975e-01   9.258975e-01   1.057841e+01   9.205163e+00   1.838538e+00
   9.533894e-01   9.533894e-01   9.533894e-01   7.715666e+00   2.289896e+00   2.528827e+00   7.874883e+00   2.189809e+00
   8.819275e-01   8.819275e-01   3.527006e+00   2.108253e+00   5.268313e+00   9.730446e+00   3.458395e+00   2.646304e+00
   8.797806e-01   8.797806e-01   8.797806e-01   2.837018e+00   8.575194e+00   7.492575e+00   3.322603e+00   2.761434e+00
   1.682167e+00   1.832902e+00   1.784875e+00   2.295686e+00   2.413696e+00   1.057996e+01   3.931625e+00   3.004735e+00
   8.814671e-01   8.814671e-01   8.814671e-01   8.814671e-01   8.814671e-01   8.814671e-01   8.742408e+00   1.412114e+01
   9.013149e-01   9.013149e-01   9.013149e-01   9.013149e-01   7.098210e+00   1.010206e+01   2.801685e+00   2.476073e+00
   9.205283e-01   9.205283e-01   5.011761e+00   2.366437e+00   2.476434e+00   8.842952e+00   3.265646e+00   2.830495e+00
   9.129714e-01   9.129714e-01   9.129714e-01   9.129714e-01   9.129714e-01   1.276381e+01   2.689080e+00   2.397659e+00
   9.950245e-01   9.950245e-01   6.695156e+00   1.697427e+00   3.468079e+00   2.080480e+00   2.575820e+00   2.395179e+00
   9.963522e-01   9.963522e-01   9.963522e-01   8.100900e+00   1.713307e+00   2.262747e+00   2.249394e+00   7.916167e+00
   8.812817e-01   8.812817e-01   8.812817e-01   2.478480e+00   6.620349e+00   8.653067e+00   2.943669e+00   7.848558e+00
   8.901825e-01   8.901825e-01   8.901825e-01   8.901825e-01   9.279856e+00   2.875428e+00   3.195250e+00   8.755537e+00
   9.012282e-01   9.012282e-01   9.012282e-01   9.012282e-01   4.863575e+00   1.013472e+01   7.851774e+00   1.968887e+00
   9.628122e-01   9.628122e-01   5.114239e+00   2.044590e+00   2.131058e+00   2.315493e+00   1.056311e+01   2.242353e+00
   8.953863e-01   8.953863e-01   8.953863e-01   8.953863e-01   8.953863e-01   1.270845e+01   2.890293e+00   2.543424e+00
   9.232833e-01   9.232833e-01   9.232833e-01   9.232833e-01   9.232833e-01   9.232833e-01   1.143237e+01   1.149450e+01
   9.955632e-01   9.955632e-01   9.955632e-01   9.955632e-01   1.091350e+01   1.932219e+00   2.035954e+00   2.096036e+00
   8.809023e-01   8.809023e-01   8.809023e-01   8.809023e-01   8.809023e-01   8.809023e-01   1.321152e+01   8.457965e+00
   9.318466e-01   3.354832e+00   4.907494e+00   2.630636e+00   2.814649e+00   3.949249e+00   3.591291e+00   2.836365e+00
