   5.423992e-03   5.424127e-03   5.425775e-03   5.439449e-03   5.525161e-03   5.886949e-03   8.507087e+00   1.271745e+01
   4.895418e-03   4.895829e-03   4.901461e-03   4.948048e-03   5.232210e-03   1.435408e+00   9.731403e+00   1.135374e+01
   6.708337e-03   6.757989e-03   7.360425e-03   1.239540e-02   1.843593e-01   8.158005e-01   9.842433e+00   1.133803e+01
   3.795272e-03   3.795485e-03   3.798372e-03   3.823780e-03   3.978777e-03   4.644858e-03   9.760169e+00   1.147874e+01
   1.012071e-02   1.012090e-02   1.012312e-02   1.015470e-02   3.677108e-01   3.027889e+00   9.237017e+00   1.133642e+01
   6.935120e-03   6.975895e-03   7.435815e-03   1.150435e-02   3.597530e-02   1.824655e+00   5.198832e+00   1.466695e+01
   5.588694e-03   5.588830e-03   5.590495e-03   5.604304e-03   5.690862e-03   6.056225e-03   8.591256e+00   1.264366e+01
   1.603727e-02   1.609959e-02   1.679186e-02   2.259372e-02   5.775787e-02   2.071262e-01   6.565073e+00   1.415502e+01
   6.707146e-03   6.742646e-03   7.173108e-03   1.076276e-02   3.022247e-01   2.731764e+00   7.800891e+00   1.278280e+01
   3.418118e-03   3.418781e-03   3.427778e-03   3.502137e-03   3.960371e-03   6.055809e-03   9.766239e+00   1.147120e+01
   1.227527e-02   1.248541e-02   1.491006e-02   3.526956e-02   1.585586e-01   7.050838e-01   2.027723e+00   1.581682e+01
   6.117242e-03   6.166074e-03   6.762445e-03   1.168378e-02   1.800606e-01   7.983251e-01   9.769444e+00   1.142118e+01
   3.264059e-02   3.270134e-02   3.339335e-02   3.920239e-02   7.438745e-02   2.232773e-01   6.006842e-01   1.601730e+01
   4.753396e-03   4.753396e-03   4.753396e-03   4.753396e-03   4.753396e-03   4.753396e-03   9.904248e+00   1.131846e+01
   4.993107e-03   4.993107e-03   4.993107e-03   4.993107e-03   4.993107e-03   2.483842e+00   7.969372e+00   1.274183e+01
   1.248037e-02   1.248037e-02   1.248037e-02   1.248037e-02   1.248037e-02   1.369841e+00   8.260271e+00   1.281382e+01
   1.019174e-02   1.019174e-02   1.019174e-02   1.019174e-02   1.019174e-02   1.820558e+00   5.268641e+00   1.464090e+01
   3.008743e-03   3.008743e-03   3.008743e-03   3.008743e-03   3.008743e-03   2.974392e+00   9.224638e+00   1.137109e+01
   1.003273e-02   1.016151e-02   1.160921e-02   2.392684e-02   1.041046e-01   4.452813e-01   6.556299e+00   1.414040e+01
   5.510703e-03   5.510703e-03   5.510703e-03   5.510703e-03   5.510703e-03   1.323413e+00   9.772787e+00   1.133285e+01
   9.361317e-03   9.534071e-03   1.151952e-02   2.838891e-02   1.308968e-01   5.662604e-01   5.910090e+00   1.449838e+01
   3.519533e-03   3.519535e-03   3.519561e-03   3.519772e-03   3.521067e-03   3.526642e-03   9.695541e+00   1.154947e+01
   9.748236e-03   9.748236e-03   9.748236e-03   9.748236e-03   9.748236e-03   1.866760e+00   5.425886e+00   1.455467e+01
   3.367918e-02   3.374018e-02   3.443414e-02   4.021530e-02   7.530076e-02   2.267264e-01   5.962857e-01   1.601853e+01
   1.162459e-02   1.184073e-02   1.431630e-02   3.513381e-02   1.647684e-01   7.125531e-01   2.076013e+00   1.580711e+01
   5.041887e-03   5.042022e-03   5.043677e-03   5.057407e-03   5.143472e-03   5.506750e-03   8.541727e+00   1.268638e+01
   6.292435e-03   6.292454e-03   6.292715e-03   6.294856e-03   6.307834e-03   1.335187e+00   9.783630e+00   1.132000e+01
   7.565152e-03   7.601018e-03   8.034539e-03   1.161718e-02   3.028762e-01   2.730717e+00   7.796302e+00   1.278873e+01
   8.464049e-03   8.686606e-03   1.123535e-02   3.266751e-02   1.660992e-01   7.316127e-01   2.116379e+00   1.579454e+01
   5.915772e-03   5.915772e-03   5.915772e-03   5.915772e-03   5.915772e-03   1.323221e+00   9.773362e+00   1.133318e+01
   3.978831e-03   3.978831e-03   3.978831e-03   3.978831e-03   3.978831e-03   2.480434e+00   7.960665e+00   1.274792e+01
   7.921180e-03   7.939385e-03   8.144713e-03   9.892144e-03   2.053824e-02   6.574115e-02   7.320282e+00   1.365176e+01
   5.674892e-03   5.675290e-03   5.680737e-03   5.724826e-03   5.994733e-03   1.364165e+00   9.746353e+00   1.135438e+01
   3.210189e-03   3.210189e-03   3.210189e-03   3.210189e-03   3.210189e-03   3.210189e-03   9.695639e+00   1.154872e+01
   4.166723e-03   4.171053e-03   4.230888e-03   4.726104e-03   2.902875e-01   2.486384e+00   9.156305e+00   1.164177e+01
   1.379987e-02   1.381557e-02   1.400761e-02   1.583589e-02   2.873433e-01   1.373368e+00   8.207867e+00   1.285224e+01
   6.244341e-03   6.244414e-03   6.245386e-03   6.253445e-03   6.306766e-03   1.986969e+00   9.632250e+00   1.131995e+01
   1.035991e-02   1.036101e-02   1.037345e-02   1.047707e-02   1.115424e-02   1.407100e-02   7.315630e+00   1.365940e+01
   1.157192e-01   1.163900e-01   1.238036e-01   1.862678e-01   5.710691e-01   2.304167e+00   6.870189e+00   1.380306e+01
   3.400996e-03   3.400996e-03   3.400996e-03   3.400996e-03   3.400996e-03   3.400996e-03   9.697425e+00   1.154716e+01
   1.252011e-02   1.252011e-02   1.252011e-02   1.252011e-02   1.252011e-02   1.252011e-02   7.179862e+00   1.375674e+01
   2.278906e-03   2.279130e-03   2.282162e-03   2.307314e-03   2.461982e-03   3.114711e-03   9.609305e+00   1.164064e+01
   5.492129e-03   5.492265e-03   5.493923e-03   5.507676e-03   5.593885e-03   5.957772e-03   8.556469e+00   1.267425e+01
   4.406055e-02   4.407604e-02   4.425073e-02   4.573944e-02   5.473870e-02   9.282236e-02   5.807377e+00   1.462526e+01
   4.883197e-03   4.883197e-03   4.883197e-03   4.883197e-03   4.883197e-03   2.989873e+00   9.268740e+00   1.132166e+01
   5.018916e-03   5.018991e-03   5.020024e-03   5.028549e-03   5.080873e-03   1.975334e+00   9.633516e+00   1.131919e+01
   6.048364e-03   6.053268e-03   6.121058e-03   6.682109e-03   2.761000e-01   2.497898e+00   9.147121e+00   1.165233e+01
   8.351192e-03   8.351341e-03   8.353206e-03   8.368930e-03   8.467423e-03   8.882957e-03   7.662061e+00   1.340568e+01
   8.703329e-02   8.743232e-02   9.280740e-02   1.372305e-01   4.347885e-01   1.709737e+00   8.120375e+00   1.299856e+01
   5.184221e-03   5.196873e-03   5.348767e-03   6.774062e-03   2.759082e-01   1.247943e+00   9.786314e+00   1.132372e+01
   7.309727e-03   7.323714e-03   7.478479e-03   8.769131e-03   4.610860e-01   2.167929e+00   7.168933e+00   1.343058e+01
   1.042943e-02   1.043257e-02   1.046870e-02   1.076899e-02   1.261808e-02   2.059759e-02   7.741236e+00   1.334980e+01
   2.793773e-02   2.800993e-02   2.882221e-02   3.559569e-02   7.669862e-02   2.512979e-01   6.799753e-01   1.600760e+01
   2.198523e-02   2.199124e-02   2.205774e-02   2.287097e-02   5.537056e-01   2.677492e+00   9.136983e+00   1.160745e+01
   5.319062e-03   5.319196e-03   5.320842e-03   5.334616e-03   5.420878e-03   5.784976e-03   8.561287e+00   1.266967e+01
   1.018640e-02   1.018640e-02   1.018640e-02   1.018640e-02   1.018640e-02   1.829645e+00   5.443644e+00   1.455511e+01
   4.323735e-03   4.323735e-03   4.323735e-03   4.323735e-03   4.323735e-03   2.478417e+00   7.962010e+00   1.274827e+01
   5.536682e-03   5.588907e-03   6.161771e-03   1.094124e-02   3.973605e-01   1.788853e+00   8.097395e+00   1.282858e+01
   2.248960e-02   2.271650e-02   2.548127e-02   4.857942e-02   1.923443e-01   7.999079e-01   5.669786e+00   1.462364e+01
   6.858528e-02   6.859260e-02   6.867367e-02   6.966560e-02   7.171068e-01   3.152351e+00   9.109099e+00   1.152576e+01
   2.206133e-02   2.206133e-02   2.206133e-02   2.206133e-02   5.476429e-01   2.375858e+00   9.088802e+00   1.177249e+01
   1.425938e-02   1.427261e-02   1.442237e-02   1.566843e-02   3.199428e-01   1.518473e+00   7.331234e+00   1.349799e+01
   3.394242e-02   3.394437e-02   3.396815e-02   3.416437e-02   4.087779e-02   6.552393e-02   9.843876e+00   1.144901e+01
   7.270010e-03   7.273675e-03   7.317529e-03   7.682075e-03   9.969371e-03   1.994133e+00   8.124591e+00   1.277130e+01
   8.321184e-03   8.685033e-03   1.271224e-02   4.805825e-02   2.625760e-01   1.169087e+00   5.217648e+00   1.477272e+01
   3.241150e-03   3.241248e-03   3.242585e-03   3.253550e-03   3.321081e-03   3.628933e-03   9.766844e+00   1.147015e+01
   7.083140e-03   7.444164e-03   1.150674e-02   4.710196e-02   2.615109e-01   1.175754e+00   5.249837e+00   1.475489e+01
   4.553548e-03   4.553990e-03   4.558952e-03   4.603348e-03   4.872052e-03   1.359810e+00   9.776337e+00   1.131897e+01
   1.741067e-01   1.741222e-01   1.743338e-01   1.760735e-01   1.886888e-01   2.407204e-01   2.253529e+00   1.599636e+01
   8.744996e-03   8.744996e-03   8.744996e-03   8.744996e-03   8.744996e-03   1.414648e+00   8.240751e+00   1.281404e+01
   1.172916e-01   1.174633e-01   1.197914e-01   1.391028e-01   7.706371e-01   3.046650e+00   9.053352e+00   1.175135e+01
   4.513861e-02   4.513861e-02   4.513861e-02   4.513861e-02   4.513861e-02   1.263506e+00   7.650661e+00   1.337967e+01
   1.462965e-02   1.464207e-02   1.479380e-02   1.624269e-02   2.313336e-01   1.315598e+00   8.224963e+00   1.285307e+01
   2.956247e-02   2.963373e-02   3.043552e-02   3.711795e-02   7.767062e-02   2.499327e-01   6.830820e-01   1.600922e+01
   1.138225e-01   1.138225e-01   1.138225e-01   1.138225e-01   1.138225e-01   7.480716e-01   1.963312e+00   1.595103e+01
   2.772284e-02   2.772372e-02   2.773442e-02   2.782320e-02   2.836135e-02   3.065713e-02   8.451008e+00   1.280772e+01
   1.348051e-02   1.348051e-02   1.348051e-02   1.348051e-02   1.348051e-02   1.338361e+00   8.207671e+00   1.286572e+01
   1.135132e-01   1.141504e-01   1.211926e-01   1.805163e-01   5.459812e-01   2.191989e+00   6.528564e+00   1.404442e+01
   4.894417e-03   4.906792e-03   5.055123e-03   6.447196e-03   2.693074e-01   1.218682e+00   9.791313e+00   1.132343e+01
   3.034396e-03   3.034449e-03   3.035188e-03   3.041634e-03   3.080992e-03   3.250140e-03   9.753788e+00   1.148422e+01
   4.766121e-02   4.769257e-02   4.805417e-02   5.109458e-02   6.966053e-02   1.216871e+00   3.348282e+00   1.551826e+01
   1.347939e-01   1.348106e-01   1.349928e-01   1.365138e-01   3.108434e-01   9.949200e-01   3.090796e+00   1.572943e+01
   1.007532e-01   1.007859e-01   1.011372e-01   1.040703e-01   6.267531e-01   2.605408e+00   9.020168e+00   1.194260e+01
   5.790011e-03   5.838184e-03   6.426514e-03   1.128262e-02   1.774224e-01   8.004415e-01   9.788921e+00   1.139847e+01
   1.163915e-01   1.166505e-01   1.196421e-01   1.447209e-01   2.973892e-01   9.457587e-01   8.904109e+00   1.251902e+01
   5.163646e-02   5.163938e-02   5.167891e-02   5.200275e-02   6.579705e-02   1.055592e+00   9.881576e+00   1.136534e+01
   2.477012e-02   2.477012e-02   2.477012e-02   2.477012e-02   2.477012e-02   1.805071e+00   5.341293e+00   1.463461e+01
   1.096030e-02   1.096972e-02   1.107594e-02   1.197992e-02   1.744548e-02   4.133157e-02   7.364765e+00   1.362585e+01
   1.120884e-01   1.120885e-01   1.120897e-01   1.121069e-01   3.062208e-01   1.760388e+00   7.304536e+00   1.365853e+01
   1.099143e-01   1.099143e-01   1.099143e-01   1.099143e-01   1.099143e-01   3.231915e+00   8.903288e+00   1.184356e+01
   1.138691e-01   1.138691e-01   1.138691e-01   1.138691e-01   1.138691e-01   2.239788e+00   9.422586e+00   1.172364e+01
   1.209444e-01   1.209473e-01   1.209797e-01   1.212552e-01   1.229215e-01   1.302360e-01   3.454753e+00   1.566067e+01
   4.659669e-03   4.659669e-03   4.659669e-03   4.659669e-03   4.659669e-03   3.055181e+00   9.191052e+00   1.137274e+01
   3.645099e-03   3.645099e-03   3.645099e-03   3.645099e-03   3.645099e-03   3.645099e-03   9.764490e+00   1.147362e+01
   8.518479e-02   8.529090e-02   8.673050e-02   9.864674e-02   1.728690e-01   4.874289e-01   1.939755e+00   1.593446e+01
   9.290072e-03   9.338860e-03   9.929800e-03   1.486863e-02   1.835496e-01   8.029360e-01   9.846847e+00   1.134062e+01
   6.016372e-02   6.016374e-02   6.016398e-02   6.016594e-02   6.029148e-02   6.074523e-02   8.422598e+00   1.289225e+01
   7.294305e-02   7.318376e-02   7.596401e-02   9.927752e-02   2.411942e-01   8.413468e-01   8.216516e+00   1.304426e+01
   6.614347e-03   6.614347e-03   6.614347e-03   6.614347e-03   6.614347e-03   2.981241e+00   9.275006e+00   1.132340e+01
   2.469449e-02   2.469930e-02   2.475252e-02   2.522783e-02   3.943763e-01   1.685501e+00   5.478410e+00   1.458143e+01
   7.581291e-02   7.582049e-02   7.590441e-02   7.693129e-02   7.471879e-01   3.127274e+00   9.046902e+00   1.161597e+01
   4.545926e-03   4.545926e-03   4.545926e-03   4.545926e-03   4.545926e-03   3.044670e+00   9.195628e+00   1.137262e+01
   8.219982e-02   8.220234e-02   8.223243e-02   8.248385e-02   2.804259e-01   9.699495e-01   4.599269e+00   1.517685e+01
   3.742478e-02   3.742478e-02   3.742478e-02   3.742478e-02   4.521030e-01   1.901782e+00   9.600559e+00   1.143615e+01
   3.894161e-02   3.906790e-02   4.066095e-02   5.408004e-02   1.364239e-01   4.985536e-01   5.697393e+00   1.466014e+01
   1.126537e-01   1.126537e-01   1.126537e-01   1.126537e-01   1.126537e-01   9.145521e-01   2.451810e+00   1.585146e+01
   2.074551e-02   2.109687e-02   2.507128e-02   5.987554e-02   2.695221e-01   1.163265e+00   5.146240e+00   1.482618e+01
   1.641095e-01   1.641108e-01   1.641289e-01   1.642783e-01   1.652084e-01   1.691975e-01   2.803478e+00   1.587720e+01
   2.270742e-02   2.272113e-02   2.288790e-02   2.447582e-02   2.602891e-01   1.343311e+00   7.937864e+00   1.309661e+01
   4.106416e-02   4.107621e-02   4.120838e-02   4.230999e-02   2.635795e-01   1.063001e+00   8.373834e+00   1.282097e+01
   4.782379e-03   4.782795e-03   4.788489e-03   4.835590e-03   5.122890e-03   1.451088e+00   9.728111e+00   1.135363e+01
   2.723483e-02   2.732523e-02   2.835301e-02   3.690545e-02   8.881013e-02   3.086196e-01   8.692018e-01   1.599354e+01
   2.246530e-02   2.246530e-02   2.246530e-02   2.246530e-02   2.246530e-02   2.021497e+00   5.852818e+00   1.432270e+01
   7.762063e-02   7.762162e-02   7.763341e-02   7.773028e-02   7.831849e-02   1.029809e+00   6.852700e+00   1.402161e+01
   3.500419e-02   3.500419e-02   3.500419e-02   3.500419e-02   3.500419e-02   3.500419e-02   8.278946e+00   1.296685e+01
   7.155760e-03   7.155911e-03   7.157822e-03   7.173927e-03   7.271300e-03   7.693084e-03   7.733126e+00   1.335020e+01
   4.168657e-02   4.168832e-02   4.171421e-02   4.192749e-02   4.322869e-02   5.529578e-02   9.362294e+00   1.198036e+01
   4.494526e-02   4.494531e-02   4.494599e-02   4.495218e-02   4.513313e-02   4.579965e-02   9.856351e+00   1.145844e+01
   5.679684e-02   5.688880e-02   5.816636e-02   6.872140e-02   4.670497e-01   1.925196e+00   9.563355e+00   1.151637e+01
   5.933605e-02   5.971307e-02   6.395408e-02   9.969355e-02   3.311257e-01   1.389020e+00   6.174306e+00   1.433590e+01
   4.427176e-02   4.427176e-02   4.427176e-02   4.427176e-02   4.427176e-02   1.723555e+00   8.203415e+00   1.285193e+01
   5.155911e-02   5.168259e-02   5.307750e-02   6.469939e-02   1.351668e-01   4.347598e-01   1.169214e+00   1.599171e+01
   1.362704e-01   1.362704e-01   1.362704e-01   1.362704e-01   1.363637e-01   1.366882e-01   6.150413e+00   1.458472e+01
   7.046223e-02   7.046390e-02   7.048280e-02   7.063953e-02   5.590138e-01   2.474724e+00   7.040680e+00   1.354844e+01
   1.472382e-01   1.478003e-01   1.543109e-01   2.084106e-01   5.366453e-01   2.033547e+00   8.834742e+00   1.242292e+01
   1.345576e-01   1.345605e-01   1.345932e-01   1.348742e-01   1.365713e-01   1.437841e-01   3.450477e+00   1.567929e+01
   6.257825e-02   6.258130e-02   6.261770e-02   6.292188e-02   3.024035e-01   1.136629e+00   5.527588e+00   1.471839e+01
   9.520124e-02   9.567163e-02   1.009925e-01   1.475859e-01   4.392183e-01   1.673227e+00   7.174432e+00   1.372606e+01
   2.085142e-02   2.117507e-02   2.505952e-02   5.887643e-02   2.625971e-01   1.151357e+00   5.150658e+00   1.482629e+01
   3.482363e-02   3.482363e-02   3.482363e-02   3.482363e-02   3.482363e-02   3.482363e-02   9.831712e+00   1.146459e+01
   3.186267e-02   3.241387e-02   3.851609e-02   8.941779e-02   3.980954e-01   1.840964e+00   5.822650e+00   1.438542e+01
   3.541566e-02   3.541581e-02   3.541766e-02   3.543297e-02   3.552894e-02   3.593405e-02   9.554983e+00   1.176727e+01
   4.955302e-03   4.967949e-03   5.119718e-03   6.542086e-03   2.812195e-01   1.266237e+00   9.782554e+00   1.132349e+01
   8.617815e-02   8.657379e-02   9.190322e-02   1.363675e-01   4.343278e-01   1.710001e+00   8.113952e+00   1.300195e+01
   2.492718e-02   2.492768e-02   2.493438e-02   2.498985e-02   2.532819e-02   1.728206e+00   9.691441e+00   1.137378e+01
   1.612270e-02   1.629288e-02   1.824866e-02   3.486148e-02   1.358244e-01   5.646172e-01   5.918000e+00   1.450514e+01
   8.823859e-02   8.868409e-02   9.377545e-02   1.366017e-01   4.034548e-01   1.530933e+00   4.370349e+00   1.519072e+01
   1.750647e-01   1.750800e-01   1.752674e-01   1.768135e-01   2.297089e-01   4.280446e-01   3.287261e+00   1.577082e+01
   8.052875e-03   8.053093e-03   8.056026e-03   8.081771e-03   8.238883e-03   8.914050e-03   9.897491e+00   1.133324e+01
   2.896265e-02   2.896265e-02   2.896265e-02   2.896265e-02   2.896265e-02   2.896265e-02   8.037379e+00   1.315269e+01
   5.772063e-02   5.772063e-02   5.772063e-02   5.772063e-02   5.772063e-02   5.772063e-02   5.772063e-02   1.605772e+01
   1.286409e-02   1.286409e-02   1.286409e-02   1.286409e-02   1.286409e-02   1.346502e+00   8.261221e+00   1.281816e+01
   9.796990e-02   9.800655e-02   9.841296e-02   1.018805e-01   6.601670e-01   2.695590e+00   8.724015e+00   1.218135e+01
   6.124712e-02   6.124729e-02   6.124936e-02   6.126892e-02   6.195866e-02   2.324443e+00   6.452737e+00   1.397302e+01
   1.299263e-01   1.305879e-01   1.379002e-01   1.995630e-01   5.793827e-01   2.290049e+00   6.897598e+00   1.381727e+01
   1.603772e-02   1.603772e-02   1.603772e-02   1.603772e-02   1.603772e-02   1.792880e+00   5.090203e+00   1.473875e+01
   4.690566e-02   4.695967e-02   4.758154e-02   5.279615e-02   8.438140e-02   2.180382e-01   5.469182e-01   1.603495e+01
   3.260431e-02   3.260431e-02   3.260431e-02   3.260431e-02   3.260431e-02   3.083348e+00   9.267259e+00   1.134939e+01
   5.184058e-02   5.184058e-02   5.184058e-02   5.184058e-02   5.184058e-02   5.184058e-02   5.815458e+00   1.463305e+01
   9.382256e-02   9.382266e-02   9.382382e-02   9.383363e-02   9.389297e-02   9.414504e-02   4.735244e+00   1.518894e+01
   8.503453e-02   8.504748e-02   8.519356e-02   8.643678e-02   9.401065e-02   1.268921e-01   5.372635e+00   1.489986e+01
   3.105731e-02   3.105731e-02   3.105731e-02   3.105731e-02   3.105731e-02   2.505765e+00   7.001275e+00   1.350904e+01
   6.753546e-02   6.753546e-02   6.753546e-02   6.753546e-02   3.403903e-01   2.384235e+00   6.934737e+00   1.365699e+01
   3.342428e-02   3.342428e-02   3.342428e-02   3.342428e-02   3.342428e-02   3.342428e-02   9.884990e+00   1.140164e+01
   1.044507e-01   1.044534e-01   1.044842e-01   1.047427e-01   1.064109e-01   5.565182e-01   6.467980e+00   1.434334e+01
