   7.228379e-01   3.602871e-01   2.803886e-01   2.362001e-01   2.592324e-02   8.298135e-01   6.596274e-01   3.666315e-01   6.953702e-01   5.259872e-01   5.516636e-01   5.845969e-01   5.141321e-01   5.653857e-01   4.826215e-01   4.678779e-01   5.135483e-01   4.046617e-01   5.461027e-01
   1.827525e-01   1.631263e-02   3.774802e-02   8.287178e-01   5.512201e-02   1.280258e-01   5.527301e-01   5.100816e-01   4.885501e-01   5.417266e-01   5.213120e-01   4.445772e-01   4.986493e-01   4.775990e-01   4.881160e-01   4.844063e-01   4.480132e-01   5.231141e-01   5.194891e-01
   2.194974e-02   1.187490e-02   5.917304e-03   1.277878e-02   9.100286e-02   2.328968e-02   2.616126e-01   1.000000e+00   6.619747e-01   5.266402e-01   5.239691e-01   5.122763e-01   4.961859e-01   4.937584e-01   5.338029e-01   4.944687e-01   4.624173e-01   5.119232e-01   4.650920e-01
   5.955689e-01   2.839909e-01   0.000000e+00   8.202768e-02   2.317170e-01   1.267130e-01   1.869795e-01   9.665981e-03   0.000000e+00   5.546843e-01   5.037059e-01   4.435785e-01   4.819319e-01   4.967235e-01   4.956524e-01   5.616965e-01   4.171834e-01   4.837662e-01   5.736978e-01
   0.000000e+00   3.755754e-02   2.163709e-03   5.814530e-01   1.909411e-02   0.000000e+00   2.847602e-01   9.855867e-01   6.884160e-01   5.307921e-01   4.153569e-01   6.319564e-01   4.944114e-01   5.919608e-01   5.719803e-01   5.154361e-01   4.929774e-01   5.651409e-01   4.874837e-01
   0.000000e+00   1.310167e-02   9.866196e-03   4.027221e-03   5.103046e-02   1.943809e-02   1.428872e-03   1.879757e-02   9.796612e-01   5.318343e-01   5.209421e-01   5.159826e-01   4.906862e-01   5.002174e-01   5.342147e-01   4.909221e-01   4.633115e-01   5.127067e-01   4.501479e-01
   7.985183e-02   2.816640e-02   1.073387e-02   1.959910e-01   1.898346e-05   2.460125e-01   6.730202e-03   0.000000e+00   1.000000e+00   5.551970e-01   5.345352e-01   5.426230e-01   5.530681e-01   4.369075e-01   5.516161e-01   5.406703e-01   5.165161e-01   4.810040e-01   4.898473e-01
   4.733401e-01   4.597363e-03   1.028790e-02   1.179849e-01   1.746036e-02   8.496209e-01   0.000000e+00   1.013695e-02   0.000000e+00   4.914695e-01   4.981346e-01   5.083916e-01   5.176441e-01   4.881630e-01   5.971772e-01   4.357863e-01   4.984575e-01   4.850273e-01   5.421339e-01
   6.481933e-04   4.413991e-01   1.530029e-02   0.000000e+00   3.483933e-03   0.000000e+00   1.000000e+00   4.929430e-01   4.531519e-01   5.156449e-01   4.909202e-01   4.618358e-01   5.267600e-01   4.833019e-01   5.329002e-01   4.541867e-01   5.143008e-01   4.780326e-01   4.536191e-01
   0.000000e+00   1.646336e-01   5.230968e-03   1.306974e-01   1.000000e+00   4.370256e-01   0.000000e+00   7.645608e-01   1.000000e+00   5.089854e-01   4.812827e-01   4.647459e-01   4.637473e-01   4.570667e-01   5.268116e-01   5.871463e-01   5.361266e-01   5.011299e-01   4.829074e-01
   7.067396e-03   2.419319e-02   5.254325e-03   5.503446e-03   2.061929e-02   7.824156e-02   1.318747e-02   2.547540e-03   9.833334e-01   5.021682e-01   5.347690e-01   5.232511e-01   5.052384e-01   5.048659e-01   5.545542e-01   4.869606e-01   5.153206e-01   4.917551e-01   5.022660e-01
   1.000000e+00   1.122164e-01   1.000000e+00   1.657329e-01   5.408501e-01   2.984594e-01   5.162021e-01   5.681725e-01   1.183169e-01   4.933450e-01   4.992024e-01   5.130655e-01   5.102277e-01   4.881726e-01   5.251166e-01   4.931333e-01   5.055193e-01   5.133708e-01   4.821471e-01
   4.115507e-01   6.668322e-01   1.000000e+00   0.000000e+00   6.288351e-02   3.725992e-01   5.661650e-01   1.000000e+00   4.027668e-01   5.180450e-01   5.085932e-01   4.262863e-01   5.428896e-01   4.850362e-01   5.330848e-01   4.652411e-01   5.075914e-01   4.733595e-01   5.210377e-01
   0.000000e+00   1.756736e-02   0.000000e+00   9.170870e-01   8.826597e-03   2.274584e-01   2.013305e-01   8.644892e-01   7.460023e-01   5.166399e-01   5.180808e-01   5.001310e-01   5.188325e-01   5.247125e-01   5.214740e-01   5.045326e-01   5.015107e-01   5.192483e-01   5.160998e-01
   7.078348e-01   1.993885e-01   5.656231e-01   2.103725e-01   1.032182e-01   2.767365e-01   6.235301e-01   4.812884e-01   1.466117e-01   4.476040e-01   4.546054e-01   5.665288e-01   5.253413e-01   3.844796e-01   5.309420e-01   4.857229e-01   5.566702e-01   5.398162e-01   5.367562e-01
   4.533320e-02   3.587368e-02   1.320119e-01   0.000000e+00   0.000000e+00   3.174536e-02   1.411946e-01   1.159181e-01   1.953368e-02   5.806199e-01   4.943658e-01   5.182989e-01   5.054898e-01   4.896299e-01   4.976660e-01   4.808314e-01   5.067665e-01   4.986308e-01   5.077762e-01
   6.425952e-02   2.050023e-01   1.814045e-01   2.314860e-01   6.016254e-01   2.252080e-01   7.870957e-01   6.939695e-01   9.581373e-01   6.211411e-01   5.908425e-01   5.212865e-01   5.306004e-01   4.596958e-01   4.632701e-01   4.782321e-01   5.175508e-01   5.219058e-01   5.581568e-01
   6.668586e-01   3.221344e-02   8.490327e-01   1.685126e-02   3.876843e-01   6.458757e-01   6.301024e-01   9.629185e-01   3.480744e-01   5.250194e-01   4.907459e-01   5.169807e-01   5.201799e-01   4.143050e-01   5.027140e-01   5.092792e-01   5.398659e-01   4.972751e-01   5.120030e-01
   0.000000e+00   4.074558e-02   0.000000e+00   1.000000e+00   6.466097e-01   2.753086e-01   4.615470e-01   9.025907e-01   3.688311e-01   5.157572e-01   5.026972e-01   4.993027e-01   4.956164e-01   4.883984e-01   5.226783e-01   4.997310e-01   4.699221e-01   5.200875e-01   5.451481e-01
   7.569581e-01   9.696382e-03   7.332808e-03   2.101266e-01   8.090097e-01   1.000000e+00   5.004470e-01   7.206723e-01   1.993780e-01   5.543754e-01   5.017553e-01   4.918970e-01   5.284241e-01   4.510211e-01   4.436034e-01   5.119999e-01   4.974438e-01   5.223549e-01   5.386053e-01
   9.577667e-03   7.232004e-03   0.000000e+00   1.378491e-02   1.427784e-03   1.911157e-02   1.000000e+00   1.000000e+00   0.000000e+00   5.273446e-01   5.205193e-01   4.847111e-01   5.038717e-01   4.922332e-01   5.235801e-01   4.874157e-01   4.933031e-01   5.079320e-01   4.811508e-01
   0.000000e+00   2.288804e-02   8.593382e-03   2.966989e-02   4.379639e-02   3.009770e-02   2.086970e-02   8.960263e-02   9.818632e-01   5.627580e-01   5.618385e-01   5.319843e-01   5.047902e-01   5.033637e-01   5.270997e-01   5.282548e-01   5.533066e-01   4.854649e-01   4.580558e-01
   8.142478e-02   2.286868e-02   1.262647e-03   9.486166e-03   9.060155e-01   1.817763e-01   2.460932e-01   5.194366e-01   9.500388e-01   4.403442e-01   5.381686e-01   4.915510e-01   4.830958e-01   5.207903e-01   5.160290e-01   5.283451e-01   5.126219e-01   4.973959e-01   5.706075e-01
   2.363471e-03   9.709429e-03   6.668766e-01   7.686110e-02   0.000000e+00   9.381322e-03   9.623868e-01   9.073698e-01   4.235490e-01   5.129942e-01   5.128951e-01   4.315817e-01   5.342706e-01   5.298655e-01   5.117977e-01   4.782251e-01   4.796918e-01   5.413216e-01   4.576870e-01
   3.295062e-03   2.780593e-02   8.910423e-02   4.363169e-02   0.000000e+00   3.084365e-02   1.499847e-02   9.409796e-01   9.747883e-01   5.379691e-01   5.181824e-01   5.432801e-01   5.546702e-01   5.061198e-01   5.118567e-01   5.070521e-01   4.800507e-01   5.288047e-01   4.721841e-01
   4.956861e-02   1.555885e-02   0.000000e+00   4.315512e-03   7.686113e-02   0.000000e+00   9.322752e-01   9.387697e-01   3.922650e-01   5.501082e-01   5.576393e-01   5.162873e-01   5.271792e-01   4.692718e-01   4.980091e-01   4.814148e-01   4.861473e-01   5.161155e-01   4.760966e-01
   8.181136e-01   1.338576e-02   1.161842e-02   3.721744e-03   3.944646e-03   1.971501e-02   1.332009e-03   3.704996e-02   9.797812e-01   5.330155e-01   4.148427e-01   5.598947e-01   4.868368e-01   5.014797e-01   5.282311e-01   4.833204e-01   4.484134e-01   5.166937e-01   4.522043e-01
   5.119961e-02   1.533721e-02   9.391174e-03   1.159403e-05   0.000000e+00   5.188766e-02   0.000000e+00   3.150860e-01   9.935484e-01   5.263211e-01   5.328125e-01   5.021822e-01   5.101584e-01   5.094648e-01   4.906175e-01   5.393006e-01   5.050764e-01   5.086102e-01   4.534981e-01
   2.854292e-01   1.933456e-01   1.403809e-01   8.155698e-02   2.047297e-01   1.204072e-01   2.037505e-01   1.083919e-02   3.705841e-02   5.110704e-01   5.008960e-01   4.368515e-01   5.131318e-01   5.015297e-01   4.835380e-01   5.374355e-01   4.120869e-01   4.046270e-01   5.827265e-01
   1.730767e-01   0.000000e+00   5.574142e-03   1.114452e-01   1.010545e-01   4.893705e-02   3.672912e-03   9.902291e-02   2.682458e-01   5.582531e-01   5.014540e-01   3.924411e-01   4.429853e-01   4.989168e-01   5.530787e-01   5.385452e-01   5.628747e-01   4.611714e-01   5.406065e-01
   8.139974e-03   8.163016e-03   9.831367e-03   0.000000e+00   0.000000e+00   3.340051e-01   1.625404e-01   4.432752e-01   3.690151e-01   5.022304e-01   5.051235e-01   3.825145e-01   5.085374e-01   4.968514e-01   5.239047e-01   4.229945e-01   4.595066e-01   5.081263e-01   5.724412e-01
   0.000000e+00   0.000000e+00   0.000000e+00   0.000000e+00   5.899734e-04   0.000000e+00   1.000000e+00   5.724886e-01   3.692502e-01   5.120575e-01   5.139118e-01   4.846226e-01   4.998349e-01   4.833109e-01   5.330928e-01   4.523007e-01   4.899248e-01   4.942842e-01   5.654706e-01
   2.812483e-02   1.094917e-02   5.387051e-03   1.913044e-02   7.123084e-04   2.350008e-02   3.550417e-03   9.106071e-01   8.123966e-01   5.536824e-01   5.203922e-01   5.005672e-01   4.879448e-01   4.949542e-01   5.129375e-01   4.694676e-01   5.327730e-01   5.015627e-01   4.796968e-01
   4.196551e-02   9.900856e-01   1.092439e-01   3.264351e-02   1.839916e-01   1.855097e-02   5.433061e-01   5.075786e-01   6.817706e-01   5.207007e-01   5.177487e-01   5.054228e-01   5.000555e-01   4.921380e-01   5.019319e-01   5.124664e-01   4.930436e-01   4.788583e-01   4.865922e-01
   4.878521e-01   2.183591e-01   4.004962e-01   1.061577e-01   4.411581e-01   3.918724e-01   1.056849e-01   5.852136e-01   9.260324e-01   4.604268e-01   4.998645e-01   4.655917e-01   4.725129e-01   4.538269e-01   4.691292e-01   5.171795e-01   5.104241e-01   5.818028e-01   5.851458e-01
   4.999446e-01   3.414424e-02   8.897004e-05   2.838110e-03   4.609668e-01   4.078204e-02   1.195020e-02   2.397140e-01   1.959859e-02   5.525963e-01   4.754919e-01   5.026291e-01   4.902862e-01   4.927330e-01   5.378265e-01   5.490577e-01   4.862613e-01   4.839590e-01   5.251536e-01
   0.000000e+00   9.732623e-01   0.000000e+00   0.000000e+00   8.034472e-01   4.914840e-01   5.057700e-01   9.261178e-01   4.347310e-01   4.874680e-01   5.196590e-01   4.968703e-01   5.040358e-01   4.885841e-01   5.100920e-01   4.953501e-01   5.101347e-01   4.821373e-01   4.990147e-01
   1.946095e-02   1.822078e-02   0.000000e+00   4.029979e-01   3.231952e-01   2.465667e-01   0.000000e+00   7.166558e-01   3.008771e-02   4.763259e-01   5.572319e-01   4.927078e-01   5.221676e-01   5.175508e-01   5.444603e-01   5.065414e-01   4.747084e-01   5.112626e-01   5.429635e-01
   1.488164e-02   9.463288e-03   9.098996e-01   8.905389e-01   1.203652e-01   1.253956e-01   0.000000e+00   1.000000e+00   3.390247e-01   4.912851e-01   4.863473e-01   5.493317e-01   5.026631e-01   5.154935e-01   5.258196e-01   4.840886e-01   4.868978e-01   4.860509e-01   4.895086e-01
   0.000000e+00   3.079469e-03   0.000000e+00   1.000000e+00   7.148921e-01   1.038552e-01   1.000000e+00   5.306139e-01   6.734757e-01   5.129790e-01   5.090040e-01   5.093485e-01   5.049143e-01   4.945308e-01   5.115258e-01   4.915099e-01   5.166701e-01   4.959998e-01   4.906477e-01
   0.000000e+00   8.475125e-01   1.000000e+00   5.020999e-01   0.000000e+00   2.394192e-01   6.478029e-01   4.455858e-01   3.367761e-01   4.780474e-01   4.985314e-01   4.357359e-01   5.141302e-01   4.453312e-01   5.520844e-01   4.970449e-01   4.999969e-01   5.306240e-01   4.744085e-01
   2.364915e-02   2.177406e-02   6.079930e-02   3.041539e-02   1.271119e-03   4.637672e-01   1.000000e+00   0.000000e+00   9.000229e-01   5.275361e-01   4.788556e-01   4.874882e-01   5.299761e-01   4.183263e-01   4.915453e-01   4.733748e-01   4.978906e-01   5.172391e-01   4.848937e-01
   0.000000e+00   3.665005e-02   7.307302e-05   4.053191e-01   7.756889e-03   8.685135e-02   2.098612e-01   7.884062e-01   7.814228e-01   5.297246e-01   4.989022e-01   5.682257e-01   4.850612e-01   4.414019e-01   6.038716e-01   5.416996e-01   4.953333e-01   5.567721e-01   4.907718e-01
   1.000000e+00   1.984538e-03   2.909725e-01   0.000000e+00   3.188185e-01   3.968408e-01   2.799484e-01   7.713715e-01   4.204555e-01   5.060819e-01   5.025329e-01   5.087643e-01   4.948630e-01   4.936251e-01   4.924589e-01   4.991524e-01   5.099889e-01   4.955058e-01   4.859808e-01
   1.686647e-01   8.442455e-01   7.589420e-01   2.294719e-01   4.813115e-01   3.003476e-01   7.753886e-01   7.498870e-01   7.890469e-01   4.701883e-01   5.118694e-01   4.503046e-01   4.649586e-01   5.199924e-01   5.174998e-01   4.494248e-01   4.697567e-01   4.292747e-01   4.007875e-01
   3.607769e-02   0.000000e+00   6.292922e-02   1.260154e-02   1.000000e+00   1.101993e-02   0.000000e+00   0.000000e+00   2.531198e-01   5.080086e-01   4.732668e-01   4.960384e-01   5.055632e-01   4.914691e-01   4.897892e-01   4.536831e-01   4.899842e-01   4.933960e-01   4.712638e-01
   1.815977e-03   0.000000e+00   0.000000e+00   1.000000e+00   7.071218e-01   1.518119e-01   1.000000e+00   8.637749e-01   6.732281e-01   5.091862e-01   5.087677e-01   5.113236e-01   5.054337e-01   4.941682e-01   5.105541e-01   4.943644e-01   4.887677e-01   4.998621e-01   4.913013e-01
   9.347368e-01   2.879878e-01   9.939606e-01   5.117820e-02   3.016571e-01   2.465748e-01   4.870900e-01   7.216807e-01   0.000000e+00   4.975135e-01   5.057564e-01   4.771244e-01   5.070660e-01   5.039238e-01   4.898094e-01   4.884473e-01   4.975854e-01   4.588686e-01   4.657851e-01
   7.798271e-02   2.327838e-01   0.000000e+00   6.102950e-02   2.171114e-01   3.600694e-01   9.423571e-01   5.380879e-01   6.343338e-01   5.219793e-01   5.378456e-01   4.899335e-01   5.027002e-01   4.788304e-01   5.546226e-01   5.277381e-01   4.690825e-01   5.188610e-01   5.077065e-01
   9.018179e-03   0.000000e+00   0.000000e+00   1.604466e-02   2.768020e-01   1.000000e+00   7.162629e-01   6.739705e-01   3.837261e-01   5.215860e-01   5.093352e-01   5.149559e-01   5.089759e-01   5.075890e-01   4.949976e-01   5.083983e-01   5.437302e-01   4.752784e-01   5.725128e-01
   1.990095e-03   3.832353e-01   5.386468e-02   4.119692e-03   7.625015e-01   2.825924e-01   9.542435e-01   1.000000e+00   6.622798e-02   4.335122e-01   5.462491e-01   5.182955e-01   5.455071e-01   4.593442e-01   4.896378e-01   4.803767e-01   4.671917e-01   4.815465e-01   5.980028e-01
   0.000000e+00   2.357085e-01   1.869159e-01   1.941275e-01   9.547076e-02   1.680125e-01   1.943575e-01   3.134150e-01   2.849171e-01   5.441959e-01   4.577279e-01   4.786602e-01   5.063776e-01   4.679766e-01   5.127891e-01   6.048588e-01   4.680194e-01   5.089565e-01   4.894368e-01
   3.144180e-03   1.453284e-02   0.000000e+00   4.951373e-04   1.799693e-03   5.911443e-03   1.283165e-02   0.000000e+00   9.970216e-01   5.207046e-01   5.321894e-01   4.887937e-01   4.830848e-01   4.647487e-01   5.070140e-01   5.101677e-01   5.127625e-01   4.974219e-01   4.873750e-01
   1.723606e-03   2.024738e-03   1.404414e-04   6.982790e-04   8.069492e-01   7.315623e-03   0.000000e+00   9.772801e-01   9.849004e-01   4.956037e-01   5.082773e-01   4.644850e-01   5.180214e-01   4.792199e-01   4.908551e-01   4.751804e-01   5.276512e-01   4.912249e-01   4.860245e-01
   0.000000e+00   1.526243e-03   1.025709e-02   1.255387e-02   0.000000e+00   0.000000e+00   1.000000e+00   0.000000e+00   1.926916e-02   5.283261e-01   5.086127e-01   4.985592e-01   5.723834e-01   4.885505e-01   5.220296e-01   4.645966e-01   5.107509e-01   5.323054e-01   5.145207e-01
   1.829983e-01   5.882795e-03   8.380158e-02   4.362313e-02   1.202670e-01   8.475231e-01   1.360095e-01   7.986045e-02   2.105476e-01   5.511901e-01   4.837282e-01   4.204097e-01   5.077786e-01   4.067776e-01   5.312829e-01   5.301964e-01   5.591511e-01   4.754552e-01   5.608635e-01
   2.834627e-02   4.615444e-03   1.392317e-01   3.280577e-03   1.047633e-01   3.691562e-02   7.356198e-03   7.044047e-01   2.881383e-01   5.456700e-01   5.697766e-01   5.022280e-01   5.056703e-01   4.934942e-01   4.930079e-01   4.718787e-01   5.241011e-01   4.865638e-01   4.319765e-01
   7.864801e-01   0.000000e+00   0.000000e+00   1.000000e+00   2.368788e-01   2.213272e-01   6.581000e-01   6.375023e-01   6.840704e-02   5.694418e-01   4.941217e-01   4.897729e-01   5.005439e-01   4.931625e-01   4.797098e-01   5.812528e-01   4.740278e-01   5.087540e-01   4.530309e-01
   1.811204e-03   1.020396e-02   1.595852e-03   1.051597e-02   3.252573e-01   1.234870e-02   1.000000e+00   4.293052e-01   3.746711e-01   5.977221e-01   5.097927e-01   5.253343e-01   5.193736e-01   4.976445e-01   5.494352e-01   5.121693e-01   4.801070e-01   5.057208e-01   5.292078e-01
   6.287537e-03   9.349190e-03   5.859474e-04   1.070485e-03   0.000000e+00   0.000000e+00   0.000000e+00   1.000000e+00   5.090724e-01   5.338858e-01   5.138254e-01   5.265995e-01   5.271852e-01   5.210012e-01   5.512651e-01   4.974540e-01   5.037000e-01   5.375491e-01   4.569540e-01
   1.600653e-02   3.745498e-01   4.367523e-01   2.901775e-01   1.000000e+00   3.308229e-01   8.356643e-01   0.000000e+00   6.149897e-01   5.773852e-01   4.592077e-01   4.537766e-01   5.362535e-01   3.981567e-01   5.089185e-01   5.827791e-01   5.251038e-01   4.683610e-01   5.359320e-01
   1.024499e-02   1.386670e-02   5.543345e-03   0.000000e+00   4.245603e-03   2.518109e-02   0.000000e+00   8.413645e-03   1.527006e-02   4.749416e-01   5.799219e-01   5.220642e-01   5.249143e-01   4.837128e-01   4.415265e-01   4.883838e-01   4.573474e-01   5.119755e-01   4.816557e-01
   6.559147e-01   4.278152e-02   5.017565e-02   2.137729e-02   3.285413e-03   2.514246e-02   5.711584e-02   3.104760e-01   9.736551e-01   4.930770e-01   4.271814e-01   5.740631e-01   4.952063e-01   5.134894e-01   5.223618e-01   4.246855e-01   4.684958e-01   4.925966e-01   4.616771e-01
   2.939257e-01   7.050794e-02   0.000000e+00   4.730113e-03   3.856841e-02   2.197889e-01   0.000000e+00   3.958557e-02   1.000000e+00   5.624844e-01   4.868253e-01   5.291221e-01   5.012897e-01   5.334169e-01   4.925286e-01   5.115129e-01   4.975151e-01   5.080488e-01   5.400170e-01
   0.000000e+00   6.988951e-03   8.818701e-03   8.325054e-01   5.317522e-01   3.279282e-01   2.944909e-02   8.538324e-01   1.000000e+00   5.336744e-01   4.910082e-01   5.363137e-01   5.331752e-01   4.840786e-01   5.084591e-01   4.948566e-01   5.119431e-01   4.936541e-01   4.798130e-01
   7.470518e-01   1.585769e-03   9.013138e-03   2.796600e-01   1.000000e+00   9.295092e-01   3.188813e-01   7.006260e-01   2.130054e-01   5.329537e-01   5.000794e-01   4.920546e-01   5.184944e-01   4.440227e-01   4.085649e-01   4.993285e-01   5.017339e-01   5.217163e-01   4.943922e-01
   4.282271e-02   0.000000e+00   0.000000e+00   1.355441e-03   0.000000e+00   0.000000e+00   9.487168e-01   7.895529e-01   9.474330e-01   5.372976e-01   4.987526e-01   5.425687e-01   5.106994e-01   4.739367e-01   5.205987e-01   5.031013e-01   5.040956e-01   5.426475e-01   4.856173e-01
   1.026441e-01   0.000000e+00   2.437867e-01   1.196159e-01   1.395168e-02   2.312361e-01   1.161416e-01   0.000000e+00   9.714209e-01   5.350796e-01   5.140907e-01   4.614347e-01   5.221252e-01   4.789018e-01   5.011481e-01   5.024605e-01   5.010824e-01   5.195421e-01   5.362352e-01
   2.509394e-03   0.000000e+00   0.000000e+00   5.946346e-01   8.029675e-01   1.717886e-01   6.404504e-01   3.894874e-01   3.315051e-01   4.723394e-01   4.490676e-01   4.668439e-01   4.876345e-01   4.340877e-01   5.167901e-01   5.290459e-01   4.333762e-01   4.714091e-01   5.299679e-01
   6.742132e-02   1.303313e-01   1.847477e-01   2.322677e-02   1.930397e-02   3.811199e-01   1.134393e-02   9.485970e-01   0.000000e+00   5.534692e-01   5.034155e-01   4.690887e-01   4.965658e-01   4.994186e-01   5.077216e-01   4.707151e-01   5.079967e-01   4.866124e-01   5.021747e-01
   8.409581e-02   2.171521e-01   1.899094e-01   3.479702e-01   6.759283e-01   3.043727e-01   8.511840e-01   1.113903e-01   1.000000e+00   6.341216e-01   5.879041e-01   5.008053e-01   5.311952e-01   4.516623e-01   4.801991e-01   4.894264e-01   5.190472e-01   5.022677e-01   5.483759e-01
   4.584779e-01   9.017826e-03   1.414850e-03   3.519207e-01   0.000000e+00   1.206546e-01   2.374970e-01   7.897559e-01   3.910114e-01   5.293942e-01   5.301038e-01   5.126927e-01   4.913244e-01   4.838156e-01   4.718577e-01   5.393420e-01   4.960414e-01   5.605214e-01   5.029609e-01
   0.000000e+00   0.000000e+00   9.279802e-03   1.519112e-03   0.000000e+00   2.175971e-03   0.000000e+00   3.717816e-02   9.549832e-01   5.154202e-01   4.980508e-01   4.950256e-01   4.794848e-01   4.862460e-01   5.071782e-01   4.940404e-01   5.332920e-01   5.199490e-01   5.358912e-01
   5.781097e-01   2.686392e-01   6.513326e-01   1.535973e-01   5.737503e-01   3.754630e-01   7.105765e-01   7.440203e-01   6.297390e-01   4.798157e-01   5.197005e-01   4.915635e-01   5.280569e-01   5.214842e-01   5.147810e-01   4.593566e-01   4.617006e-01   4.548670e-01   4.625729e-01
   2.939287e-02   3.954562e-03   1.617709e-03   1.000000e+00   6.759118e-01   1.390051e-01   0.000000e+00   6.055509e-01   1.300299e-01   5.122776e-01   5.122425e-01   5.141645e-01   5.065422e-01   4.974151e-01   5.034217e-01   4.977539e-01   5.115489e-01   4.935187e-01   4.922232e-01
   7.858241e-04   3.807185e-02   7.477045e-01   2.791820e-01   4.423925e-01   1.000000e+00   7.027743e-01   5.567034e-01   4.122511e-02   4.906004e-01   5.089600e-01   4.815756e-01   4.941830e-01   4.702401e-01   5.209005e-01   5.125644e-01   5.134747e-01   5.928085e-01   5.110211e-01
   1.213634e-01   0.000000e+00   0.000000e+00   9.032880e-01   6.816708e-01   4.119221e-01   7.610559e-01   8.047286e-01   4.040613e-01   5.427677e-01   4.897777e-01   5.002978e-01   5.122248e-01   4.524479e-01   5.252115e-01   5.140418e-01   4.932014e-01   5.284232e-01   5.608338e-01
   0.000000e+00   2.049943e-03   0.000000e+00   1.484917e-02   1.288692e-01   1.680734e-03   9.948220e-01   9.882629e-01   3.018041e-01   5.245659e-01   4.692480e-01   4.870700e-01   4.825103e-01   4.986736e-01   5.140357e-01   4.813224e-01   4.923450e-01   4.797214e-01   5.336793e-01
   1.293077e-01   5.484310e-01   2.687525e-01   3.732663e-01   1.591555e-01   2.676107e-01   6.212502e-01   6.460605e-01   2.983242e-01   4.993429e-01   5.899405e-01   5.099842e-01   5.163437e-01   4.329843e-01   4.371965e-01   4.605175e-01   4.513598e-01   5.284419e-01   5.355832e-01
   0.000000e+00   2.065083e-03   0.000000e+00   0.000000e+00   0.000000e+00   1.241023e-03   1.000000e+00   8.205839e-01   2.478942e-01   5.299064e-01   4.976522e-01   4.848599e-01   4.894245e-01   4.944424e-01   5.142198e-01   4.389288e-01   4.921035e-01   4.935323e-01   4.899938e-01
   5.582281e-01   2.773708e-01   7.332452e-01   2.314645e-02   5.657999e-01   3.940853e-01   6.997233e-01   7.305230e-01   8.697322e-01   4.642117e-01   5.317513e-01   4.503246e-01   4.777362e-01   5.050510e-01   4.814515e-01   4.622626e-01   4.802445e-01   4.574699e-01   4.571335e-01
   2.700222e-02   9.040453e-02   2.434752e-01   9.101871e-02   4.065009e-02   4.459317e-01   7.431359e-02   0.000000e+00   9.110069e-01   6.015371e-01   5.358246e-01   4.689365e-01   5.271460e-01   4.247010e-01   5.236472e-01   5.030782e-01   4.918578e-01   5.137085e-01   5.381204e-01
   6.519894e-04   7.859295e-03   2.276135e-02   4.611562e-03   3.468521e-03   2.806997e-02   1.447652e-02   0.000000e+00   9.880174e-01   5.002492e-01   5.352759e-01   5.051444e-01   4.951000e-01   4.567741e-01   5.341371e-01   5.267071e-01   5.089056e-01   4.972461e-01   4.897877e-01
   4.148667e-01   2.249130e-01   5.782246e-02   2.837691e-02   2.235594e-01   6.832162e-01   1.771243e-01   1.523812e-01   8.042785e-02   5.007585e-01   5.919020e-01   4.316085e-01   4.775216e-01   4.540743e-01   5.001640e-01   5.618920e-01   4.341595e-01   3.330661e-01   4.852050e-01
   4.162215e-02   1.539540e-02   1.506637e-01   8.556291e-01   1.655082e-01   2.515362e-01   1.830699e-01   3.604881e-01   3.056082e-01   5.423683e-01   4.810221e-01   4.792137e-01   5.026934e-01   4.711147e-01   5.159707e-01   5.468150e-01   4.923281e-01   5.316085e-01   5.096448e-01
   6.063734e-02   4.449470e-01   2.017418e-02   1.304669e-01   4.122579e-02   6.827500e-03   5.069407e-01   5.221916e-01   1.466849e-01   5.354986e-01   4.743211e-01   5.388964e-01   5.301555e-01   4.574600e-01   4.944086e-01   4.300422e-01   4.954108e-01   5.263687e-01   5.512709e-01
   3.859322e-02   1.615091e-01   7.848085e-03   4.001269e-02   2.944421e-02   3.287534e-03   1.249323e-02   1.937260e-02   0.000000e+00   5.317301e-01   4.926112e-01   4.958851e-01   4.890762e-01   4.889828e-01   5.284698e-01   5.066443e-01   4.830360e-01   5.005549e-01   5.253683e-01
   3.652319e-01   9.495572e-03   0.000000e+00   3.251242e-02   4.641293e-01   2.137476e-01   7.798194e-02   3.871842e-01   9.730799e-01   5.156611e-01   4.907749e-01   5.360802e-01   5.050110e-01   4.152860e-01   4.881712e-01   5.135548e-01   5.003667e-01   5.257685e-01   4.400087e-01
   0.000000e+00   7.256742e-02   1.000000e+00   1.769942e-02   2.670940e-02   2.503666e-03   5.795157e-01   1.342847e-02   3.629588e-01   5.197098e-01   4.874690e-01   5.000181e-01   4.934419e-01   4.841730e-01   5.314515e-01   5.092224e-01   4.617557e-01   4.980920e-01   5.289015e-01
   4.368675e-03   3.025081e-02   9.727342e-02   1.372086e-01   2.622594e-02   1.426900e-02   2.309662e-01   5.246134e-03   8.294333e-01   5.332235e-01   4.732644e-01   5.084211e-01   5.289227e-01   4.922721e-01   4.901064e-01   4.966823e-01   5.036256e-01   4.933667e-01   5.455818e-01
   3.227834e-02   6.701665e-02   7.424680e-03   4.045577e-02   2.944093e-02   3.286588e-03   1.250991e-02   1.951590e-02   0.000000e+00   5.325452e-01   4.925964e-01   4.958451e-01   4.893921e-01   4.892876e-01   5.285437e-01   5.067883e-01   4.830342e-01   5.005543e-01   5.253858e-01
   0.000000e+00   3.720927e-02   1.029703e-04   4.353943e-01   8.113833e-03   1.287587e-01   2.772746e-02   6.887856e-01   8.231109e-01   5.303770e-01   4.960440e-01   5.656831e-01   4.847150e-01   5.226499e-01   5.345387e-01   5.359073e-01   4.874150e-01   4.975245e-01   5.008924e-01
   8.590549e-03   4.476392e-03   3.588473e-03   2.643935e-03   3.537994e-01   9.109306e-03   1.812471e-02   1.000000e+00   9.399319e-01   5.082341e-01   5.001706e-01   5.305757e-01   5.317745e-01   5.040989e-01   5.260405e-01   4.725243e-01   4.964351e-01   4.871111e-01   4.617713e-01
   7.803258e-02   1.197124e-01   2.541817e-01   6.530442e-01   4.188832e-01   1.675084e-01   2.674018e-01   4.870442e-01   1.259558e-01   5.213933e-01   5.118650e-01   4.967955e-01   4.883205e-01   4.931601e-01   5.406623e-01   5.393228e-01   4.208958e-01   4.882881e-01   5.687276e-01
   3.099197e-01   1.556109e-03   4.856175e-03   1.590111e-01   9.460591e-02   6.323861e-02   1.509649e-03   1.064671e-01   4.902881e-01   5.386135e-01   5.037308e-01   4.112679e-01   4.497061e-01   4.983619e-01   5.529833e-01   5.425271e-01   5.482728e-01   4.613633e-01   4.847871e-01
   3.829764e-01   1.429334e-01   4.776344e-04   2.390826e-01   4.589193e-01   3.319608e-01   5.054458e-01   5.991630e-01   3.951056e-01   4.887735e-01   5.079072e-01   4.512629e-01   4.978097e-01   4.903950e-01   3.831056e-01   5.230341e-01   5.218001e-01   5.321756e-01   4.984489e-01
   3.634324e-02   1.711550e-02   1.538863e-02   0.000000e+00   4.633079e-03   6.981854e-02   5.335299e-04   2.736300e-03   7.493309e-03   5.507024e-01   4.326956e-01   5.505619e-01   5.235506e-01   4.433871e-01   4.888325e-01   4.866368e-01   5.183419e-01   4.975984e-01   5.212945e-01
   5.110270e-01   3.714951e-01   0.000000e+00   5.914769e-03   1.877415e-01   5.632163e-01   1.000000e+00   3.331425e-01   8.775316e-01   5.824988e-01   3.931315e-01   4.148457e-01   5.435292e-01   4.832133e-01   5.139079e-01   5.599352e-01   5.191906e-01   5.137326e-01   5.506002e-01
   6.265200e-02   5.751967e-02   0.000000e+00   1.836835e-03   3.501879e-01   3.347242e-03   1.000000e+00   8.361375e-01   6.022249e-01   5.180255e-01   5.539658e-01   4.886513e-01   5.285573e-01   4.854064e-01   4.575954e-01   4.255948e-01   5.054859e-01   4.934517e-01   5.212602e-01
   0.000000e+00   3.303082e-01   4.858048e-04   2.026163e-04   5.352321e-01   8.716292e-03   1.000000e+00   4.779242e-01   4.732928e-01   5.483252e-01   5.390483e-01   4.143056e-01   5.118193e-01   5.269468e-01   5.367629e-01   5.102641e-01   5.167416e-01   5.316673e-01   5.271716e-01
   1.139046e-01   3.321751e-02   0.000000e+00   9.298003e-02   1.141383e-03   4.267888e-03   1.580296e-01   1.000000e+00   7.092901e-01   5.266650e-01   4.971742e-01   3.806610e-01   4.841546e-01   5.227148e-01   4.984806e-01   5.375007e-01   4.857065e-01   5.289580e-01   5.137852e-01
   0.000000e+00   2.318578e-01   7.813235e-01   0.000000e+00   0.000000e+00   1.131600e-02   2.865639e-01   8.921111e-01   3.451237e-01   5.267161e-01   5.037010e-01   4.946563e-01   5.565719e-01   5.121596e-01   5.170335e-01   5.455092e-01   5.127454e-01   4.660731e-01   5.655568e-01
   2.118931e-02   2.978212e-02   0.000000e+00   1.847331e-02   3.590925e-03   3.682234e-02   4.319494e-02   0.000000e+00   6.285574e-01   4.404025e-01   5.023361e-01   4.629872e-01   5.189929e-01   4.657984e-01   5.382421e-01   4.998747e-01   5.123252e-01   5.029843e-01   4.736776e-01
   4.351382e-03   1.633819e-02   1.473263e-02   4.550418e-02   4.749787e-01   3.535330e-03   1.265396e-02   4.489902e-01   9.870486e-01   5.340548e-01   5.078938e-01   4.998535e-01   5.140548e-01   5.079240e-01   5.414010e-01   4.681008e-01   5.129034e-01   4.912093e-01   5.010371e-01
   3.930898e-02   2.659196e-02   5.614453e-01   9.868434e-02   6.887422e-02   1.457621e-01   0.000000e+00   0.000000e+00   0.000000e+00   5.798881e-01   4.790901e-01   4.952743e-01   4.963358e-01   4.849800e-01   5.009080e-01   4.937893e-01   5.135599e-01   4.946303e-01   5.346358e-01
   2.997464e-02   1.384747e-02   4.212123e-03   1.650902e-02   3.160330e-03   0.000000e+00   7.660037e-03   5.988551e-03   2.632590e-03   5.009611e-01   5.303579e-01   5.063348e-01   4.979743e-01   4.462995e-01   5.605424e-01   4.937405e-01   4.787069e-01   5.008827e-01   4.586574e-01
   7.542693e-02   1.407014e-01   7.168121e-02   3.099708e-01   6.287626e-03   2.681315e-01   5.651810e-01   0.000000e+00   8.094355e-01   4.822667e-01   6.036281e-01   5.967755e-01   5.353636e-01   4.691304e-01   5.321843e-01   4.407914e-01   4.820400e-01   5.158521e-01   4.964769e-01
   2.126338e-02   8.045412e-01   1.733347e-02   0.000000e+00   9.338508e-03   0.000000e+00   7.048102e-01   1.009799e-01   7.590602e-01   5.227693e-01   4.800548e-01   4.617181e-01   5.213262e-01   5.187880e-01   5.286601e-01   4.670807e-01   5.259311e-01   4.658565e-01   4.472023e-01
   0.000000e+00   1.678470e-02   0.000000e+00   1.000000e+00   1.082683e-02   3.110998e-01   4.758706e-01   8.457842e-01   5.809574e-01   5.110669e-01   5.030687e-01   4.986815e-01   4.993340e-01   4.857506e-01   5.076020e-01   5.032795e-01   4.969373e-01   5.177014e-01   5.390898e-01
   1.238324e-01   0.000000e+00   0.000000e+00   2.485250e-03   9.738832e-03   3.062338e-01   0.000000e+00   4.634927e-01   1.000000e+00   4.973864e-01   5.426841e-01   4.309390e-01   4.987661e-01   4.530428e-01   5.035533e-01   5.255248e-01   4.942157e-01   5.070852e-01   5.499987e-01
   2.839170e-02   4.660928e-03   1.388067e-01   3.278145e-03   1.047638e-01   3.691157e-02   7.356106e-03   7.856715e-01   2.883534e-01   5.428440e-01   5.687824e-01   5.021337e-01   5.056397e-01   4.950235e-01   4.893285e-01   4.718816e-01   5.241012e-01   4.865638e-01   4.347499e-01
   1.452664e-02   1.531914e-03   0.000000e+00   8.210992e-02   8.827288e-01   1.533329e-01   1.730967e-01   3.709289e-01   4.391582e-01   5.086281e-01   5.004646e-01   4.554305e-01   4.884388e-01   4.891262e-01   5.194974e-01   4.874298e-01   4.962821e-01   5.014038e-01   5.036188e-01
   1.941126e-02   6.439489e-01   1.562775e-02   0.000000e+00   1.040033e-02   0.000000e+00   1.000000e+00   1.465544e-02   7.983678e-01   5.241724e-01   4.756723e-01   4.637202e-01   5.191493e-01   5.181148e-01   5.280630e-01   4.693215e-01   5.261414e-01   4.823385e-01   4.713959e-01
   3.976637e-01   7.424045e-03   4.511078e-03   4.444642e-02   1.656579e-01   7.085907e-01   0.000000e+00   1.518698e-03   5.486567e-02   4.286286e-01   4.898202e-01   4.351510e-01   4.982491e-01   4.379724e-01   5.204745e-01   5.312543e-01   4.974261e-01   4.915923e-01   5.520661e-01
   7.097991e-04   8.887194e-03   3.789585e-04   2.060080e-03   9.539868e-01   9.437053e-03   1.352569e-02   9.751448e-01   9.857530e-01   5.052233e-01   5.070159e-01   5.028292e-01   5.075742e-01   5.084089e-01   5.398165e-01   4.735219e-01   5.099052e-01   4.910272e-01   4.938384e-01
   7.237532e-03   0.000000e+00   2.981551e-03   0.000000e+00   3.308609e-02   4.936467e-03   1.387497e-02   2.637102e-02   0.000000e+00   4.607404e-01   4.929015e-01   4.958339e-01   4.879938e-01   4.893170e-01   5.080847e-01   4.942334e-01   4.671049e-01   5.103359e-01   5.264712e-01
   2.928308e-02   1.850546e-02   4.345433e-02   0.000000e+00   8.239568e-02   8.693553e-01   0.000000e+00   8.216954e-01   8.158776e-01   4.605047e-01   4.932324e-01   5.167952e-01   4.828242e-01   4.968103e-01   4.883365e-01   5.037732e-01   5.243467e-01   4.936583e-01   5.490132e-01
   0.000000e+00   9.571474e-03   2.181133e-02   0.000000e+00   5.264685e-01   0.000000e+00   7.667331e-01   7.584143e-01   5.388442e-01   5.352245e-01   4.855725e-01   5.054653e-01   5.258296e-01   5.478387e-01   5.377516e-01   3.863449e-01   5.235967e-01   5.190248e-01   5.951813e-01
   4.604041e-01   4.237809e-01   8.290593e-02   0.000000e+00   1.000000e+00   4.030359e-01   2.989909e-01   8.671311e-01   5.061776e-01   5.091357e-01   4.665065e-01   4.968586e-01   5.530299e-01   5.805052e-01   4.908581e-01   4.849991e-01   4.893760e-01   5.335056e-01   6.196124e-01
   0.000000e+00   1.885133e-02   7.969688e-03   5.403973e-03   0.000000e+00   2.514639e-01   1.241381e-02   0.000000e+00   9.815476e-01   5.813179e-01   5.232584e-01   5.320626e-01   4.933717e-01   5.296238e-01   5.331949e-01   4.644799e-01   5.144088e-01   4.914196e-01   4.902268e-01
   0.000000e+00   3.179867e-05   6.531833e-03   0.000000e+00   1.000000e+00   3.306090e-02   5.283401e-01   1.000000e+00   7.033871e-01   5.262159e-01   5.211787e-01   5.054326e-01   5.227558e-01   4.953148e-01   4.826304e-01   4.736817e-01   5.311371e-01   4.979985e-01   4.845637e-01
   0.000000e+00   1.506379e-02   2.437528e-01   9.311683e-01   0.000000e+00   2.857428e-01   2.135021e-01   9.743429e-01   6.563087e-01   5.219276e-01   5.288259e-01   5.368453e-01   4.799070e-01   4.937420e-01   5.005045e-01   4.712557e-01   4.767420e-01   4.999195e-01   4.828086e-01
   0.000000e+00   0.000000e+00   1.786511e-02   8.363247e-01   0.000000e+00   2.866430e-01   0.000000e+00   5.651088e-01   0.000000e+00   5.403054e-01   5.231370e-01   5.476752e-01   5.100294e-01   4.781454e-01   5.069404e-01   5.125934e-01   5.019459e-01   4.977351e-01   4.746216e-01
   8.811375e-02   3.281802e-03   2.551847e-02   8.417749e-01   4.051753e-01   1.820309e-01   2.878753e-01   6.852271e-01   5.801322e-01   5.332627e-01   5.347466e-01   4.470631e-01   4.987954e-01   4.792607e-01   4.961750e-01   5.038143e-01   4.898337e-01   5.087928e-01   5.376882e-01
   7.739052e-02   7.204143e-03   4.735598e-03   4.245459e-03   1.250707e-02   3.728304e-02   0.000000e+00   0.000000e+00   0.000000e+00   5.676720e-01   4.899481e-01   5.118413e-01   5.303762e-01   4.348941e-01   5.277935e-01   4.712826e-01   4.998934e-01   4.937332e-01   5.659871e-01
   1.711455e-02   2.907762e-02   9.159320e-01   5.865373e-02   2.602601e-01   1.437872e-01   1.958217e-01   5.022205e-01   3.405546e-01   5.080888e-01   5.152526e-01   4.754041e-01   5.021061e-01   5.146341e-01   5.228612e-01   4.841076e-01   4.501451e-01   4.885877e-01   4.850824e-01
   2.806240e-03   2.680793e-02   1.173622e-01   2.480778e-02   1.144999e-03   9.820241e-03   1.130868e-02   3.870664e-02   9.915902e-01   5.452809e-01   5.174929e-01   5.228330e-01   4.806089e-01   4.993720e-01   5.147749e-01   4.975741e-01   4.650983e-01   4.883519e-01   4.783985e-01
   4.663134e-01   0.000000e+00   4.522210e-01   1.889990e-01   8.882801e-03   1.559062e-01   0.000000e+00   4.617035e-01   4.389350e-01   4.955536e-01   5.089619e-01   4.493287e-01   4.965659e-01   4.498408e-01   5.062496e-01   4.441471e-01   5.628134e-01   5.049895e-01   5.179751e-01
   0.000000e+00   0.000000e+00   5.131211e-03   6.105623e-03   0.000000e+00   1.000000e+00   6.867861e-01   7.119594e-01   6.261181e-01   5.574305e-01   5.320074e-01   4.407373e-01   5.091117e-01   4.878498e-01   4.835995e-01   5.018822e-01   5.578006e-01   5.124083e-01   5.004952e-01
   1.619051e-02   1.064494e-02   2.128678e-01   2.636367e-03   4.786503e-02   3.357418e-03   0.000000e+00   8.401339e-01   1.689689e-01   5.428041e-01   5.452249e-01   5.014663e-01   5.140412e-01   5.044655e-01   5.727769e-01   4.761568e-01   5.354971e-01   4.915189e-01   4.232349e-01
   3.498427e-03   2.188176e-02   1.366127e-01   0.000000e+00   9.238096e-02   4.700911e-04   8.191018e-03   1.000000e+00   9.907240e-01   5.148044e-01   6.409431e-01   4.983419e-01   4.820699e-01   5.092447e-01   5.435627e-01   4.597120e-01   5.250648e-01   4.639849e-01   5.026283e-01
   0.000000e+00   9.529665e-02   0.000000e+00   4.028733e-01   0.000000e+00   1.573147e-01   2.392845e-02   4.349523e-01   2.557468e-02   4.670132e-01   4.849900e-01   4.752984e-01   5.140275e-01   4.658229e-01   5.347029e-01   5.168808e-01   5.219089e-01   4.968494e-01   5.392639e-01
   4.187041e-03   7.421194e-03   8.672966e-01   1.629144e-01   4.266678e-02   1.492913e-02   0.000000e+00   1.000000e+00   3.267955e-01   5.041603e-01   5.103899e-01   5.010475e-01   5.009993e-01   5.152003e-01   5.099713e-01   4.849324e-01   4.682470e-01   4.676391e-01   4.957068e-01
   0.000000e+00   1.459225e-01   9.926939e-01   6.562007e-02   5.473537e-01   2.270674e-01   6.001703e-01   7.711821e-01   1.625884e-01   4.984730e-01   5.161591e-01   4.669159e-01   5.057833e-01   4.632490e-01   5.193770e-01   5.039307e-01   5.114912e-01   4.786327e-01   4.805490e-01
   0.000000e+00   2.071069e-02   2.958124e-02   1.321177e-02   1.845484e-03   3.804485e-02   2.300446e-02   1.000000e+00   2.224350e-01   5.407280e-01   5.220299e-01   5.082202e-01   4.968498e-01   5.003833e-01   5.112988e-01   4.939997e-01   4.918269e-01   4.932877e-01   4.825222e-01
   2.719886e-02   1.577663e-02   4.471577e-03   1.726573e-03   0.000000e+00   7.888022e-01   1.142095e-02   7.228003e-03   0.000000e+00   4.759197e-01   4.865497e-01   5.022159e-01   5.039537e-01   4.481733e-01   5.609670e-01   4.966728e-01   4.946113e-01   4.925812e-01   5.530488e-01
   4.608984e-02   3.431226e-02   2.737409e-01   1.557842e-01   0.000000e+00   4.473840e-02   3.014077e-01   4.215175e-02   1.184761e-01   5.790875e-01   4.778120e-01   5.142330e-01   5.240371e-01   4.866914e-01   4.921754e-01   4.817440e-01   5.120827e-01   4.993442e-01   4.949173e-01
   0.000000e+00   1.945772e-02   5.952514e-02   1.000000e+00   8.854654e-02   1.395318e-01   3.499067e-01   8.382114e-01   6.797171e-01   5.521707e-01   5.072552e-01   4.992142e-01   4.991747e-01   4.854275e-01   5.169326e-01   5.034437e-01   4.976965e-01   5.169140e-01   5.150422e-01
   6.011183e-03   7.475611e-03   1.461930e-02   6.486220e-03   0.000000e+00   8.246083e-01   4.912937e-02   8.266437e-01   7.067166e-01   5.466739e-01   5.254968e-01   4.122644e-01   4.818438e-01   4.878081e-01   4.758936e-01   5.021950e-01   5.635943e-01   5.076338e-01   4.861906e-01
   1.720505e-03   1.412362e-02   5.428272e-04   2.714405e-03   2.477292e-03   8.043884e-01   9.920295e-01   6.916968e-01   6.420541e-01   5.491417e-01   5.189727e-01   4.393148e-01   4.894224e-01   4.840593e-01   4.633364e-01   4.546952e-01   4.721715e-01   4.935868e-01   5.239535e-01
   2.051031e-02   7.626801e-01   0.000000e+00   0.000000e+00   2.448141e-01   2.047114e-01   4.442585e-02   6.517628e-01   3.540167e-01   4.195934e-01   5.184370e-01   4.942774e-01   4.839515e-01   5.019627e-01   5.002004e-01   5.269747e-01   5.187885e-01   5.011497e-01   5.377224e-01
   4.294038e-02   1.126197e-02   1.482754e-01   0.000000e+00   3.030520e-01   2.520283e-01   1.915831e-01   2.550690e-01   3.020162e-01   5.436869e-01   4.857602e-01   4.801301e-01   4.988335e-01   4.709670e-01   5.126397e-01   5.868317e-01   4.694239e-01   5.281176e-01   5.023443e-01
   8.461000e-03   6.908361e-02   7.850458e-03   1.119569e-03   1.000000e+00   1.543515e-02   8.721570e-01   4.698338e-01   5.746672e-01   5.120792e-01   4.658530e-01   5.445974e-01   4.748879e-01   5.313850e-01   5.192680e-01   5.084643e-01   5.188687e-01   4.814178e-01   5.592469e-01
   2.372942e-01   6.023370e-03   7.048888e-03   1.169785e-02   1.171719e-02   0.000000e+00   1.000000e+00   0.000000e+00   3.757030e-01   4.760424e-01   4.725358e-01   4.914581e-01   4.764630e-01   4.895707e-01   5.022240e-01   4.743083e-01   5.385694e-01   5.353108e-01   5.513497e-01
   7.203898e-01   9.850339e-04   2.824876e-04   4.128210e-01   0.000000e+00   0.000000e+00   0.000000e+00   2.478929e-01   9.359915e-01   5.399664e-01   4.799523e-01   5.279190e-01   4.994194e-01   4.231302e-01   5.706480e-01   5.710165e-01   5.083677e-01   4.861614e-01   5.098964e-01
   0.000000e+00   6.580302e-03   0.000000e+00   7.827206e-02   7.004711e-01   1.000000e+00   0.000000e+00   7.031275e-01   5.186918e-01   3.596428e-01   5.082817e-01   4.537876e-01   4.900419e-01   5.061610e-01   5.309735e-01   5.542265e-01   5.037295e-01   4.960479e-01   5.616543e-01
   2.639420e-02   3.109704e-02   4.915354e-04   1.962731e-02   0.000000e+00   3.033109e-02   4.113295e-02   7.612050e-01   1.000000e+00   5.305209e-01   5.354732e-01   5.206027e-01   5.389162e-01   5.000518e-01   5.281113e-01   4.556463e-01   5.255518e-01   5.113516e-01   4.863690e-01
   3.824046e-02   3.911405e-03   1.599474e-02   1.799748e-02   4.533123e-01   4.469483e-02   0.000000e+00   9.821719e-02   0.000000e+00   5.409814e-01   4.909542e-01   5.057764e-01   5.275879e-01   3.461037e-01   4.743659e-01   4.842408e-01   5.121259e-01   5.436484e-01   5.063904e-01
   7.399111e-03   1.003228e-03   9.440718e-03   0.000000e+00   9.850727e-01   1.104082e-01   9.135850e-01   4.091216e-01   9.635121e-03   4.911696e-01   4.759526e-01   5.091371e-01   4.966012e-01   5.107183e-01   5.065053e-01   5.187846e-01   5.233861e-01   5.049019e-01   5.122718e-01
   1.185578e-01   3.993511e-02   1.220091e-01   6.806145e-03   1.060779e-01   4.235005e-01   8.885201e-01   1.749120e-01   8.501297e-01   5.070809e-01   5.033958e-01   5.105962e-01   4.920259e-01   4.705646e-01   4.578615e-01   5.199623e-01   5.009299e-01   5.315150e-01   5.090331e-01
   1.942761e-01   4.031769e-02   0.000000e+00   9.706947e-02   1.248448e-01   1.451307e-01   2.395910e-01   0.000000e+00   1.000000e+00   4.509290e-01   4.928480e-01   4.653958e-01   5.056509e-01   4.755770e-01   5.054724e-01   4.308845e-01   4.799446e-01   4.933744e-01   4.995294e-01
   3.067895e-02   1.349346e-02   4.575384e-03   2.174782e-03   6.071194e-04   0.000000e+00   7.934498e-03   6.478627e-03   8.453261e-05   5.027372e-01   4.841281e-01   5.024470e-01   5.059399e-01   4.453688e-01   5.608210e-01   4.953517e-01   4.945563e-01   4.952443e-01   4.713594e-01
   5.720743e-02   3.687269e-02   1.607635e-01   1.159133e-01   3.026877e-03   2.535233e-02   1.591253e-01   5.599027e-02   1.113007e-01   4.323298e-01   5.014357e-01   4.966292e-01   5.194024e-01   4.789947e-01   4.939905e-01   4.942220e-01   5.463657e-01   5.075465e-01   5.527880e-01
   7.304953e-02   0.000000e+00   7.787573e-03   0.000000e+00   1.000000e+00   4.438273e-01   5.846993e-01   9.840537e-01   5.671141e-01   5.098438e-01   5.050942e-01   5.049485e-01   5.227846e-01   4.884374e-01   4.833854e-01   4.691682e-01   5.154119e-01   4.788046e-01   4.866964e-01
   2.625165e-01   2.210376e-02   1.150589e-03   1.000000e+00   1.704357e-01   2.357382e-01   1.000000e+00   7.767510e-04   0.000000e+00   5.613773e-01   5.136291e-01   4.935318e-01   5.159173e-01   4.602061e-01   4.625001e-01   5.023473e-01   5.083201e-01   5.366624e-01   4.954536e-01
   5.907177e-01   2.081102e-01   0.000000e+00   8.915012e-02   2.230246e-01   1.259277e-01   0.000000e+00   1.988702e-01   2.105994e-01   5.360247e-01   5.046212e-01   4.618272e-01   4.779541e-01   4.942486e-01   4.949700e-01   5.403436e-01   4.348147e-01   4.993764e-01   5.700527e-01
   3.321971e-02   1.540549e-02   0.000000e+00   9.499975e-03   2.405420e-03   6.291429e-01   9.919905e-01   7.360315e-01   5.744875e-01   5.402897e-01   5.310496e-01   5.327313e-01   4.924457e-01   5.064812e-01   5.215175e-01   4.499340e-01   4.915448e-01   5.194253e-01   4.542655e-01
   1.986237e-01   1.756234e-01   2.689292e-01   3.035752e-01   4.889253e-02   9.885288e-02   6.142439e-01   3.030438e-01   2.965645e-01   5.972195e-01   4.961343e-01   5.069403e-01   5.498925e-01   4.742961e-01   4.314885e-01   4.529718e-01   5.044478e-01   4.277269e-01   5.342022e-01
   3.363724e-01   4.963693e-01   0.000000e+00   5.710933e-01   1.059128e-01   2.281597e-01   8.845941e-01   7.568748e-01   6.197587e-01   4.300538e-01   5.551264e-01   4.666842e-01   5.210830e-01   4.783357e-01   5.257580e-01   4.578857e-01   5.161784e-01   5.270892e-01   5.199538e-01
   1.000000e+00   1.366923e-03   1.000000e+00   1.475941e-01   7.030035e-01   0.000000e+00   1.000000e+00   3.749791e-01   1.000000e+00   4.863737e-01   5.119499e-01   5.103923e-01   5.067415e-01   4.986530e-01   5.085567e-01   4.960648e-01   4.938656e-01   5.034348e-01   4.904050e-01
   5.532722e-01   2.524678e-02   1.573960e-02   3.944590e-01   5.360510e-03   7.544948e-01   1.000000e+00   6.550199e-01   3.055960e-02   4.699232e-01   5.038822e-01   5.400569e-01   5.007033e-01   4.925049e-01   5.844710e-01   4.545372e-01   5.190530e-01   5.465695e-01   5.346437e-01
   1.578425e-02   1.059375e-01   2.278573e-03   0.000000e+00   1.258401e-01   1.000000e+00   0.000000e+00   0.000000e+00   8.220778e-01   4.856922e-01   5.048820e-01   5.263831e-01   4.567832e-01   5.200431e-01   5.023650e-01   5.024494e-01   5.475684e-01   4.955799e-01   5.398949e-01
   5.082491e-03   0.000000e+00   9.057867e-03   0.000000e+00   0.000000e+00   1.212733e-01   1.000000e+00   3.510896e-01   6.622429e-01   5.298888e-01   5.468318e-01   4.632971e-01   5.195250e-01   4.693487e-01   5.124364e-01   5.170646e-01   5.220691e-01   5.277135e-01   5.466970e-01
   8.936533e-02   3.481825e-02   0.000000e+00   1.794720e-01   2.998508e-01   7.777593e-02   8.975707e-01   2.081252e-01   6.882413e-01   5.199810e-01   3.770974e-01   4.864529e-01   5.186174e-01   5.052272e-01   4.702460e-01   4.220931e-01   4.921110e-01   5.197625e-01   5.102445e-01
   1.122765e-01   2.959043e-02   1.634718e-01   3.159168e-02   3.018985e-01   5.183981e-01   3.550018e-02   6.906938e-01   4.809357e-01   4.669830e-01   5.495225e-01   4.812807e-01   5.037688e-01   5.174821e-01   4.964552e-01   4.852926e-01   5.333623e-01   5.668186e-01   4.927389e-01
   5.824035e-01   2.640582e-01   0.000000e+00   5.664298e-03   2.247633e-01   3.815792e-01   0.000000e+00   1.108912e-01   2.307144e-01   5.412632e-01   5.045405e-01   4.613516e-01   5.025220e-01   4.903893e-01   4.944343e-01   6.058522e-01   4.426207e-01   5.032599e-01   5.668816e-01
   1.651637e-01   5.358561e-02   1.408027e-04   1.418652e-02   6.630677e-01   1.924931e-01   0.000000e+00   0.000000e+00   4.235928e-01   6.212848e-01   5.028559e-01   4.657438e-01   4.925221e-01   4.829442e-01   5.139141e-01   5.432018e-01   4.861735e-01   5.098423e-01   5.551367e-01
   9.668713e-03   1.728081e-02   0.000000e+00   5.392774e-02   1.557377e-01   1.853953e-01   2.887234e-03   3.132318e-04   1.363648e-02   4.791342e-01   5.510545e-01   5.092636e-01   5.112437e-01   5.129300e-01   5.371822e-01   5.005385e-01   4.820049e-01   5.111703e-01   4.808611e-01
   8.105943e-03   3.660246e-01   1.205997e-01   8.530376e-03   1.000000e+00   1.000000e+00   0.000000e+00   5.162596e-01   7.072690e-01   4.495005e-01   4.457196e-01   5.118618e-01   4.082238e-01   4.650941e-01   5.010162e-01   4.844450e-01   5.614055e-01   4.987993e-01   5.314641e-01
   0.000000e+00   1.457405e-03   0.000000e+00   3.172980e-03   0.000000e+00   3.894775e-04   1.000000e+00   3.842341e-01   0.000000e+00   5.292901e-01   4.943314e-01   4.886447e-01   5.435232e-01   4.860805e-01   5.159766e-01   4.774183e-01   5.043845e-01   4.933719e-01   4.991513e-01
   0.000000e+00   0.000000e+00   3.590227e-03   7.911564e-03   0.000000e+00   1.000000e+00   2.901790e-01   4.642055e-01   5.752223e-01   5.499968e-01   4.932933e-01   4.498854e-01   5.100157e-01   4.825814e-01   4.102464e-01   5.094424e-01   5.201979e-01   5.175981e-01   5.141833e-01
   2.923596e-03   1.238379e-02   3.579528e-02   1.864089e-02   1.651405e-03   6.507377e-03   1.322305e-02   2.223369e-02   9.935788e-01   5.226235e-01   5.127400e-01   5.346616e-01   4.839473e-01   4.786704e-01   5.144785e-01   5.043160e-01   4.805487e-01   4.878993e-01   4.893292e-01
   5.777273e-02   3.075175e-02   6.640412e-01   7.766955e-02   0.000000e+00   9.457243e-03   7.490470e-01   6.587882e-01   2.154124e-01   5.098457e-01   4.918451e-01   5.181983e-01   5.386824e-01   5.034805e-01   4.986346e-01   4.914765e-01   4.949305e-01   4.911526e-01   5.715278e-01
   3.275111e-02   0.000000e+00   0.000000e+00   4.618228e-03   8.047871e-01   0.000000e+00   0.000000e+00   7.668052e-01   8.000616e-01   5.302987e-01   5.325029e-01   5.371010e-01   5.312192e-01   4.840817e-01   5.090227e-01   5.018948e-01   4.798033e-01   5.287078e-01   4.719575e-01
   3.226179e-03   2.684625e-02   1.230891e-01   1.279788e-02   9.740385e-04   3.287315e-02   1.404328e-02   9.385009e-01   7.410317e-01   5.370278e-01   5.179044e-01   5.204234e-01   4.969060e-01   4.973770e-01   5.113172e-01   4.960569e-01   4.626409e-01   4.965246e-01   4.765292e-01
   2.053780e-01   0.000000e+00   0.000000e+00   1.658376e-01   1.572022e-02   5.249388e-01   5.953466e-02   4.628352e-01   9.110476e-01   5.084264e-01   5.333919e-01   5.013977e-01   5.440462e-01   4.662376e-01   4.956564e-01   5.696924e-01   4.969700e-01   4.449298e-01   4.943074e-01
   0.000000e+00   1.816644e-02   9.035945e-03   1.079567e-02   2.580854e-04   6.363641e-01   6.178468e-01   1.885902e-02   1.000000e+00   5.533598e-01   5.516876e-01   5.100298e-01   4.842874e-01   5.325348e-01   5.181427e-01   4.539057e-01   5.415379e-01   5.378525e-01   4.883988e-01
   0.000000e+00   3.599789e-02   2.091602e-01   2.698916e-01   8.567016e-04   8.033130e-02   5.775279e-02   5.747460e-03   1.759520e-02   5.421234e-01   4.735326e-01   5.061676e-01   5.212054e-01   4.789180e-01   4.401406e-01   4.924248e-01   4.431953e-01   5.740956e-01   5.679776e-01
   1.172069e-01   1.486562e-02   1.015162e-02   0.000000e+00   0.000000e+00   4.671211e-02   4.356037e-02   0.000000e+00   1.000000e+00   5.272198e-01   5.320780e-01   5.147423e-01   5.050633e-01   4.972091e-01   5.173588e-01   5.246566e-01   5.247728e-01   5.085950e-01   4.654363e-01
   8.557793e-01   1.391487e-01   7.024500e-01   2.800545e-02   3.536744e-01   3.440972e-01   1.626768e-01   0.000000e+00   3.563036e-01   4.907853e-01   4.822030e-01   5.369694e-01   4.621740e-01   4.432200e-01   5.089445e-01   5.096959e-01   5.404684e-01   4.976406e-01   5.199518e-01
   7.538746e-05   1.304440e-03   5.915512e-01   9.930992e-01   7.481591e-01   3.428841e-01   5.107342e-01   8.223673e-01   3.803418e-01   5.135888e-01   6.057405e-01   4.920259e-01   5.228689e-01   4.931565e-01   5.258831e-01   4.941186e-01   4.309925e-01   5.188623e-01   5.459146e-01
   9.442856e-02   1.804847e-01   3.770688e-02   1.726372e-02   1.006970e-01   2.323142e-02   4.780350e-01   6.809876e-01   9.626011e-01   5.419707e-01   5.214385e-01   5.243750e-01   5.047332e-01   4.847571e-01   5.196021e-01   5.171232e-01   4.693381e-01   4.888891e-01   4.654225e-01
   0.000000e+00   1.584335e-01   2.607278e-01   3.312436e-01   1.313453e-02   6.920325e-02   6.131807e-01   4.409118e-02   8.811820e-02   5.742783e-01   4.795404e-01   5.080846e-01   5.410603e-01   4.767427e-01   4.899058e-01   4.515524e-01   5.122255e-01   4.719864e-01   5.325186e-01
   1.557423e-01   1.737097e-02   0.000000e+00   0.000000e+00   3.065335e-03   2.434813e-02   2.547933e-01   1.000000e+00   2.740515e-01   5.062126e-01   5.093006e-01   5.042207e-01   4.792998e-01   4.869356e-01   5.153306e-01   4.778811e-01   5.339348e-01   4.580951e-01   4.965090e-01
   1.908065e-02   8.567964e-03   5.935399e-03   1.568373e-02   4.759911e-03   1.648491e-02   0.000000e+00   1.000000e+00   2.692547e-01   5.231707e-01   5.221362e-01   5.084284e-01   4.821260e-01   4.951272e-01   5.391969e-01   4.803767e-01   5.254824e-01   4.857001e-01   4.759544e-01
   0.000000e+00   8.364847e-03   3.331712e-03   1.000000e+00   1.904646e-01   3.439480e-02   8.053889e-01   1.408297e-01   3.980014e-01   5.265898e-01   5.079097e-01   4.959707e-01   5.020824e-01   5.092393e-01   5.338618e-01   4.908798e-01   5.004098e-01   5.008797e-01   5.197292e-01
   1.688638e-02   2.130208e-02   7.819758e-03   2.407331e-03   0.000000e+00   8.435232e-01   6.575347e-01   3.255109e-01   1.000000e+00   5.609676e-01   5.648949e-01   4.941013e-01   4.764334e-01   4.778019e-01   4.949434e-01   4.591497e-01   5.144534e-01   5.229505e-01   5.026119e-01
   2.932386e-01   3.667443e-02   0.000000e+00   0.000000e+00   0.000000e+00   2.517852e-01   8.838146e-03   0.000000e+00   9.761320e-01   6.006701e-01   5.292475e-01   5.326854e-01   4.946165e-01   5.303086e-01   4.603116e-01   5.257006e-01   4.997792e-01   5.396369e-01   5.082206e-01
   9.543063e-01   2.375650e-03   3.395971e-01   0.000000e+00   3.350362e-01   3.348074e-01   2.952972e-01   7.367158e-01   1.454983e-01   5.063569e-01   5.043476e-01   5.049309e-01   5.124372e-01   4.920651e-01   5.182191e-01   4.801585e-01   5.093407e-01   5.213562e-01   5.034665e-01
   3.491702e-03   2.621336e-02   1.352104e-01   5.010010e-02   6.881885e-04   0.000000e+00   1.047623e-02   4.129826e-02   9.889579e-01   5.476354e-01   5.140951e-01   5.011269e-01   4.805245e-01   4.998653e-01   5.122141e-01   4.954830e-01   4.694492e-01   4.885726e-01   4.779884e-01
   5.373021e-02   2.714803e-02   4.494033e-01   1.106003e-01   6.469426e-02   1.816103e-01   5.094163e-01   0.000000e+00   2.464957e-01   5.435078e-01   4.776235e-01   4.921335e-01   4.995071e-01   5.003931e-01   4.970116e-01   4.933395e-01   5.279762e-01   5.015264e-01   5.463444e-01
   1.673579e-02   8.267179e-01   9.793035e-01   1.426035e-01   0.000000e+00   4.037189e-02   7.384736e-01   0.000000e+00   1.680566e-01   4.716299e-01   4.748607e-01   4.511194e-01   5.330163e-01   4.719448e-01   5.364113e-01   4.735634e-01   5.232943e-01   4.895483e-01   4.503794e-01
   1.031933e-02   4.101598e-02   9.404941e-03   1.220359e-03   1.482335e-02   1.305754e-01   8.364921e-03   5.313729e-03   9.983752e-01   5.445451e-01   5.366459e-01   5.360788e-01   5.030405e-01   4.930224e-01   4.815239e-01   4.842267e-01   5.159527e-01   4.912296e-01   5.349586e-01
   5.309604e-02   4.532617e-04   0.000000e+00   3.239073e-03   1.065941e-03   2.477916e-02   8.115065e-01   7.795154e-01   2.934735e-01   5.402926e-01   4.808519e-01   4.363241e-01   5.139598e-01   4.962196e-01   5.043861e-01   4.712224e-01   5.367850e-01   4.897546e-01   4.835764e-01
   5.568468e-04   0.000000e+00   3.717848e-01   7.565406e-03   0.000000e+00   1.344461e-02   3.391264e-02   9.971683e-01   1.000000e+00   5.149472e-01   5.974202e-01   4.975853e-01   4.901380e-01   5.113345e-01   5.365029e-01   4.955111e-01   5.484660e-01   4.596279e-01   4.935451e-01
   3.112258e-02   8.662073e-01   2.000590e-02   1.506169e-02   8.786233e-02   1.004375e-02   4.481794e-01   1.000000e+00   1.000000e+00   5.280390e-01   5.225413e-01   5.032311e-01   5.078322e-01   4.884952e-01   5.189575e-01   5.224186e-01   5.030964e-01   4.759069e-01   4.838717e-01
   3.765743e-01   3.707295e-02   4.463742e-05   7.371075e-06   0.000000e+00   2.523994e-01   0.000000e+00   4.210003e-01   9.952002e-01   5.383208e-01   5.330241e-01   5.374007e-01   4.995375e-01   5.303769e-01   4.807263e-01   5.231701e-01   4.704909e-01   5.511729e-01   5.043040e-01
   2.278329e-01   1.466212e-01   3.140872e-02   0.000000e+00   7.361910e-02   3.840672e-01   7.435212e-01   9.913582e-01   5.656546e-01   5.290783e-01   6.093252e-01   5.118237e-01   4.999883e-01   4.719322e-01   5.084662e-01   4.259620e-01   4.957112e-01   6.157848e-01   4.799726e-01
   3.726095e-03   1.079160e-02   8.060575e-03   5.454555e-04   1.601956e-03   5.366584e-03   1.651131e-02   0.000000e+00   9.988645e-01   5.259616e-01   5.338077e-01   4.969340e-01   5.039120e-01   4.793516e-01   5.070013e-01   5.086646e-01   4.961045e-01   4.921280e-01   4.878609e-01
   0.000000e+00   1.634337e-01   7.588927e-03   3.049396e-02   0.000000e+00   0.000000e+00   8.023448e-03   2.962096e-02   9.750333e-01   5.650064e-01   5.425767e-01   5.588131e-01   4.636335e-01   4.883783e-01   5.308233e-01   4.566278e-01   5.177435e-01   4.880846e-01   4.773183e-01
   6.498333e-03   1.905621e-02   5.938625e-02   2.642358e-02   2.553942e-03   4.443736e-01   8.810271e-01   0.000000e+00   8.658055e-01   5.252642e-01   5.089879e-01   5.017904e-01   5.011700e-01   4.707908e-01   4.766702e-01   4.510562e-01   4.972833e-01   5.206233e-01   4.944156e-01
   1.291310e-01   1.689094e-01   2.688755e-01   3.272137e-01   1.885107e-02   1.006908e-01   6.130363e-01   5.466825e-02   1.000186e-02   5.720804e-01   4.845209e-01   5.081673e-01   5.418911e-01   4.749077e-01   5.078706e-01   4.531254e-01   5.121100e-01   4.251914e-01   5.332847e-01
   4.751200e-03   2.636182e-02   6.505366e-02   4.285318e-02   0.000000e+00   0.000000e+00   1.021660e-02   0.000000e+00   1.000000e+00   5.493878e-01   5.149335e-01   4.973768e-01   4.799897e-01   5.063214e-01   5.226502e-01   4.926056e-01   4.991633e-01   4.857453e-01   4.780520e-01
   8.170430e-02   3.847875e-04   0.000000e+00   0.000000e+00   1.645443e-01   8.755620e-01   0.000000e+00   8.613579e-01   4.623745e-01   5.755393e-01   5.128328e-01   5.377077e-01   5.355436e-01   4.784947e-01   5.164278e-01   5.013932e-01   5.163870e-01   5.194236e-01   5.164671e-01
   2.882043e-01   1.973743e-01   1.433162e-01   7.405669e-02   3.067699e-01   5.945856e-02   1.872782e-01   1.401308e-01   0.000000e+00   5.422612e-01   4.999376e-01   5.449474e-01   5.206493e-01   4.740416e-01   4.671373e-01   5.750086e-01   3.814936e-01   4.741683e-01   5.240062e-01
   4.033866e-02   3.291842e-04   0.000000e+00   4.056426e-01   2.946729e-01   2.466667e-01   0.000000e+00   6.400142e-01   1.248774e-02   4.852224e-01   5.120330e-01   5.027430e-01   5.244032e-01   5.926956e-01   4.672891e-01   5.081553e-01   4.744897e-01   4.990244e-01   5.074415e-01
   5.886182e-03   8.246304e-03   7.555148e-03   1.000000e+00   0.000000e+00   2.978560e-01   1.305825e-01   9.165637e-02   3.569778e-01   4.969103e-01   5.039919e-01   5.021658e-01   5.110606e-01   5.004722e-01   5.370902e-01   5.136793e-01   4.808881e-01   5.009026e-01   5.197754e-01
   3.251296e-02   3.284321e-02   3.801404e-03   4.535845e-02   2.766496e-01   5.376603e-02   2.032249e-02   3.456683e-01   0.000000e+00   5.373370e-01   5.002186e-01   5.445419e-01   5.562082e-01   4.791345e-01   4.383713e-01   4.547030e-01   4.906088e-01   4.953157e-01   5.301099e-01
   0.000000e+00   4.783963e-01   9.977016e-01   2.706544e-01   5.744262e-01   2.332228e-01   6.343011e-01   6.905792e-01   1.627347e-01   4.883770e-01   5.162595e-01   4.614349e-01   5.065613e-01   4.672715e-01   5.300373e-01   4.574539e-01   4.734946e-01   4.726042e-01   4.965181e-01
   0.000000e+00   2.262613e-01   4.933472e-03   4.207675e-02   1.264046e-01   8.159571e-01   3.038116e-01   5.059921e-01   2.907107e-01   4.995745e-01   5.905345e-01   4.883650e-01   4.751973e-01   4.639639e-01   5.058033e-01   4.869926e-01   5.423691e-01   5.664166e-01   5.137075e-01
   1.912164e-02   1.227899e-02   0.000000e+00   6.010668e-03   0.000000e+00   0.000000e+00   6.985315e-04   9.119179e-01   8.256661e-01   5.282431e-01   5.170236e-01   5.318197e-01   4.824911e-01   4.819633e-01   5.103322e-01   5.010446e-01   4.781409e-01   4.964396e-01   4.759558e-01
   0.000000e+00   0.000000e+00   1.000000e+00   6.070827e-01   3.138731e-02   2.051529e-01   1.000000e+00   5.502726e-01   4.825988e-01   5.013204e-01   4.938163e-01   4.903260e-01   4.984503e-01   4.989569e-01   5.085077e-01   4.938666e-01   5.189668e-01   4.927900e-01   5.054792e-01
   8.027647e-02   1.642426e-02   3.891409e-02   6.918916e-01   0.000000e+00   1.219673e-01   5.984778e-01   6.744736e-01   5.784839e-01   5.376340e-01   5.194799e-01   4.468218e-01   4.873441e-01   4.684965e-01   5.374673e-01   4.829880e-01   4.437164e-01   5.164037e-01   5.241698e-01
   2.757668e-02   1.438413e-02   4.424382e-03   2.066654e-03   0.000000e+00   8.000905e-01   9.920389e-01   8.762721e-01   5.575041e-01   5.476658e-01   5.193729e-01   4.357240e-01   4.995205e-01   4.791156e-01   5.460204e-01   4.581480e-01   4.953211e-01   5.336238e-01   4.485900e-01
   8.218673e-03   1.106816e-02   6.591120e-02   9.593910e-03   4.277909e-01   9.044493e-03   1.833964e-03   9.205182e-01   1.000000e+00   5.414296e-01   5.036452e-01   5.154546e-01   4.964707e-01   4.955702e-01   6.032013e-01   5.288494e-01   5.362212e-01   4.902534e-01   4.759862e-01
   2.873549e-02   2.230400e-01   6.373304e-01   1.427919e-01   1.038782e-01   4.911534e-01   6.443970e-01   3.880457e-01   5.109182e-01   4.631376e-01   4.552607e-01   5.570883e-01   5.241625e-01   5.223874e-01   5.262745e-01   4.473521e-01   5.160881e-01   3.987117e-01   5.423939e-01
   2.558843e-03   0.000000e+00   0.000000e+00   9.646263e-01   8.278344e-01   1.903644e-01   1.241088e-01   9.814505e-01   0.000000e+00   5.152444e-01   5.135887e-01   5.108823e-01   5.175752e-01   5.136473e-01   5.040433e-01   5.011320e-01   5.047259e-01   5.124873e-01   4.900304e-01
   1.410562e-02   4.636915e-02   2.731051e-01   1.508101e-01   2.930835e-02   0.000000e+00   3.545290e-01   4.514996e-03   7.650241e-01   5.900004e-01   4.733453e-01   4.938260e-01   5.277015e-01   4.669069e-01   4.894133e-01   4.950716e-01   5.055368e-01   4.897557e-01   4.751413e-01
   5.256102e-03   2.794235e-02   1.622761e-01   1.980918e-02   0.000000e+00   5.467906e-04   8.757315e-03   9.416317e-01   9.947059e-01   5.016946e-01   6.497061e-01   4.979581e-01   4.790660e-01   5.076399e-01   5.394156e-01   5.018124e-01   5.210001e-01   4.857904e-01   4.680684e-01
   4.110340e-01   0.000000e+00   1.000000e+00   0.000000e+00   6.116251e-02   2.627671e-01   3.170970e-01   9.849680e-01   4.110682e-01   4.855730e-01   4.925357e-01   4.293363e-01   5.428977e-01   4.827041e-01   5.165528e-01   4.451336e-01   5.010927e-01   5.284404e-01   5.067885e-01
   3.936094e-01   7.186699e-01   2.441044e-02   2.665380e-02   9.407014e-03   1.646407e-01   9.335400e-01   5.663827e-01   8.458052e-01   4.943319e-01   5.211364e-01   4.478912e-01   5.210635e-01   4.447228e-01   5.190597e-01   4.789462e-01   5.723377e-01   5.015651e-01   5.372591e-01
   2.808952e-02   7.490648e-01   9.260360e-02   1.889805e-02   1.858411e-02   0.000000e+00   0.000000e+00   1.000000e+00   3.900850e-01   5.110763e-01   5.321858e-01   4.921508e-01   4.579974e-01   4.942359e-01   4.978456e-01   4.858022e-01   6.118685e-01   4.853425e-01   5.271121e-01
   0.000000e+00   1.686213e-01   0.000000e+00   2.770083e-01   1.013244e-01   1.000000e+00   7.035424e-02   7.435530e-01   4.597441e-02   4.658597e-01   4.814704e-01   4.731432e-01   4.998506e-01   4.800235e-01   5.265404e-01   5.072121e-01   4.928418e-01   5.016251e-01   5.217376e-01
   1.514134e-02   1.638799e-04   7.862196e-04   1.033486e-03   5.192519e-04   6.179511e-03   9.956957e-01   8.017684e-01   8.545482e-02   5.308644e-01   4.984992e-01   5.389151e-01   5.407259e-01   5.020079e-01   5.235832e-01   5.031565e-01   5.012522e-01   5.397320e-01   4.880758e-01
   2.301977e-01   8.261934e-03   1.017161e-02   9.059539e-01   0.000000e+00   3.049471e-02   0.000000e+00   7.849264e-01   9.245899e-01   5.524609e-01   4.907647e-01   5.518325e-01   4.841476e-01   4.693096e-01   4.993081e-01   5.373268e-01   4.872720e-01   4.822357e-01   5.506893e-01
   2.971686e-02   0.000000e+00   1.263082e-01   5.737704e-02   3.613668e-02   6.342256e-01   1.489266e-02   0.000000e+00   9.950906e-01   5.306296e-01   5.372454e-01   4.656895e-01   5.385977e-01   4.364199e-01   5.070488e-01   5.097453e-01   5.245868e-01   5.160495e-01   5.066551e-01
   1.323066e-02   3.593905e-02   4.412515e-01   4.846598e-02   8.072346e-02   5.635408e-02   5.287896e-01   0.000000e+00   3.860974e-01   5.139067e-01   4.769071e-01   5.249935e-01   5.105786e-01   4.972513e-01   4.948513e-01   4.748805e-01   4.995366e-01   4.933190e-01   5.460922e-01
   8.189017e-02   0.000000e+00   1.000000e+00   7.054781e-01   7.624451e-01   5.246617e-01   1.813043e-01   4.536233e-01   2.993968e-01   5.084658e-01   4.744238e-01   4.951505e-01   5.112219e-01   4.827635e-01   4.835386e-01   4.788010e-01   4.922526e-01   5.101566e-01   4.866705e-01
   5.566598e-03   1.508909e-02   0.000000e+00   0.000000e+00   8.790573e-01   1.110646e-01   9.354538e-01   7.269237e-01   7.533117e-02   4.643185e-01   4.823491e-01   5.097415e-01   4.937454e-01   4.978714e-01   5.079181e-01   5.029070e-01   4.963666e-01   5.076371e-01   5.086639e-01
   9.998001e-03   0.000000e+00   3.012268e-02   5.352747e-03   0.000000e+00   4.079990e-02   3.248894e-02   1.000000e+00   1.000000e+00   5.764665e-01   4.644865e-01   5.152842e-01   4.894397e-01   4.804185e-01   5.049435e-01   5.214031e-01   5.315095e-01   4.937255e-01   4.734904e-01
   0.000000e+00   3.236691e-03   3.619799e-02   1.573734e-02   0.000000e+00   1.000000e+00   9.782791e-01   9.091135e-01   5.331933e-01   5.246680e-01   4.996441e-01   4.935578e-01   4.589190e-01   4.846435e-01   5.004455e-01   4.898700e-01   5.033679e-01   4.940255e-01   5.673337e-01
   7.956278e-01   6.858164e-03   9.663064e-03   4.404480e-01   7.601827e-02   6.264858e-01   6.506748e-01   5.401262e-01   8.606523e-01   4.989558e-01   5.118043e-01   4.471030e-01   5.012250e-01   4.620044e-01   4.728708e-01   4.641947e-01   4.846033e-01   5.289548e-01   5.002520e-01
   0.000000e+00   1.321245e-02   1.605615e-02   3.472788e-03   3.939835e-02   1.898252e-02   1.720731e-03   1.553785e-02   9.794988e-01   5.349922e-01   5.117610e-01   5.103737e-01   4.840672e-01   5.016778e-01   5.264941e-01   4.879663e-01   4.971167e-01   5.084892e-01   4.573886e-01
   0.000000e+00   7.812175e-01   5.099742e-01   1.705418e-01   7.602340e-01   2.175655e-01   7.728801e-01   6.846232e-01   7.922286e-01   4.884240e-01   4.989560e-01   4.668992e-01   5.204775e-01   4.189436e-01   5.199104e-01   5.000030e-01   4.694221e-01   5.207554e-01   5.792832e-01
   0.000000e+00   4.312906e-02   1.444691e-04   0.000000e+00   6.948325e-01   2.127913e-01   0.000000e+00   1.081212e-02   9.761507e-01   5.176318e-01   4.922771e-01   4.886125e-01   5.177021e-01   4.822368e-01   4.880393e-01   5.092448e-01   5.140834e-01   5.074015e-01   4.877387e-01
   7.723121e-03   1.328377e-02   2.226706e-01   0.000000e+00   0.000000e+00   4.319134e-03   3.212509e-02   0.000000e+00   9.958424e-01   5.471801e-01   5.330933e-01   5.701273e-01   4.974231e-01   4.614299e-01   5.038636e-01   4.600464e-01   5.193951e-01   4.985341e-01   4.916453e-01
   4.287312e-03   3.771142e-02   1.677501e-02   1.566848e-02   1.322309e-01   2.757876e-02   1.747861e-02   0.000000e+00   8.088055e-02   5.220521e-01   5.345443e-01   5.128859e-01   4.927401e-01   5.004726e-01   5.308841e-01   4.858024e-01   4.931194e-01   4.926262e-01   4.855676e-01
   6.410514e-02   1.724869e-02   7.636275e-02   1.462589e-02   6.075135e-02   8.833972e-01   1.000000e+00   0.000000e+00   3.999418e-01   5.445084e-01   5.476692e-01   5.030124e-01   5.293131e-01   4.367193e-01   4.920596e-01   4.709323e-01   5.510534e-01   5.372923e-01   4.902009e-01
   1.392852e-02   9.347036e-01   8.317056e-03   0.000000e+00   0.000000e+00   0.000000e+00   6.363038e-04   3.105444e-01   9.976501e-01   5.279305e-01   5.234244e-01   5.168854e-01   4.797839e-01   4.947515e-01   4.818688e-01   4.866617e-01   5.285809e-01   5.080502e-01   4.667459e-01
   2.157543e-02   7.701601e-01   1.669653e-02   0.000000e+00   1.086162e-02   0.000000e+00   6.296709e-01   6.520717e-02   7.824600e-01   5.233237e-01   4.740931e-01   4.646040e-01   5.202497e-01   5.181011e-01   5.278530e-01   4.679166e-01   5.261783e-01   4.667624e-01   4.807244e-01
   0.000000e+00   3.285442e-02   2.660503e-01   9.828590e-01   6.415167e-01   2.929579e-01   3.933364e-01   9.122162e-01   5.137873e-01   5.149850e-01   5.108784e-01   4.991030e-01   4.990665e-01   4.895887e-01   5.288513e-01   4.982044e-01   4.901829e-01   5.369864e-01   5.771087e-01
   2.788928e-01   1.510452e-02   1.223726e-02   3.163086e-03   0.000000e+00   2.456602e-01   1.611267e-01   2.216715e-03   3.305858e-02   5.528763e-01   4.903566e-01   4.811152e-01   5.184080e-01   4.931499e-01   5.280706e-01   4.933689e-01   5.077165e-01   4.945605e-01   5.259734e-01
   2.875717e-01   6.571301e-02   0.000000e+00   1.473000e-02   6.158670e-01   1.913711e-01   0.000000e+00   0.000000e+00   8.757251e-01   2.786326e-01   5.054938e-01   5.242606e-01   4.925657e-01   4.802953e-01   4.705381e-01   5.776587e-01   4.784966e-01   5.084394e-01   5.536605e-01
   2.006124e-01   2.939343e-01   0.000000e+00   2.130316e-02   1.000000e+00   3.743351e-01   0.000000e+00   7.807001e-01   8.191070e-01   5.086028e-01   4.609499e-01   5.091365e-01   5.613586e-01   5.646182e-01   4.926296e-01   4.779540e-01   4.894042e-01   4.711078e-01   6.591599e-01
   1.497866e-01   1.716899e-02   1.000000e+00   1.711511e-01   2.428420e-02   2.026530e-01   5.114274e-01   8.444988e-01   1.000000e+00   5.532654e-01   4.779417e-01   5.081291e-01   4.855580e-01   5.475684e-01   5.379253e-01   5.186918e-01   4.736392e-01   4.832987e-01   4.522227e-01
   3.419772e-03   3.988529e-02   2.549050e-01   4.577543e-01   3.199101e-03   1.164817e-01   1.251610e-01   6.754591e-01   8.182977e-01   5.018369e-01   4.737321e-01   5.881693e-01   5.153144e-01   4.887951e-01   4.990667e-01   5.004720e-01   4.911334e-01   4.861367e-01   5.064432e-01
   9.669333e-02   5.735635e-03   7.233722e-01   1.403768e-01   9.682759e-02   1.703329e-01   1.440830e-01   0.000000e+00   5.303218e-01   4.951319e-01   5.177691e-01   4.868012e-01   4.671394e-01   4.844630e-01   5.022384e-01   5.133451e-01   4.989990e-01   4.929168e-01   5.358630e-01
   4.622376e-03   1.152750e-01   1.426299e-02   2.473464e-02   3.006857e-04   6.074313e-03   1.049159e-02   8.777251e-02   9.819142e-01   5.517873e-01   5.088493e-01   4.697563e-01   4.792650e-01   5.181838e-01   4.834672e-01   4.607688e-01   5.273422e-01   5.129456e-01   4.950938e-01
   1.416334e-02   9.410823e-01   1.125568e-01   1.206933e-02   8.586946e-02   5.858244e-03   4.286958e-01   8.436741e-01   6.286072e-01   5.414515e-01   5.269011e-01   5.028646e-01   5.074899e-01   4.879484e-01   5.034412e-01   5.138807e-01   5.004625e-01   4.864680e-01   4.972094e-01
   1.023792e-02   1.374712e-02   5.695349e-03   2.145182e-01   3.627196e-03   3.042580e-02   0.000000e+00   1.243253e-03   1.545967e-02   5.575305e-01   3.823879e-01   5.499185e-01   5.248714e-01   4.836864e-01   4.602022e-01   4.883802e-01   4.509032e-01   5.120012e-01   4.805179e-01
   0.000000e+00   1.518934e-02   4.887338e-02   1.000000e+00   1.157921e-01   3.389193e-01   4.338658e-01   8.445946e-01   5.805709e-01   5.177911e-01   5.029505e-01   4.985088e-01   4.995378e-01   4.856158e-01   5.192398e-01   5.033184e-01   4.944113e-01   5.176102e-01   5.128099e-01
   7.768278e-01   1.056900e-02   8.770783e-03   0.000000e+00   4.069335e-03   2.958330e-02   0.000000e+00   2.770867e-02   9.779186e-01   5.447302e-01   3.764361e-01   5.729947e-01   4.885736e-01   5.134242e-01   5.175536e-01   4.728263e-01   4.613682e-01   4.881668e-01   4.902251e-01
   2.025612e-02   3.616730e-01   2.491713e-02   8.917883e-02   6.782856e-01   0.000000e+00   4.429845e-01   1.000000e+00   1.404667e-01   4.416497e-01   4.849439e-01   5.247073e-01   5.369243e-01   4.592647e-01   4.885001e-01   4.061654e-01   4.970314e-01   5.268743e-01   5.786170e-01
   2.010410e-01   3.259445e-02   0.000000e+00   9.490872e-02   3.083964e-01   1.776256e-01   2.949289e-01   7.975926e-01   3.335752e-01   5.902908e-01   4.918555e-01   4.597870e-01   4.919656e-01   4.755442e-01   5.027170e-01   4.312434e-01   4.781366e-01   5.060062e-01   4.802698e-01
   7.832512e-01   0.000000e+00   0.000000e+00   4.394952e-01   3.181908e-02   9.024813e-01   6.511650e-01   3.197422e-01   6.743978e-01   5.278682e-01   5.645681e-01   5.031830e-01   5.020511e-01   5.412629e-01   4.905617e-01   4.590315e-01   5.080332e-01   4.834312e-01   5.522587e-01
   1.658260e-03   2.721930e-01   4.450531e-03   1.653719e-04   3.046592e-02   3.138915e-04   1.000000e+00   7.426461e-01   2.634585e-01   5.086867e-01   4.938921e-01   4.898089e-01   5.099588e-01   4.899108e-01   4.867603e-01   5.286430e-01   5.139515e-01   5.158369e-01   4.963774e-01
   7.641982e-02   3.488553e-02   4.408258e-02   8.249780e-01   7.438370e-02   2.230790e-01   9.656836e-01   7.305956e-01   5.912207e-01   5.352111e-01   5.250484e-01   5.350937e-01   4.963359e-01   4.916618e-01   5.257979e-01   5.198168e-01   5.213372e-01   5.311410e-01   5.249934e-01
   0.000000e+00   6.673027e-02   6.136200e-02   1.835619e-03   0.000000e+00   1.294996e-01   4.898462e-01   3.992568e-01   7.023557e-01   5.176593e-01   4.717986e-01   5.038425e-01   4.481176e-01   4.311439e-01   5.046532e-01   4.590156e-01   5.242915e-01   5.066507e-01   5.320288e-01
   1.230644e-02   9.720506e-03   1.965871e-02   0.000000e+00   3.117247e-05   4.367517e-03   3.035517e-02   4.403681e-04   0.000000e+00   5.438836e-01   4.788499e-01   5.705773e-01   4.817331e-01   5.354363e-01   5.083134e-01   4.665527e-01   5.245506e-01   5.045311e-01   4.578713e-01
   2.159912e-02   1.576052e-02   3.925422e-02   1.068997e-03   0.000000e+00   9.325165e-02   1.000000e+00   2.814600e-01   5.648868e-01   5.389526e-01   4.857903e-01   5.019674e-01   4.792215e-01   5.237942e-01   5.385278e-01   4.541991e-01   5.154346e-01   5.264851e-01   4.742139e-01
   8.228225e-03   1.313228e-02   9.569255e-01   3.327071e-02   9.602414e-01   0.000000e+00   9.329802e-01   5.794038e-01   9.870633e-02   4.857607e-01   5.157900e-01   5.184131e-01   5.024187e-01   4.982732e-01   4.884421e-01   4.943545e-01   4.994838e-01   5.067878e-01   4.900356e-01
   7.098590e-01   0.000000e+00   3.165351e-04   3.548466e-01   3.857877e-01   3.226298e-01   2.948737e-01   6.528828e-01   2.110716e-01   5.029250e-01   5.062012e-01   4.986898e-01   5.089849e-01   4.916640e-01   3.879179e-01   5.562443e-01   5.032909e-01   5.237176e-01   5.015232e-01
   1.949765e-03   4.122137e-03   6.179154e-02   4.101957e-03   2.774228e-03   5.478291e-03   1.567488e-02   0.000000e+00   9.992545e-01   5.280548e-01   5.343058e-01   4.984504e-01   5.225772e-01   4.171668e-01   5.070515e-01   5.064874e-01   4.978566e-01   5.135324e-01   5.050381e-01
   0.000000e+00   1.827030e-03   1.059392e-01   9.862101e-01   6.301400e-01   3.914814e-01   5.583149e-01   7.277856e-01   3.588388e-01   5.393080e-01   5.004987e-01   4.959266e-01   5.338517e-01   4.919682e-01   5.179666e-01   4.975080e-01   4.728494e-01   5.199198e-01   5.480484e-01
   1.791181e-03   6.231684e-02   2.350150e-01   0.000000e+00   0.000000e+00   5.766472e-03   0.000000e+00   1.784674e-03   1.000000e+00   5.375581e-01   5.119716e-01   4.956670e-01   5.232288e-01   4.679658e-01   4.886158e-01   4.933576e-01   5.019899e-01   5.062448e-01   4.951721e-01
   0.000000e+00   2.996013e-02   2.847047e-02   4.668609e-03   2.414769e-02   4.618308e-02   1.389515e-02   1.956175e-03   9.858856e-01   5.024632e-01   5.349138e-01   5.091084e-01   4.924665e-01   4.693879e-01   5.251817e-01   4.824861e-01   5.093036e-01   4.971803e-01   4.871161e-01
   1.677761e-01   2.029285e-01   2.243692e-01   9.517498e-03   4.376141e-02   5.744609e-02   5.367922e-01   3.472383e-01   3.137789e-01   5.431385e-01   4.960252e-01   4.416372e-01   5.036435e-01   4.324730e-01   5.096169e-01   5.096946e-01   4.519155e-01   4.944945e-01   5.027398e-01
   0.000000e+00   0.000000e+00   1.592324e-02   4.172412e-03   5.909204e-03   2.263058e-03   0.000000e+00   1.155080e-02   0.000000e+00   5.405089e-01   4.747762e-01   4.720817e-01   5.211056e-01   4.293417e-01   5.272126e-01   4.509099e-01   5.007766e-01   4.960774e-01   5.076167e-01
   2.635933e-02   1.367654e-02   9.674286e-01   3.369174e-02   7.424435e-01   0.000000e+00   9.336994e-01   5.499942e-01   1.000000e+00   4.796419e-01   5.158483e-01   5.117452e-01   5.018028e-01   4.984102e-01   4.820294e-01   4.968527e-01   4.986973e-01   5.024054e-01   4.902902e-01
   0.000000e+00   2.374207e-04   0.000000e+00   0.000000e+00   8.533578e-04   0.000000e+00   1.000000e+00   5.192694e-01   5.086530e-01   4.617382e-01   5.141285e-01   4.602136e-01   4.987138e-01   4.728910e-01   5.015885e-01   5.025755e-01   5.506969e-01   4.630473e-01   5.652953e-01
   1.779995e-01   4.505126e-02   5.935142e-05   0.000000e+00   0.000000e+00   3.260031e-01   0.000000e+00   4.827227e-01   9.943996e-01   4.806537e-01   5.312303e-01   3.875193e-01   4.996889e-01   4.462678e-01   4.768589e-01   5.253425e-01   4.761687e-01   4.852503e-01   5.061519e-01
   0.000000e+00   2.564682e-02   9.611135e-01   3.753256e-01   4.979287e-01   1.737109e-01   6.529736e-01   5.583914e-01   3.598506e-01   4.893320e-01   4.948147e-01   4.805657e-01   4.986904e-01   5.107097e-01   5.143084e-01   5.086432e-01   5.057110e-01   4.939297e-01   4.944479e-01
   8.932343e-03   4.872633e-01   1.819993e-02   0.000000e+00   6.776302e-03   3.556530e-03   2.893423e-01   1.229745e-01   0.000000e+00   5.411326e-01   4.768997e-01   5.045343e-01   5.255053e-01   4.677031e-01   5.272900e-01   4.620166e-01   5.279355e-01   4.655737e-01   4.575516e-01
   4.684788e-02   2.569540e-02   0.000000e+00   4.530397e-01   1.120603e-03   0.000000e+00   4.972704e-01   0.000000e+00   7.600860e-01   6.043322e-01   4.739906e-01   4.749306e-01   5.350643e-01   5.783501e-01   5.509198e-01   5.069472e-01   4.964722e-01   5.466651e-01   4.594187e-01
   2.888465e-02   1.048331e-01   1.400741e-02   2.664934e-02   2.458551e-02   1.224928e-01   0.000000e+00   9.220626e-01   1.000000e+00   5.397149e-01   5.594809e-01   5.226798e-01   5.011139e-01   5.079822e-01   5.016171e-01   4.282228e-01   5.053630e-01   6.240625e-01   4.082006e-01
   0.000000e+00   3.076683e-01   1.000000e+00   0.000000e+00   1.562851e-01   3.697557e-01   6.624980e-01   3.231635e-01   6.014134e-01   4.908677e-01   4.826620e-01   4.831026e-01   5.369412e-01   3.838596e-01   5.263839e-01   4.286525e-01   4.599085e-01   5.039887e-01   5.450437e-01
