   8.601552e-01   8.512032e-01   2.526420e-01   2.978287e-01   1.284533e-04   8.568178e-01   7.425095e-01   9.381326e-06   2.545021e-01   1.947753e-01   8.752338e-05   1.171306e-04   0.000000e+00   0.000000e+00   0.000000e+00   6.128876e-02   5.405911e-01
   8.591101e-01   8.512032e-01   2.526355e-01   2.978287e-01   1.284533e-04   8.568178e-01   7.425156e-01   9.384691e-06   2.545021e-01   1.947767e-01   8.752730e-05   1.171306e-04   0.000000e+00   0.000000e+00   0.000000e+00   6.128876e-02   5.405911e-01
   8.610474e-01   8.512032e-01   2.526394e-01   2.978287e-01   1.284534e-04   8.568178e-01   7.425248e-01   9.389848e-06   2.545021e-01   1.857750e-01   8.753046e-05   1.171306e-04   0.000000e+00   0.000000e+00   0.000000e+00   6.128876e-02   5.405911e-01
   8.583881e-01   8.512032e-01   2.526408e-01   2.978287e-01   1.284534e-04   8.568178e-01   7.425250e-01   9.383057e-06   2.545021e-01   1.877169e-01   8.752077e-05   1.171306e-04   0.000000e+00   0.000000e+00   0.000000e+00   6.128876e-02   5.405911e-01
   8.614541e-01   8.512032e-01   2.526424e-01   2.978286e-01   1.284417e-04   8.568098e-01   7.423471e-01   9.415607e-06   2.545021e-01   1.720586e-01   8.752667e-05   1.171364e-04   0.000000e+00   0.000000e+00   0.000000e+00   6.128876e-02   5.405911e-01
   8.614960e-01   8.512032e-01   2.526374e-01   2.978286e-01   1.284791e-04   8.567999e-01   7.426366e-01   9.308877e-06   2.545021e-01   1.665744e-01   8.749586e-05   1.171310e-04   0.000000e+00   0.000000e+00   0.000000e+00   6.128876e-02   5.405911e-01
   8.649058e-01   8.512041e-01   2.528512e-01   2.978286e-01   1.283754e-04   8.567996e-01   7.426515e-01   1.701665e-05   2.545021e-01   1.646095e-01   8.749630e-05   1.171318e-04   0.000000e+00   0.000000e+00   0.000000e+00   6.128873e-02   5.405911e-01
   8.613849e-01   8.512032e-01   2.526414e-01   2.978286e-01   1.284594e-04   8.567998e-01   7.426415e-01   9.311792e-06   2.545021e-01   1.690883e-01   8.749586e-05   1.171310e-04   0.000000e+00   0.000000e+00   0.000000e+00   6.128876e-02   5.405911e-01
   8.358457e-01   8.512036e-01   2.526348e-01   2.978285e-01   1.284388e-04   8.567995e-01   7.446745e-01   1.466415e-05   2.545021e-01   1.403378e-01   8.750466e-05   1.171367e-04   0.000000e+00   0.000000e+00   0.000000e+00   6.128874e-02   5.405911e-01
   8.827421e-01   8.512042e-01   2.526651e-01   2.978286e-01   1.284390e-04   8.567995e-01   7.420523e-01   7.601378e-06   2.545021e-01   1.374156e-01   8.750428e-05   1.171400e-04   0.000000e+00   0.000000e+00   0.000000e+00   6.128875e-02   5.405911e-01
   8.592818e-01   8.512035e-01   2.526361e-01   2.978285e-01   1.284454e-04   8.567996e-01   7.448383e-01   1.599370e-05   2.545021e-01   1.262875e-01   8.750421e-05   1.171450e-04   0.000000e+00   0.000000e+00   0.000000e+00   6.128872e-02   5.405911e-01
   8.584956e-01   8.512036e-01   2.526361e-01   2.978285e-01   1.284451e-04   8.567995e-01   7.449507e-01   1.617380e-05   2.545021e-01   1.266600e-01   8.750442e-05   1.171454e-04   0.000000e+00   0.000000e+00   0.000000e+00   6.128873e-02   5.405911e-01
   8.590488e-01   8.512036e-01   2.526354e-01   2.978284e-01   1.284931e-04   8.567996e-01   7.453356e-01   7.795895e-06   2.545021e-01   9.628382e-02   8.750441e-05   1.171502e-04   0.000000e+00   0.000000e+00   0.000000e+00   6.128874e-02   5.405911e-01
   8.689521e-01   8.512033e-01   2.526320e-01   2.978285e-01   1.284140e-04   8.567991e-01   7.452224e-01   1.637915e-05   2.545021e-01   8.921223e-02   8.750616e-05   1.171591e-04   0.000000e+00   0.000000e+00   0.000000e+00   6.128876e-02   5.405911e-01
   8.590965e-01   8.512037e-01   2.526364e-01   2.978285e-01   1.284538e-04   8.567996e-01   7.453814e-01   1.135951e-05   2.545021e-01   9.514769e-02   8.750330e-05   1.171541e-04   0.000000e+00   0.000000e+00   0.000000e+00   6.128876e-02   5.405911e-01
   8.614100e-01   8.512036e-01   2.526308e-01   2.978285e-01   1.284983e-04   8.567996e-01   7.452823e-01   1.724778e-05   2.545021e-01   8.786264e-02   8.751298e-05   1.171484e-04   0.000000e+00   0.000000e+00   0.000000e+00   6.128876e-02   5.405911e-01
   8.564903e-01   8.512036e-01   2.526306e-01   2.978285e-01   1.284565e-04   8.567997e-01   7.452670e-01   1.721813e-05   2.545021e-01   8.754875e-02   8.750266e-05   1.171516e-04   0.000000e+00   0.000000e+00   0.000000e+00   6.128876e-02   5.405911e-01
   8.612018e-01   8.512037e-01   2.526307e-01   2.978284e-01   1.284683e-04   8.567996e-01   7.452800e-01   1.723630e-05   2.545021e-01   8.731638e-02   8.751547e-05   1.171436e-04   0.000000e+00   0.000000e+00   0.000000e+00   6.128876e-02   5.405911e-01
   8.611074e-01   8.512037e-01   2.526307e-01   2.978285e-01   1.284724e-04   8.567996e-01   7.452878e-01   1.723593e-05   2.545021e-01   8.731576e-02   8.751453e-05   1.171419e-04   0.000000e+00   0.000000e+00   0.000000e+00   6.128876e-02   5.405911e-01
   8.610192e-01   8.512037e-01   2.526307e-01   2.978285e-01   1.284686e-04   8.567996e-01   7.452917e-01   1.723180e-05   2.545021e-01   8.731645e-02   8.751434e-05   1.171432e-04   0.000000e+00   0.000000e+00   0.000000e+00   6.128876e-02   5.405911e-01
   8.611822e-01   8.512037e-01   2.526307e-01   2.978285e-01   1.284683e-04   8.567996e-01   7.452806e-01   1.723333e-05   2.545021e-01   8.731873e-02   8.751483e-05   1.171436e-04   0.000000e+00   0.000000e+00   0.000000e+00   6.128876e-02   5.405911e-01
   8.610348e-01   8.512037e-01   2.526307e-01   2.978285e-01   1.284726e-04   8.567996e-01   7.453002e-01   1.723158e-05   2.545021e-01   8.731642e-02   8.751433e-05   1.171434e-04   0.000000e+00   0.000000e+00   0.000000e+00   6.128876e-02   5.405911e-01
   8.610261e-01   8.512037e-01   2.526307e-01   2.978285e-01   1.284726e-04   8.567996e-01   7.453014e-01   1.723034e-05   2.545021e-01   8.731629e-02   8.751437e-05   1.171434e-04   0.000000e+00   0.000000e+00   0.000000e+00   6.128876e-02   5.405911e-01
   8.610261e-01   8.512037e-01   2.526307e-01   2.978285e-01   1.284726e-04   8.567996e-01   7.453014e-01   1.723203e-05   2.545021e-01   8.731635e-02   8.751436e-05   1.171434e-04   0.000000e+00   0.000000e+00   0.000000e+00   6.128876e-02   5.405911e-01
   8.610266e-01   8.512037e-01   2.526307e-01   2.978285e-01   1.284726e-04   8.567996e-01   7.453014e-01   1.723218e-05   2.545021e-01   8.731634e-02   8.751437e-05   1.171434e-04   0.000000e+00   0.000000e+00   0.000000e+00   6.128876e-02   5.405911e-01
   8.610266e-01   8.512037e-01   2.526307e-01   2.978285e-01   1.284726e-04   8.567996e-01   7.453014e-01   1.723052e-05   2.545021e-01   8.731635e-02   8.751436e-05   1.171434e-04   0.000000e+00   0.000000e+00   0.000000e+00   6.128876e-02   5.405911e-01
   3.886543e-01   4.699883e-02   2.690042e-01   2.978756e-01   1.336233e-04   4.659032e-01   7.231032e-01   6.215507e-06   2.263975e-01   1.467919e-01   4.169392e-04   1.144268e-04   0.000000e+00   0.000000e+00   0.000000e+00   6.118395e-02   5.405593e-01
   8.610262e-01   8.512037e-01   2.526307e-01   2.978285e-01   1.284726e-04   8.567996e-01   7.453014e-01   1.722388e-05   2.545021e-01   8.731611e-02   8.751437e-05   1.171434e-04   0.000000e+00   0.000000e+00   0.000000e+00   6.128876e-02   5.405911e-01
   8.610263e-01   8.512037e-01   2.526307e-01   2.978285e-01   1.284726e-04   8.567996e-01   7.453014e-01   1.722720e-05   2.545021e-01   8.731610e-02   8.751437e-05   1.171434e-04   0.000000e+00   0.000000e+00   0.000000e+00   6.128876e-02   5.405911e-01
   8.610261e-01   8.512037e-01   2.526307e-01   2.978285e-01   1.284726e-04   8.567996e-01   7.453014e-01   1.722810e-05   2.545021e-01   8.731611e-02   8.751437e-05   1.171434e-04   0.000000e+00   0.000000e+00   0.000000e+00   6.128876e-02   5.405911e-01
   8.610265e-01   8.512037e-01   2.526307e-01   2.978285e-01   1.284726e-04   8.567996e-01   7.453014e-01   1.722840e-05   2.545021e-01   8.731610e-02   8.751437e-05   1.171434e-04   0.000000e+00   0.000000e+00   0.000000e+00   6.128876e-02   5.405911e-01
   8.610263e-01   8.512037e-01   2.526307e-01   2.978285e-01   1.284726e-04   8.567996e-01   7.453014e-01   1.722964e-05   2.545021e-01   8.731607e-02   8.751437e-05   1.171434e-04   0.000000e+00   0.000000e+00   0.000000e+00   6.128876e-02   5.405911e-01
   8.610265e-01   8.512037e-01   2.526307e-01   2.978285e-01   1.284726e-04   8.567996e-01   7.453014e-01   1.722614e-05   2.545021e-01   8.731611e-02   8.751438e-05   1.171434e-04   0.000000e+00   0.000000e+00   0.000000e+00   6.128876e-02   5.405911e-01
   8.610265e-01   8.512037e-01   2.526307e-01   2.978285e-01   1.284726e-04   8.567996e-01   7.453014e-01   1.722893e-05   2.545021e-01   8.731610e-02   8.751437e-05   1.171434e-04   0.000000e+00   0.000000e+00   0.000000e+00   6.128876e-02   5.405911e-01
   8.584393e-01   8.512035e-01   2.526294e-01   2.978285e-01   1.284390e-04   8.567997e-01   7.455841e-01   1.703384e-05   2.545021e-01   7.967764e-02   8.751384e-05   1.171434e-04   0.000000e+00   0.000000e+00   0.000000e+00   6.128881e-02   5.405911e-01
   8.618628e-01   8.512036e-01   2.526294e-01   2.978285e-01   1.284417e-04   8.567997e-01   7.455760e-01   1.696252e-05   2.545021e-01   7.964524e-02   8.751386e-05   1.171423e-04   0.000000e+00   0.000000e+00   0.000000e+00   6.128881e-02   5.405911e-01
   8.599649e-01   8.512036e-01   2.526294e-01   2.978285e-01   1.284406e-04   8.567996e-01   7.455984e-01   1.700306e-05   2.545021e-01   7.966397e-02   8.751384e-05   1.171423e-04   0.000000e+00   0.000000e+00   0.000000e+00   6.128875e-02   5.405911e-01
   8.584393e-01   8.512035e-01   2.526294e-01   2.978285e-01   1.284390e-04   8.567997e-01   7.455841e-01   1.703384e-05   2.545021e-01   7.967764e-02   8.751384e-05   1.171434e-04   0.000000e+00   0.000000e+00   0.000000e+00   6.128881e-02   5.405911e-01
   8.607047e-01   8.512036e-01   2.526294e-01   2.978285e-01   1.284402e-04   8.567996e-01   7.455973e-01   1.695138e-05   2.545021e-01   7.967844e-02   8.751384e-05   1.171424e-04   0.000000e+00   0.000000e+00   0.000000e+00   6.128877e-02   5.405911e-01
   8.622712e-01   8.512035e-01   2.526294e-01   2.978285e-01   1.284407e-04   8.567997e-01   7.455783e-01   1.685151e-05   2.545021e-01   7.969410e-02   8.751384e-05   1.171420e-04   0.000000e+00   0.000000e+00   0.000000e+00   6.128878e-02   5.405911e-01
   8.587001e-01   8.512035e-01   2.526294e-01   2.978285e-01   1.284392e-04   8.567997e-01   7.455832e-01   1.703751e-05   2.545021e-01   7.965627e-02   8.751384e-05   1.171433e-04   0.000000e+00   0.000000e+00   0.000000e+00   6.128881e-02   5.405911e-01
   8.619491e-01   8.512036e-01   2.526294e-01   2.978285e-01   1.284390e-04   8.567996e-01   7.455835e-01   1.691708e-05   2.545021e-01   7.962522e-02   8.751384e-05   1.171423e-04   0.000000e+00   0.000000e+00   0.000000e+00   6.128876e-02   5.405911e-01
   8.477824e-01   8.512035e-01   2.526295e-01   2.978285e-01   1.284626e-04   8.567996e-01   7.453315e-01   1.710780e-05   2.545021e-01   8.046456e-02   8.751434e-05   1.171448e-04   0.000000e+00   0.000000e+00   0.000000e+00   6.128876e-02   5.405911e-01
   8.628749e-01   8.512036e-01   2.526294e-01   2.978285e-01   1.284413e-04   8.567997e-01   7.455847e-01   1.693057e-05   2.545021e-01   7.962459e-02   8.751386e-05   1.171424e-04   0.000000e+00   0.000000e+00   0.000000e+00   6.128881e-02   5.405911e-01
   8.609288e-01   8.512035e-01   2.526294e-01   2.978285e-01   1.284398e-04   8.567996e-01   7.455783e-01   1.699198e-05   2.545021e-01   7.967059e-02   8.751383e-05   1.171422e-04   0.000000e+00   0.000000e+00   0.000000e+00   6.128877e-02   5.405911e-01
   8.589924e-01   8.512035e-01   2.526308e-01   2.978284e-01   1.284420e-04   8.567996e-01   7.460089e-01   1.712228e-05   2.545021e-01   0.000000e+00   8.751320e-05   1.171427e-04   0.000000e+00   0.000000e+00   0.000000e+00   6.128881e-02   5.405911e-01
   8.589696e-01   8.512035e-01   2.526321e-01   2.978287e-01   1.284868e-04   8.567997e-01   7.514316e-01   1.706574e-05   2.545021e-01   0.000000e+00   8.751880e-05   1.171437e-04   0.000000e+00   0.000000e+00   0.000000e+00   6.128881e-02   5.405911e-01
   8.591395e-01   8.512035e-01   2.526319e-01   2.978287e-01   1.284778e-04   8.567996e-01   7.496449e-01   1.696530e-05   2.545021e-01   0.000000e+00   8.748196e-05   1.171437e-04   0.000000e+00   0.000000e+00   0.000000e+00   6.128881e-02   5.405911e-01
   8.590469e-01   8.512035e-01   2.526323e-01   2.978285e-01   1.284789e-04   8.567996e-01   7.456394e-01   1.714545e-05   2.545021e-01   2.129828e-02   8.751379e-05   1.171438e-04   0.000000e+00   0.000000e+00   0.000000e+00   6.128881e-02   5.405911e-01
   8.589844e-01   8.512035e-01   2.526315e-01   2.978287e-01   1.284940e-04   8.567996e-01   7.457852e-01   1.697351e-05   2.545021e-01   1.200017e-03   8.749055e-05   1.171425e-04   0.000000e+00   0.000000e+00   0.000000e+00   6.128881e-02   5.405911e-01
   8.589828e-01   8.512035e-01   2.526319e-01   2.978285e-01   1.284847e-04   8.567996e-01   7.455535e-01   1.717069e-05   2.545021e-01   1.616015e-03   8.749001e-05   1.171424e-04   0.000000e+00   0.000000e+00   0.000000e+00   6.128880e-02   5.405911e-01
   8.589877e-01   8.512035e-01   2.526313e-01   2.978287e-01   1.284890e-04   8.567996e-01   7.458865e-01   1.703134e-05   2.545021e-01   1.383432e-03   8.749637e-05   1.171427e-04   0.000000e+00   0.000000e+00   0.000000e+00   6.128881e-02   5.405911e-01
   8.589842e-01   8.512035e-01   2.526314e-01   2.978285e-01   1.285070e-04   8.567996e-01   7.455646e-01   1.699375e-05   2.545021e-01   1.536407e-03   8.749346e-05   1.171426e-04   0.000000e+00   0.000000e+00   0.000000e+00   6.128881e-02   5.405911e-01
   8.591473e-01   8.512035e-01   2.526365e-01   2.978284e-01   1.284595e-04   8.567997e-01   7.453832e-01   1.734359e-05   2.545021e-01   4.553950e-02   8.749809e-05   1.171417e-04   0.000000e+00   0.000000e+00   0.000000e+00   6.128881e-02   5.405911e-01
   8.588673e-01   8.512035e-01   2.526315e-01   2.978285e-01   1.284804e-04   8.567997e-01   7.568011e-01   1.682460e-05   2.545021e-01   0.000000e+00   8.751381e-05   1.171432e-04   0.000000e+00   0.000000e+00   0.000000e+00   6.128881e-02   5.405911e-01
   8.065131e-01   8.512017e-01   2.526565e-01   2.978285e-01   1.285942e-04   8.567982e-01   7.449388e-01   1.623666e-05   2.545021e-01   1.089011e-01   8.751704e-05   1.171494e-04   0.000000e+00   0.000000e+00   0.000000e+00   6.128883e-02   5.405911e-01
   8.589918e-01   8.512035e-01   2.526342e-01   2.978286e-01   1.284440e-04   8.567999e-01   7.459660e-01   1.735587e-05   2.545021e-01   0.000000e+00   8.751138e-05   1.171431e-04   0.000000e+00   0.000000e+00   0.000000e+00   6.128881e-02   5.405911e-01
   8.589209e-01   8.512035e-01   2.526315e-01   2.978285e-01   1.284821e-04   8.567997e-01   7.561567e-01   1.676903e-05   2.545021e-01   0.000000e+00   8.751393e-05   1.171433e-04   0.000000e+00   0.000000e+00   0.000000e+00   6.128881e-02   5.405911e-01
   8.589942e-01   8.512035e-01   2.526331e-01   2.978288e-01   1.284819e-04   8.567997e-01   7.543487e-01   1.684257e-05   2.545021e-01   0.000000e+00   8.751271e-05   1.171433e-04   0.000000e+00   0.000000e+00   0.000000e+00   6.128880e-02   5.405911e-01
   8.589575e-01   8.512035e-01   2.526317e-01   2.978285e-01   1.284824e-04   8.567996e-01   7.552188e-01   1.695861e-05   2.545021e-01   0.000000e+00   8.751461e-05   1.171434e-04   0.000000e+00   0.000000e+00   0.000000e+00   6.128881e-02   5.405911e-01
   8.589974e-01   8.512035e-01   2.526314e-01   2.978285e-01   1.284824e-04   8.567996e-01   7.551633e-01   1.690751e-05   2.545021e-01   0.000000e+00   8.750899e-05   1.171433e-04   0.000000e+00   0.000000e+00   0.000000e+00   6.128880e-02   5.405911e-01
   7.119650e-01   8.512060e-01   2.528864e-01   2.978288e-01   1.285549e-04   8.568005e-01   7.441470e-01   1.021438e-05   2.545021e-01   1.650461e-01   8.752237e-05   1.171355e-04   0.000000e+00   0.000000e+00   0.000000e+00   6.128874e-02   5.405911e-01
   8.588538e-01   8.512035e-01   2.526314e-01   2.978285e-01   1.284815e-04   8.567997e-01   7.584774e-01   1.687173e-05   2.545021e-01   0.000000e+00   8.751426e-05   1.171433e-04   0.000000e+00   0.000000e+00   0.000000e+00   6.128881e-02   5.405911e-01
   8.588623e-01   8.512035e-01   2.526314e-01   2.978285e-01   1.284830e-04   8.567997e-01   7.585250e-01   1.686281e-05   2.545021e-01   0.000000e+00   8.751390e-05   1.171433e-04   0.000000e+00   0.000000e+00   0.000000e+00   6.128880e-02   5.405911e-01
   8.588617e-01   8.512035e-01   2.526314e-01   2.978285e-01   1.284840e-04   8.567997e-01   7.585531e-01   1.658144e-05   2.545021e-01   0.000000e+00   8.751391e-05   1.171433e-04   0.000000e+00   0.000000e+00   0.000000e+00   6.128880e-02   5.405911e-01
   8.588537e-01   8.512035e-01   2.526314e-01   2.978285e-01   1.284833e-04   8.567997e-01   7.585213e-01   1.686861e-05   2.545021e-01   0.000000e+00   8.751415e-05   1.171433e-04   0.000000e+00   0.000000e+00   0.000000e+00   6.128881e-02   5.405911e-01
   8.588619e-01   8.512035e-01   2.526314e-01   2.978285e-01   1.284839e-04   8.567997e-01   7.584538e-01   1.668681e-05   2.545021e-01   0.000000e+00   8.751384e-05   1.171433e-04   0.000000e+00   0.000000e+00   0.000000e+00   6.128881e-02   5.405911e-01
   8.588542e-01   8.512035e-01   2.526314e-01   2.978285e-01   1.284810e-04   8.567997e-01   7.584920e-01   1.697404e-05   2.545021e-01   0.000000e+00   8.751426e-05   1.171433e-04   0.000000e+00   0.000000e+00   0.000000e+00   6.128881e-02   5.405911e-01
   8.588613e-01   8.512035e-01   2.526314e-01   2.978285e-01   1.284830e-04   8.567997e-01   7.585259e-01   1.686254e-05   2.545021e-01   0.000000e+00   8.751386e-05   1.171433e-04   0.000000e+00   0.000000e+00   0.000000e+00   6.128880e-02   5.405911e-01
   8.588640e-01   8.512035e-01   2.526314e-01   2.978285e-01   1.284839e-04   8.567997e-01   7.584378e-01   1.675805e-05   2.545021e-01   0.000000e+00   8.751390e-05   1.171433e-04   0.000000e+00   0.000000e+00   0.000000e+00   6.128880e-02   5.405911e-01
   8.588570e-01   8.512035e-01   2.526314e-01   2.978285e-01   1.284835e-04   8.567997e-01   7.584398e-01   1.667512e-05   2.545021e-01   0.000000e+00   8.751376e-05   1.171433e-04   0.000000e+00   0.000000e+00   0.000000e+00   6.128881e-02   5.405911e-01
   8.588616e-01   8.512035e-01   2.526314e-01   2.978285e-01   1.284827e-04   8.567997e-01   7.582058e-01   1.658815e-05   2.545021e-01   0.000000e+00   8.751404e-05   1.171433e-04   0.000000e+00   0.000000e+00   0.000000e+00   6.128881e-02   5.405911e-01
   8.588642e-01   8.512035e-01   2.526314e-01   2.978285e-01   1.284842e-04   8.567997e-01   7.584616e-01   1.687215e-05   2.545021e-01   0.000000e+00   8.751423e-05   1.171433e-04   0.000000e+00   0.000000e+00   0.000000e+00   6.128881e-02   5.405911e-01
   8.588521e-01   8.512035e-01   2.526315e-01   2.978285e-01   1.284826e-04   8.567997e-01   7.584964e-01   1.686627e-05   2.545021e-01   0.000000e+00   8.751440e-05   1.171433e-04   0.000000e+00   0.000000e+00   0.000000e+00   6.128881e-02   5.405911e-01
   8.588635e-01   8.512035e-01   2.526314e-01   2.978285e-01   1.284830e-04   8.567997e-01   7.584890e-01   1.698581e-05   2.545021e-01   0.000000e+00   8.751402e-05   1.171433e-04   0.000000e+00   0.000000e+00   0.000000e+00   6.128880e-02   5.405911e-01
   8.588553e-01   8.512035e-01   2.526314e-01   2.978285e-01   1.284829e-04   8.567997e-01   7.584157e-01   1.688097e-05   2.545021e-01   0.000000e+00   8.751396e-05   1.171433e-04   0.000000e+00   0.000000e+00   0.000000e+00   6.128881e-02   5.405911e-01
   8.588574e-01   8.512035e-01   2.526314e-01   2.978285e-01   1.284823e-04   8.567997e-01   7.584220e-01   1.690544e-05   2.545021e-01   0.000000e+00   8.751436e-05   1.171433e-04   0.000000e+00   0.000000e+00   0.000000e+00   6.128881e-02   5.405911e-01
   8.588620e-01   8.512035e-01   2.526314e-01   2.978285e-01   1.284837e-04   8.567997e-01   7.585623e-01   1.668663e-05   2.545021e-01   0.000000e+00   8.751420e-05   1.171433e-04   0.000000e+00   0.000000e+00   0.000000e+00   6.128881e-02   5.405911e-01
   8.588616e-01   8.512035e-01   2.526314e-01   2.978285e-01   1.284824e-04   8.567997e-01   7.585622e-01   1.661267e-05   2.545021e-01   0.000000e+00   8.751409e-05   1.171433e-04   0.000000e+00   0.000000e+00   0.000000e+00   6.128880e-02   5.405911e-01
   8.588615e-01   8.512035e-01   2.526314e-01   2.978285e-01   1.284851e-04   8.567997e-01   7.585623e-01   1.661269e-05   2.545021e-01   0.000000e+00   8.751410e-05   1.171433e-04   0.000000e+00   0.000000e+00   0.000000e+00   6.128880e-02   5.405911e-01
   8.588621e-01   8.512035e-01   2.526314e-01   2.978285e-01   1.284838e-04   8.567997e-01   7.585620e-01   1.666521e-05   2.545021e-01   0.000000e+00   8.751418e-05   1.171433e-04   0.000000e+00   0.000000e+00   0.000000e+00   6.128881e-02   5.405911e-01
   8.588613e-01   8.512035e-01   2.526314e-01   2.978285e-01   1.284821e-04   8.567997e-01   7.585603e-01   1.660906e-05   2.545021e-01   0.000000e+00   8.751415e-05   1.171433e-04   0.000000e+00   0.000000e+00   0.000000e+00   6.128880e-02   5.405911e-01
   8.588614e-01   8.512035e-01   2.526314e-01   2.978285e-01   1.284823e-04   8.567997e-01   7.585623e-01   1.661181e-05   2.545021e-01   0.000000e+00   8.751413e-05   1.171433e-04   0.000000e+00   0.000000e+00   0.000000e+00   6.128880e-02   5.405911e-01
   8.588608e-01   8.512035e-01   2.526314e-01   2.978285e-01   1.284835e-04   8.567997e-01   7.585614e-01   1.665010e-05   2.545021e-01   0.000000e+00   8.751425e-05   1.171433e-04   0.000000e+00   0.000000e+00   0.000000e+00   6.128881e-02   5.405911e-01
   8.588614e-01   8.512035e-01   2.526314e-01   2.978285e-01   1.284823e-04   8.567997e-01   7.585622e-01   1.661180e-05   2.545021e-01   0.000000e+00   8.751413e-05   1.171433e-04   0.000000e+00   0.000000e+00   0.000000e+00   6.128880e-02   5.405911e-01
   8.588603e-01   8.512035e-01   2.526314e-01   2.978285e-01   1.284837e-04   8.567997e-01   7.585610e-01   1.665691e-05   2.545021e-01   0.000000e+00   8.751432e-05   1.171433e-04   0.000000e+00   0.000000e+00   0.000000e+00   6.128881e-02   5.405911e-01
   8.588614e-01   8.512035e-01   2.526314e-01   2.978285e-01   1.284839e-04   8.567997e-01   7.585623e-01   1.661298e-05   2.545021e-01   0.000000e+00   8.751413e-05   1.171433e-04   0.000000e+00   0.000000e+00   0.000000e+00   6.128880e-02   5.405911e-01
   8.588614e-01   8.512035e-01   2.526314e-01   2.978285e-01   1.284823e-04   8.567997e-01   7.585622e-01   1.661180e-05   2.545021e-01   0.000000e+00   8.751413e-05   1.171433e-04   0.000000e+00   0.000000e+00   0.000000e+00   6.128880e-02   5.405911e-01
   8.590919e-01   8.512034e-01   2.526436e-01   2.978286e-01   1.284710e-04   8.567995e-01   7.592667e-01   1.672231e-05   2.545021e-01   0.000000e+00   8.749661e-05   1.171253e-04   0.000000e+00   0.000000e+00   0.000000e+00   6.128880e-02   5.405911e-01
   8.589927e-01   8.512034e-01   2.526366e-01   2.978286e-01   1.284717e-04   8.567995e-01   7.590391e-01   1.668417e-05   2.545021e-01   0.000000e+00   8.749906e-05   1.171337e-04   0.000000e+00   0.000000e+00   0.000000e+00   6.128880e-02   5.405911e-01
   8.589369e-01   8.512034e-01   2.526384e-01   2.978286e-01   1.284715e-04   8.567994e-01   7.592802e-01   1.670038e-05   2.545021e-01   0.000000e+00   8.749550e-05   1.171315e-04   0.000000e+00   0.000000e+00   0.000000e+00   6.128880e-02   5.405911e-01
   8.591430e-01   8.512034e-01   2.526446e-01   2.978286e-01   1.284706e-04   8.567993e-01   7.592816e-01   1.670936e-05   2.545021e-01   0.000000e+00   8.749569e-05   1.171298e-04   0.000000e+00   0.000000e+00   0.000000e+00   6.128880e-02   5.405911e-01
   8.588613e-01   8.512035e-01   2.526314e-01   2.978285e-01   1.284850e-04   8.567997e-01   7.585626e-01   1.663050e-05   2.545021e-01   0.000000e+00   8.751413e-05   1.171433e-04   0.000000e+00   0.000000e+00   0.000000e+00   6.128880e-02   5.405911e-01
   8.594799e-01   8.512034e-01   2.526395e-01   2.978286e-01   1.284467e-04   8.567996e-01   7.585758e-01   1.682866e-05   2.545021e-01   0.000000e+00   8.748451e-05   1.171334e-04   0.000000e+00   0.000000e+00   0.000000e+00   6.128880e-02   5.405911e-01
   8.595089e-01   8.512034e-01   2.526436e-01   2.978286e-01   1.284710e-04   8.567996e-01   7.592651e-01   1.673255e-05   2.545021e-01   0.000000e+00   8.749699e-05   1.171268e-04   0.000000e+00   0.000000e+00   0.000000e+00   6.128880e-02   5.405911e-01
   8.593863e-01   8.512034e-01   2.526403e-01   2.978286e-01   1.284669e-04   8.567994e-01   7.592408e-01   1.668003e-05   2.545021e-01   0.000000e+00   8.749933e-05   1.171324e-04   0.000000e+00   0.000000e+00   0.000000e+00   6.128880e-02   5.405911e-01
   8.582255e-01   8.512034e-01   2.526443e-01   2.978287e-01   1.284713e-04   8.567993e-01   7.592590e-01   1.679268e-05   2.545021e-01   0.000000e+00   8.749821e-05   1.171376e-04   0.000000e+00   0.000000e+00   0.000000e+00   6.128880e-02   5.405911e-01
   8.593296e-01   8.512035e-01   2.526438e-01   2.978287e-01   1.284714e-04   8.567995e-01   7.590539e-01   1.589086e-05   2.545021e-01   0.000000e+00   8.749691e-05   1.171291e-04   0.000000e+00   0.000000e+00   0.000000e+00   6.128880e-02   5.405911e-01
   8.593102e-01   8.512034e-01   2.526462e-01   2.978287e-01   1.284788e-04   8.567996e-01   7.590881e-01   1.662544e-05   2.545021e-01   0.000000e+00   8.749499e-05   1.171352e-04   0.000000e+00   0.000000e+00   0.000000e+00   6.128880e-02   5.405911e-01
   8.578886e-01   8.512034e-01   2.526431e-01   2.978286e-01   1.284702e-04   8.567996e-01   7.592442e-01   1.681922e-05   2.545021e-01   0.000000e+00   8.749888e-05   1.171382e-04   0.000000e+00   0.000000e+00   0.000000e+00   6.128880e-02   5.405911e-01
   8.598100e-01   8.512034e-01   2.526412e-01   2.978286e-01   1.284713e-04   8.567997e-01   7.592591e-01   1.675321e-05   2.545021e-01   0.000000e+00   8.749963e-05   1.171399e-04   0.000000e+00   0.000000e+00   0.000000e+00   6.128880e-02   5.405911e-01
   8.582091e-01   8.512034e-01   2.526442e-01   2.978287e-01   1.284711e-04   8.567996e-01   7.592753e-01   1.677869e-05   2.545021e-01   0.000000e+00   8.749739e-05   1.171221e-04   0.000000e+00   0.000000e+00   0.000000e+00   6.128880e-02   5.405911e-01
   8.593745e-01   8.512035e-01   2.526309e-01   2.978286e-01   1.284847e-04   8.567998e-01   7.586532e-01   1.628719e-05   2.545021e-01   0.000000e+00   8.748712e-05   1.171413e-04   0.000000e+00   0.000000e+00   0.000000e+00   6.128880e-02   5.405911e-01
   8.588666e-01   8.512034e-01   2.526341e-01   2.978286e-01   1.284763e-04   8.567998e-01   7.587834e-01   1.659201e-05   2.545021e-01   0.000000e+00   8.751104e-05   1.171430e-04   0.000000e+00   0.000000e+00   0.000000e+00   6.128881e-02   5.405911e-01
   8.598916e-01   8.512033e-01   2.526410e-01   2.978286e-01   1.284693e-04   8.567998e-01   7.590730e-01   1.617160e-05   2.545021e-01   0.000000e+00   8.749706e-05   1.171310e-04   0.000000e+00   0.000000e+00   0.000000e+00   6.128880e-02   5.405911e-01
   8.587696e-01   8.512034e-01   2.526444e-01   2.978287e-01   1.284708e-04   8.567995e-01   7.592729e-01   1.679037e-05   2.545021e-01   0.000000e+00   8.749574e-05   1.171382e-04   0.000000e+00   0.000000e+00   0.000000e+00   6.128880e-02   5.405911e-01
   2.102581e-01   8.511957e-01   2.406870e-01   2.987908e-01   1.299485e-04   6.067001e-01   6.482419e-01   1.406025e-05   2.545037e-01   2.151453e-01   8.753712e-05   1.031246e-04   0.000000e+00   0.000000e+00   0.000000e+00   6.128877e-02   5.405951e-01
   8.593920e-01   8.512034e-01   2.526423e-01   2.978286e-01   1.284480e-04   8.567999e-01   7.592890e-01   1.671877e-05   2.545021e-01   0.000000e+00   8.749701e-05   1.171320e-04   0.000000e+00   0.000000e+00   0.000000e+00   6.128880e-02   5.405911e-01
   8.593166e-01   8.512034e-01   2.526414e-01   2.978286e-01   1.284459e-04   8.567992e-01   7.592890e-01   1.671960e-05   2.545021e-01   0.000000e+00   8.749646e-05   1.171315e-04   0.000000e+00   0.000000e+00   0.000000e+00   6.128880e-02   5.405911e-01
   8.593746e-01   8.512034e-01   2.526415e-01   2.978286e-01   1.284712e-04   8.567993e-01   7.592892e-01   1.672208e-05   2.545021e-01   0.000000e+00   8.749733e-05   1.171316e-04   0.000000e+00   0.000000e+00   0.000000e+00   6.128880e-02   5.405911e-01
   8.593897e-01   8.512034e-01   2.526423e-01   2.978286e-01   1.285009e-04   8.568001e-01   7.592890e-01   1.672007e-05   2.545021e-01   0.000000e+00   8.749716e-05   1.171314e-04   0.000000e+00   0.000000e+00   0.000000e+00   6.128880e-02   5.405911e-01
   8.593271e-01   8.512034e-01   2.526426e-01   2.978286e-01   1.284530e-04   8.567994e-01   7.592889e-01   1.671508e-05   2.545021e-01   0.000000e+00   8.749738e-05   1.171326e-04   0.000000e+00   0.000000e+00   0.000000e+00   6.128880e-02   5.405911e-01
   8.593627e-01   8.512034e-01   2.526424e-01   2.978286e-01   1.284518e-04   8.567994e-01   7.592889e-01   1.671971e-05   2.545021e-01   0.000000e+00   8.749723e-05   1.171315e-04   0.000000e+00   0.000000e+00   0.000000e+00   6.128880e-02   5.405911e-01
   8.594969e-01   8.512034e-01   2.526426e-01   2.978286e-01   1.284709e-04   8.567994e-01   7.592886e-01   1.670787e-05   2.545021e-01   0.000000e+00   8.749737e-05   1.171317e-04   0.000000e+00   0.000000e+00   0.000000e+00   6.128880e-02   5.405911e-01
   8.594007e-01   8.512034e-01   2.526423e-01   2.978286e-01   1.284871e-04   8.568001e-01   7.592890e-01   1.672104e-05   2.545021e-01   0.000000e+00   8.749715e-05   1.171314e-04   0.000000e+00   0.000000e+00   0.000000e+00   6.128880e-02   5.405911e-01
   8.594008e-01   8.512034e-01   2.526425e-01   2.978286e-01   1.284924e-04   8.567999e-01   7.592889e-01   1.672757e-05   2.545021e-01   0.000000e+00   8.749727e-05   1.171314e-04   0.000000e+00   0.000000e+00   0.000000e+00   6.128880e-02   5.405911e-01
   8.592966e-01   8.512034e-01   2.526414e-01   2.978286e-01   1.284477e-04   8.567990e-01   7.592890e-01   1.672218e-05   2.545021e-01   0.000000e+00   8.749632e-05   1.171315e-04   0.000000e+00   0.000000e+00   0.000000e+00   6.128880e-02   5.405911e-01
   8.593621e-01   8.512034e-01   2.526409e-01   2.978286e-01   1.284488e-04   8.567999e-01   7.592890e-01   1.672887e-05   2.545021e-01   0.000000e+00   8.749695e-05   1.171322e-04   0.000000e+00   0.000000e+00   0.000000e+00   6.128880e-02   5.405911e-01
   8.592987e-01   8.512034e-01   2.526415e-01   2.978286e-01   1.284487e-04   8.567999e-01   7.592888e-01   1.672902e-05   2.545021e-01   0.000000e+00   8.749773e-05   1.171314e-04   0.000000e+00   0.000000e+00   0.000000e+00   6.128880e-02   5.405911e-01
   8.615010e-01   8.512032e-01   2.526412e-01   2.978286e-01   1.284547e-04   8.567985e-01   7.424695e-01   9.311481e-06   2.545021e-01   1.692809e-01   8.749602e-05   1.171311e-04   0.000000e+00   0.000000e+00   0.000000e+00   6.128876e-02   5.405911e-01
   8.593594e-01   8.512034e-01   2.526425e-01   2.978286e-01   1.284710e-04   8.567997e-01   7.592890e-01   1.672189e-05   2.545021e-01   0.000000e+00   8.749742e-05   1.171316e-04   0.000000e+00   0.000000e+00   0.000000e+00   6.128880e-02   5.405911e-01
   8.593437e-01   8.512034e-01   2.526419e-01   2.978286e-01   1.284500e-04   8.567993e-01   7.592889e-01   1.671976e-05   2.545021e-01   0.000000e+00   8.749669e-05   1.171315e-04   0.000000e+00   0.000000e+00   0.000000e+00   6.128880e-02   5.405911e-01
   8.593879e-01   8.512034e-01   2.526423e-01   2.978286e-01   1.284811e-04   8.568002e-01   7.592890e-01   1.671911e-05   2.545021e-01   0.000000e+00   8.749697e-05   1.171322e-04   0.000000e+00   0.000000e+00   0.000000e+00   6.128880e-02   5.405911e-01
   8.593807e-01   8.512034e-01   2.526426e-01   2.978286e-01   1.284518e-04   8.567995e-01   7.592889e-01   1.672001e-05   2.545021e-01   0.000000e+00   8.749720e-05   1.171322e-04   0.000000e+00   0.000000e+00   0.000000e+00   6.128880e-02   5.405911e-01
   8.593914e-01   8.512034e-01   2.526424e-01   2.978286e-01   1.284878e-04   8.567999e-01   7.592890e-01   1.672089e-05   2.545021e-01   0.000000e+00   8.749740e-05   1.171313e-04   0.000000e+00   0.000000e+00   0.000000e+00   6.128880e-02   5.405911e-01
   8.594270e-01   8.512034e-01   2.526415e-01   2.978286e-01   1.285023e-04   8.568003e-01   7.592897e-01   1.672104e-05   2.545021e-01   0.000000e+00   8.749720e-05   1.171314e-04   0.000000e+00   0.000000e+00   0.000000e+00   6.128880e-02   5.405911e-01
   8.593717e-01   8.512034e-01   2.526415e-01   2.978286e-01   1.285023e-04   8.568001e-01   7.592897e-01   1.672101e-05   2.545021e-01   0.000000e+00   8.749723e-05   1.171314e-04   0.000000e+00   0.000000e+00   0.000000e+00   6.128880e-02   5.405911e-01
   8.593809e-01   8.512034e-01   2.526414e-01   2.978286e-01   1.284990e-04   8.568001e-01   7.592897e-01   1.672112e-05   2.545021e-01   0.000000e+00   8.749732e-05   1.171313e-04   0.000000e+00   0.000000e+00   0.000000e+00   6.128880e-02   5.405911e-01
   8.593774e-01   8.512034e-01   2.526414e-01   2.978286e-01   1.285002e-04   8.567999e-01   7.592897e-01   1.671994e-05   2.545021e-01   0.000000e+00   8.749764e-05   1.171313e-04   0.000000e+00   0.000000e+00   0.000000e+00   6.128880e-02   5.405911e-01
   8.593808e-01   8.512034e-01   2.526414e-01   2.978286e-01   1.284896e-04   8.567996e-01   7.592897e-01   1.672128e-05   2.545021e-01   0.000000e+00   8.749732e-05   1.171313e-04   0.000000e+00   0.000000e+00   0.000000e+00   6.128880e-02   5.405911e-01
   8.593808e-01   8.512034e-01   2.526414e-01   2.978286e-01   1.285084e-04   8.567999e-01   7.592897e-01   1.672113e-05   2.545021e-01   0.000000e+00   8.749738e-05   1.171314e-04   0.000000e+00   0.000000e+00   0.000000e+00   6.128880e-02   5.405911e-01
   8.594271e-01   8.512034e-01   2.526415e-01   2.978286e-01   1.285024e-04   8.568000e-01   7.592897e-01   1.672102e-05   2.545021e-01   0.000000e+00   8.749771e-05   1.171314e-04   0.000000e+00   0.000000e+00   0.000000e+00   6.128880e-02   5.405911e-01
   8.594135e-01   8.512034e-01   2.526418e-01   2.978286e-01   1.284852e-04   8.567996e-01   7.592897e-01   1.672224e-05   2.545021e-01   0.000000e+00   8.749713e-05   1.171316e-04   0.000000e+00   0.000000e+00   0.000000e+00   6.128880e-02   5.405911e-01
   8.594501e-01   8.512034e-01   2.526415e-01   2.978286e-01   1.284938e-04   8.568005e-01   7.592897e-01   1.672105e-05   2.545021e-01   0.000000e+00   8.749722e-05   1.171314e-04   0.000000e+00   0.000000e+00   0.000000e+00   6.128880e-02   5.405911e-01
   8.594178e-01   8.512034e-01   2.526420e-01   2.978286e-01   1.284814e-04   8.567997e-01   7.592896e-01   1.672069e-05   2.545021e-01   0.000000e+00   8.749719e-05   1.171316e-04   0.000000e+00   0.000000e+00   0.000000e+00   6.128880e-02   5.405911e-01
   8.594345e-01   8.512034e-01   2.526415e-01   2.978286e-01   1.285022e-04   8.567992e-01   7.592897e-01   1.672104e-05   2.545021e-01   0.000000e+00   8.749720e-05   1.171314e-04   0.000000e+00   0.000000e+00   0.000000e+00   6.128880e-02   5.405911e-01
   8.593831e-01   8.512034e-01   2.526415e-01   2.978286e-01   1.285106e-04   8.568000e-01   7.592897e-01   1.672109e-05   2.545021e-01   0.000000e+00   8.749721e-05   1.171314e-04   0.000000e+00   0.000000e+00   0.000000e+00   6.128880e-02   5.405911e-01
   8.594113e-01   8.512034e-01   2.526414e-01   2.978286e-01   1.284968e-04   8.567994e-01   7.592897e-01   1.672028e-05   2.545021e-01   0.000000e+00   8.749726e-05   1.171313e-04   0.000000e+00   0.000000e+00   0.000000e+00   6.128880e-02   5.405911e-01
   8.594400e-01   8.512034e-01   2.526416e-01   2.978286e-01   1.285095e-04   8.567993e-01   7.592897e-01   1.672110e-05   2.545021e-01   0.000000e+00   8.749717e-05   1.171317e-04   0.000000e+00   0.000000e+00   0.000000e+00   6.128880e-02   5.405911e-01
   8.593812e-01   8.512034e-01   2.526415e-01   2.978286e-01   1.284778e-04   8.567999e-01   7.592897e-01   1.672013e-05   2.545021e-01   0.000000e+00   8.749740e-05   1.171313e-04   0.000000e+00   0.000000e+00   0.000000e+00   6.128880e-02   5.405911e-01
   8.593385e-01   8.512034e-01   2.526417e-01   2.978286e-01   1.284871e-04   8.567995e-01   7.592897e-01   1.672087e-05   2.545021e-01   0.000000e+00   8.749732e-05   1.171312e-04   0.000000e+00   0.000000e+00   0.000000e+00   6.128880e-02   5.405911e-01
   8.594248e-01   8.512034e-01   2.526415e-01   2.978286e-01   1.285023e-04   8.568001e-01   7.592897e-01   1.672103e-05   2.545021e-01   0.000000e+00   8.749725e-05   1.171314e-04   0.000000e+00   0.000000e+00   0.000000e+00   6.128880e-02   5.405911e-01
   8.593589e-01   8.512034e-01   2.526413e-01   2.978286e-01   1.284621e-04   8.567998e-01   7.592896e-01   1.672035e-05   2.545021e-01   0.000000e+00   8.749748e-05   1.171315e-04   0.000000e+00   0.000000e+00   0.000000e+00   6.128880e-02   5.405911e-01
   8.593723e-01   8.512034e-01   2.526414e-01   2.978286e-01   1.285111e-04   8.568000e-01   7.592897e-01   1.672112e-05   2.545021e-01   0.000000e+00   8.749727e-05   1.171313e-04   0.000000e+00   0.000000e+00   0.000000e+00   6.128880e-02   5.405911e-01
   8.593810e-01   8.512034e-01   2.526414e-01   2.978286e-01   1.285023e-04   8.568000e-01   7.592897e-01   1.672107e-05   2.545021e-01   0.000000e+00   8.749737e-05   1.171314e-04   0.000000e+00   0.000000e+00   0.000000e+00   6.128880e-02   5.405911e-01
   8.594231e-01   8.512034e-01   2.526418e-01   2.978286e-01   1.284790e-04   8.567998e-01   7.592896e-01   1.672205e-05   2.545021e-01   0.000000e+00   8.749721e-05   1.171313e-04   0.000000e+00   0.000000e+00   0.000000e+00   6.128880e-02   5.405911e-01
   8.594317e-01   8.512034e-01   2.526414e-01   2.978286e-01   1.285021e-04   8.567998e-01   7.592897e-01   1.672106e-05   2.545021e-01   0.000000e+00   8.749745e-05   1.171314e-04   0.000000e+00   0.000000e+00   0.000000e+00   6.128880e-02   5.405911e-01
   8.594408e-01   8.512034e-01   2.526417e-01   2.978286e-01   1.284600e-04   8.568002e-01   7.592896e-01   1.672097e-05   2.545021e-01   0.000000e+00   8.749739e-05   1.171319e-04   0.000000e+00   0.000000e+00   0.000000e+00   6.128880e-02   5.405911e-01
   8.594326e-01   8.512034e-01   2.526415e-01   2.978286e-01   1.285025e-04   8.567991e-01   7.592897e-01   1.672104e-05   2.545021e-01   0.000000e+00   8.749725e-05   1.171314e-04   0.000000e+00   0.000000e+00   0.000000e+00   6.128880e-02   5.405911e-01
   8.594190e-01   8.512034e-01   2.526414e-01   2.978286e-01   1.285022e-04   8.567996e-01   7.592896e-01   1.672102e-05   2.545021e-01   0.000000e+00   8.749724e-05   1.171314e-04   0.000000e+00   0.000000e+00   0.000000e+00   6.128880e-02   5.405911e-01
   8.584138e-01   8.372302e-02   2.527485e-01   2.977619e-01   1.114890e-04   3.767344e-01   7.521835e-01   1.629573e-05   2.545035e-01   2.770251e-03   8.951243e-05   1.171623e-04   0.000000e+00   0.000000e+00   0.000000e+00   6.128888e-02   5.405924e-01
   8.593814e-01   8.512034e-01   2.526415e-01   2.978286e-01   1.285103e-04   8.567999e-01   7.592896e-01   1.672110e-05   2.545021e-01   0.000000e+00   8.749719e-05   1.171314e-04   0.000000e+00   0.000000e+00   0.000000e+00   6.128880e-02   5.405911e-01
   8.593779e-01   8.512034e-01   2.526415e-01   2.978286e-01   1.284999e-04   8.568001e-01   7.592897e-01   1.672111e-05   2.545021e-01   0.000000e+00   8.749737e-05   1.171314e-04   0.000000e+00   0.000000e+00   0.000000e+00   6.128880e-02   5.405911e-01
   8.593808e-01   8.512034e-01   2.526414e-01   2.978286e-01   1.285083e-04   8.568000e-01   7.592896e-01   1.672113e-05   2.545021e-01   0.000000e+00   8.749732e-05   1.171313e-04   0.000000e+00   0.000000e+00   0.000000e+00   6.128880e-02   5.405911e-01
   8.594071e-01   8.512034e-01   2.526414e-01   2.978286e-01   1.284842e-04   8.567996e-01   7.592897e-01   1.672104e-05   2.545021e-01   0.000000e+00   8.749733e-05   1.171313e-04   0.000000e+00   0.000000e+00   0.000000e+00   6.128880e-02   5.405911e-01
   8.594136e-01   8.512034e-01   2.526414e-01   2.978286e-01   1.284787e-04   8.567993e-01   7.592895e-01   1.672097e-05   2.545021e-01   0.000000e+00   8.749751e-05   1.171314e-04   0.000000e+00   0.000000e+00   0.000000e+00   6.128880e-02   5.405911e-01
