   9.652589e-02   7.945426e-02   1.038193e-01   2.619578e-01   1.842937e-01   3.649693e-01   3.824054e-01   3.520694e-01   1.324475e+00   3.825033e-01
   1.644432e-02   1.644432e-02   2.325578e-02   3.288864e-02   4.651156e-02   6.577728e-02   9.302312e-02   1.315546e-01   1.860462e-01   9.647661e-01
   3.155612e-02   3.188793e-02   6.489483e-02   2.448072e-01   6.067850e-01   2.702372e-01   2.627216e-01   1.606183e-01   3.668020e+00   3.670829e-01
   6.081915e-02   6.081915e-02   8.601126e-02   1.216383e-01   1.720225e-01   2.432766e-01   3.440450e-01   4.865532e-01   6.880901e-01   2.303563e-01
   4.129307e-02   4.129307e-02   5.839721e-02   8.258613e-02   1.167944e-01   1.651723e-01   2.335889e-01   3.303445e-01   4.671777e-01   7.506597e-01
   2.917762e-04   2.917762e-04   4.126338e-04   5.835523e-04   8.252676e-04   1.167105e-03   1.650535e-03   2.334209e-03   3.301071e-03   9.999891e-01
   3.047001e-02   3.047001e-02   4.309110e-02   6.094002e-02   8.618221e-02   1.218800e-01   1.723644e-01   2.437601e-01   3.447288e-01   8.731117e-01
   6.912418e-02   5.802965e-02   7.756548e-02   1.806173e-01   3.045249e-01   3.367943e-01   3.952898e-01   3.743789e-01   1.266452e+00   2.164159e-01
   6.122243e-02   6.840931e-02   7.061945e-02   2.024594e-01   4.674854e-01   2.825298e-01   2.963448e-01   3.500044e-01   1.503971e+00   2.344350e-01
   4.999050e-03   4.999050e-03   7.069724e-03   9.998099e-03   1.413945e-02   1.999620e-02   2.827889e-02   3.999240e-02   5.655779e-02   9.967961e-01
   4.416070e-02   4.416070e-02   6.245266e-02   8.832140e-02   1.249053e-01   1.766428e-01   2.498106e-01   3.532856e-01   4.996213e-01   7.076420e-01
   2.262081e-02   2.262081e-02   3.199066e-02   4.524162e-02   6.398131e-02   9.048324e-02   1.279626e-01   1.809665e-01   2.559252e-01   9.322041e-01
   3.992483e-02   4.141571e-02   5.150821e-02   1.146804e-01   1.795331e-01   1.826452e-01   2.657936e-01   6.223401e-01   1.163144e+00   1.993496e-01
   3.934830e-02   3.934830e-02   5.564689e-02   7.869659e-02   1.112938e-01   1.573932e-01   2.225876e-01   3.147864e-01   4.451751e-01   7.769416e-01
   3.261845e-02   3.261845e-02   4.612946e-02   6.523691e-02   9.225892e-02   1.304738e-01   1.845178e-01   2.609476e-01   3.690357e-01   8.530096e-01
   5.696637e-02   5.696637e-02   8.056262e-02   1.139327e-01   1.611252e-01   2.278655e-01   3.222505e-01   4.557310e-01   6.445009e-01   4.113844e-01
   5.017118e-02   5.017118e-02   7.095276e-02   1.003424e-01   1.419055e-01   2.006847e-01   2.838110e-01   4.013694e-01   5.676221e-01   5.963307e-01
   4.253466e-02   4.253466e-02   6.015310e-02   8.506933e-02   1.203062e-01   1.701387e-01   2.406124e-01   3.402773e-01   4.812248e-01   7.326974e-01
   3.779466e-02   3.779466e-02   5.344972e-02   7.558932e-02   1.068994e-01   1.511786e-01   2.137989e-01   3.023573e-01   4.275978e-01   7.964423e-01
   5.558470e-02   5.558470e-02   7.860863e-02   1.111694e-01   1.572173e-01   2.223388e-01   3.144345e-01   4.446776e-01   6.288690e-01   4.572171e-01
   3.895064e-02   3.895064e-02   5.508452e-02   7.790128e-02   1.101690e-01   1.558026e-01   2.203381e-01   3.116051e-01   4.406762e-01   7.820544e-01
   5.958904e-02   5.958904e-02   8.427163e-02   1.191781e-01   1.685433e-01   2.383562e-01   3.370865e-01   4.767123e-01   6.741730e-01   3.016314e-01
   8.364063e-02   8.736326e-02   9.386182e-02   2.301042e-01   3.021055e-01   2.457180e-01   3.810969e-01   3.666398e-01   1.187324e+00   4.405210e-01
   1.473461e-03   1.473461e-03   2.083788e-03   2.946922e-03   4.167577e-03   5.893844e-03   8.335153e-03   1.178769e-02   1.667031e-02   9.997221e-01
   1.721360e-02   1.721360e-02   2.434371e-02   3.442721e-02   4.868742e-02   6.885441e-02   9.737484e-02   1.377088e-01   1.947497e-01   9.613247e-01
   4.215936e-02   4.215936e-02   5.962234e-02   8.431872e-02   1.192447e-01   1.686374e-01   2.384893e-01   3.372749e-01   4.769787e-01   7.382294e-01
   6.827423e-02   9.226323e-02   9.553844e-02   2.742437e-01   1.767452e-01   5.900615e-01   2.360929e-01   2.495084e-01   2.256032e+00   0.000000e+00
   5.885726e-02   5.885726e-02   8.323673e-02   1.177145e-01   1.664735e-01   2.354290e-01   3.329469e-01   4.708581e-01   6.658939e-01   3.364085e-01
   1.722700e-02   1.722700e-02   2.436265e-02   3.445399e-02   4.872530e-02   6.890798e-02   9.745060e-02   1.378160e-01   1.949012e-01   9.612633e-01
   1.611552e-02   1.611552e-02   2.279078e-02   3.223103e-02   4.558156e-02   6.446207e-02   9.116313e-02   1.289241e-01   1.823263e-01   9.661854e-01
   1.698029e-02   1.698029e-02   2.401376e-02   3.396059e-02   4.802752e-02   6.792117e-02   9.605504e-02   1.358423e-01   1.921101e-01   9.623863e-01
   5.005781e-02   5.005781e-02   7.079243e-02   1.001156e-01   1.415849e-01   2.002312e-01   2.831697e-01   4.004624e-01   5.663394e-01   5.987648e-01
   4.837558e-02   4.837558e-02   6.841341e-02   9.675117e-02   1.368268e-01   1.935023e-01   2.736536e-01   3.870047e-01   5.473073e-01   6.331742e-01
   3.109646e-02   2.648302e-02   2.914714e-02   1.249215e-01   1.786464e-01   5.577347e-01   4.175539e-01   2.437104e-01   2.315755e+00   1.018850e-01
   5.442486e-02   5.626775e-02   6.503673e-02   1.393116e-01   1.847180e-01   1.722524e-01   2.523043e-01   5.818157e-01   1.033139e+00   4.008972e-01
   5.948603e-02   5.948603e-02   8.412595e-02   1.189721e-01   1.682519e-01   2.379441e-01   3.365038e-01   4.758882e-01   6.730076e-01   3.067925e-01
   8.327922e-02   7.576046e-02   9.548735e-02   2.041057e-01   2.773218e-01   2.813334e-01   3.729935e-01   4.142974e-01   1.052537e+00   2.144651e-01
   3.633514e-02   3.633514e-02   5.138564e-02   7.267027e-02   1.027713e-01   1.453405e-01   2.055426e-01   2.906811e-01   4.110851e-01   8.136449e-01
   4.995455e-02   4.995455e-02   7.064640e-02   9.990910e-02   1.412928e-01   1.998182e-01   2.825856e-01   3.996364e-01   5.651712e-01   6.009684e-01
   2.021829e-02   2.021829e-02   2.859298e-02   4.043658e-02   5.718596e-02   8.087316e-02   1.143719e-01   1.617463e-01   2.287439e-01   9.462307e-01
   5.497895e-02   5.497895e-02   7.775197e-02   1.099579e-01   1.555039e-01   2.199158e-01   3.110079e-01   4.398316e-01   6.220158e-01   4.755972e-01
   3.498971e-02   3.877943e-02   3.708297e-02   4.658686e-02   1.504547e-01   5.242402e-01   4.987215e-01   2.185354e-01   2.635019e+00   0.000000e+00
   1.030217e-02   1.030217e-02   1.456946e-02   2.060433e-02   2.913892e-02   4.120866e-02   5.827785e-02   8.241732e-02   1.165557e-01   9.863212e-01
   9.252260e-03   9.252260e-03   1.308467e-02   1.850452e-02   2.616934e-02   3.700904e-02   5.233869e-02   7.401808e-02   1.046774e-01   9.889819e-01
   1.502886e-02   1.502886e-02   2.125402e-02   3.005773e-02   4.250805e-02   6.011546e-02   8.501610e-02   1.202309e-01   1.700322e-01   9.706586e-01
   4.700665e-02   4.700665e-02   6.647744e-02   9.401329e-02   1.329549e-01   1.880266e-01   2.659098e-01   3.760532e-01   5.318195e-01   6.590418e-01
   4.532096e-02   4.325882e-02   5.879060e-02   1.266136e-01   1.786346e-01   1.802513e-01   2.116206e-01   6.514682e-01   1.335234e+00   1.860853e-01
   3.353050e-02   3.353050e-02   4.741928e-02   6.706099e-02   9.483856e-02   1.341220e-01   1.896771e-01   2.682440e-01   3.793543e-01   8.439080e-01
   2.719413e-02   2.719413e-02   3.845831e-02   5.438827e-02   7.691662e-02   1.087765e-01   1.538332e-01   2.175531e-01   3.076665e-01   9.003792e-01
   5.119767e-02   5.119767e-02   7.240444e-02   1.023953e-01   1.448089e-01   2.047907e-01   2.896178e-01   4.095814e-01   5.792355e-01   5.735612e-01
   3.807595e-02   3.807595e-02   5.384753e-02   7.615190e-02   1.076951e-01   1.523038e-01   2.153901e-01   3.046076e-01   4.307802e-01   7.930049e-01
   5.551757e-02   5.551757e-02   7.851370e-02   1.110351e-01   1.570274e-01   2.220703e-01   3.140548e-01   4.441406e-01   6.281096e-01   4.593001e-01
   2.326442e-02   2.326442e-02   3.290086e-02   4.652884e-02   6.580172e-02   9.305768e-02   1.316034e-01   1.861154e-01   2.632069e-01   9.281402e-01
   3.990703e-02   5.178847e-02   4.463657e-02   1.890514e-01   6.178283e-01   2.171438e-01   2.276389e-01   2.681879e-01   2.324461e+00   1.199043e-01
   5.040089e-02   5.040089e-02   7.127763e-02   1.008018e-01   1.425553e-01   2.016036e-01   2.851105e-01   4.032071e-01   5.702210e-01   5.913510e-01
   5.177843e-02   5.177843e-02   7.322576e-02   1.035569e-01   1.464515e-01   2.071137e-01   2.929030e-01   4.142274e-01   5.858060e-01   5.600559e-01
   5.118109e-02   5.118109e-02   7.238099e-02   1.023622e-01   1.447620e-01   2.047244e-01   2.895240e-01   4.094487e-01   5.790479e-01   5.739399e-01
   5.846797e-02   5.846797e-02   8.268619e-02   1.169359e-01   1.653724e-01   2.338719e-01   3.307448e-01   4.677437e-01   6.614895e-01   3.533598e-01
   4.604148e-02   4.604148e-02   6.511249e-02   9.208297e-02   1.302250e-01   1.841659e-01   2.604500e-01   3.683319e-01   5.208999e-01   6.762592e-01
   5.678638e-02   5.678638e-02   8.030806e-02   1.135728e-01   1.606161e-01   2.271455e-01   3.212323e-01   4.542910e-01   6.424645e-01   4.177065e-01
   5.534797e-02   5.534797e-02   7.827386e-02   1.106959e-01   1.565477e-01   2.213919e-01   3.130954e-01   4.427838e-01   6.261908e-01   4.645105e-01
   6.127334e-02   6.127334e-02   8.665358e-02   1.225467e-01   1.733072e-01   2.450933e-01   3.466143e-01   4.901867e-01   6.932287e-01   1.971498e-01
   5.950299e-02   5.950299e-02   8.414993e-02   1.190060e-01   1.682999e-01   2.380120e-01   3.365997e-01   4.760239e-01   6.731995e-01   3.059492e-01
   2.846938e-02   2.846938e-02   4.026179e-02   5.693876e-02   8.052357e-02   1.138775e-01   1.610471e-01   2.277551e-01   3.220943e-01   8.902306e-01
   3.445743e-02   3.445743e-02   4.873016e-02   6.891485e-02   9.746032e-02   1.378297e-01   1.949206e-01   2.756594e-01   3.898413e-01   8.342946e-01
   4.510776e-02   4.510776e-02   6.379201e-02   9.021553e-02   1.275840e-01   1.804311e-01   2.551681e-01   3.608621e-01   5.103361e-01   6.921807e-01
   3.752426e-02   3.752426e-02   5.306731e-02   7.504851e-02   1.061346e-01   1.500970e-01   2.122692e-01   3.001940e-01   4.245385e-01   7.997088e-01
   1.380569e-02   1.380569e-02   1.952420e-02   2.761139e-02   3.904840e-02   5.522278e-02   7.809680e-02   1.104456e-01   1.561936e-01   9.752985e-01
   5.498136e-02   5.498136e-02   7.775538e-02   1.099627e-01   1.555108e-01   2.199254e-01   3.110215e-01   4.398509e-01   6.220431e-01   4.755259e-01
   5.854125e-03   5.854125e-03   8.278983e-03   1.170825e-02   1.655797e-02   2.341650e-02   3.311593e-02   4.683300e-02   6.623186e-02   9.956037e-01
   8.336784e-02   7.663935e-02   9.341511e-02   2.226481e-01   2.282716e-01   3.885840e-01   3.206069e-01   4.413984e-01   1.213161e+00   1.650597e-02
   6.073058e-02   6.073058e-02   8.588601e-02   1.214612e-01   1.717720e-01   2.429223e-01   3.435440e-01   4.858446e-01   6.870881e-01   2.362625e-01
   1.667211e-02   1.667211e-02   2.357792e-02   3.334421e-02   4.715584e-02   6.668842e-02   9.431167e-02   1.333768e-01   1.886233e-01   9.637647e-01
   4.527176e-02   4.527176e-02   6.402394e-02   9.054352e-02   1.280479e-01   1.810870e-01   2.560957e-01   3.621741e-01   5.121915e-01   6.894344e-01
   4.483559e-02   4.483559e-02   6.340710e-02   8.967118e-02   1.268142e-01   1.793424e-01   2.536284e-01   3.586847e-01   5.072568e-01   6.966929e-01
   6.535220e-02   6.024213e-02   7.721886e-02   1.424998e-01   2.358940e-01   3.000951e-01   3.490262e-01   4.148687e-01   9.113214e-01   4.119879e-01
   6.409746e-02   6.605345e-02   8.047461e-02   1.098298e-01   1.962363e-01   2.281635e-01   2.981922e-01   5.664223e-01   9.051609e-01   5.229544e-02
   3.278274e-02   3.278274e-02   4.636179e-02   6.556548e-02   9.272359e-02   1.311310e-01   1.854472e-01   2.622619e-01   3.708943e-01   8.513958e-01
   4.946840e-02   5.666349e-02   4.874061e-02   2.379181e-01   4.280905e-01   3.744876e-01   4.089221e-01   2.099404e-01   2.763142e+00   1.747433e-01
   3.266212e-02   3.266212e-02   4.619121e-02   6.532424e-02   9.238243e-02   1.306485e-01   1.847649e-01   2.612970e-01   3.695297e-01   8.525817e-01
   3.364624e-02   5.100858e-02   4.845150e-02   1.634350e-01   8.026588e-02   6.962063e-01   1.942032e-01   2.035607e-01   2.893895e+00   0.000000e+00
   5.620905e-02   5.620905e-02   7.949160e-02   1.124181e-01   1.589832e-01   2.248362e-01   3.179664e-01   4.496724e-01   6.359328e-01   4.372402e-01
   1.106267e-01   1.294715e-01   1.105766e-01   4.127814e-01   3.319694e-01   2.249273e-01   2.984108e-01   2.693415e-01   1.843053e+00   6.310348e-01
   5.633390e-02   5.633390e-02   7.966816e-02   1.126678e-01   1.593363e-01   2.253356e-01   3.186726e-01   4.506712e-01   6.373453e-01   4.331074e-01
   4.622689e-02   4.622689e-02   6.537470e-02   9.245379e-02   1.307494e-01   1.849076e-01   2.614988e-01   3.698151e-01   5.229976e-01   6.730134e-01
   4.103039e-02   4.103039e-02   5.802574e-02   8.206078e-02   1.160515e-01   1.641216e-01   2.321029e-01   3.282431e-01   4.642059e-01   7.543380e-01
   4.545350e-02   4.545350e-02   6.428095e-02   9.090700e-02   1.285619e-01   1.818140e-01   2.571238e-01   3.636280e-01   5.142476e-01   6.863663e-01
   1.172687e-01   1.449992e-01   1.447395e-01   2.298618e-01   2.058239e-01   5.426565e-01   2.538443e-01   2.834125e-01   2.019734e+00   0.000000e+00
   1.648390e-02   1.648390e-02   2.331175e-02   3.296780e-02   4.662351e-02   6.593560e-02   9.324701e-02   1.318712e-01   1.864940e-01   9.645932e-01
   2.743995e-02   2.743995e-02   3.880595e-02   5.487991e-02   7.761191e-02   1.097598e-01   1.552238e-01   2.195196e-01   3.104476e-01   8.984679e-01
   4.166652e-02   4.166652e-02   5.892536e-02   8.333305e-02   1.178507e-01   1.666661e-01   2.357015e-01   3.333322e-01   4.714029e-01   7.453580e-01
   4.468466e-02   4.468466e-02   6.319365e-02   8.936932e-02   1.263873e-01   1.787386e-01   2.527746e-01   3.574773e-01   5.055492e-01   6.991709e-01
   3.923209e-02   3.923209e-02   5.548256e-02   7.846419e-02   1.109651e-01   1.569284e-01   2.219302e-01   3.138567e-01   4.438605e-01   7.784445e-01
   5.126612e-02   5.126612e-02   7.250124e-02   1.025322e-01   1.450025e-01   2.050645e-01   2.900050e-01   4.101290e-01   5.800100e-01   5.719938e-01
   5.001460e-02   5.001460e-02   7.073133e-02   1.000292e-01   1.414627e-01   2.000584e-01   2.829253e-01   4.001168e-01   5.658506e-01   5.996884e-01
   4.649318e-02   4.649318e-02   6.575129e-02   9.298637e-02   1.315026e-01   1.859727e-01   2.630052e-01   3.719455e-01   5.260103e-01   6.683010e-01
   1.671788e-02   1.671788e-02   2.364265e-02   3.343576e-02   4.728530e-02   6.687152e-02   9.457060e-02   1.337430e-01   1.891412e-01   9.635617e-01
   6.087709e-02   6.087709e-02   8.609321e-02   1.217542e-01   1.721864e-01   2.435084e-01   3.443728e-01   4.870167e-01   6.887457e-01   2.264040e-01
   2.883592e-02   2.883592e-02   4.078015e-02   5.767184e-02   8.156030e-02   1.153437e-01   1.631206e-01   2.306874e-01   3.262412e-01   8.872054e-01
   4.483618e-02   4.483618e-02   6.340794e-02   8.967237e-02   1.268159e-01   1.793447e-01   2.536318e-01   3.586895e-01   5.072635e-01   6.966832e-01
   4.856443e-02   4.856443e-02   6.868048e-02   9.712887e-02   1.373610e-01   1.942577e-01   2.747219e-01   3.885155e-01   5.494438e-01   6.294624e-01
   1.855102e-02   1.855102e-02   2.623511e-02   3.710205e-02   5.247022e-02   7.420409e-02   1.049404e-01   1.484082e-01   2.098809e-01   9.549346e-01
   5.496939e-02   5.496939e-02   7.773845e-02   1.099388e-01   1.554769e-01   2.198775e-01   3.109538e-01   4.397551e-01   6.219076e-01   4.758801e-01
   1.289581e-01   1.526885e-01   1.431811e-01   1.835719e-01   2.105983e-01   5.268924e-01   2.770261e-01   3.014918e-01   1.779089e+00   0.000000e+00
   8.231400e-02   7.485609e-02   9.532322e-02   2.025600e-01   2.752599e-01   2.779922e-01   3.719447e-01   4.115627e-01   1.045515e+00   2.600669e-01
   3.873386e-02   3.873386e-02   5.477796e-02   7.746773e-02   1.095559e-01   1.549355e-01   2.191118e-01   3.098709e-01   4.382237e-01   7.848057e-01
   5.190422e-02   5.190422e-02   7.340365e-02   1.038084e-01   1.468073e-01   2.076169e-01   2.936146e-01   4.152338e-01   5.872292e-01   5.570670e-01
   3.889518e-02   1.166693e-02   3.212256e-02   1.726126e-01   8.217375e-02   6.602977e-01   2.728698e-01   2.223901e-01   2.580490e+00   7.368675e-02
   5.714669e-02   5.714669e-02   8.081763e-02   1.142934e-01   1.616353e-01   2.285868e-01   3.232705e-01   4.571735e-01   6.465410e-01   4.049314e-01
   3.563856e-02   3.563856e-02   5.040053e-02   7.127711e-02   1.008011e-01   1.425542e-01   2.016021e-01   2.851084e-01   4.032042e-01   8.214942e-01
   5.471331e-02   5.471331e-02   7.737630e-02   1.094266e-01   1.547526e-01   2.188532e-01   3.095052e-01   4.377064e-01   6.190104e-01   4.833759e-01
   1.671281e-02   4.357248e-02   3.287648e-02   1.160994e-01   1.646717e-01   1.749339e-01   1.405632e-01   6.948465e-01   1.980435e+00   3.150573e-01
   4.888263e-02   4.888263e-02   6.913048e-02   9.776527e-02   1.382610e-01   1.955305e-01   2.765219e-01   3.910611e-01   5.530439e-01   6.231252e-01
   4.699452e-02   4.699452e-02   6.646028e-02   9.398903e-02   1.329206e-01   1.879781e-01   2.658411e-01   3.759561e-01   5.316823e-01   6.592632e-01
   4.222854e-02   4.222854e-02   5.972018e-02   8.445708e-02   1.194404e-01   1.689142e-01   2.388807e-01   3.378283e-01   4.777614e-01   7.372164e-01
   3.777092e-02   3.777092e-02   5.341615e-02   7.554185e-02   1.068323e-01   1.510837e-01   2.136646e-01   3.021674e-01   4.273292e-01   7.967305e-01
   4.551084e-02   4.551084e-02   6.436205e-02   9.102168e-02   1.287241e-01   1.820434e-01   2.574482e-01   3.640867e-01   5.148964e-01   6.853929e-01
   2.812381e-02   2.812381e-02   3.977308e-02   5.624763e-02   7.954616e-02   1.124953e-01   1.590923e-01   2.249905e-01   3.181846e-01   8.930381e-01
   5.820084e-02   5.820084e-02   8.230842e-02   1.164017e-01   1.646168e-01   2.328034e-01   3.292337e-01   4.656067e-01   6.584674e-01   3.644742e-01
   1.911889e-03   1.911889e-03   2.703819e-03   3.823777e-03   5.407638e-03   7.647555e-03   1.081528e-02   1.529511e-02   2.163055e-02   9.995320e-01
   5.023221e-02   5.023221e-02   7.103907e-02   1.004644e-01   1.420781e-01   2.009288e-01   2.841563e-01   4.018577e-01   5.683126e-01   5.950140e-01
   4.631128e-02   4.631128e-02   6.549405e-02   9.262257e-02   1.309881e-01   1.852451e-01   2.619762e-01   3.704903e-01   5.239524e-01   6.715265e-01
   5.309423e-02   5.309423e-02   7.508659e-02   1.061885e-01   1.501732e-01   2.123769e-01   3.003463e-01   4.247539e-01   6.006927e-01   5.275761e-01
   4.516652e-02   4.516652e-02   6.387510e-02   9.033303e-02   1.277502e-01   1.806661e-01   2.555004e-01   3.613321e-01   5.110008e-01   6.911992e-01
   5.439061e-02   5.439061e-02   7.691993e-02   1.087812e-01   1.538399e-01   2.175624e-01   3.076797e-01   4.351249e-01   6.153595e-01   4.926108e-01
   3.502513e-03   3.502513e-03   4.953301e-03   7.005026e-03   9.906603e-03   1.401005e-02   1.981321e-02   2.802010e-02   3.962641e-02   9.984285e-01
   4.177520e-02   4.177520e-02   5.907905e-02   8.355040e-02   1.181581e-01   1.671008e-01   2.363162e-01   3.342016e-01   4.726324e-01   7.437991e-01
   4.246094e-02   4.246094e-02   6.004884e-02   8.492189e-02   1.200977e-01   1.698438e-01   2.401954e-01   3.396875e-01   4.803907e-01   7.337912e-01
   5.633833e-02   5.633833e-02   7.967443e-02   1.126767e-01   1.593489e-01   2.253533e-01   3.186977e-01   4.507067e-01   6.373955e-01   4.329596e-01
   3.027992e-02   3.027992e-02   4.282227e-02   6.055983e-02   8.564454e-02   1.211197e-01   1.712891e-01   2.422393e-01   3.425782e-01   8.748031e-01
   5.200904e-02   5.200904e-02   7.355189e-02   1.040181e-01   1.471038e-01   2.080362e-01   2.942075e-01   4.160723e-01   5.884151e-01   5.545587e-01
   6.094265e-02   5.892348e-02   7.635976e-02   1.530365e-01   2.061421e-01   2.644019e-01   3.182568e-01   3.735588e-01   8.373237e-01   6.420744e-01
   4.991295e-02   4.991295e-02   7.058757e-02   9.982590e-02   1.411751e-01   1.996518e-01   2.823503e-01   3.993036e-01   5.647006e-01   6.018526e-01
   3.784358e-03   3.784358e-03   5.351890e-03   7.568715e-03   1.070378e-02   1.513743e-02   2.140756e-02   3.027486e-02   4.281512e-02   9.981652e-01
   1.173439e-01   4.465426e-02   1.016923e-01   4.622315e-01   4.977680e-01   1.769384e-01   2.246787e-01   1.872697e-01   3.141771e+00   8.881456e-02
   3.218817e-02   3.218817e-02   4.552095e-02   6.437635e-02   9.104191e-02   1.287527e-01   1.820838e-01   2.575054e-01   3.641676e-01   8.571837e-01
   2.698060e-02   2.698060e-02   3.815633e-02   5.396120e-02   7.631266e-02   1.079224e-01   1.526253e-01   2.158448e-01   3.052506e-01   9.020222e-01
   6.551161e-03   6.551161e-03   9.264741e-03   1.310232e-02   1.852948e-02   2.620464e-02   3.705896e-02   5.240929e-02   7.411793e-02   9.944914e-01
   5.947781e-02   5.947781e-02   8.411433e-02   1.189556e-01   1.682287e-01   2.379113e-01   3.364573e-01   4.758225e-01   6.729146e-01   3.071999e-01
   4.838091e-02   4.838091e-02   6.842093e-02   9.676181e-02   1.368419e-01   1.935236e-01   2.736837e-01   3.870472e-01   5.473675e-01   6.330701e-01
   5.604174e-02   5.604174e-02   7.925499e-02   1.120835e-01   1.585100e-01   2.241670e-01   3.170200e-01   4.483339e-01   6.340399e-01   4.427039e-01
   2.262997e-02   2.262997e-02   3.200361e-02   4.525994e-02   6.400722e-02   9.051988e-02   1.280144e-01   1.810398e-01   2.560289e-01   9.321472e-01
   6.835167e-02   6.761737e-02   8.424404e-02   1.565441e-01   2.175773e-01   2.947495e-01   3.577151e-01   3.995738e-01   9.370956e-01   4.731431e-01
   5.052714e-02   5.052714e-02   7.145616e-02   1.010543e-01   1.429123e-01   2.021085e-01   2.858246e-01   4.042171e-01   5.716493e-01   5.885866e-01
   5.385860e-02   5.227583e-02   6.605485e-02   1.367655e-01   1.837070e-01   2.592440e-01   2.768649e-01   5.330269e-01   9.579330e-01   3.739841e-01
   4.994794e-02   4.994794e-02   7.063706e-02   9.989589e-02   1.412741e-01   1.997918e-01   2.825482e-01   3.995836e-01   5.650965e-01   6.011089e-01
   5.280650e-02   4.389925e-02   6.607764e-02   1.675862e-01   3.109778e-01   3.655781e-01   2.932732e-01   3.371371e-01   1.205466e+00   6.309627e-01
   5.819803e-02   5.819803e-02   8.230445e-02   1.163961e-01   1.646089e-01   2.327921e-01   3.292178e-01   4.655843e-01   6.584356e-01   3.645891e-01
   2.593155e-02   2.593155e-02   3.667275e-02   5.186310e-02   7.334549e-02   1.037262e-01   1.466910e-01   2.074524e-01   2.933820e-01   9.098648e-01
   5.568291e-02   7.115941e-02   6.280188e-02   2.549549e-01   3.465803e-01   4.186005e-01   3.374588e-01   2.999198e-01   1.765145e+00   2.174935e-01
   4.536724e-02   4.437890e-02   5.683534e-02   1.284278e-01   1.612104e-01   2.236715e-01   2.381589e-01   6.054794e-01   1.030005e+00   5.077184e-01
   4.772785e-02   4.772785e-02   6.749737e-02   9.545570e-02   1.349947e-01   1.909114e-01   2.699895e-01   3.818228e-01   5.399790e-01   6.456357e-01
   1.925902e-02   1.925902e-02   2.723637e-02   3.851805e-02   5.447274e-02   7.703609e-02   1.089455e-01   1.540722e-01   2.178910e-01   9.513396e-01
   1.301151e-02   1.301151e-02   1.840105e-02   2.602301e-02   3.680210e-02   5.204603e-02   7.360420e-02   1.040921e-01   1.472084e-01   9.780897e-01
   3.300199e-02   3.300199e-02   4.667187e-02   6.600399e-02   9.334374e-02   1.320080e-01   1.866875e-01   2.640160e-01   3.733749e-01   8.492245e-01
   4.515381e-02   4.515381e-02   6.385713e-02   9.030762e-02   1.277143e-01   1.806152e-01   2.554285e-01   3.612305e-01   5.108570e-01   6.914117e-01
   5.313587e-02   5.313587e-02   7.514547e-02   1.062717e-01   1.502909e-01   2.125435e-01   3.005819e-01   4.250870e-01   6.011638e-01   5.265019e-01
   8.956609e-02   7.808046e-02   9.455433e-02   2.444325e-01   3.110506e-01   2.793328e-01   3.640235e-01   3.634147e-01   1.241911e+00   3.959583e-01
   1.148886e-02   1.148886e-02   1.624770e-02   2.297771e-02   3.249539e-02   4.595542e-02   6.499078e-02   9.191084e-02   1.299816e-01   9.829596e-01
   9.811398e-02   7.364170e-02   6.659132e-02   1.281625e-01   1.412992e-01   5.651248e-01   2.601126e-01   3.773498e-01   1.828954e+00   0.000000e+00
   1.778939e-02   1.778939e-02   2.515799e-02   3.557877e-02   5.031598e-02   7.115754e-02   1.006320e-01   1.423151e-01   2.012639e-01   9.586374e-01
   4.695629e-02   4.695629e-02   6.640622e-02   9.391257e-02   1.328124e-01   1.878251e-01   2.656249e-01   3.756503e-01   5.312497e-01   6.599602e-01
   9.781426e-03   9.781426e-03   1.383303e-02   1.956285e-02   2.766605e-02   3.912570e-02   5.533210e-02   7.825141e-02   1.106642e-01   9.876775e-01
   6.214413e-02   4.802966e-02   6.288530e-02   1.706535e-01   1.577883e-01   1.404943e-01   2.026381e-01   6.644207e-01   1.414643e+00   1.134682e-01
   2.673242e-02   2.673242e-02   3.780535e-02   5.346483e-02   7.561069e-02   1.069297e-01   1.512214e-01   2.138593e-01   3.024428e-01   9.039119e-01
   3.994650e-02   3.994650e-02   5.649288e-02   7.989300e-02   1.129858e-01   1.597860e-01   2.259715e-01   3.195720e-01   4.519431e-01   7.690871e-01
   3.956704e-02   3.956704e-02   5.595625e-02   7.913409e-02   1.119125e-01   1.582682e-01   2.238250e-01   3.165363e-01   4.476500e-01   7.740924e-01
   5.452299e-02   5.452299e-02   7.710715e-02   1.090460e-01   1.542143e-01   2.180919e-01   3.084286e-01   4.361839e-01   6.168572e-01   4.888501e-01
   1.471999e-01   5.960055e-02   1.071538e-01   3.771937e-01   3.102683e-01   2.625529e-01   3.752724e-01   2.819790e-01   1.855652e+00   3.996136e-01
   5.270606e-02   5.270606e-02   7.453763e-02   1.054121e-01   1.490753e-01   2.108242e-01   2.981505e-01   4.216485e-01   5.963010e-01   5.374479e-01
   4.324251e-02   4.324251e-02   6.115415e-02   8.648503e-02   1.223083e-01   1.729701e-01   2.446166e-01   3.459401e-01   4.892332e-01   7.220123e-01
   1.924753e-03   1.924753e-03   2.722012e-03   3.849507e-03   5.444025e-03   7.699014e-03   1.088805e-02   1.539803e-02   2.177610e-02   9.995257e-01
   1.872217e-03   1.872217e-03   2.647715e-03   3.744435e-03   5.295430e-03   7.488870e-03   1.059086e-02   1.497774e-02   2.118172e-02   9.995512e-01
   4.980167e-02   4.980167e-02   7.043019e-02   9.960333e-02   1.408604e-01   1.992067e-01   2.817208e-01   3.984133e-01   5.634415e-01   6.042080e-01
   5.134263e-02   5.134263e-02   7.260945e-02   1.026853e-01   1.452189e-01   2.053705e-01   2.904378e-01   4.107411e-01   5.808756e-01   5.702342e-01
   4.864832e-02   4.864832e-02   6.879912e-02   9.729665e-02   1.375982e-01   1.945933e-01   2.751965e-01   3.891866e-01   5.503930e-01   6.278019e-01
   6.520711e-02   1.755085e-01   1.403010e-01   5.068088e-01   2.859629e-01   2.341947e-01   2.651079e-01   2.697268e-01   2.069614e+00   1.103667e-02
   2.627545e-02   2.627545e-02   3.715909e-02   5.255089e-02   7.431819e-02   1.051018e-01   1.486364e-01   2.102036e-01   2.972727e-01   9.073356e-01
   3.663809e-02   3.663809e-02   5.181408e-02   7.327618e-02   1.036282e-01   1.465524e-01   2.072563e-01   2.931047e-01   4.145127e-01   8.101595e-01
   2.239875e-03   2.239875e-03   3.167661e-03   4.479749e-03   6.335322e-03   8.959499e-03   1.267064e-02   1.791900e-02   2.534129e-02   9.993576e-01
   1.015721e-02   6.878338e-02   3.508130e-02   4.493873e-02   6.061995e-01   1.112803e-01   3.513239e-01   3.122567e-01   5.284140e+00   4.087120e-01
   5.396919e-02   5.396919e-02   7.632396e-02   1.079384e-01   1.526479e-01   2.158768e-01   3.052958e-01   4.317535e-01   6.105917e-01   5.043368e-01
   5.063684e-02   5.063684e-02   7.161131e-02   1.012737e-01   1.432226e-01   2.025474e-01   2.864453e-01   4.050948e-01   5.728905e-01   5.861680e-01
   8.271143e-02   7.525300e-02   9.497557e-02   2.028451e-01   2.756229e-01   2.793750e-01   3.696960e-01   4.112431e-01   1.044769e+00   2.647252e-01
   3.237641e-02   3.706499e-02   4.413257e-02   1.095893e-01   1.908754e-01   2.281711e-01   1.857362e-01   6.509216e-01   1.308342e+00   0.000000e+00
   4.123449e-03   4.123449e-03   5.831437e-03   8.246897e-03   1.166287e-02   1.649379e-02   2.332575e-02   3.298759e-02   4.665150e-02   9.978213e-01
   4.169194e-03   4.169194e-03   5.896131e-03   8.338389e-03   1.179226e-02   1.667678e-02   2.358452e-02   3.335356e-02   4.716905e-02   9.977726e-01
   5.772209e-02   4.317366e-02   5.790625e-02   1.567453e-01   1.457507e-01   1.332566e-01   2.309469e-01   6.658649e-01   1.417861e+00   4.353297e-02
   8.323218e-02   6.360975e-02   9.159594e-02   2.298886e-01   1.654312e-01   4.385009e-01   2.800956e-01   4.482241e-01   1.457758e+00   0.000000e+00
   7.032016e-02   5.054112e-02   6.756315e-02   1.851167e-01   2.843250e-01   3.075237e-01   3.581764e-01   3.337756e-01   1.204089e+00   6.532719e-01
   3.650340e-02   3.650340e-02   5.162361e-02   7.300681e-02   1.032472e-01   1.460136e-01   2.064944e-01   2.920272e-01   4.129889e-01   8.117145e-01
   4.649795e-02   4.649795e-02   6.575803e-02   9.299589e-02   1.315161e-01   1.859918e-01   2.630321e-01   3.719836e-01   5.260642e-01   6.682162e-01
   4.796382e-02   4.796382e-02   6.783109e-02   9.592764e-02   1.356622e-01   1.918553e-01   2.713244e-01   3.837106e-01   5.426487e-01   6.411433e-01
   8.406496e-03   8.406496e-03   1.188858e-02   1.681299e-02   2.377716e-02   3.362598e-02   4.755432e-02   6.725197e-02   9.510864e-02   9.909131e-01
   2.170739e-02   2.170739e-02   3.069889e-02   4.341479e-02   6.139778e-02   8.682958e-02   1.227956e-01   1.736592e-01   2.455911e-01   9.377473e-01
   7.085138e-04   7.085138e-04   1.001990e-03   1.417028e-03   2.003980e-03   2.834055e-03   4.007959e-03   5.668111e-03   8.015919e-03   9.999357e-01
   1.655572e-02   1.655572e-02   2.341332e-02   3.311143e-02   4.682664e-02   6.622287e-02   9.365328e-02   1.324457e-01   1.873066e-01   9.642782e-01
   1.317094e-01   5.308395e-02   9.795347e-02   3.916993e-01   2.890562e-01   2.635878e-01   3.853093e-01   2.805922e-01   1.861873e+00   4.152987e-01
   5.723338e-02   5.723338e-02   8.094022e-02   1.144668e-01   1.618804e-01   2.289335e-01   3.237609e-01   4.578670e-01   6.475218e-01   4.017849e-01
   5.453723e-02   5.453723e-02   7.712728e-02   1.090745e-01   1.542546e-01   2.181489e-01   3.085091e-01   4.362978e-01   6.170183e-01   4.884433e-01
   4.311695e-02   4.311695e-02   6.097658e-02   8.623390e-02   1.219532e-01   1.724678e-01   2.439063e-01   3.449356e-01   4.878126e-01   7.239321e-01
   5.301145e-02   5.301145e-02   7.496951e-02   1.060229e-01   1.499390e-01   2.120458e-01   2.998781e-01   4.240916e-01   5.997561e-01   5.297030e-01
   5.384371e-02   5.384371e-02   7.614650e-02   1.076874e-01   1.522930e-01   2.153748e-01   3.045860e-01   4.307496e-01   6.091720e-01   5.077588e-01
   5.289703e-02   5.289703e-02   7.480770e-02   1.057941e-01   1.496154e-01   2.115881e-01   2.992308e-01   4.231762e-01   5.984616e-01   5.326232e-01
   2.361176e-02   2.361176e-02   3.339207e-02   4.722351e-02   6.678414e-02   9.444703e-02   1.335683e-01   1.888941e-01   2.671365e-01   9.258921e-01
   2.003729e-02   2.003729e-02   2.833700e-02   4.007457e-02   5.667400e-02   8.014914e-02   1.133480e-01   1.602983e-01   2.266960e-01   9.472158e-01
   5.085509e-02   5.085509e-02   7.191996e-02   1.017102e-01   1.438399e-01   2.034204e-01   2.876798e-01   4.068407e-01   5.753597e-01   5.813110e-01
   4.645215e-02   4.645215e-02   6.569326e-02   9.290430e-02   1.313865e-01   1.858086e-01   2.627730e-01   3.716172e-01   5.255461e-01   6.690311e-01
   6.072547e-02   6.072547e-02   8.587879e-02   1.214509e-01   1.717576e-01   2.429019e-01   3.435152e-01   4.858038e-01   6.870303e-01   2.365981e-01
   1.004291e-02   1.004291e-02   1.420282e-02   2.008582e-02   2.840564e-02   4.017164e-02   5.681127e-02   8.034327e-02   1.136225e-01   9.870055e-01
   5.494152e-02   5.494152e-02   7.769904e-02   1.098830e-01   1.553981e-01   2.197661e-01   3.107962e-01   4.395321e-01   6.215923e-01   4.767033e-01
   6.840438e-02   6.921180e-02   8.969397e-02   1.638213e-01   2.278421e-01   2.990602e-01   3.619355e-01   4.257299e-01   9.327793e-01   3.202964e-01
   2.719835e-02   2.719835e-02   3.846428e-02   5.439671e-02   7.692856e-02   1.087934e-01   1.538571e-01   2.175868e-01   3.077143e-01   9.003465e-01
   6.063295e-02   6.063295e-02   8.574794e-02   1.212659e-01   1.714959e-01   2.425318e-01   3.429918e-01   4.850636e-01   6.859835e-01   2.425968e-01
   4.381976e-02   4.381976e-02   6.197050e-02   8.763952e-02   1.239410e-01   1.752790e-01   2.478820e-01   3.505581e-01   4.957640e-01   7.130471e-01
   4.181510e-02   3.387219e-02   3.462480e-02   1.718232e-01   6.723535e-01   1.900472e-01   1.969871e-01   2.041803e-01   2.845867e+00   4.252027e-02
   4.472947e-02   4.472947e-02   6.325703e-02   8.945894e-02   1.265141e-01   1.789179e-01   2.530281e-01   3.578358e-01   5.060562e-01   6.984370e-01
   8.713605e-02   7.174094e-02   6.178264e-02   2.250209e-01   2.172803e-01   5.054135e-01   2.680319e-01   3.748810e-01   1.731279e+00   0.000000e+00
   3.736693e-02   3.736693e-02   5.284482e-02   7.473387e-02   1.056896e-01   1.494677e-01   2.113793e-01   2.989355e-01   4.227586e-01   8.015924e-01
   2.700256e-02   2.700256e-02   3.818739e-02   5.400513e-02   7.637479e-02   1.080103e-01   1.527496e-01   2.160205e-01   3.054991e-01   9.018540e-01
   4.993415e-02   6.037919e-02   7.080234e-02   1.585184e-01   1.300353e-01   2.731768e-01   1.850341e-01   6.398202e-01   1.460441e+00   0.000000e+00
   4.895116e-02   4.895116e-02   6.922739e-02   9.790232e-02   1.384548e-01   1.958046e-01   2.769096e-01   3.916093e-01   5.538192e-01   6.217465e-01
   6.067332e-02   4.499779e-02   6.056609e-02   1.641319e-01   1.527906e-01   1.402470e-01   2.131064e-01   6.639755e-01   1.413847e+00   1.285439e-01
   4.190573e-02   4.190573e-02   5.926366e-02   8.381147e-02   1.185273e-01   1.676229e-01   2.370546e-01   3.352459e-01   4.741093e-01   7.419170e-01
   5.222616e-02   5.222616e-02   7.385895e-02   1.044523e-01   1.477179e-01   2.089047e-01   2.954358e-01   4.178093e-01   5.908716e-01   5.493100e-01
   5.619187e-02   5.619187e-02   7.946730e-02   1.123837e-01   1.589346e-01   2.247675e-01   3.178692e-01   4.495350e-01   6.357384e-01   4.378051e-01
   1.478263e-01   6.611551e-02   1.070033e-01   6.081183e-01   3.054652e-01   1.494328e-01   2.400064e-01   1.637301e-01   3.691172e+00   1.050312e-01
   2.917009e-02   2.917009e-02   4.125274e-02   5.834018e-02   8.250548e-02   1.166804e-01   1.650110e-01   2.333607e-01   3.300219e-01   8.844044e-01
   1.623024e-02   1.991749e-02   2.135481e-02   9.077427e-02   4.354320e-01   4.105897e-01   4.454526e-01   2.027777e-01   3.507504e+00   0.000000e+00
   8.341179e-02   8.748658e-02   8.653955e-02   2.307480e-01   2.894553e-01   3.493847e-01   2.989850e-01   3.432338e-01   1.239498e+00   5.617694e-01
   4.859796e-02   4.859796e-02   6.872790e-02   9.719592e-02   1.374558e-01   1.943918e-01   2.749116e-01   3.887837e-01   5.498232e-01   6.287996e-01
   3.635603e-02   3.635603e-02   5.141520e-02   7.271207e-02   1.028304e-01   1.454241e-01   2.056608e-01   2.908483e-01   4.113216e-01   8.134059e-01
   5.417451e-02   5.417451e-02   7.661433e-02   1.083490e-01   1.532287e-01   2.166981e-01   3.064573e-01   4.333961e-01   6.129147e-01   4.986695e-01
   4.280035e-02   4.280035e-02   6.052884e-02   8.560070e-02   1.210577e-01   1.712014e-01   2.421154e-01   3.424028e-01   4.842307e-01   7.287258e-01
   5.678613e-02   5.678613e-02   8.030772e-02   1.135723e-01   1.606154e-01   2.271445e-01   3.212309e-01   4.542891e-01   6.424617e-01   4.177150e-01
   5.593065e-02   5.593065e-02   7.909788e-02   1.118613e-01   1.581958e-01   2.237226e-01   3.163915e-01   4.474452e-01   6.327830e-01   4.462861e-01
   4.876247e-02   4.876247e-02   6.896054e-02   9.752494e-02   1.379211e-01   1.950499e-01   2.758422e-01   3.900997e-01   5.516843e-01   6.255308e-01
   5.661478e-02   5.661478e-02   8.006539e-02   1.132296e-01   1.601308e-01   2.264591e-01   3.202616e-01   4.529182e-01   6.405231e-01   4.236275e-01
   1.723318e-02   1.723318e-02   2.437140e-02   3.446636e-02   4.874279e-02   6.893272e-02   9.748558e-02   1.378654e-01   1.949712e-01   9.612349e-01
   3.557300e-02   3.557300e-02   5.030783e-02   7.114601e-02   1.006157e-01   1.422920e-01   2.012313e-01   2.845840e-01   4.024626e-01   8.222212e-01
   3.887440e-02   3.887440e-02   5.497670e-02   7.774879e-02   1.099534e-01   1.554976e-01   2.199068e-01   3.109952e-01   4.398136e-01   7.830249e-01
   4.986965e-02   4.986965e-02   7.052633e-02   9.973930e-02   1.410527e-01   1.994786e-01   2.821053e-01   3.989572e-01   5.642107e-01   6.027708e-01
   3.020371e-02   3.020371e-02   4.271450e-02   6.040743e-02   8.542900e-02   1.208149e-01   1.708580e-01   2.416297e-01   3.417160e-01   8.754772e-01
   4.643387e-02   4.643387e-02   6.566741e-02   9.286775e-02   1.313348e-01   1.857355e-01   2.626697e-01   3.714710e-01   5.253393e-01   6.693558e-01
   1.824242e-02   1.824242e-02   2.579867e-02   3.648483e-02   5.159734e-02   7.296966e-02   1.031947e-01   1.459393e-01   2.063894e-01   9.564554e-01
   6.840019e-03   6.840019e-03   9.673247e-03   1.368004e-02   1.934649e-02   2.736008e-02   3.869299e-02   5.472015e-02   7.738598e-02   9.939934e-01
   5.710459e-02   5.710459e-02   8.075809e-02   1.142092e-01   1.615162e-01   2.284184e-01   3.230323e-01   4.568367e-01   6.460647e-01   4.064490e-01
   1.295407e-03   1.295407e-03   1.831983e-03   2.590815e-03   3.663966e-03   5.181630e-03   7.327931e-03   1.036326e-02   1.465586e-02   9.997852e-01
   2.465127e-02   2.465127e-02   3.486217e-02   4.930255e-02   6.972433e-02   9.860510e-02   1.394487e-01   1.972102e-01   2.788973e-01   9.189301e-01
   5.396562e-02   5.396562e-02   7.631891e-02   1.079312e-01   1.526378e-01   2.158625e-01   3.052756e-01   4.317249e-01   6.105512e-01   5.044347e-01
   2.922373e-03   2.922373e-03   4.132860e-03   5.844747e-03   8.265720e-03   1.168949e-02   1.653144e-02   2.337899e-02   3.306288e-02   9.989062e-01
   5.995247e-02   5.995247e-02   8.478559e-02   1.199049e-01   1.695712e-01   2.398099e-01   3.391424e-01   4.796197e-01   6.782847e-01   2.825944e-01
   2.473281e-02   2.473281e-02   3.497747e-02   4.946562e-02   6.995495e-02   9.893124e-02   1.399099e-01   1.978625e-01   2.798198e-01   9.183691e-01
   6.894164e-02   6.339593e-02   8.191316e-02   1.488589e-01   2.392637e-01   2.943167e-01   3.481243e-01   4.160973e-01   9.120975e-01   4.043164e-01
   4.507268e-02   4.507268e-02   6.374239e-02   9.014536e-02   1.274848e-01   1.802907e-01   2.549696e-01   3.605814e-01   5.099391e-01   6.927656e-01
   5.544057e-02   5.544057e-02   7.840480e-02   1.108811e-01   1.568096e-01   2.217623e-01   3.136192e-01   4.435245e-01   6.272384e-01   4.616751e-01
   3.285114e-02   3.285114e-02   4.645853e-02   6.570229e-02   9.291707e-02   1.314046e-01   1.858341e-01   2.628092e-01   3.716683e-01   8.507205e-01
   4.388242e-02   4.388242e-02   6.205911e-02   8.776483e-02   1.241182e-01   1.755297e-01   2.482364e-01   3.510593e-01   4.964729e-01   7.120600e-01
   1.397437e-02   1.397437e-02   1.976274e-02   2.794873e-02   3.952548e-02   5.589747e-02   7.905096e-02   1.117949e-01   1.581019e-01   9.746833e-01
   5.363703e-02   5.363703e-02   7.585422e-02   1.072741e-01   1.517084e-01   2.145481e-01   3.034169e-01   4.290963e-01   6.068338e-01   5.133280e-01
   8.774050e-02   9.974218e-02   1.031544e-01   3.143095e-01   3.711122e-01   2.642521e-01   3.588008e-01   3.380172e-01   1.603945e+00   0.000000e+00
   1.424916e-02   1.424916e-02   2.015136e-02   2.849833e-02   4.030272e-02   5.699665e-02   8.060544e-02   1.139933e-01   1.612109e-01   9.736643e-01
   3.905191e-02   3.905191e-02   5.522773e-02   7.810381e-02   1.104555e-01   1.562076e-01   2.209109e-01   3.124152e-01   4.418219e-01   7.807604e-01
   1.577487e-01   1.111156e-01   2.293017e-01   2.193913e-01   6.148213e-01   1.573478e-01   1.928600e-01   1.665270e-01   3.552345e+00   1.982366e-01
   1.827191e-02   1.827191e-02   2.584039e-02   3.654383e-02   5.168077e-02   7.308765e-02   1.033615e-01   1.461753e-01   2.067231e-01   9.563112e-01
   1.098396e-01   1.303493e-01   1.250338e-01   3.589591e-01   1.955301e-01   2.784277e-01   4.297080e-01   3.231293e-01   1.620087e+00   0.000000e+00
   1.954259e-02   1.954259e-02   2.763739e-02   3.908518e-02   5.527479e-02   7.817035e-02   1.105496e-01   1.563407e-01   2.210992e-01   9.498581e-01
   5.312810e-02   5.312810e-02   7.513448e-02   1.062562e-01   1.502690e-01   2.125124e-01   3.005379e-01   4.250248e-01   6.010758e-01   5.267026e-01
   3.792509e-02   3.792509e-02   5.363417e-02   7.585018e-02   1.072683e-01   1.517004e-01   2.145367e-01   3.034007e-01   4.290734e-01   7.948535e-01
   4.587717e-02   4.587717e-02   6.488012e-02   9.175434e-02   1.297602e-01   1.835087e-01   2.595205e-01   3.670174e-01   5.190409e-01   6.791119e-01
   1.016079e-02   1.016079e-02   1.436952e-02   2.032157e-02   2.873904e-02   4.064315e-02   5.747809e-02   8.128629e-02   1.149562e-01   9.866966e-01
   9.941074e-02   1.033489e-01   1.052026e-01   2.819974e-01   3.570326e-01   3.219923e-01   3.507917e-01   3.193484e-01   1.608819e+00   2.494145e-01
   5.161778e-02   5.161778e-02   7.299856e-02   1.032356e-01   1.459971e-01   2.064711e-01   2.919942e-01   4.129422e-01   5.839885e-01   5.638394e-01
   5.467758e-02   5.418557e-02   6.064333e-02   1.698307e-01   1.491174e-01   1.634605e-01   2.032611e-01   6.742433e-01   1.326483e+00   4.865684e-01
   7.089031e-02   7.082245e-02   8.647545e-02   1.641701e-01   2.250686e-01   2.774999e-01   3.477342e-01   4.083064e-01   8.989902e-01   4.573948e-01
   4.930297e-02   4.658519e-02   5.560539e-02   1.435133e-01   2.440038e-01   3.735491e-01   3.187273e-01   3.279324e-01   1.155502e+00   7.175299e-01
