   8.631277e-01   8.630230e-01   8.587107e-01   8.590298e-01   9.161278e-04   8.588260e-01   8.591714e-01   1.166698e+01
   8.631277e-01   8.630230e-01   8.587107e-01   8.590298e-01   9.161278e-04   8.588260e-01   8.591714e-01   1.166698e+01
   8.631277e-01   8.630230e-01   8.587107e-01   8.590298e-01   9.161278e-04   8.588260e-01   8.591714e-01   1.166698e+01
   8.631277e-01   8.630230e-01   8.587107e-01   8.590298e-01   9.161278e-04   8.588260e-01   8.591714e-01   1.166698e+01
   8.631277e-01   8.630230e-01   8.587107e-01   8.590298e-01   9.161278e-04   8.588260e-01   8.591714e-01   1.166698e+01
   8.631277e-01   8.630230e-01   8.587107e-01   8.590298e-01   9.161278e-04   8.588260e-01   8.591714e-01   1.166698e+01
   8.631277e-01   8.630230e-01   8.587107e-01   8.590298e-01   9.161278e-04   8.588260e-01   8.591714e-01   1.166698e+01
   8.631277e-01   8.630230e-01   8.587107e-01   8.590298e-01   9.161278e-04   8.588260e-01   8.591714e-01   1.166698e+01
   8.631277e-01   8.630230e-01   8.587107e-01   8.590298e-01   9.161278e-04   8.588260e-01   8.591714e-01   1.166698e+01
   6.772631e-01   8.630207e-01   8.590213e-01   8.591092e-01   9.089152e-04   8.588843e-01   8.592662e-01   1.261158e+01
   8.631277e-01   8.630230e-01   8.587107e-01   8.590298e-01   9.161278e-04   8.588260e-01   8.591714e-01   1.166698e+01
   8.631277e-01   8.630230e-01   8.587107e-01   8.590298e-01   9.161278e-04   8.588260e-01   8.591714e-01   1.166698e+01
   8.631277e-01   8.630230e-01   8.587107e-01   8.590298e-01   9.161278e-04   8.588260e-01   8.591714e-01   1.166698e+01
   8.631277e-01   8.630230e-01   8.587107e-01   8.590298e-01   9.161278e-04   8.588260e-01   8.591714e-01   1.166698e+01
   8.631277e-01   8.630230e-01   8.587107e-01   8.590298e-01   9.161278e-04   8.588260e-01   8.591714e-01   1.166698e+01
   8.631277e-01   8.630230e-01   8.587107e-01   8.590298e-01   9.161278e-04   8.588260e-01   8.591714e-01   1.166698e+01
   8.635962e-01   8.630252e-01   8.587095e-01   7.348834e-01   9.161276e-04   8.587872e-01   8.590987e-01   1.219147e+01
   8.631277e-01   8.630230e-01   8.587107e-01   8.590298e-01   9.161278e-04   8.588260e-01   8.591714e-01   1.166698e+01
   8.631277e-01   8.630230e-01   8.587107e-01   8.590298e-01   9.161278e-04   8.588260e-01   8.591714e-01   1.166698e+01
   8.631277e-01   8.630230e-01   8.587107e-01   8.590298e-01   9.161278e-04   8.588260e-01   8.591714e-01   1.166698e+01
   8.631277e-01   8.630230e-01   8.587107e-01   8.590298e-01   9.161278e-04   8.588260e-01   8.591714e-01   1.166698e+01
   8.631277e-01   8.630230e-01   8.587107e-01   8.590298e-01   9.161278e-04   8.588260e-01   8.591714e-01   1.166698e+01
   8.631277e-01   8.630230e-01   8.587107e-01   8.590298e-01   9.161278e-04   8.588260e-01   8.591714e-01   1.166698e+01
   8.631277e-01   8.630230e-01   8.587107e-01   8.590298e-01   9.161278e-04   8.588260e-01   8.591714e-01   1.166698e+01
   8.631277e-01   8.630230e-01   8.587107e-01   8.590298e-01   9.161278e-04   8.588260e-01   8.591714e-01   1.166698e+01
   8.631277e-01   8.630230e-01   8.587107e-01   8.590298e-01   9.161278e-04   8.588260e-01   8.591714e-01   1.166698e+01
   8.631277e-01   8.630230e-01   8.587107e-01   8.590298e-01   9.161278e-04   8.588260e-01   8.591714e-01   1.166698e+01
   8.631277e-01   8.630230e-01   8.587107e-01   8.590298e-01   9.161278e-04   8.588260e-01   8.591714e-01   1.166698e+01
   8.631277e-01   8.630230e-01   8.587107e-01   8.590298e-01   9.161278e-04   8.588260e-01   8.591714e-01   1.166698e+01
   8.631277e-01   8.630230e-01   8.587107e-01   8.590298e-01   9.161278e-04   8.588260e-01   8.591714e-01   1.166698e+01
   8.631277e-01   8.630230e-01   8.587107e-01   8.590298e-01   9.161278e-04   8.588260e-01   8.591714e-01   1.166698e+01
   8.631277e-01   8.630230e-01   8.587107e-01   8.590298e-01   9.161278e-04   8.588260e-01   8.591714e-01   1.166698e+01
   6.655747e-01   8.624431e-01   4.786560e-01   7.912875e-01   9.155707e-04   4.912285e-01   8.649892e-01   1.624923e+01
   8.631277e-01   8.630230e-01   8.587107e-01   8.590298e-01   9.161278e-04   8.588260e-01   8.591714e-01   1.166698e+01
   8.631277e-01   8.630230e-01   8.587107e-01   8.590298e-01   9.161278e-04   8.588260e-01   8.591714e-01   1.166698e+01
   8.880448e-01   8.628846e-01   6.406369e-01   7.353274e-01   9.161273e-04   8.583433e-01   8.590976e-01   1.342797e+01
   8.631277e-01   8.630230e-01   8.587107e-01   8.590298e-01   9.161278e-04   8.588260e-01   8.591714e-01   1.166698e+01
   8.631277e-01   8.630230e-01   8.587107e-01   8.590298e-01   9.161278e-04   8.588260e-01   8.591714e-01   1.166698e+01
   8.631277e-01   8.630230e-01   8.587107e-01   8.590298e-01   9.161278e-04   8.588260e-01   8.591714e-01   1.166698e+01
   8.631277e-01   8.630230e-01   8.587107e-01   8.590298e-01   9.161278e-04   8.588260e-01   8.591714e-01   1.166698e+01
   8.631277e-01   8.630230e-01   8.587107e-01   8.590298e-01   9.161278e-04   8.588260e-01   8.591714e-01   1.166698e+01
   8.631277e-01   8.630230e-01   8.587107e-01   8.590298e-01   9.161278e-04   8.588260e-01   8.591714e-01   1.166698e+01
   8.631277e-01   8.630230e-01   8.587107e-01   8.590298e-01   9.161278e-04   8.588260e-01   8.591714e-01   1.166698e+01
   8.631277e-01   8.630230e-01   8.587107e-01   8.590298e-01   9.161278e-04   8.588260e-01   8.591714e-01   1.166698e+01
   8.631277e-01   8.630230e-01   8.587107e-01   8.590298e-01   9.161278e-04   8.588260e-01   8.591714e-01   1.166698e+01
   8.631277e-01   8.630230e-01   8.587107e-01   8.590298e-01   9.161278e-04   8.588260e-01   8.591714e-01   1.166698e+01
   8.631277e-01   8.630230e-01   8.587107e-01   8.590298e-01   9.161278e-04   8.588260e-01   8.591714e-01   1.166698e+01
   8.631277e-01   8.630230e-01   8.587107e-01   8.590298e-01   9.161278e-04   8.588260e-01   8.591714e-01   1.166698e+01
   8.631277e-01   8.630230e-01   8.587107e-01   8.590298e-01   9.161278e-04   8.588260e-01   8.591714e-01   1.166698e+01
   8.631277e-01   8.630230e-01   8.587107e-01   8.590298e-01   9.161278e-04   8.588260e-01   8.591714e-01   1.166698e+01
   8.640326e-01   8.617387e-01   6.697347e-01   8.590938e-01   9.162503e-04   8.598980e-01   8.595800e-01   1.267693e+01
   8.631277e-01   8.630230e-01   8.587107e-01   8.590298e-01   9.161278e-04   8.588260e-01   8.591714e-01   1.166698e+01
   8.631277e-01   8.630230e-01   8.587107e-01   8.590298e-01   9.161278e-04   8.588260e-01   8.591714e-01   1.166698e+01
   8.631277e-01   8.630230e-01   8.587107e-01   8.590298e-01   9.161278e-04   8.588260e-01   8.591714e-01   1.166698e+01
   8.631277e-01   8.630230e-01   8.587107e-01   8.590298e-01   9.161278e-04   8.588260e-01   8.591714e-01   1.166698e+01
   8.631277e-01   8.630230e-01   8.587107e-01   8.590298e-01   9.161278e-04   8.588260e-01   8.591714e-01   1.166698e+01
   8.631277e-01   8.630230e-01   8.587107e-01   8.590298e-01   9.161278e-04   8.588260e-01   8.591714e-01   1.166698e+01
   8.631277e-01   8.630230e-01   8.587107e-01   8.590298e-01   9.161278e-04   8.588260e-01   8.591714e-01   1.166698e+01
   8.631277e-01   8.630230e-01   8.587107e-01   8.590298e-01   9.161278e-04   8.588260e-01   8.591714e-01   1.166698e+01
   8.631277e-01   8.630230e-01   8.587107e-01   8.590298e-01   9.161278e-04   8.588260e-01   8.591714e-01   1.166698e+01
   8.631277e-01   8.630230e-01   8.587107e-01   8.590298e-01   9.161278e-04   8.588260e-01   8.591714e-01   1.166698e+01
   8.631277e-01   8.630230e-01   8.587107e-01   8.590298e-01   9.161278e-04   8.588260e-01   8.591714e-01   1.166698e+01
   8.631277e-01   8.630230e-01   8.587107e-01   8.590298e-01   9.161278e-04   8.588260e-01   8.591714e-01   1.166698e+01
   8.631277e-01   8.630230e-01   8.587107e-01   8.590298e-01   9.161278e-04   8.588260e-01   8.591714e-01   1.166698e+01
   8.631277e-01   8.630230e-01   8.587107e-01   8.590298e-01   9.161278e-04   8.588260e-01   8.591714e-01   1.166698e+01
   8.631277e-01   8.630230e-01   8.587107e-01   8.590298e-01   9.161278e-04   8.588260e-01   8.591714e-01   1.166698e+01
   8.631277e-01   8.630230e-01   8.587107e-01   8.590298e-01   9.161278e-04   8.588260e-01   8.591714e-01   1.166698e+01
   8.631277e-01   8.630230e-01   8.587107e-01   8.590298e-01   9.161278e-04   8.588260e-01   8.591714e-01   1.166698e+01
   8.631277e-01   8.630230e-01   8.587107e-01   8.590298e-01   9.161278e-04   8.588260e-01   8.591714e-01   1.166698e+01
   8.631277e-01   8.630230e-01   8.587107e-01   8.590298e-01   9.161278e-04   8.588260e-01   8.591714e-01   1.166698e+01
   8.631277e-01   8.630230e-01   8.587107e-01   8.590298e-01   9.161278e-04   8.588260e-01   8.591714e-01   1.166698e+01
   8.631277e-01   8.630230e-01   8.587107e-01   8.590298e-01   9.161278e-04   8.588260e-01   8.591714e-01   1.166698e+01
   8.631277e-01   8.630230e-01   8.587107e-01   8.590298e-01   9.161278e-04   8.588260e-01   8.591714e-01   1.166698e+01
   8.631277e-01   8.630230e-01   8.587107e-01   8.590298e-01   9.161278e-04   8.588260e-01   8.591714e-01   1.166698e+01
   8.631277e-01   8.630230e-01   8.587107e-01   8.590298e-01   9.161278e-04   8.588260e-01   8.591714e-01   1.166698e+01
   8.631277e-01   8.630230e-01   8.587107e-01   8.590298e-01   9.161278e-04   8.588260e-01   8.591714e-01   1.166698e+01
   8.631277e-01   8.630230e-01   8.587107e-01   8.590298e-01   9.161278e-04   8.588260e-01   8.591714e-01   1.166698e+01
   8.631277e-01   8.630230e-01   8.587107e-01   8.590298e-01   9.161278e-04   8.588260e-01   8.591714e-01   1.166698e+01
   8.631277e-01   8.630230e-01   8.587107e-01   8.590298e-01   9.161278e-04   8.588260e-01   8.591714e-01   1.166698e+01
   8.631277e-01   8.630230e-01   8.587107e-01   8.590298e-01   9.161278e-04   8.588260e-01   8.591714e-01   1.166698e+01
   8.631277e-01   8.630230e-01   8.587107e-01   8.590298e-01   9.161278e-04   8.588260e-01   8.591714e-01   1.166698e+01
   8.631277e-01   8.630230e-01   8.587107e-01   8.590298e-01   9.161278e-04   8.588260e-01   8.591714e-01   1.166698e+01
   8.631277e-01   8.630230e-01   8.587107e-01   8.590298e-01   9.161278e-04   8.588260e-01   8.591714e-01   1.166698e+01
   8.631277e-01   8.630230e-01   8.587107e-01   8.590298e-01   9.161278e-04   8.588260e-01   8.591714e-01   1.166698e+01
   8.631277e-01   8.630230e-01   8.587107e-01   8.590298e-01   9.161278e-04   8.588260e-01   8.591714e-01   1.166698e+01
   8.631277e-01   8.630230e-01   8.587107e-01   8.590298e-01   9.161278e-04   8.588260e-01   8.591714e-01   1.166698e+01
   8.631277e-01   8.630230e-01   8.587107e-01   8.590298e-01   9.161278e-04   8.588260e-01   8.591714e-01   1.166698e+01
   8.631277e-01   8.630230e-01   8.587107e-01   8.590298e-01   9.161278e-04   8.588260e-01   8.591714e-01   1.166698e+01
   8.631277e-01   8.630230e-01   8.587107e-01   8.590298e-01   9.161278e-04   8.588260e-01   8.591714e-01   1.166698e+01
   8.631277e-01   8.630230e-01   8.587107e-01   8.590298e-01   9.161278e-04   8.588260e-01   8.591714e-01   1.166698e+01
   8.631277e-01   8.630230e-01   8.587107e-01   8.590298e-01   9.161278e-04   8.588260e-01   8.591714e-01   1.166698e+01
   8.631277e-01   8.630230e-01   8.587107e-01   8.590298e-01   9.161278e-04   8.588260e-01   8.591714e-01   1.166698e+01
   8.631277e-01   8.630230e-01   8.587107e-01   8.590298e-01   9.161278e-04   8.588260e-01   8.591714e-01   1.166698e+01
   8.631277e-01   8.630230e-01   8.587107e-01   8.590298e-01   9.161278e-04   8.588260e-01   8.591714e-01   1.166698e+01
   8.631277e-01   8.630230e-01   8.587107e-01   8.590298e-01   9.161278e-04   8.588260e-01   8.591714e-01   1.166698e+01
   8.631277e-01   8.630230e-01   8.587107e-01   8.590298e-01   9.161278e-04   8.588260e-01   8.591714e-01   1.166698e+01
   8.631277e-01   8.630230e-01   8.587107e-01   8.590298e-01   9.161278e-04   8.588260e-01   8.591714e-01   1.166698e+01
   8.631277e-01   8.630230e-01   8.587107e-01   8.590298e-01   9.161278e-04   8.588260e-01   8.591714e-01   1.166698e+01
   8.631277e-01   8.630230e-01   8.587107e-01   8.590298e-01   9.161278e-04   8.588260e-01   8.591714e-01   1.166698e+01
   8.631277e-01   8.630230e-01   8.587107e-01   8.590298e-01   9.161278e-04   8.588260e-01   8.591714e-01   1.166698e+01
   8.631277e-01   8.630230e-01   8.587107e-01   8.590298e-01   9.161278e-04   8.588260e-01   8.591714e-01   1.166698e+01
   8.631277e-01   8.630230e-01   8.587107e-01   8.590298e-01   9.161278e-04   8.588260e-01   8.591714e-01   1.166698e+01
   8.631277e-01   8.630230e-01   8.587107e-01   8.590298e-01   9.161278e-04   8.588260e-01   8.591714e-01   1.166698e+01
   8.631277e-01   8.630230e-01   8.587107e-01   8.590298e-01   9.161278e-04   8.588260e-01   8.591714e-01   1.166698e+01
   8.631277e-01   8.630230e-01   8.587107e-01   8.590298e-01   9.161278e-04   8.588260e-01   8.591714e-01   1.166698e+01
   8.631277e-01   8.630230e-01   8.587107e-01   8.590298e-01   9.161278e-04   8.588260e-01   8.591714e-01   1.166698e+01
   8.631277e-01   8.630230e-01   8.587107e-01   8.590298e-01   9.161278e-04   8.588260e-01   8.591714e-01   1.166698e+01
   5.855453e-01   2.656136e-01   2.134804e-01   8.588276e-01   8.919630e-04   8.589422e-01   8.618598e-01   1.575085e+01
   8.631277e-01   8.630230e-01   8.587107e-01   8.590298e-01   9.161278e-04   8.588260e-01   8.591714e-01   1.166698e+01
   8.631277e-01   8.630230e-01   8.587107e-01   8.590298e-01   9.161278e-04   8.588260e-01   8.591714e-01   1.166698e+01
   8.631277e-01   8.630230e-01   8.587107e-01   8.590298e-01   9.161278e-04   8.588260e-01   8.591714e-01   1.166698e+01
   8.218362e-01   8.630248e-01   8.587113e-01   8.590290e-01   9.160231e-04   8.588283e-01   6.051115e-01   1.313564e+01
   8.631277e-01   8.630230e-01   8.587107e-01   8.590298e-01   9.161278e-04   8.588260e-01   8.591714e-01   1.166698e+01
   8.631277e-01   8.630230e-01   8.587107e-01   8.590298e-01   9.161278e-04   8.588260e-01   8.591714e-01   1.166698e+01
   8.631277e-01   8.630230e-01   8.587107e-01   8.590298e-01   9.161278e-04   8.588260e-01   8.591714e-01   1.166698e+01
   8.631277e-01   8.630230e-01   8.587107e-01   8.590298e-01   9.161278e-04   8.588260e-01   8.591714e-01   1.166698e+01
   8.631277e-01   8.630230e-01   8.587107e-01   8.590298e-01   9.161278e-04   8.588260e-01   8.591714e-01   1.166698e+01
   8.631277e-01   8.630230e-01   8.587107e-01   8.590298e-01   9.161278e-04   8.588260e-01   8.591714e-01   1.166698e+01
   8.631277e-01   8.630230e-01   8.587107e-01   8.590298e-01   9.161278e-04   8.588260e-01   8.591714e-01   1.166698e+01
   8.631277e-01   8.630230e-01   8.587107e-01   8.590298e-01   9.161278e-04   8.588260e-01   8.591714e-01   1.166698e+01
   8.631277e-01   8.630230e-01   8.587107e-01   8.590298e-01   9.161278e-04   8.588260e-01   8.591714e-01   1.166698e+01
   8.631277e-01   8.630230e-01   8.587107e-01   8.590298e-01   9.161278e-04   8.588260e-01   8.591714e-01   1.166698e+01
   8.631277e-01   8.630230e-01   8.587107e-01   8.590298e-01   9.161278e-04   8.588260e-01   8.591714e-01   1.166698e+01
   8.631277e-01   8.630230e-01   8.587107e-01   8.590298e-01   9.161278e-04   8.588260e-01   8.591714e-01   1.166698e+01
   8.631277e-01   8.630230e-01   8.587107e-01   8.590298e-01   9.161278e-04   8.588260e-01   8.591714e-01   1.166698e+01
   8.631277e-01   8.630230e-01   8.587107e-01   8.590298e-01   9.161278e-04   8.588260e-01   8.591714e-01   1.166698e+01
   8.631277e-01   8.630230e-01   8.587107e-01   8.590298e-01   9.161278e-04   8.588260e-01   8.591714e-01   1.166698e+01
   8.631277e-01   8.630230e-01   8.587107e-01   8.590298e-01   9.161278e-04   8.588260e-01   8.591714e-01   1.166698e+01
   8.631277e-01   8.630230e-01   8.587107e-01   8.590298e-01   9.161278e-04   8.588260e-01   8.591714e-01   1.166698e+01
   8.631277e-01   8.630230e-01   8.587107e-01   8.590298e-01   9.161278e-04   8.588260e-01   8.591714e-01   1.166698e+01
   8.631277e-01   8.630230e-01   8.587107e-01   8.590298e-01   9.161278e-04   8.588260e-01   8.591714e-01   1.166698e+01
   8.631277e-01   8.630230e-01   8.587107e-01   8.590298e-01   9.161278e-04   8.588260e-01   8.591714e-01   1.166698e+01
   8.631277e-01   8.630230e-01   8.587107e-01   8.590298e-01   9.161278e-04   8.588260e-01   8.591714e-01   1.166698e+01
   8.631277e-01   8.630230e-01   8.587107e-01   8.590298e-01   9.161278e-04   8.588260e-01   8.591714e-01   1.166698e+01
   8.631277e-01   8.630230e-01   8.587107e-01   8.590298e-01   9.161278e-04   8.588260e-01   8.591714e-01   1.166698e+01
   8.631277e-01   8.630230e-01   8.587107e-01   8.590298e-01   9.161278e-04   8.588260e-01   8.591714e-01   1.166698e+01
   8.631277e-01   8.630230e-01   8.587107e-01   8.590298e-01   9.161278e-04   8.588260e-01   8.591714e-01   1.166698e+01
   8.631277e-01   8.630230e-01   8.587107e-01   8.590298e-01   9.161278e-04   8.588260e-01   8.591714e-01   1.166698e+01
   8.631277e-01   8.630230e-01   8.587107e-01   8.590298e-01   9.161278e-04   8.588260e-01   8.591714e-01   1.166698e+01
   8.631277e-01   8.630230e-01   8.587107e-01   8.590298e-01   9.161278e-04   8.588260e-01   8.591714e-01   1.166698e+01
   8.631277e-01   8.630230e-01   8.587107e-01   8.590298e-01   9.161278e-04   8.588260e-01   8.591714e-01   1.166698e+01
   8.631277e-01   8.630230e-01   8.587107e-01   8.590298e-01   9.161278e-04   8.588260e-01   8.591714e-01   1.166698e+01
   8.631277e-01   8.630230e-01   8.587107e-01   8.590298e-01   9.161278e-04   8.588260e-01   8.591714e-01   1.166698e+01
   8.631277e-01   8.630230e-01   8.587107e-01   8.590298e-01   9.161278e-04   8.588260e-01   8.591714e-01   1.166698e+01
   8.631277e-01   8.630230e-01   8.587107e-01   8.590298e-01   9.161278e-04   8.588260e-01   8.591714e-01   1.166698e+01
   8.631277e-01   8.630230e-01   8.587107e-01   8.590298e-01   9.161278e-04   8.588260e-01   8.591714e-01   1.166698e+01
   8.631277e-01   8.630230e-01   8.587107e-01   8.590298e-01   9.161278e-04   8.588260e-01   8.591714e-01   1.166698e+01
   8.631277e-01   8.630230e-01   8.587107e-01   8.590298e-01   9.161278e-04   8.588260e-01   8.591714e-01   1.166698e+01
   8.631277e-01   8.630230e-01   8.587107e-01   8.590298e-01   9.161278e-04   8.588260e-01   8.591714e-01   1.166698e+01
   6.492622e-01   7.447788e-01   3.018964e-01   8.348609e-01   9.152944e-04   4.564490e-01   8.518127e-01   1.624038e+01
   8.631277e-01   8.630230e-01   8.587107e-01   8.590298e-01   9.161278e-04   8.588260e-01   8.591714e-01   1.166698e+01
   8.631277e-01   8.630230e-01   8.587107e-01   8.590298e-01   9.161278e-04   8.588260e-01   8.591714e-01   1.166698e+01
   8.631277e-01   8.630230e-01   8.587107e-01   8.590298e-01   9.161278e-04   8.588260e-01   8.591714e-01   1.166698e+01
   8.631277e-01   8.630230e-01   8.587107e-01   8.590298e-01   9.161278e-04   8.588260e-01   8.591714e-01   1.166698e+01
   8.631277e-01   8.630230e-01   8.587107e-01   8.590298e-01   9.161278e-04   8.588260e-01   8.591714e-01   1.166698e+01
   8.658217e-01   8.630222e-01   7.247412e-01   8.590338e-01   9.162643e-04   3.127273e-01   6.842354e-01   1.447698e+01
