   0.000000e+00   0.000000e+00   1.497743e-02   7.301863e-01   3.957070e-01   5.927807e-01   1.109500e+01   5.736530e-01   3.179987e-01   3.193624e-01
   0.000000e+00   0.000000e+00   3.680842e-02   2.190634e+00   4.366203e+00   7.915696e-01   8.373612e-01   2.366803e+00   2.158629e+00   1.296131e+00
   0.000000e+00   0.000000e+00   4.266336e-02   2.464626e+00   9.507496e-01   3.380497e-01   2.213394e+00   3.052423e-01   6.938420e+00   7.885128e-01
   0.000000e+00   0.000000e+00   2.726342e-02   1.117834e+00   1.269907e+00   4.315037e+00   3.055840e+00   1.062254e+00   2.119188e+00   1.224707e+00
   0.000000e+00   0.000000e+00   2.322504e-02   1.391976e+00   1.080898e+00   2.244813e+00   2.038697e+00   5.033679e+00   1.267297e+00   1.021258e+00
   0.000000e+00   0.000000e+00   7.307951e-02   4.110430e+00   3.032387e+00   1.334949e+00   3.386256e+00   1.058024e+00   5.593066e-01   7.215887e-01
   0.000000e+00   0.000000e+00   6.647961e-02   3.714386e+00   9.050797e-01   1.354913e+00   4.151147e+00   3.363477e-01   2.358704e+00   1.311715e+00
   0.000000e+00   0.000000e+00   3.167267e-02   1.822661e+00   9.515939e-01   4.884558e-01   3.370298e+00   3.957077e+00   2.266164e+00   1.141977e+00
   0.000000e+00   0.000000e+00   9.105628e-02   4.445888e+00   1.136465e+00   3.649672e+00   1.350391e+00   5.973727e-01   1.695928e+00   1.098484e+00
   0.000000e+00   0.000000e+00   1.493225e-02   7.773519e-01   6.011215e-01   1.291307e+00   6.332444e-01   6.687687e+00   3.388537e-01   3.870551e+00
   0.000000e+00   0.000000e+00   2.821634e-02   1.458315e+00   2.021117e+00   1.108661e+00   2.764344e+00   3.063213e+00   2.207069e+00   1.555173e+00
   0.000000e+00   0.000000e+00   1.534640e-02   1.702625e+00   1.851128e+00   2.107825e+00   2.648661e+00   1.490334e+00   2.368283e+00   2.015772e+00
   0.000000e+00   0.000000e+00   1.323697e-02   7.064744e-01   2.555351e+00   1.629456e+00   2.849731e+00   2.994346e-01   5.199874e+00   7.786833e-01
   0.000000e+00   0.000000e+00   1.993818e-01   1.146881e+01   0.000000e+00   5.423169e-01   1.469414e-01   6.095951e-01   2.718391e-01   8.687855e-01
   0.000000e+00   0.000000e+00   4.084383e-02   2.279462e+00   1.166550e+00   7.457697e+00   8.072858e-01   4.005141e-01   3.310333e-01   1.907648e+00
   0.000000e+00   0.000000e+00   2.852072e-02   1.924482e+00   1.669338e+00   4.546770e+00   2.402810e+00   1.049182e+00   1.490419e+00   1.120018e+00
   0.000000e+00   0.000000e+00   1.826367e-02   1.651001e+00   1.187857e+00   2.039204e+00   7.266648e+00   4.799243e-01   8.549520e-01   7.495025e-01
   0.000000e+00   0.000000e+00   7.523099e-02   3.694624e+00   6.651824e-01   8.677758e-01   1.436535e+00   1.746971e+00   3.384173e+00   2.323628e+00
   0.000000e+00   0.000000e+00   3.661945e-02   1.826257e+00   1.192657e+00   1.263938e+00   2.527148e+00   1.662369e+00   2.645139e+00   2.884910e+00
   0.000000e+00   0.000000e+00   5.073583e-02   2.829631e+00   3.307907e-01   5.043848e-01   6.733041e-01   1.671749e-01   9.345282e+00   2.698399e-01
   0.000000e+00   0.000000e+00   7.602981e-03   3.946510e-01   9.789406e-01   2.552905e-01   4.588379e-01   1.737063e-01   3.517031e+00   8.238494e+00
   0.000000e+00   0.000000e+00   2.305320e-02   1.023984e+00   4.368315e+00   1.916752e+00   1.310003e+00   7.827389e-01   1.295626e+00   3.421893e+00
   0.000000e+00   0.000000e+00   2.510740e-02   1.148196e+00   8.558525e-01   9.439296e-01   5.426145e+00   2.367368e+00   1.635895e+00   1.677840e+00
   0.000000e+00   0.000000e+00   6.009447e-02   3.899416e+00   1.460566e+00   2.069120e+00   1.139551e+00   1.434145e+00   8.354433e-01   3.412021e+00
   0.000000e+00   0.000000e+00   7.079494e-02   3.501099e+00   1.883889e+00   8.408725e-01   1.152992e+00   3.883541e+00   1.680346e+00   1.054763e+00
   0.000000e+00   0.000000e+00   1.653717e-04   1.069343e-02   5.802509e-03   2.032396e-02   7.882219e-03   1.922882e-03   6.655203e+00   7.379526e+00
   0.000000e+00   0.000000e+00   2.400823e-02   1.159183e+00   5.488765e+00   1.095858e+00   1.363586e+00   1.789820e+00   1.667989e+00   1.500852e+00
   0.000000e+00   0.000000e+00   2.212986e-02   1.189909e+00   5.075282e-01   1.785031e-01   4.452417e-02   9.927468e+00   1.488365e+00   6.624713e-01
   0.000000e+00   0.000000e+00   2.554039e-02   1.426085e+00   1.345979e+00   2.185792e+00   7.377846e+00   4.937978e-01   6.168030e-01   7.819873e-01
   0.000000e+00   0.000000e+00   1.655696e-02   9.356239e-01   9.322218e-01   1.307601e+00   1.245571e+00   1.119324e+00   5.582777e+00   2.921211e+00
   0.000000e+00   0.000000e+00   2.970355e-02   1.341883e+00   3.839074e+00   3.870465e+00   1.187980e+00   1.017563e+00   1.387663e+00   1.426319e+00
   0.000000e+00   0.000000e+00   1.443112e-03   8.145789e-02   1.435894e+00   0.000000e+00   0.000000e+00   1.262035e+01   4.446847e-03   1.199657e-02
   0.000000e+00   0.000000e+00   4.582116e-02   2.767458e+00   1.010194e+00   2.554414e+00   3.223632e+00   9.959695e-01   1.738994e+00   1.789727e+00
   0.000000e+00   0.000000e+00   3.478885e-02   1.847570e+00   1.665757e+00   2.299762e+00   1.799649e+00   2.815035e+00   1.590411e+00   2.042531e+00
   0.000000e+00   0.000000e+00   5.860751e-03   2.935387e-01   2.651136e-01   9.993988e+00   3.724729e-01   2.525838e+00   8.929651e-02   5.606303e-01
   0.000000e+00   0.000000e+00   9.804019e-03   6.518536e-01   1.059678e+00   2.823670e+00   9.514163e-01   8.182368e-01   6.916126e+00   8.368228e-01
   0.000000e+00   0.000000e+00   2.559633e-02   1.205954e+00   1.523554e+00   5.709984e+00   1.220066e+00   9.492577e-01   2.306972e+00   1.142685e+00
   0.000000e+00   0.000000e+00   1.278679e-02   8.067001e-01   9.476340e-01   3.473997e+00   1.372757e+00   3.601842e+00   3.057575e+00   9.043993e-01
   0.000000e+00   0.000000e+00   2.555871e-02   1.479606e+00   1.294569e+00   5.714977e+00   8.143100e-01   2.115932e+00   9.582591e-01   1.708710e+00
   0.000000e+00   0.000000e+00   3.776127e-02   1.881990e+00   5.700715e+00   4.860704e-01   1.126768e+00   1.347861e+00   2.779052e+00   7.385259e-01
   0.000000e+00   0.000000e+00   2.538903e-02   1.453975e+00   6.950886e-01   2.899789e+00   1.604414e+00   5.438762e+00   8.391572e-01   1.094905e+00
   0.000000e+00   0.000000e+00   2.780879e-02   1.441803e+00   1.715583e+00   2.114615e-01   7.480056e-01   9.075340e+00   4.964662e-01   5.139530e-01
   0.000000e+00   0.000000e+00   2.269150e-03   1.211502e-01   6.011300e-02   2.606337e+00   1.604914e-01   1.644284e-01   1.687979e-01   1.081602e+01
   0.000000e+00   0.000000e+00   2.856383e-03   1.322761e-01   1.801808e-01   1.549500e-01   1.136118e+00   1.489238e-01   8.525875e+00   3.737310e+00
   0.000000e+00   0.000000e+00   5.361206e-03   2.629696e-01   2.542938e-01   4.474230e-01   8.226912e+00   3.188351e-01   4.081135e+00   6.352824e-01
   0.000000e+00   0.000000e+00   1.494535e-02   8.009291e-01   1.693780e+00   9.154593e-01   7.047622e+00   1.430720e+00   9.470325e-01   1.299890e+00
   0.000000e+00   0.000000e+00   3.336936e-04   2.226341e-02   1.074852e-02   1.242735e-01   1.461396e-02   6.446034e-03   2.177611e-02   1.391472e+01
   0.000000e+00   0.000000e+00   0.000000e+00   0.000000e+00   0.000000e+00   1.408250e+01   0.000000e+00   0.000000e+00   3.259540e-02   0.000000e+00
   0.000000e+00   0.000000e+00   3.344121e-02   1.730123e+00   2.335307e+00   3.749030e+00   1.189607e+00   1.292869e+00   7.828528e-01   2.953079e+00
   0.000000e+00   0.000000e+00   1.322360e-02   7.554564e-01   4.989735e-01   6.590370e-01   5.503615e-01   1.097908e+00   9.828874e+00   6.304479e-01
   0.000000e+00   0.000000e+00   4.726432e-03   3.364362e-01   3.631217e-01   1.014279e+01   0.000000e+00   5.075600e-01   7.654714e-01   2.170121e+00
   0.000000e+00   0.000000e+00   7.559321e-03   4.217478e-01   1.899424e+00   4.593982e-01   4.133723e-01   1.240277e-01   8.580084e+00   2.150564e+00
   0.000000e+00   0.000000e+00   1.291906e-02   7.761288e-01   5.172090e+00   9.410561e-01   2.691396e+00   1.730149e+00   1.957448e+00   7.876488e-01
   0.000000e+00   0.000000e+00   3.610381e-02   1.236264e+00   2.887698e+00   2.724278e+00   1.504209e+00   2.009778e+00   3.102060e+00   5.433785e-01
   0.000000e+00   0.000000e+00   0.000000e+00   6.565209e-01   7.245802e-01   4.768229e+00   1.249931e+00   2.400529e+00   3.027624e+00   1.273083e+00
   0.000000e+00   0.000000e+00   3.563689e-02   1.822469e+00   1.244814e+00   3.029740e+00   1.510946e+00   2.060836e+00   1.854817e+00   2.545194e+00
   0.000000e+00   0.000000e+00   1.008377e-02   5.783082e-01   1.215647e+00   6.342224e+00   2.130757e+00   8.962287e-01   7.818679e-01   2.103942e+00
   0.000000e+00   0.000000e+00   1.557010e-02   1.186987e+00   3.803870e+00   2.621457e+00   6.941081e-01   6.150645e-01   4.266474e+00   8.132563e-01
   0.000000e+00   0.000000e+00   2.194494e-03   1.088022e-01   4.072349e-01   3.652918e+00   8.088706e+00   7.177296e-01   3.935363e-01   6.817984e-01
   0.000000e+00   0.000000e+00   1.507243e-02   8.868958e-01   1.025568e+00   1.429352e+00   1.416020e+00   1.446976e+00   6.464710e+00   1.355619e+00
   0.000000e+00   0.000000e+00   4.699366e-02   2.638654e+00   1.160856e+00   1.393141e+00   4.152519e+00   1.090854e+00   1.453320e+00   2.140678e+00
   0.000000e+00   0.000000e+00   1.886974e-04   1.058199e-02   3.617034e+00   0.000000e+00   0.000000e+00   1.051170e+01   5.981983e-03   0.000000e+00
   0.000000e+00   0.000000e+00   2.635594e-03   2.076403e-01   2.628696e-01   5.681409e-01   2.338186e-01   1.087876e+01   1.862697e+00   2.838825e-03
   0.000000e+00   0.000000e+00   4.673721e-03   3.048224e-01   2.343275e+00   8.856227e-01   8.035713e+00   8.260219e-01   9.452787e-01   7.689605e-01
   0.000000e+00   0.000000e+00   1.214080e-02   1.140640e+00   2.122030e+00   2.027092e+00   4.509170e+00   7.947038e-01   2.722367e+00   7.543891e-01
   0.000000e+00   0.000000e+00   4.492328e-02   2.972491e+00   1.367586e+00   1.157315e+00   1.409162e+00   7.593122e-01   3.127587e+00   3.407395e+00
   0.000000e+00   0.000000e+00   7.787228e-03   3.978269e-01   3.337480e+00   5.564553e+00   3.660953e+00   4.620684e-01   2.115885e-01   4.389174e-01
   0.000000e+00   0.000000e+00   3.168866e-02   1.486752e+00   5.346758e+00   1.999576e+00   1.657265e+00   1.530487e+00   8.953134e-01   1.132925e+00
   0.000000e+00   0.000000e+00   6.871016e-02   4.595482e+00   1.788454e-01   6.328506e-01   2.567850e+00   2.881200e+00   2.924607e+00   7.148514e-01
   0.000000e+00   0.000000e+00   1.109995e-02   6.431517e-01   4.768753e-01   3.980640e-01   1.096018e+01   0.000000e+00   1.151298e+00   5.708576e-01
   0.000000e+00   0.000000e+00   7.491950e-03   3.940351e-01   3.750155e-01   2.060016e+00   5.329854e-01   8.107500e+00   2.472873e+00   1.658768e-01
   0.000000e+00   0.000000e+00   1.292481e-02   5.371788e-01   4.860453e-01   8.125157e-01   6.011626e+00   2.991707e+00   3.154998e+00   2.091671e-01
   0.000000e+00   0.000000e+00   3.130527e-03   1.718664e-01   6.380935e-01   2.478910e-01   3.308054e-01   1.990779e-01   1.861819e+00   1.059247e+01
   0.000000e+00   0.000000e+00   1.690623e-01   9.388889e+00   7.623415e-01   5.085945e-01   1.844840e+00   4.135257e-01   9.978547e-01   6.866573e-02
   0.000000e+00   0.000000e+00   3.840506e-02   2.167102e+00   1.015487e+00   1.475706e+00   1.163150e+00   2.304609e+00   1.369511e+00   4.507797e+00
   0.000000e+00   0.000000e+00   6.541275e-02   3.391073e+00   7.532936e+00   4.043121e-01   5.443668e-01   4.448108e-01   1.521160e+00   3.094409e-01
   0.000000e+00   0.000000e+00   1.470437e-02   8.044182e-01   3.310497e+00   3.313719e-01   4.265424e+00   1.215129e+00   3.814225e+00   3.733427e-01
   0.000000e+00   0.000000e+00   0.000000e+00   1.149235e+00   1.123630e+00   8.562502e+00   5.704159e-01   6.746493e-01   1.139615e+00   9.516730e-01
   0.000000e+00   0.000000e+00   1.294241e-01   7.243198e+00   1.483963e+00   1.306062e+00   1.143696e+00   1.243081e+00   6.496186e-01   8.142776e-01
   0.000000e+00   0.000000e+00   9.629399e-02   4.328267e+00   1.940825e+00   1.041872e+00   6.468961e-01   4.338105e+00   1.042070e+00   1.001617e+00
   0.000000e+00   0.000000e+00   5.295081e-03   2.875718e-01   1.161217e+01   2.257490e-02   4.207504e-01   2.794487e-01   7.350612e-01   7.276543e-01
   0.000000e+00   0.000000e+00   6.837977e-02   4.541885e+00   1.213578e+00   1.541707e+00   1.672509e+00   9.879138e-01   8.521545e-01   3.419699e+00
   0.000000e+00   0.000000e+00   1.130558e-02   7.527470e-01   2.231616e+00   4.496594e+00   1.076950e+00   1.036873e+00   3.329880e+00   1.161622e+00
   0.000000e+00   0.000000e+00   5.608378e-02   2.932796e+00   2.662363e+00   2.261710e+00   1.371281e+00   1.602117e+00   1.467684e+00   1.678303e+00
   0.000000e+00   0.000000e+00   4.723578e-02   2.820426e+00   3.103461e+00   2.204488e+00   2.093545e+00   1.094786e+00   1.428125e+00   1.388012e+00
   0.000000e+00   0.000000e+00   2.574046e-02   1.205777e+00   5.654030e+00   2.020421e+00   1.609590e+00   1.533078e+00   9.697958e-01   1.095382e+00
   0.000000e+00   0.000000e+00   1.249239e-01   6.965213e+00   3.627924e-01   3.900876e-01   4.151721e+00   4.303363e-01   1.378458e+00   5.800783e-01
   0.000000e+00   0.000000e+00   2.862352e-02   1.217952e+00   1.527694e+00   7.220620e+00   6.298442e-01   5.644720e-01   6.275903e-01   2.334230e+00
   0.000000e+00   0.000000e+00   0.000000e+00   0.000000e+00   0.000000e+00   0.000000e+00   0.000000e+00   6.959741e+00   7.442789e-02   7.063790e+00
   0.000000e+00   0.000000e+00   1.228329e-01   6.670600e+00   1.604178e+00   1.315149e+00   1.325790e+00   6.020561e-01   9.464898e-01   1.444850e+00
   0.000000e+00   0.000000e+00   0.000000e+00   0.000000e+00   1.385031e+01   0.000000e+00   3.975138e-02   2.297772e-01   0.000000e+00   0.000000e+00
   0.000000e+00   0.000000e+00   4.544205e-02   2.052797e+00   9.406567e-01   1.489975e+00   2.887322e+00   1.952509e+00   2.323447e+00   2.361666e+00
   0.000000e+00   0.000000e+00   7.085280e-03   4.292012e-01   3.336528e-01   1.158176e+00   1.187734e+00   1.043575e+01   3.915280e-01   1.416995e-01
   0.000000e+00   0.000000e+00   1.013106e-02   4.805713e-01   7.111838e-01   2.462412e-01   1.961213e-01   3.924885e-01   1.094869e+01   1.032249e+00
   0.000000e+00   0.000000e+00   3.214778e-02   1.704628e+00   5.816688e+00   9.451151e-01   1.015348e+00   1.644428e+00   1.898558e+00   9.975847e-01
   0.000000e+00   0.000000e+00   4.750175e-02   2.754247e+00   3.414172e+00   8.678569e-01   9.272719e-01   3.631342e+00   1.395184e+00   1.108703e+00
   0.000000e+00   0.000000e+00   2.917900e-02   1.891678e+00   1.484491e+00   1.402676e+00   2.941599e+00   2.135034e+00   1.475051e+00   2.804118e+00
   0.000000e+00   0.000000e+00   2.001894e-02   2.068828e+00   3.721117e-01   3.175604e-01   6.127937e-01   6.520762e+00   1.145008e+00   2.951618e+00
   0.000000e+00   0.000000e+00   3.460518e-02   1.959352e+00   2.450400e-01   1.020774e+00   1.905809e-01   9.932309e+00   3.245570e-01   3.862229e-01
   0.000000e+00   0.000000e+00   6.000608e-03   6.286171e-01   6.813924e-01   6.761265e+00   3.929727e+00   5.030947e-01   2.555982e-01   1.341383e+00
   0.000000e+00   0.000000e+00   2.192509e-02   1.292408e+00   1.304233e+00   1.190416e+00   1.135839e+00   3.420263e+00   1.049876e+00   4.928516e+00
   0.000000e+00   0.000000e+00   1.261473e-02   1.089387e+00   1.987985e+00   8.973966e-01   7.436791e-01   1.156421e+00   7.623481e+00   5.329667e-01
   0.000000e+00   0.000000e+00   1.312902e-02   7.546635e-01   3.294333e-01   2.821992e-01   7.944490e-02   3.925222e+00   5.113478e-01   8.193567e+00
   0.000000e+00   0.000000e+00   2.880980e-02   2.644468e+00   5.960777e-01   8.132807e-01   8.554691e-01   1.864663e-01   6.867705e+00   2.081681e+00
   0.000000e+00   0.000000e+00   2.011331e-02   1.118986e+00   5.355122e-01   2.311469e+00   1.453436e+00   5.051092e+00   7.162577e-01   2.910833e+00
   0.000000e+00   0.000000e+00   1.295828e-01   6.664747e+00   6.557916e-01   5.117053e-01   3.701317e+00   4.227326e-01   1.831800e+00   3.365634e-01
   0.000000e+00   0.000000e+00   3.931673e-02   2.258363e+00   4.743357e+00   9.638361e-01   8.013031e-01   2.105830e+00   1.839481e+00   1.294315e+00
   0.000000e+00   0.000000e+00   1.266297e-02   7.793018e-01   4.255917e-01   5.231217e+00   7.239608e-01   2.393576e-01   1.218665e+00   5.520988e+00
   0.000000e+00   0.000000e+00   1.714891e-02   1.069398e+00   1.309026e+00   1.253521e+00   1.842803e+00   1.210491e+00   1.114833e+00   6.292738e+00
   0.000000e+00   0.000000e+00   7.932178e-03   4.819093e-01   4.716730e+00   4.874069e-02   8.344383e+00   3.188359e-01   5.608858e-01   2.537773e-01
   0.000000e+00   0.000000e+00   1.081089e-01   6.050898e+00   2.682522e+00   1.223371e+00   1.295492e+00   6.392953e-01   9.828994e-01   1.101305e+00
   0.000000e+00   0.000000e+00   8.684510e-02   4.791849e+00   1.680913e+00   4.089730e-01   1.067761e+00   2.832525e-01   4.276613e-01   5.581519e+00
   0.000000e+00   0.000000e+00   1.489887e-02   8.213702e-01   3.586082e+00   3.633165e-01   6.805709e+00   5.229076e-01   1.653322e+00   3.729268e-01
   0.000000e+00   0.000000e+00   1.259886e-01   7.609157e+00   2.313220e+00   8.046359e-01   4.887250e-01   4.144993e-01   1.528870e+00   8.260715e-01
   0.000000e+00   0.000000e+00   1.281069e-02   1.405840e+00   1.837738e+00   1.935703e+00   2.424236e+00   2.024139e+00   2.322099e+00   2.287128e+00
   0.000000e+00   0.000000e+00   1.392785e-01   7.248677e+00   1.095078e-01   3.697852e+00   2.432029e-02   6.295688e-01   6.556579e-01   1.579135e+00
   0.000000e+00   0.000000e+00   3.314120e-02   2.123460e+00   5.456023e-01   3.338763e+00   4.536812e-01   9.315738e-01   1.525961e+00   5.311396e+00
   0.000000e+00   0.000000e+00   0.000000e+00   0.000000e+00   4.861522e+00   3.079482e+00   4.088595e-01   0.000000e+00   5.173963e+00   6.651488e-01
   0.000000e+00   0.000000e+00   2.874082e-02   1.390943e+00   1.105172e+01   3.304727e-02   1.351681e-01   4.612280e-01   7.579399e-01   2.882667e-01
   0.000000e+00   0.000000e+00   2.585387e-02   1.429937e+00   1.215722e+00   1.191472e+00   4.615952e+00   3.627583e+00   8.531840e-01   1.203665e+00
   0.000000e+00   0.000000e+00   4.890941e-02   2.371661e+00   1.620269e+00   3.778360e+00   1.428307e+00   7.866406e-01   2.527099e+00   1.536293e+00
   0.000000e+00   0.000000e+00   1.002435e-01   5.598213e+00   3.248480e+00   2.878236e-01   3.480700e+00   4.773285e-01   6.429653e-01   4.520991e-01
   0.000000e+00   0.000000e+00   1.334724e-02   8.782855e-01   5.568143e+00   2.328480e+00   1.154955e+00   1.067397e+00   1.145393e+00   1.928731e+00
   0.000000e+00   0.000000e+00   2.779063e-03   1.430805e-01   2.654387e-01   9.250088e-02   1.194375e-01   1.646226e-02   1.997483e+00   1.138434e+01
   0.000000e+00   0.000000e+00   9.883846e-04   6.504853e-02   8.967078e+00   4.195367e+00   5.217336e-03   4.011299e-01   2.976795e-02   4.260366e-01
   0.000000e+00   0.000000e+00   1.275829e-01   7.125071e+00   3.558414e+00   7.958853e-01   9.169428e-01   6.569518e-01   4.309356e-01   4.981162e-01
   0.000000e+00   0.000000e+00   1.587459e-02   1.097382e+00   1.680788e+00   1.448382e+00   5.751616e-01   1.517709e+00   6.681658e+00   1.014574e+00
   0.000000e+00   0.000000e+00   3.861787e-02   2.035125e+00   4.717313e+00   9.305412e-01   1.181829e+00   3.039637e-01   2.072910e+00   2.771885e+00
   0.000000e+00   0.000000e+00   4.876550e-02   2.590030e+00   5.418675e+00   9.610607e-01   1.130894e+00   1.211987e+00   1.841023e+00   8.791642e-01
   0.000000e+00   0.000000e+00   4.142673e-02   2.309878e+00   1.195610e+00   2.113959e+00   1.634798e+00   4.841971e+00   9.220455e-01   1.008777e+00
   0.000000e+00   0.000000e+00   4.665841e-02   1.810127e+00   4.270598e+00   2.594465e+00   1.524067e+00   1.737771e+00   9.226133e-01   1.256640e+00
   0.000000e+00   0.000000e+00   6.806043e-03   4.121682e-01   3.216839e-01   1.072025e+00   2.804317e+00   9.077928e+00   3.954960e-01   0.000000e+00
   0.000000e+00   0.000000e+00   1.047818e-02   6.381006e-01   7.536196e+00   0.000000e+00   4.542762e+00   2.958079e-01   8.234418e-01   3.606744e-01
   0.000000e+00   0.000000e+00   0.000000e+00   0.000000e+00   0.000000e+00   0.000000e+00   1.361841e+01   1.950580e-01   0.000000e+00   2.032956e-01
   0.000000e+00   0.000000e+00   2.132304e-02   1.395946e+00   2.021128e+00   1.250572e+00   1.401996e+00   3.590610e-01   3.449991e+00   4.283569e+00
   0.000000e+00   0.000000e+00   2.727806e-02   1.499648e+00   6.832510e+00   7.065303e-01   8.471560e-01   3.712450e-01   2.973577e+00   8.613039e-01
   0.000000e+00   0.000000e+00   1.831646e-02   1.268766e+00   2.273430e+00   4.254015e+00   2.096678e+00   9.398071e-01   1.453087e+00   1.871407e+00
   0.000000e+00   0.000000e+00   7.573124e-02   4.115405e+00   1.166424e+00   3.475532e+00   1.027807e+00   1.908847e+00   8.904243e-01   1.453533e+00
   0.000000e+00   0.000000e+00   2.955511e-02   1.463370e+00   1.057874e+00   1.342153e+00   4.621418e+00   2.901764e+00   1.668167e+00   1.024617e+00
   0.000000e+00   0.000000e+00   4.279444e-02   2.719141e+00   3.584119e-01   4.791623e+00   1.035335e+00   4.034692e+00   6.022448e-01   6.250197e-01
   0.000000e+00   0.000000e+00   3.379686e-02   1.882460e+00   2.517460e-01   3.064365e-01   1.749087e-01   1.098017e+01   1.810361e-01   2.789376e-01
   0.000000e+00   0.000000e+00   2.817737e-02   1.517080e+00   1.165607e+00   5.288470e+00   9.101581e-01   1.211130e+00   1.532104e+00   2.537810e+00
   0.000000e+00   0.000000e+00   2.116048e-02   1.153545e+00   5.648919e-01   5.065809e+00   8.664146e-01   1.193676e+00   2.740719e+00   2.642385e+00
   0.000000e+00   0.000000e+00   7.581929e-03   4.705327e-01   1.339169e+00   6.654763e-01   2.298914e-02   1.073883e+01   4.211601e-01   4.244408e-01
   0.000000e+00   0.000000e+00   1.287838e-02   1.470997e+00   6.428337e-01   6.911125e+00   7.513743e-01   3.107844e-01   9.563464e-01   3.152039e+00
   0.000000e+00   0.000000e+00   4.086545e-02   2.726747e+00   1.399461e+00   1.193467e+00   1.582956e+00   4.049204e+00   1.702169e+00   1.444924e+00
   0.000000e+00   0.000000e+00   1.436676e-02   8.429973e-01   3.631949e+00   2.744978e+00   2.869000e+00   1.232188e+00   1.036151e+00   1.818356e+00
   0.000000e+00   0.000000e+00   2.187831e-02   1.225643e+00   1.825265e+00   2.217001e+00   1.310569e+00   8.569688e-01   4.863786e+00   2.010121e+00
   0.000000e+00   0.000000e+00   4.082008e-02   2.539698e+00   1.647357e+00   1.205855e+00   2.959545e+00   2.122348e+00   1.461362e+00   2.111705e+00
   0.000000e+00   0.000000e+00   9.508718e-03   4.912363e-01   8.609443e-01   2.458928e-01   2.089634e-01   7.514152e-02   1.188367e+01   2.362183e-01
   0.000000e+00   0.000000e+00   1.476233e-01   8.365330e+00   6.647879e-01   1.681296e+00   4.982223e-01   1.482898e+00   7.092783e-01   5.129483e-01
   0.000000e+00   0.000000e+00   8.425637e-04   4.347882e-02   6.701050e-02   2.786051e-02   2.990123e-02   6.131314e-03   1.354983e+01   2.955626e-01
   0.000000e+00   0.000000e+00   2.175656e-02   1.199876e+00   1.143157e+00   1.346045e+00   1.060254e+00   3.634375e+00   9.944732e-01   4.782950e+00
   0.000000e+00   0.000000e+00   2.106499e-03   1.102410e-01   1.709870e-01   1.276508e+01   0.000000e+00   3.340150e-01   3.548002e-01   4.012388e-01
   0.000000e+00   0.000000e+00   1.787512e-01   9.057633e+00   4.406018e-02   2.229241e-01   4.110987e+00   4.552992e-01   0.000000e+00   0.000000e+00
   0.000000e+00   0.000000e+00   1.494580e-02   7.524249e-01   4.032041e-01   5.981558e-01   1.131937e+01   3.888480e-01   2.714373e-01   3.272003e-01
   0.000000e+00   0.000000e+00   4.293246e-02   2.850443e+00   1.076301e+00   1.134890e+00   8.065657e-01   3.959101e-01   1.367234e+00   6.487354e+00
   0.000000e+00   0.000000e+00   3.523257e-02   1.962409e+00   4.041059e-01   1.231451e+00   3.270078e+00   4.646468e+00   1.714873e+00   9.699869e-01
   0.000000e+00   0.000000e+00   2.134051e-01   1.268155e+01   0.000000e+00   0.000000e+00   1.402687e-01   8.903192e-01   1.749028e-01   0.000000e+00
   0.000000e+00   0.000000e+00   2.809363e-04   2.381188e-02   3.001358e-02   9.321932e+00   3.315756e+00   2.673843e-01   6.815870e-01   4.608658e-01
   0.000000e+00   0.000000e+00   9.048542e-03   7.803552e-01   8.415751e-01   9.248706e+00   1.521900e+00   5.496453e-01   7.669213e-01   6.166779e-01
   0.000000e+00   0.000000e+00   4.667103e-02   2.490676e+00   5.301258e+00   1.131928e+00   1.141171e+00   1.338341e+00   1.902100e+00   7.318007e-01
   0.000000e+00   0.000000e+00   1.001023e-02   7.427282e-01   2.423117e+00   1.669488e+00   5.721501e-01   9.394230e-01   5.926511e+00   1.749831e+00
   0.000000e+00   0.000000e+00   0.000000e+00   0.000000e+00   0.000000e+00   1.212802e+01   2.902963e-01   1.761538e+00   0.000000e+00   0.000000e+00
   0.000000e+00   0.000000e+00   3.682726e-02   2.552866e+00   1.214297e+00   1.695976e+00   2.030997e+00   2.915699e+00   1.290221e+00   2.395702e+00
   0.000000e+00   0.000000e+00   1.958821e-02   1.208770e+00   9.380318e-01   1.980597e+00   1.046081e+00   5.271747e+00   1.362217e+00   2.303601e+00
   0.000000e+00   0.000000e+00   2.255202e-02   1.217980e+00   3.114929e+00   1.283034e+00   1.973151e+00   1.199219e+00   3.334478e+00   2.065744e+00
   0.000000e+00   0.000000e+00   1.052594e-02   5.594518e-01   3.245526e-01   1.561507e+00   2.637293e-01   7.965332e+00   6.814185e-01   2.881288e+00
   0.000000e+00   0.000000e+00   3.529429e-02   1.911841e+00   4.709401e+00   6.400949e-01   4.231355e+00   8.645756e-01   8.620892e-01   8.479797e-01
   0.000000e+00   0.000000e+00   4.299756e-02   2.169206e+00   8.870432e+00   7.341986e-02   1.563619e-01   4.305093e-01   1.422283e+00   9.645126e-01
   0.000000e+00   0.000000e+00   3.394956e-02   1.770814e+00   5.307943e+00   6.105270e-01   2.347445e+00   3.000548e+00   4.083677e-01   6.667574e-01
   0.000000e+00   0.000000e+00   5.153398e-02   3.232804e+00   1.169743e+00   1.259856e+00   1.531156e+00   1.756280e+00   1.435162e+00   3.700930e+00
   0.000000e+00   0.000000e+00   0.000000e+00   0.000000e+00   0.000000e+00   0.000000e+00   9.041170e+00   4.989982e+00   0.000000e+00   5.017718e-02
   0.000000e+00   0.000000e+00   1.813054e-01   1.049260e+01   0.000000e+00   8.459821e-01   3.785463e-01   1.136091e+00   2.459760e-01   8.454590e-01
   0.000000e+00   0.000000e+00   3.300527e-02   2.170336e+00   1.069797e+00   1.624876e+00   1.186445e+00   5.371252e+00   1.581609e+00   1.095469e+00
   0.000000e+00   0.000000e+00   1.526847e-02   8.868031e-01   7.399397e-01   1.668889e+00   1.713640e+00   7.372154e+00   8.569508e-01   8.455327e-01
   0.000000e+00   0.000000e+00   2.700617e-02   1.781811e+00   1.259279e+00   1.710768e+00   2.213755e+00   2.057098e+00   3.282911e+00   1.853568e+00
   0.000000e+00   0.000000e+00   1.067022e-02   4.543789e-01   5.203449e-01   1.939758e+00   4.704708e-01   3.346706e-01   1.013404e+01   3.383423e-01
   0.000000e+00   0.000000e+00   3.557187e-02   2.000235e+00   1.405403e+00   1.999035e+00   2.282068e+00   2.026747e+00   1.235970e+00   3.207703e+00
   0.000000e+00   0.000000e+00   2.026152e-02   9.551817e-01   4.615626e-01   2.869831e+00   6.670777e-01   4.050091e+00   4.556024e+00   5.187093e-01
   0.000000e+00   0.000000e+00   7.980431e-04   4.246910e-02   7.995555e-02   5.402451e-02   3.689263e-01   4.098320e+00   2.848492e-01   9.179439e+00
   0.000000e+00   0.000000e+00   8.664421e-03   3.587940e+00   2.510579e+00   2.823907e+00   1.490249e+00   9.503277e-01   1.669278e+00   1.202546e+00
   0.000000e+00   0.000000e+00   6.380882e-04   3.366407e-02   7.342117e-01   1.981682e-01   3.905517e-01   1.264613e+01   0.000000e+00   8.599182e-02
   0.000000e+00   0.000000e+00   1.535212e-02   1.361167e+00   1.366077e+00   1.463267e+00   1.576598e+00   6.526124e+00   7.761898e-01   1.006258e+00
   0.000000e+00   0.000000e+00   0.000000e+00   0.000000e+00   1.312862e+01   1.872266e-01   0.000000e+00   3.152478e-01   3.979019e-01   8.597542e-02
   0.000000e+00   0.000000e+00   1.262308e-02   7.910803e-01   2.803914e+00   1.734912e+00   1.188716e+00   1.338413e+00   3.017556e+00   3.177010e+00
   0.000000e+00   0.000000e+00   1.494318e-01   8.432764e+00   4.917923e+00   0.000000e+00   0.000000e+00   4.167592e-01   0.000000e+00   2.665301e-01
   0.000000e+00   0.000000e+00   4.282553e-02   3.252382e+00   3.716338e-01   4.074280e-01   8.714817e-01   1.726380e-01   7.889993e+00   1.112324e+00
   0.000000e+00   0.000000e+00   1.457167e-02   8.961339e-01   7.221187e-01   2.418860e+00   7.555685e-01   2.103819e-01   1.102961e+00   8.102764e+00
   0.000000e+00   0.000000e+00   1.065692e-02   1.266080e+00   4.892575e+00   1.748378e+00   1.841052e+00   6.991502e-01   1.339997e+00   2.258573e+00
   0.000000e+00   0.000000e+00   5.154233e-03   2.925225e-01   1.912641e+00   7.772599e-01   3.279885e-01   4.859661e-01   4.144042e-01   9.885957e+00
   0.000000e+00   0.000000e+00   1.799020e-02   9.685740e-01   8.035794e-01   4.616250e+00   8.458261e-01   1.130652e+00   3.157888e+00   2.636506e+00
   0.000000e+00   0.000000e+00   2.155643e-02   1.202679e+00   6.768535e+00   8.967390e-01   9.140818e-01   2.210864e+00   8.987344e-01   1.108669e+00
   0.000000e+00   0.000000e+00   1.181726e-01   6.467453e+00   1.305733e+00   1.513125e+00   9.582869e-01   1.780776e+00   1.022912e+00   8.467889e-01
   0.000000e+00   0.000000e+00   1.844778e-02   1.267623e+00   1.274994e+00   1.319209e+00   3.472239e+00   3.966973e-01   9.941505e-01   5.361572e+00
   0.000000e+00   0.000000e+00   1.494446e-03   9.780079e-02   1.808621e+00   1.005781e+01   4.027594e-01   0.000000e+00   6.729123e-01   1.051887e+00
   0.000000e+00   0.000000e+00   2.030667e-02   1.260306e+00   1.094187e+00   1.246669e+00   4.449799e+00   3.955679e+00   9.805146e-01   1.097088e+00
   0.000000e+00   0.000000e+00   3.574362e-03   2.831349e-01   1.615560e-01   1.255588e+01   4.045371e-01   4.314306e-01   3.510184e-01   0.000000e+00
   0.000000e+00   0.000000e+00   4.474665e-02   2.571660e+00   4.656279e-01   7.883048e+00   6.064110e-01   4.363125e-01   1.317346e+00   1.073813e+00
   0.000000e+00   0.000000e+00   6.890396e-03   3.731466e-01   2.494931e-01   6.807677e-01   3.415768e-01   6.350527e-02   1.195965e+01   5.264633e-01
   0.000000e+00   0.000000e+00   3.671671e-03   2.631056e-01   2.558882e-01   7.091718e-01   1.330298e+00   4.957795e-01   1.747785e+00   9.239621e+00
   0.000000e+00   0.000000e+00   1.071245e-03   6.646582e-02   1.158446e-01   9.484129e-02   8.574372e-01   1.509665e-02   3.990973e+00   8.895850e+00
   0.000000e+00   0.000000e+00   1.093121e-02   5.654877e-01   6.365486e-01   4.733414e-01   6.160069e-01   9.503545e-02   1.154045e+01   8.428350e-02
   0.000000e+00   0.000000e+00   1.657353e-01   8.203866e+00   7.508207e-01   1.407684e+00   9.530638e-01   2.806129e-01   1.885597e+00   4.644983e-01
   0.000000e+00   0.000000e+00   1.581279e-01   8.801071e+00   6.396735e-01   5.083184e-01   2.008196e+00   3.971493e-01   1.302178e+00   4.307110e-01
   0.000000e+00   0.000000e+00   7.436791e-03   3.983870e-01   9.700710e+00   1.257664e-01   4.918963e-01   1.007190e+00   6.496424e-01   1.775521e+00
   0.000000e+00   0.000000e+00   7.568871e-02   4.337662e+00   3.748612e-01   5.751653e+00   1.956082e+00   4.743616e-01   6.508571e-01   6.243794e-01
   0.000000e+00   0.000000e+00   4.399676e-02   2.163402e+00   3.790243e+00   2.332102e+00   1.850254e+00   5.501761e-01   1.472328e+00   1.957877e+00
   0.000000e+00   0.000000e+00   1.184370e-02   9.907033e-01   2.640752e+00   5.147525e+00   1.516560e+00   8.548773e-01   1.066218e+00   1.797672e+00
   0.000000e+00   0.000000e+00   2.095418e-02   1.129946e+00   6.039039e-01   5.101902e+00   1.037458e+00   2.111403e+00   3.093887e+00   1.227318e+00
   0.000000e+00   0.000000e+00   5.393024e-03   3.644385e-01   3.095211e-01   5.151539e-01   6.678573e+00   3.750217e-01   1.882187e+00   3.954107e+00
   0.000000e+00   0.000000e+00   2.593764e-02   1.208230e+00   1.663649e+00   3.566568e+00   1.615846e+00   1.407063e+00   3.248263e+00   1.435771e+00
   0.000000e+00   0.000000e+00   3.645594e-02   4.093607e+00   1.428011e+00   1.252405e-01   5.466075e+00   3.662993e-01   1.041313e-01   2.406932e+00
   0.000000e+00   0.000000e+00   5.860095e-03   4.474257e-01   7.386815e+00   0.000000e+00   7.188963e-01   3.516031e+00   8.891215e-01   1.294699e+00
   0.000000e+00   0.000000e+00   2.950072e-02   1.550104e+00   4.378203e+00   1.603477e+00   1.642383e+00   3.146223e-01   2.250246e+00   2.275459e+00
   0.000000e+00   0.000000e+00   1.802653e-02   9.220786e-01   4.524605e+00   1.932917e+00   1.246186e+00   7.825616e-01   1.319171e+00   3.428105e+00
   0.000000e+00   0.000000e+00   4.073552e-03   1.842190e-01   2.077023e+00   3.733192e+00   9.578321e-01   5.749579e+00   8.913237e-01   5.167601e-01
   0.000000e+00   0.000000e+00   0.000000e+00   0.000000e+00   1.411086e+01   0.000000e+00   0.000000e+00   4.484480e-04   7.749736e-04   0.000000e+00
   0.000000e+00   0.000000e+00   3.517282e-02   1.739299e+00   3.495464e-01   2.273739e-01   5.339989e-01   7.869618e+00   4.591537e-01   2.823051e+00
   0.000000e+00   0.000000e+00   3.947542e-04   2.120996e-02   4.828265e-01   1.501449e-01   8.309525e-01   1.252982e+01   0.000000e+00   8.736550e-02
   0.000000e+00   0.000000e+00   0.000000e+00   0.000000e+00   0.000000e+00   0.000000e+00   0.000000e+00   1.403703e+01   0.000000e+00   0.000000e+00
   0.000000e+00   0.000000e+00   3.986902e-02   2.279521e+00   1.222464e+00   1.492366e+00   1.441355e+00   4.376376e+00   2.185402e+00   1.035834e+00
   0.000000e+00   0.000000e+00   7.536024e-03   3.981369e-01   1.942919e+00   6.370616e-01   5.956763e+00   3.423860e-01   4.779113e+00   0.000000e+00
   0.000000e+00   0.000000e+00   2.697279e-02   1.311462e+00   2.230753e+00   5.256566e+00   1.491784e+00   1.120161e+00   8.912692e-01   1.780267e+00
   0.000000e+00   0.000000e+00   1.474633e-02   8.460993e-01   3.682774e+00   2.781944e+00   2.900162e+00   2.093696e+00   9.157439e-01   9.639851e-01
   0.000000e+00   0.000000e+00   2.311167e-02   1.270189e+00   1.312126e+00   1.077622e+00   5.548546e+00   1.053734e+00   1.927348e+00   2.072776e+00
   0.000000e+00   0.000000e+00   3.769233e-02   1.993346e+00   5.709922e+00   9.444624e-01   1.088436e+00   1.259635e+00   1.844583e+00   1.181440e+00
   0.000000e+00   0.000000e+00   7.178442e-03   4.423375e-01   6.513867e-01   2.335751e+00   6.149625e-01   1.769821e-01   1.208599e+00   8.777201e+00
   0.000000e+00   0.000000e+00   9.907213e-03   6.662604e-01   1.461704e+00   6.205730e-01   8.793370e+00   1.238565e+00   3.653876e-01   9.533721e-01
   0.000000e+00   0.000000e+00   4.991822e-03   3.785256e-01   3.399987e-01   4.351620e-01   4.945034e-01   8.710620e-02   2.435823e-01   1.207679e+01
   0.000000e+00   0.000000e+00   4.887593e-02   2.610027e+00   4.873584e-01   1.933198e-01   1.724308e-02   8.845434e-02   1.101495e+01   6.243292e-03
   0.000000e+00   0.000000e+00   6.138329e-02   3.078539e+00   8.678125e-01   4.741371e-01   4.906011e-01   2.079455e-01   7.120102e-01   8.304203e+00
   0.000000e+00   0.000000e+00   5.101261e-04   3.057825e-02   1.435237e-02   3.874967e-02   8.301614e-03   4.946134e-02   1.994833e-02   1.388872e+01
   0.000000e+00   0.000000e+00   1.916743e-02   1.595750e+00   2.985626e+00   2.287629e+00   1.853705e+00   7.209252e-01   2.962775e+00   1.614737e+00
   0.000000e+00   0.000000e+00   4.237097e-02   2.080919e+00   1.358101e+00   2.836879e+00   1.724216e+00   3.018452e+00   1.831371e+00   1.202506e+00
   0.000000e+00   0.000000e+00   2.475506e-02   1.516346e+00   1.829457e+00   1.770959e+00   3.032993e+00   1.886184e+00   1.602259e+00   2.433923e+00
   0.000000e+00   0.000000e+00   1.684775e-01   9.560051e+00   8.452779e-01   2.471487e+00   1.837018e-01   4.459882e-01   2.314901e-01   2.790922e-01
   0.000000e+00   0.000000e+00   9.962288e-03   1.557315e+00   1.888388e+00   2.064372e+00   3.714347e+00   1.266974e+00   2.562955e+00   1.106842e+00
   0.000000e+00   0.000000e+00   9.873115e-02   4.932688e+00   7.785918e+00   0.000000e+00   6.770191e-01   0.000000e+00   2.985375e-01   4.381522e-01
   0.000000e+00   0.000000e+00   1.261975e-01   7.394935e+00   5.787107e+00   0.000000e+00   2.139238e-02   2.531378e-01   1.843927e-01   2.834368e-01
   0.000000e+00   0.000000e+00   2.453384e-02   1.454121e+00   7.739410e+00   1.906004e+00   1.961997e+00   5.596184e-01   5.607306e-01   1.950544e-02
   0.000000e+00   0.000000e+00   5.866458e-03   8.809631e-01   2.178264e+00   4.631239e+00   1.091700e+00   1.033305e+00   3.208316e+00   1.125422e+00
   0.000000e+00   0.000000e+00   2.609081e-02   1.297011e+00   1.443602e+00   4.502555e+00   1.229668e+00   2.462229e+00   1.660709e+00   1.488930e+00
   0.000000e+00   0.000000e+00   1.634721e-01   9.299430e+00   4.046624e-01   1.822646e+00   6.074298e-01   4.819564e-01   6.346881e-01   6.657038e-01
   0.000000e+00   0.000000e+00   2.742109e-02   1.331477e+00   1.561650e+00   2.647806e+00   1.454955e+00   3.426704e+00   2.189693e+00   1.521058e+00
   0.000000e+00   0.000000e+00   0.000000e+00   0.000000e+00   0.000000e+00   0.000000e+00   1.317159e+01   0.000000e+00   7.187847e-01   2.374979e-01
   0.000000e+00   0.000000e+00   2.673588e-03   1.196571e-01   6.297976e-01   5.394269e+00   6.534680e+00   4.365519e-01   4.395021e-01   6.563674e-01
   0.000000e+00   0.000000e+00   4.067811e-02   3.732982e+00   1.599064e+00   6.631328e-01   5.133154e+00   3.761876e-01   1.163403e+00   1.407911e+00
   0.000000e+00   0.000000e+00   1.238891e-02   8.841257e-01   1.290545e+00   1.645000e+00   4.516918e+00   1.377972e+00   2.223284e+00   2.333830e+00
   0.000000e+00   0.000000e+00   1.522507e-02   8.700728e-01   7.717980e-01   7.858462e-01   3.256521e+00   4.009083e+00   8.581628e-01   3.622056e+00
   0.000000e+00   0.000000e+00   8.128370e-03   4.688662e-01   6.679107e-01   1.186298e+00   5.646489e+00   2.715295e-01   5.296463e+00   5.953806e-01
   0.000000e+00   0.000000e+00   1.340046e-03   2.043650e-01   6.693526e+00   4.008918e-01   7.805768e-01   4.393817e+00   0.000000e+00   1.749812e+00
   0.000000e+00   0.000000e+00   0.000000e+00   0.000000e+00   0.000000e+00   0.000000e+00   1.209945e+01   4.102365e-01   1.307630e+00   2.821982e-01
   0.000000e+00   0.000000e+00   1.580165e-01   8.843024e+00   1.147524e+00   6.138014e-01   1.231913e+00   6.789333e-01   6.759280e-01   7.379960e-01
   0.000000e+00   0.000000e+00   0.000000e+00   0.000000e+00   0.000000e+00   0.000000e+00   0.000000e+00   0.000000e+00   1.400774e+01   0.000000e+00
   0.000000e+00   0.000000e+00   3.933400e-02   1.928885e+00   1.155562e+00   1.120942e+00   1.422735e+00   4.558385e+00   1.278465e+00   2.719562e+00
   0.000000e+00   0.000000e+00   5.449462e-05   3.170080e-03   3.055176e+00   0.000000e+00   0.000000e+00   1.104165e+01   0.000000e+00   0.000000e+00
   0.000000e+00   0.000000e+00   2.705171e-02   1.548052e+00   6.772688e-01   8.158198e+00   9.762645e-01   9.243877e-01   5.384405e-01   1.256463e+00
   0.000000e+00   0.000000e+00   5.287944e-02   2.464123e+00   6.092842e-01   3.280253e+00   3.359570e+00   2.879307e+00   8.252534e-01   7.114749e-01
   0.000000e+00   0.000000e+00   2.875324e-02   1.404497e+00   1.544993e+00   2.582829e+00   1.452317e+00   3.281365e+00   2.272341e+00   1.504142e+00
   0.000000e+00   0.000000e+00   2.423652e-02   1.156862e+00   3.319753e+00   1.127685e+00   2.070800e+00   1.343836e+00   3.268295e+00   2.017465e+00
   0.000000e+00   0.000000e+00   2.071133e-02   1.174206e+00   2.385080e+00   1.506954e+00   1.594367e+00   3.919305e+00   2.095536e+00   1.508778e+00
   0.000000e+00   0.000000e+00   3.443596e-02   1.390489e+00   1.348131e+00   7.218730e+00   5.964336e-01   7.676853e-01   4.508344e-01   2.260613e+00
   0.000000e+00   0.000000e+00   9.007986e-03   4.289227e-01   1.250155e+00   3.150549e+00   7.163520e-01   4.420303e+00   3.326980e+00   8.015543e-01
   0.000000e+00   0.000000e+00   1.546563e-03   7.523062e-02   1.909362e-02   2.368510e-02   1.552057e-02   5.431966e-03   2.113067e-02   1.390036e+01
   0.000000e+00   0.000000e+00   1.835350e-02   8.833666e-01   1.595874e+00   1.105195e+00   7.507304e+00   3.000749e-01   1.689579e+00   9.193702e-01
   0.000000e+00   0.000000e+00   1.862354e-02   9.000222e-01   4.493802e+00   3.894251e+00   1.216902e+00   1.009688e+00   1.215795e+00   1.384638e+00
   0.000000e+00   0.000000e+00   2.070060e-02   1.182830e+00   7.985174e-01   7.630869e-01   4.601221e-01   9.772803e+00   5.913589e-01   5.440764e-01
   0.000000e+00   0.000000e+00   3.163740e-02   2.158729e+00   8.295813e-01   1.472361e-01   1.297767e-01   2.605155e-01   6.192037e-01   9.908513e+00
   0.000000e+00   0.000000e+00   1.150080e-02   1.245017e+00   2.211339e+00   5.098010e+00   1.342169e+00   9.235874e-01   2.094114e+00   1.118469e+00
   0.000000e+00   0.000000e+00   2.735995e-01   1.281008e+01   0.000000e+00   0.000000e+00   1.450388e-01   4.900944e-01   1.614186e-01   2.187475e-01
   0.000000e+00   0.000000e+00   7.316407e-06   5.171469e-04   1.318876e+01   2.474446e-01   0.000000e+00   2.195642e-01   3.196613e-01   1.750957e-01
   0.000000e+00   0.000000e+00   2.741170e-02   1.736725e+00   1.293610e+00   1.738793e+00   2.027078e+00   2.815856e+00   3.289269e+00   1.156356e+00
   0.000000e+00   0.000000e+00   2.583037e-02   1.426479e+00   3.497922e-02   3.701948e-01   7.287332e-01   3.873049e-01   4.274846e-01   1.067532e+01
   0.000000e+00   0.000000e+00   4.669103e-02   3.587300e+00   5.484506e-01   3.439119e+00   5.514719e-01   2.368406e-01   4.172257e+00   1.515284e+00
   0.000000e+00   0.000000e+00   2.500414e-02   1.564181e+00   1.117695e+00   2.897454e+00   2.998352e+00   2.089288e+00   1.509899e+00   1.901891e+00
