   8.591863e-01   8.594020e-01   8.594914e-01   8.594023e-01   8.594021e-01   8.593976e-01   8.580574e-01   2.513925e-01   8.595331e-01   6.029772e+00
   8.591863e-01   8.594020e-01   8.594914e-01   8.594021e-01   8.594021e-01   8.593976e-01   8.580574e-01   2.513925e-01   8.595331e-01   6.029772e+00
   8.591863e-01   8.594020e-01   8.594914e-01   8.594022e-01   8.594021e-01   8.593976e-01   8.580574e-01   2.513925e-01   8.595331e-01   6.029772e+00
   5.536734e-01   2.267803e-01   5.566946e-01   0.000000e+00   4.532905e-01   2.266290e-01   7.744648e-01   2.641678e-01   7.990212e-01   1.780941e+01
   8.591863e-01   8.594020e-01   8.594912e-01   8.594021e-01   8.594021e-01   8.593976e-01   8.580574e-01   2.513925e-01   8.595331e-01   6.029772e+00
   8.591863e-01   8.594020e-01   8.594912e-01   8.594020e-01   8.594021e-01   8.593976e-01   8.580574e-01   2.513925e-01   8.595331e-01   6.029772e+00
   8.591863e-01   8.594020e-01   8.594912e-01   8.594019e-01   8.594021e-01   8.593976e-01   8.580574e-01   2.513925e-01   8.595331e-01   6.029772e+00
   8.591863e-01   8.594020e-01   8.594912e-01   8.594019e-01   8.594021e-01   8.593976e-01   8.580574e-01   2.513925e-01   8.595331e-01   6.029772e+00
   8.591863e-01   8.594020e-01   8.594912e-01   8.594019e-01   8.594020e-01   8.593976e-01   8.580574e-01   2.513925e-01   8.595331e-01   6.029772e+00
   8.591863e-01   8.594020e-01   8.594912e-01   8.594018e-01   8.594021e-01   8.593976e-01   8.580574e-01   2.513925e-01   8.595331e-01   6.029772e+00
   8.591863e-01   8.594020e-01   8.594912e-01   8.594018e-01   8.594021e-01   8.593976e-01   8.580574e-01   2.513925e-01   8.595331e-01   6.029772e+00
   8.591863e-01   8.594020e-01   8.594912e-01   8.594018e-01   8.594021e-01   8.593976e-01   8.580574e-01   2.513925e-01   8.595331e-01   6.029772e+00
   8.591863e-01   8.594020e-01   8.594912e-01   8.594018e-01   8.594021e-01   8.593976e-01   8.580574e-01   2.513925e-01   8.595331e-01   6.029772e+00
   8.591863e-01   8.594020e-01   8.594912e-01   8.594018e-01   8.594021e-01   8.593976e-01   8.580574e-01   2.513925e-01   8.595331e-01   6.029772e+00
   8.591863e-01   8.594020e-01   8.594912e-01   8.594018e-01   8.594021e-01   8.593976e-01   8.580574e-01   2.513925e-01   8.595331e-01   6.029772e+00
   8.591863e-01   8.594020e-01   8.594912e-01   8.594018e-01   8.594021e-01   8.593976e-01   8.580574e-01   2.513925e-01   8.595331e-01   6.029772e+00
   8.591863e-01   8.594020e-01   8.594912e-01   8.594018e-01   8.594021e-01   8.593976e-01   8.580574e-01   2.513925e-01   8.595331e-01   6.029772e+00
   8.591863e-01   8.594020e-01   8.594912e-01   8.594018e-01   8.594021e-01   8.593976e-01   8.580574e-01   2.513925e-01   8.595331e-01   6.029772e+00
   5.414792e-01   8.565966e-01   8.594049e-01   4.534811e-01   2.483655e-01   8.592434e-01   8.582101e-01   2.031147e-01   8.040081e-01   1.075779e+01
   8.591863e-01   8.594020e-01   8.594912e-01   8.594018e-01   8.594021e-01   8.593976e-01   8.580574e-01   2.513925e-01   8.595331e-01   6.029772e+00
   8.591863e-01   8.594020e-01   8.594912e-01   8.594018e-01   8.594021e-01   8.593976e-01   8.580574e-01   2.513925e-01   8.595331e-01   6.029772e+00
   8.591863e-01   8.594020e-01   8.594912e-01   8.594018e-01   8.594021e-01   8.593976e-01   8.580574e-01   2.513925e-01   8.595331e-01   6.029772e+00
   8.591863e-01   8.594020e-01   8.594912e-01   8.594018e-01   8.594021e-01   8.593976e-01   8.580574e-01   2.513925e-01   8.595331e-01   6.029772e+00
   8.591863e-01   8.594020e-01   8.594912e-01   8.594018e-01   8.594021e-01   8.593976e-01   8.580574e-01   2.513925e-01   8.595331e-01   6.029772e+00
   8.591863e-01   8.594020e-01   8.594912e-01   8.594018e-01   8.594021e-01   8.593976e-01   8.580574e-01   2.513925e-01   8.595331e-01   6.029772e+00
   8.591863e-01   8.594020e-01   8.594912e-01   8.594018e-01   8.594021e-01   8.593976e-01   8.580574e-01   2.513925e-01   8.595331e-01   6.029772e+00
   8.591863e-01   8.594020e-01   8.594912e-01   8.594018e-01   8.594021e-01   8.593976e-01   8.580574e-01   2.513925e-01   8.595331e-01   6.029772e+00
   8.591863e-01   8.594020e-01   8.594912e-01   8.594018e-01   8.594021e-01   8.593976e-01   8.580574e-01   2.513925e-01   8.595331e-01   6.029772e+00
   8.591863e-01   8.594020e-01   8.594912e-01   8.594018e-01   8.594021e-01   8.593976e-01   8.580574e-01   2.513925e-01   8.595331e-01   6.029772e+00
   8.371230e-01   8.594209e-01   8.589543e-01   8.592494e-01   8.596646e-01   8.592680e-01   8.580685e-01   2.514333e-01   8.594995e-01   6.049287e+00
   8.591863e-01   8.594020e-01   8.594912e-01   8.594018e-01   8.594021e-01   8.593976e-01   8.580574e-01   2.513925e-01   8.595331e-01   6.029772e+00
   8.591863e-01   8.594020e-01   8.594912e-01   8.594018e-01   8.594021e-01   8.593976e-01   8.580574e-01   2.513925e-01   8.595331e-01   6.029772e+00
   8.591863e-01   8.594020e-01   8.594912e-01   8.594018e-01   8.594021e-01   8.593976e-01   8.580574e-01   2.513925e-01   8.595331e-01   6.029772e+00
   8.611172e-01   8.602064e-01   8.593843e-01   8.593894e-01   8.592535e-01   4.468923e-01   8.522723e-01   2.510047e-01   4.232709e-01   1.162684e+01
   8.591863e-01   8.594020e-01   8.594912e-01   8.594018e-01   8.594021e-01   8.593976e-01   8.580574e-01   2.513925e-01   8.595331e-01   6.029772e+00
   8.591863e-01   8.594020e-01   8.594912e-01   8.594018e-01   8.594021e-01   8.593976e-01   8.580574e-01   2.513925e-01   8.595331e-01   6.029772e+00
   8.591863e-01   8.594020e-01   8.594912e-01   8.594018e-01   8.594021e-01   8.593976e-01   8.580574e-01   2.513925e-01   8.595331e-01   6.029772e+00
   8.591863e-01   8.594020e-01   8.594912e-01   8.594018e-01   8.594021e-01   8.593976e-01   8.580574e-01   2.513925e-01   8.595331e-01   6.029772e+00
   8.591863e-01   8.594020e-01   8.594912e-01   8.594018e-01   8.594021e-01   8.593976e-01   8.580574e-01   2.513925e-01   8.595331e-01   6.029772e+00
   8.591863e-01   8.594020e-01   8.594912e-01   8.594018e-01   8.594021e-01   8.593976e-01   8.580574e-01   2.513925e-01   8.595331e-01   6.029772e+00
   8.591863e-01   8.594020e-01   8.594912e-01   8.594018e-01   8.594021e-01   8.593976e-01   8.580574e-01   2.513925e-01   8.595331e-01   6.029772e+00
   8.591863e-01   8.594020e-01   8.594912e-01   8.594018e-01   8.594021e-01   8.593976e-01   8.580574e-01   2.513925e-01   8.595331e-01   6.029772e+00
   8.591863e-01   8.594020e-01   8.594912e-01   8.594018e-01   8.594021e-01   8.593976e-01   8.580574e-01   2.513925e-01   8.595331e-01   6.029772e+00
   8.591863e-01   8.594020e-01   8.594912e-01   8.594018e-01   8.594021e-01   8.593976e-01   8.580574e-01   2.513925e-01   8.595331e-01   6.029772e+00
   8.591863e-01   8.594020e-01   8.594912e-01   8.594018e-01   8.594021e-01   8.593976e-01   8.580574e-01   2.513925e-01   8.595331e-01   6.029772e+00
   8.591863e-01   8.594020e-01   8.594912e-01   8.594018e-01   8.594021e-01   8.593976e-01   8.580574e-01   2.513925e-01   8.595331e-01   6.029772e+00
   8.591863e-01   8.594020e-01   8.594912e-01   8.594018e-01   8.594021e-01   8.593976e-01   8.580574e-01   2.513925e-01   8.595331e-01   6.029772e+00
   8.591863e-01   8.594020e-01   8.594912e-01   8.594018e-01   8.594021e-01   8.593976e-01   8.580574e-01   2.513925e-01   8.595331e-01   6.029772e+00
   8.591863e-01   8.594020e-01   8.594912e-01   8.594018e-01   8.594021e-01   8.593976e-01   8.580574e-01   2.513925e-01   8.595331e-01   6.029772e+00
   8.480414e-01   8.569017e-01   6.707509e-01   6.813371e-01   6.703881e-01   8.530782e-01   7.267332e-01   2.516532e-01   4.064902e-01   1.152149e+01
   8.591863e-01   8.594020e-01   8.594912e-01   8.594018e-01   8.594021e-01   8.593976e-01   8.580574e-01   2.513925e-01   8.595331e-01   6.029772e+00
   8.591863e-01   8.594020e-01   8.594912e-01   8.594018e-01   8.594021e-01   8.593976e-01   8.580574e-01   2.513925e-01   8.595331e-01   6.029772e+00
   8.591863e-01   8.594020e-01   8.594912e-01   8.594018e-01   8.594021e-01   8.593976e-01   8.580574e-01   2.513925e-01   8.595331e-01   6.029772e+00
   8.591863e-01   8.594020e-01   8.594912e-01   8.594018e-01   8.594021e-01   8.593976e-01   8.580574e-01   2.513925e-01   8.595331e-01   6.029772e+00
   2.817105e-01   4.989415e-01   8.587338e-01   8.543234e-01   8.492904e-01   8.090018e-01   8.508047e-01   2.655080e-01   8.612298e-01   9.680222e+00
   8.591863e-01   8.594020e-01   8.594912e-01   8.594018e-01   8.594021e-01   8.593976e-01   8.580574e-01   2.513925e-01   8.595331e-01   6.029772e+00
   8.591863e-01   8.594020e-01   8.594912e-01   8.594018e-01   8.594021e-01   8.593976e-01   8.580574e-01   2.513925e-01   8.595331e-01   6.029772e+00
   8.591863e-01   8.594020e-01   8.594912e-01   8.594018e-01   8.594021e-01   8.593976e-01   8.580574e-01   2.513925e-01   8.595331e-01   6.029772e+00
   8.591863e-01   8.594020e-01   8.594912e-01   8.594018e-01   8.594021e-01   8.593976e-01   8.580574e-01   2.513925e-01   8.595331e-01   6.029772e+00
   7.233404e-01   8.594041e-01   8.596186e-01   8.593994e-01   7.136936e-01   8.588399e-01   8.579906e-01   2.513938e-01   8.595309e-01   7.304430e+00
   8.591863e-01   8.594020e-01   8.594912e-01   8.594018e-01   8.594021e-01   8.593976e-01   8.580574e-01   2.513925e-01   8.595331e-01   6.029772e+00
   8.591863e-01   8.594020e-01   8.594912e-01   8.594018e-01   8.594021e-01   8.593976e-01   8.580574e-01   2.513925e-01   8.595331e-01   6.029772e+00
   8.591863e-01   8.594020e-01   8.594912e-01   8.594018e-01   8.594021e-01   8.593976e-01   8.580574e-01   2.513925e-01   8.595331e-01   6.029772e+00
   8.591863e-01   8.594020e-01   8.594912e-01   8.594018e-01   8.594021e-01   8.593976e-01   8.580574e-01   2.513925e-01   8.595331e-01   6.029772e+00
   8.591863e-01   8.594020e-01   8.594912e-01   8.594018e-01   8.594021e-01   8.593976e-01   8.580574e-01   2.513925e-01   8.595331e-01   6.029772e+00
   8.591863e-01   8.594020e-01   8.594912e-01   8.594018e-01   8.594021e-01   8.593976e-01   8.580574e-01   2.513925e-01   8.595331e-01   6.029772e+00
   8.591863e-01   8.594020e-01   8.594912e-01   8.594018e-01   8.594021e-01   8.593976e-01   8.580574e-01   2.513925e-01   8.595331e-01   6.029772e+00
   8.591863e-01   8.594020e-01   8.594912e-01   8.594018e-01   8.594021e-01   8.593976e-01   8.580574e-01   2.513925e-01   8.595331e-01   6.029772e+00
   8.591863e-01   8.594020e-01   8.594912e-01   8.594018e-01   8.594021e-01   8.593976e-01   8.580574e-01   2.513925e-01   8.595331e-01   6.029772e+00
   8.591863e-01   8.594020e-01   8.594912e-01   8.594018e-01   8.594021e-01   8.593976e-01   8.580574e-01   2.513925e-01   8.595331e-01   6.029772e+00
   8.591863e-01   8.594020e-01   8.594912e-01   8.594018e-01   8.594021e-01   8.593976e-01   8.580574e-01   2.513925e-01   8.595331e-01   6.029772e+00
   8.591863e-01   8.594020e-01   8.594912e-01   8.594018e-01   8.594021e-01   8.593976e-01   8.580574e-01   2.513925e-01   8.595331e-01   6.029772e+00
   8.591863e-01   8.594020e-01   8.594912e-01   8.594018e-01   8.594021e-01   8.593976e-01   8.580574e-01   2.513925e-01   8.595331e-01   6.029772e+00
   8.591863e-01   8.594020e-01   8.594912e-01   8.594018e-01   8.594021e-01   8.593976e-01   8.580574e-01   2.513925e-01   8.595331e-01   6.029772e+00
   8.591863e-01   8.594020e-01   8.594912e-01   8.594018e-01   8.594021e-01   8.593976e-01   8.580574e-01   2.513925e-01   8.595331e-01   6.029772e+00
   8.591863e-01   8.594020e-01   8.594912e-01   8.594018e-01   8.594021e-01   8.593976e-01   8.580574e-01   2.513925e-01   8.595331e-01   6.029772e+00
   8.591863e-01   8.594020e-01   8.594912e-01   8.594018e-01   8.594021e-01   8.593976e-01   8.580574e-01   2.513925e-01   8.595331e-01   6.029772e+00
   7.094175e-01   8.595156e-01   8.595508e-01   8.593981e-01   8.638457e-01   6.361381e-01   8.580653e-01   2.514168e-01   8.595706e-01   7.973353e+00
   8.591863e-01   8.594020e-01   8.594912e-01   8.594018e-01   8.594021e-01   8.593976e-01   8.580574e-01   2.513925e-01   8.595331e-01   6.029772e+00
   8.591863e-01   8.594020e-01   8.594912e-01   8.594018e-01   8.594021e-01   8.593976e-01   8.580574e-01   2.513925e-01   8.595331e-01   6.029772e+00
   8.593817e-01   7.525613e-01   8.596187e-01   8.594030e-01   8.600914e-01   6.654316e-01   8.580575e-01   2.512852e-01   7.734165e-01   7.726941e+00
   8.591863e-01   8.594020e-01   8.594912e-01   8.594018e-01   8.594021e-01   8.593976e-01   8.580574e-01   2.513925e-01   8.595331e-01   6.029772e+00
   8.591863e-01   8.594020e-01   8.594912e-01   8.594018e-01   8.594021e-01   8.593976e-01   8.580574e-01   2.513925e-01   8.595331e-01   6.029772e+00
   8.591863e-01   8.594020e-01   8.594912e-01   8.594018e-01   8.594021e-01   8.593976e-01   8.580574e-01   2.513925e-01   8.595331e-01   6.029772e+00
   8.591863e-01   8.594020e-01   8.594912e-01   8.594018e-01   8.594021e-01   8.593976e-01   8.580574e-01   2.513925e-01   8.595331e-01   6.029772e+00
   8.591863e-01   8.594020e-01   8.594912e-01   8.594018e-01   8.594021e-01   8.593976e-01   8.580574e-01   2.513925e-01   8.595331e-01   6.029772e+00
   8.591863e-01   8.594020e-01   8.594912e-01   8.594018e-01   8.594021e-01   8.593976e-01   8.580574e-01   2.513925e-01   8.595331e-01   6.029772e+00
   8.591852e-01   8.593982e-01   7.903952e-01   8.594048e-01   8.178667e-01   8.593419e-01   8.580569e-01   2.513892e-01   8.595361e-01   6.271756e+00
   8.591863e-01   8.594020e-01   8.594912e-01   8.594018e-01   8.594021e-01   8.593976e-01   8.580574e-01   2.513925e-01   8.595331e-01   6.029772e+00
   8.591863e-01   8.594020e-01   8.594912e-01   8.594018e-01   8.594021e-01   8.593976e-01   8.580574e-01   2.513925e-01   8.595331e-01   6.029772e+00
   8.591863e-01   8.594020e-01   8.594912e-01   8.594018e-01   8.594021e-01   8.593976e-01   8.580574e-01   2.513925e-01   8.595331e-01   6.029772e+00
   8.591863e-01   8.594020e-01   8.594912e-01   8.594018e-01   8.594021e-01   8.593976e-01   8.580574e-01   2.513925e-01   8.595331e-01   6.029772e+00
   8.591863e-01   8.594020e-01   8.594912e-01   8.594018e-01   8.594021e-01   8.593976e-01   8.580574e-01   2.513925e-01   8.595331e-01   6.029772e+00
   8.591863e-01   8.594020e-01   8.594912e-01   8.594018e-01   8.594021e-01   8.593976e-01   8.580574e-01   2.513925e-01   8.595331e-01   6.029772e+00
   8.591863e-01   8.594020e-01   8.594912e-01   8.594018e-01   8.594021e-01   8.593976e-01   8.580574e-01   2.513925e-01   8.595331e-01   6.029772e+00
   8.591863e-01   8.594020e-01   8.594912e-01   8.594018e-01   8.594021e-01   8.593976e-01   8.580574e-01   2.513925e-01   8.595331e-01   6.029772e+00
   8.591863e-01   8.594020e-01   8.594912e-01   8.594018e-01   8.594021e-01   8.593976e-01   8.580574e-01   2.513925e-01   8.595331e-01   6.029772e+00
   8.591863e-01   8.594020e-01   8.594912e-01   8.594018e-01   8.594021e-01   8.593976e-01   8.580574e-01   2.513925e-01   8.595331e-01   6.029772e+00
   8.591863e-01   8.594020e-01   8.594912e-01   8.594018e-01   8.594021e-01   8.593976e-01   8.580574e-01   2.513925e-01   8.595331e-01   6.029772e+00
   8.355303e-01   8.580693e-01   6.191187e-01   8.731318e-01   8.573031e-01   8.550077e-01   7.122533e-01   2.572763e-01   7.716585e-01   8.937479e+00
   8.387836e-01   8.586057e-01   6.249285e-01   8.757366e-01   7.965159e-01   8.558448e-01   7.108608e-01   2.504830e-01   4.862219e-01   1.062894e+01
   8.591863e-01   8.594020e-01   8.594912e-01   8.594018e-01   8.594021e-01   8.593976e-01   8.580574e-01   2.513925e-01   8.595331e-01   6.029772e+00
   8.591863e-01   8.594020e-01   8.594912e-01   8.594018e-01   8.594021e-01   8.593976e-01   8.580574e-01   2.513925e-01   8.595331e-01   6.029772e+00
   8.591863e-01   8.594020e-01   8.594912e-01   8.594018e-01   8.594021e-01   8.593976e-01   8.580574e-01   2.513925e-01   8.595331e-01   6.029772e+00
   8.591863e-01   8.594020e-01   8.594912e-01   8.594018e-01   8.594021e-01   8.593976e-01   8.580574e-01   2.513925e-01   8.595331e-01   6.029772e+00
   8.591863e-01   8.594020e-01   8.594912e-01   8.594018e-01   8.594021e-01   8.593976e-01   8.580574e-01   2.513925e-01   8.595331e-01   6.029772e+00
   7.288152e-01   7.881688e-01   8.594822e-01   8.594229e-01   8.592484e-01   8.615684e-01   8.580574e-01   2.513885e-01   8.595331e-01   6.778229e+00
   8.591863e-01   8.594020e-01   8.594912e-01   8.594018e-01   8.594021e-01   8.593976e-01   8.580574e-01   2.513925e-01   8.595331e-01   6.029772e+00
   8.591863e-01   8.594020e-01   8.594912e-01   8.594018e-01   8.594021e-01   8.593976e-01   8.580574e-01   2.513925e-01   8.595331e-01   6.029772e+00
   8.591863e-01   8.594020e-01   8.594912e-01   8.594018e-01   8.594021e-01   8.593976e-01   8.580574e-01   2.513925e-01   8.595331e-01   6.029772e+00
   8.591863e-01   8.594020e-01   8.594912e-01   8.594018e-01   8.594021e-01   8.593976e-01   8.580574e-01   2.513925e-01   8.595331e-01   6.029772e+00
   8.591863e-01   8.594020e-01   8.594912e-01   8.594018e-01   8.594021e-01   8.593976e-01   8.580574e-01   2.513925e-01   8.595331e-01   6.029772e+00
   8.591863e-01   8.594020e-01   8.594912e-01   8.594018e-01   8.594021e-01   8.593976e-01   8.580574e-01   2.513925e-01   8.595331e-01   6.029772e+00
   8.591863e-01   8.594020e-01   8.594912e-01   8.594018e-01   8.594021e-01   8.593976e-01   8.580574e-01   2.513925e-01   8.595331e-01   6.029772e+00
   8.393324e-01   8.587132e-01   6.274241e-01   8.722443e-01   8.274126e-01   8.553380e-01   7.107765e-01   2.518659e-01   4.076997e-01   1.034221e+01
   8.591863e-01   8.594020e-01   8.594912e-01   8.594018e-01   8.594021e-01   8.593976e-01   8.580574e-01   2.513925e-01   8.595331e-01   6.029772e+00
   8.591863e-01   8.594020e-01   8.594912e-01   8.594018e-01   8.594021e-01   8.593976e-01   8.580574e-01   2.513925e-01   8.595331e-01   6.029772e+00
   8.591863e-01   8.594020e-01   8.594912e-01   8.594018e-01   8.594021e-01   8.593976e-01   8.580574e-01   2.513925e-01   8.595331e-01   6.029772e+00
   8.591863e-01   8.594020e-01   8.594912e-01   8.594018e-01   8.594021e-01   8.593976e-01   8.580574e-01   2.513925e-01   8.595331e-01   6.029772e+00
   8.591863e-01   8.594020e-01   8.594912e-01   8.594018e-01   8.594021e-01   8.593976e-01   8.580574e-01   2.513925e-01   8.595331e-01   6.029772e+00
   8.591863e-01   8.594020e-01   8.594912e-01   8.594018e-01   8.594021e-01   8.593976e-01   8.580574e-01   2.513925e-01   8.595331e-01   6.029772e+00
   8.591863e-01   8.594020e-01   8.594912e-01   8.594018e-01   8.594021e-01   8.593976e-01   8.580574e-01   2.513925e-01   8.595331e-01   6.029772e+00
   8.591863e-01   8.594020e-01   8.594912e-01   8.594018e-01   8.594021e-01   8.593976e-01   8.580574e-01   2.513925e-01   8.595331e-01   6.029772e+00
   8.591863e-01   8.594020e-01   8.594912e-01   8.594018e-01   8.594021e-01   8.593976e-01   8.580574e-01   2.513925e-01   8.595331e-01   6.029772e+00
   8.591863e-01   8.594020e-01   8.594912e-01   8.594018e-01   8.594021e-01   8.593976e-01   8.580574e-01   2.513925e-01   8.595331e-01   6.029772e+00
   1.193243e-01   4.104165e-02   7.176009e-01   8.307381e-01   8.561070e-01   5.708347e-01   9.408377e-02   2.505353e-01   6.983009e-01   1.841862e+01
   8.591863e-01   8.594020e-01   8.594912e-01   8.594018e-01   8.594021e-01   8.593976e-01   8.580574e-01   2.513925e-01   8.595331e-01   6.029772e+00
   8.591863e-01   8.594020e-01   8.594912e-01   8.594018e-01   8.594021e-01   8.593976e-01   8.580574e-01   2.513925e-01   8.595331e-01   6.029772e+00
   8.591863e-01   8.594020e-01   8.594912e-01   8.594018e-01   8.594021e-01   8.593976e-01   8.580574e-01   2.513925e-01   8.595331e-01   6.029772e+00
   8.592524e-01   8.593857e-01   8.588565e-01   8.594301e-01   8.588616e-01   8.593258e-01   7.886991e-01   2.513907e-01   8.632947e-01   6.214676e+00
   8.591863e-01   8.594020e-01   8.594912e-01   8.594018e-01   8.594021e-01   8.593976e-01   8.580574e-01   2.513925e-01   8.595331e-01   6.029772e+00
   8.591863e-01   8.594020e-01   8.594912e-01   8.594018e-01   8.594021e-01   8.593976e-01   8.580574e-01   2.513925e-01   8.595331e-01   6.029772e+00
   8.591863e-01   8.594020e-01   8.594912e-01   8.594018e-01   8.594021e-01   8.593976e-01   8.580574e-01   2.513925e-01   8.595331e-01   6.029772e+00
   8.591863e-01   8.594020e-01   8.594912e-01   8.594018e-01   8.594021e-01   8.593976e-01   8.580574e-01   2.513925e-01   8.595331e-01   6.029772e+00
   8.591863e-01   8.594020e-01   8.594912e-01   8.594018e-01   8.594021e-01   8.593976e-01   8.580574e-01   2.513925e-01   8.595331e-01   6.029772e+00
   8.590083e-01   8.590577e-01   5.942274e-01   8.998816e-01   8.593947e-01   8.590995e-01   8.452992e-01   2.503513e-01   8.345712e-01   7.602891e+00
   8.591863e-01   8.594020e-01   8.594912e-01   8.594018e-01   8.594021e-01   8.593976e-01   8.580574e-01   2.513925e-01   8.595331e-01   6.029772e+00
   8.591863e-01   8.594020e-01   8.594912e-01   8.594018e-01   8.594021e-01   8.593976e-01   8.580574e-01   2.513925e-01   8.595331e-01   6.029772e+00
   8.591863e-01   8.594020e-01   8.594912e-01   8.594018e-01   8.594021e-01   8.593976e-01   8.580574e-01   2.513925e-01   8.595331e-01   6.029772e+00
   8.591863e-01   8.594020e-01   8.594912e-01   8.594018e-01   8.594021e-01   8.593976e-01   8.580574e-01   2.513925e-01   8.595331e-01   6.029772e+00
   8.591863e-01   8.594020e-01   8.594912e-01   8.594018e-01   8.594021e-01   8.593976e-01   8.580574e-01   2.513925e-01   8.595331e-01   6.029772e+00
   8.591863e-01   8.594020e-01   8.594912e-01   8.594018e-01   8.594021e-01   8.593976e-01   8.580574e-01   2.513925e-01   8.595331e-01   6.029772e+00
   8.591863e-01   8.594020e-01   8.594912e-01   8.594018e-01   8.594021e-01   8.593976e-01   8.580574e-01   2.513925e-01   8.595331e-01   6.029772e+00
   8.591863e-01   8.594020e-01   8.594912e-01   8.594018e-01   8.594021e-01   8.593976e-01   8.580574e-01   2.513925e-01   8.595331e-01   6.029772e+00
   8.591863e-01   8.594020e-01   8.594912e-01   8.594018e-01   8.594021e-01   8.593976e-01   8.580574e-01   2.513925e-01   8.595331e-01   6.029772e+00
   8.707763e-01   8.592894e-01   8.596327e-01   8.593463e-01   8.618555e-01   7.069680e-01   8.580596e-01   2.513037e-01   8.595409e-01   6.759005e+00
   8.591863e-01   8.594020e-01   8.594912e-01   8.594018e-01   8.594021e-01   8.593976e-01   8.580574e-01   2.513925e-01   8.595331e-01   6.029772e+00
   8.591863e-01   8.594020e-01   8.594912e-01   8.594018e-01   8.594021e-01   8.593976e-01   8.580574e-01   2.513925e-01   8.595331e-01   6.029772e+00
   8.591863e-01   8.594020e-01   8.594912e-01   8.594018e-01   8.594021e-01   8.593976e-01   8.580574e-01   2.513925e-01   8.595331e-01   6.029772e+00
   8.642768e-01   1.495745e-01   8.925615e-01   0.000000e+00   8.606873e-01   3.798229e-01   8.900413e-02   2.504334e-01   3.004091e-01   1.609980e+01
   8.595160e-01   7.571583e-01   8.602752e-01   8.585891e-01   8.589714e-01   8.561692e-01   8.580600e-01   2.495730e-01   8.614535e-01   6.401832e+00
   8.591863e-01   8.594020e-01   8.594912e-01   8.594018e-01   8.594021e-01   8.593976e-01   8.580574e-01   2.513925e-01   8.595331e-01   6.029772e+00
   8.591863e-01   8.594020e-01   8.594912e-01   8.594018e-01   8.594021e-01   8.593976e-01   8.580574e-01   2.513925e-01   8.595331e-01   6.029772e+00
   8.591863e-01   8.594020e-01   8.594912e-01   8.594018e-01   8.594021e-01   8.593976e-01   8.580574e-01   2.513925e-01   8.595331e-01   6.029772e+00
   8.591863e-01   8.594020e-01   8.594912e-01   8.594018e-01   8.594021e-01   8.593976e-01   8.580574e-01   2.513925e-01   8.595331e-01   6.029772e+00
   8.591863e-01   8.594020e-01   8.594912e-01   8.594018e-01   8.594021e-01   8.593976e-01   8.580574e-01   2.513925e-01   8.595331e-01   6.029772e+00
   8.591863e-01   8.594020e-01   8.594912e-01   8.594018e-01   8.594021e-01   8.593976e-01   8.580574e-01   2.513925e-01   8.595331e-01   6.029772e+00
   8.591863e-01   8.594020e-01   8.594912e-01   8.594018e-01   8.594021e-01   8.593976e-01   8.580574e-01   2.513925e-01   8.595331e-01   6.029772e+00
   8.591863e-01   8.594020e-01   8.594912e-01   8.594018e-01   8.594021e-01   8.593976e-01   8.580574e-01   2.513925e-01   8.595331e-01   6.029772e+00
   8.591863e-01   8.594020e-01   8.594912e-01   8.594018e-01   8.594021e-01   8.593976e-01   8.580574e-01   2.513925e-01   8.595331e-01   6.029772e+00
   8.591863e-01   8.594020e-01   8.594912e-01   8.594018e-01   8.594021e-01   8.593976e-01   8.580574e-01   2.513925e-01   8.595331e-01   6.029772e+00
   8.591863e-01   8.594020e-01   8.594912e-01   8.594018e-01   8.594021e-01   8.593976e-01   8.580574e-01   2.513925e-01   8.595331e-01   6.029772e+00
   8.591863e-01   8.594020e-01   8.594912e-01   8.594018e-01   8.594021e-01   8.593976e-01   8.580574e-01   2.513925e-01   8.595331e-01   6.029772e+00
   8.591863e-01   8.594020e-01   8.594912e-01   8.594018e-01   8.594021e-01   8.593976e-01   8.580574e-01   2.513925e-01   8.595331e-01   6.029772e+00
   8.591863e-01   8.594020e-01   8.594912e-01   8.594018e-01   8.594021e-01   8.593976e-01   8.580574e-01   2.513925e-01   8.595331e-01   6.029772e+00
   8.591863e-01   8.594020e-01   8.594912e-01   8.594018e-01   8.594021e-01   8.593976e-01   8.580574e-01   2.513925e-01   8.595331e-01   6.029772e+00
   8.591863e-01   8.594020e-01   8.594912e-01   8.594018e-01   8.594021e-01   8.593976e-01   8.580574e-01   2.513925e-01   8.595331e-01   6.029772e+00
   6.184260e-01   8.600304e-01   8.593845e-01   5.466276e-01   5.399216e-01   8.594170e-01   8.582633e-01   2.181124e-01   7.930493e-01   1.085128e+01
   8.591856e-01   8.594166e-01   8.390819e-01   8.593892e-01   8.594087e-01   7.755258e-01   8.557181e-01   2.510522e-01   1.977964e-01   7.606360e+00
   8.591863e-01   8.594020e-01   8.594912e-01   8.594018e-01   8.594021e-01   8.593976e-01   8.580574e-01   2.513925e-01   8.595331e-01   6.029772e+00
   8.591862e-01   8.594011e-01   7.802806e-01   8.594010e-01   8.179386e-01   8.593156e-01   8.580575e-01   2.513906e-01   8.595367e-01   6.323443e+00
   8.591863e-01   8.594020e-01   8.594912e-01   8.594018e-01   8.594021e-01   8.593976e-01   8.580574e-01   2.513925e-01   8.595331e-01   6.029772e+00
   8.591863e-01   8.594020e-01   8.594912e-01   8.594018e-01   8.594021e-01   8.593976e-01   8.580574e-01   2.513925e-01   8.595331e-01   6.029772e+00
   8.591863e-01   8.594020e-01   8.594912e-01   8.594018e-01   8.594021e-01   8.593976e-01   8.580574e-01   2.513925e-01   8.595331e-01   6.029772e+00
   8.592373e-01   8.594202e-01   8.596269e-01   8.593976e-01   7.984965e-01   8.593380e-01   8.580639e-01   2.509609e-01   8.606796e-01   6.169754e+00
   8.591863e-01   8.594020e-01   8.594912e-01   8.594018e-01   8.594021e-01   8.593976e-01   8.580574e-01   2.513925e-01   8.595331e-01   6.029772e+00
   8.591790e-01   8.593062e-01   6.478472e-01   8.594014e-01   8.594500e-01   8.593480e-01   7.845411e-01   2.512143e-01   4.981169e-01   9.087470e+00
   2.264628e-01   2.586013e-01   2.650253e-01   2.820500e-01   1.475595e-01   7.190626e-01   6.940361e-01   2.731155e-01   4.370502e-01   3.523772e+01
   8.591863e-01   8.594020e-01   8.594912e-01   8.594018e-01   8.594021e-01   8.593976e-01   8.580574e-01   2.513925e-01   8.595331e-01   6.029772e+00
   8.591863e-01   8.594020e-01   8.594912e-01   8.594018e-01   8.594021e-01   8.593976e-01   8.580574e-01   2.513925e-01   8.595331e-01   6.029772e+00
   8.591863e-01   8.594020e-01   8.594912e-01   8.594018e-01   8.594021e-01   8.593976e-01   8.580574e-01   2.513925e-01   8.595331e-01   6.029772e+00
   8.591863e-01   8.594020e-01   8.594912e-01   8.594018e-01   8.594021e-01   8.593976e-01   8.580574e-01   2.513925e-01   8.595331e-01   6.029772e+00
   8.591863e-01   8.594020e-01   8.594912e-01   8.594018e-01   8.594021e-01   8.593976e-01   8.580574e-01   2.513925e-01   8.595331e-01   6.029772e+00
   8.591863e-01   8.594020e-01   8.594912e-01   8.594018e-01   8.594021e-01   8.593976e-01   8.580574e-01   2.513925e-01   8.595331e-01   6.029772e+00
   8.591863e-01   8.594020e-01   8.594912e-01   8.594018e-01   8.594021e-01   8.593976e-01   8.580574e-01   2.513925e-01   8.595331e-01   6.029772e+00
   8.591863e-01   8.594020e-01   8.594912e-01   8.594018e-01   8.594021e-01   8.593976e-01   8.580574e-01   2.513925e-01   8.595331e-01   6.029772e+00
   8.591863e-01   8.594020e-01   8.594912e-01   8.594018e-01   8.594021e-01   8.593976e-01   8.580574e-01   2.513925e-01   8.595331e-01   6.029772e+00
   8.591863e-01   8.594020e-01   8.594912e-01   8.594018e-01   8.594021e-01   8.593976e-01   8.580574e-01   2.513925e-01   8.595331e-01   6.029772e+00
   8.591863e-01   8.594020e-01   8.594912e-01   8.594018e-01   8.594021e-01   8.593976e-01   8.580574e-01   2.513925e-01   8.595331e-01   6.029772e+00
   8.591863e-01   8.594020e-01   8.594912e-01   8.594018e-01   8.594021e-01   8.593976e-01   8.580574e-01   2.513925e-01   8.595331e-01   6.029772e+00
   8.591863e-01   8.594020e-01   8.594912e-01   8.594018e-01   8.594021e-01   8.593976e-01   8.580574e-01   2.513925e-01   8.595331e-01   6.029772e+00
   8.591863e-01   8.594020e-01   8.594912e-01   8.594018e-01   8.594021e-01   8.593976e-01   8.580574e-01   2.513925e-01   8.595331e-01   6.029772e+00
   8.591863e-01   8.594020e-01   8.594912e-01   8.594018e-01   8.594021e-01   8.593976e-01   8.580574e-01   2.513925e-01   8.595331e-01   6.029772e+00
   8.591863e-01   8.594020e-01   8.594912e-01   8.594018e-01   8.594021e-01   8.593976e-01   8.580574e-01   2.513925e-01   8.595331e-01   6.029772e+00
   6.043703e-01   6.123499e-01   6.593216e-01   6.946921e-01   6.845359e-01   6.495136e-01   8.587639e-01   1.824012e-01   7.827105e-01   1.910049e+01
   8.591863e-01   8.594020e-01   8.594912e-01   8.594018e-01   8.594021e-01   8.593976e-01   8.580574e-01   2.513925e-01   8.595331e-01   6.029772e+00
   8.591863e-01   8.594020e-01   8.594912e-01   8.594018e-01   8.594021e-01   8.593976e-01   8.580574e-01   2.513925e-01   8.595331e-01   6.029772e+00
   8.591863e-01   8.594020e-01   8.594912e-01   8.594018e-01   8.594021e-01   8.593976e-01   8.580574e-01   2.513925e-01   8.595331e-01   6.029772e+00
   8.591823e-01   8.593974e-01   8.596185e-01   8.594169e-01   6.351798e-01   8.592827e-01   8.580605e-01   2.514636e-01   8.595137e-01   7.273327e+00
   8.591863e-01   8.594020e-01   8.594912e-01   8.594018e-01   8.594021e-01   8.593976e-01   8.580574e-01   2.513925e-01   8.595331e-01   6.029772e+00
   8.591863e-01   8.594020e-01   8.594912e-01   8.594018e-01   8.594021e-01   8.593976e-01   8.580574e-01   2.513925e-01   8.595331e-01   6.029772e+00
   8.591931e-01   8.105187e-01   8.596210e-01   8.592616e-01   8.586719e-01   8.574154e-01   8.580542e-01   2.493397e-01   8.593798e-01   6.120635e+00
   8.591863e-01   8.594020e-01   8.594912e-01   8.594018e-01   8.594021e-01   8.593976e-01   8.580574e-01   2.513925e-01   8.595331e-01   6.029772e+00
   8.591863e-01   8.594020e-01   8.594912e-01   8.594018e-01   8.594021e-01   8.593976e-01   8.580574e-01   2.513925e-01   8.595331e-01   6.029772e+00
   8.591863e-01   8.594020e-01   8.594912e-01   8.594018e-01   8.594021e-01   8.593976e-01   8.580574e-01   2.513925e-01   8.595331e-01   6.029772e+00
   8.591863e-01   8.594020e-01   8.594912e-01   8.594018e-01   8.594021e-01   8.593976e-01   8.580574e-01   2.513925e-01   8.595331e-01   6.029772e+00
   8.591863e-01   8.594020e-01   8.594912e-01   8.594018e-01   8.594021e-01   8.593976e-01   8.580574e-01   2.513925e-01   8.595331e-01   6.029772e+00
   8.591863e-01   8.594020e-01   8.594912e-01   8.594018e-01   8.594021e-01   8.593976e-01   8.580574e-01   2.513925e-01   8.595331e-01   6.029772e+00
   8.591863e-01   8.594020e-01   8.594912e-01   8.594018e-01   8.594021e-01   8.593976e-01   8.580574e-01   2.513925e-01   8.595331e-01   6.029772e+00
   8.591863e-01   8.594020e-01   8.594912e-01   8.594018e-01   8.594021e-01   8.593976e-01   8.580574e-01   2.513925e-01   8.595331e-01   6.029772e+00
   8.591863e-01   8.594020e-01   8.594912e-01   8.594018e-01   8.594021e-01   8.593976e-01   8.580574e-01   2.513925e-01   8.595331e-01   6.029772e+00
   8.591863e-01   8.594020e-01   8.594912e-01   8.594018e-01   8.594021e-01   8.593976e-01   8.580574e-01   2.513925e-01   8.595331e-01   6.029772e+00
   8.591863e-01   8.594020e-01   8.594912e-01   8.594018e-01   8.594021e-01   8.593976e-01   8.580574e-01   2.513925e-01   8.595331e-01   6.029772e+00
   8.591863e-01   8.594020e-01   8.594912e-01   8.594018e-01   8.594021e-01   8.593976e-01   8.580574e-01   2.513925e-01   8.595331e-01   6.029772e+00
   8.591863e-01   8.594020e-01   8.594912e-01   8.594018e-01   8.594021e-01   8.593976e-01   8.580574e-01   2.513925e-01   8.595331e-01   6.029772e+00
   8.591863e-01   8.594020e-01   8.594912e-01   8.594018e-01   8.594021e-01   8.593976e-01   8.580574e-01   2.513925e-01   8.595331e-01   6.029772e+00
   8.591863e-01   8.594020e-01   8.594912e-01   8.594018e-01   8.594021e-01   8.593976e-01   8.580574e-01   2.513925e-01   8.595331e-01   6.029772e+00
   8.591863e-01   8.594020e-01   8.594912e-01   8.594018e-01   8.594021e-01   8.593976e-01   8.580574e-01   2.513925e-01   8.595331e-01   6.029772e+00
   8.591863e-01   8.594020e-01   8.594912e-01   8.594018e-01   8.594021e-01   8.593976e-01   8.580574e-01   2.513925e-01   8.595331e-01   6.029772e+00
   8.591863e-01   8.594020e-01   8.594912e-01   8.594018e-01   8.594021e-01   8.593976e-01   8.580574e-01   2.513925e-01   8.595331e-01   6.029772e+00
   8.591863e-01   8.594020e-01   8.594912e-01   8.594018e-01   8.594021e-01   8.593976e-01   8.580574e-01   2.513925e-01   8.595331e-01   6.029772e+00
   8.591863e-01   8.594020e-01   8.594912e-01   8.594018e-01   8.594021e-01   8.593976e-01   8.580574e-01   2.513925e-01   8.595331e-01   6.029772e+00
   8.591863e-01   8.594020e-01   8.594912e-01   8.594018e-01   8.594021e-01   8.593976e-01   8.580574e-01   2.513925e-01   8.595331e-01   6.029772e+00
   8.591863e-01   8.594020e-01   8.594912e-01   8.594018e-01   8.594021e-01   8.593976e-01   8.580574e-01   2.513925e-01   8.595331e-01   6.029772e+00
   8.591863e-01   8.594020e-01   8.594912e-01   8.594018e-01   8.594021e-01   8.593976e-01   8.580574e-01   2.513925e-01   8.595331e-01   6.029772e+00
   8.591863e-01   8.594020e-01   8.594912e-01   8.594018e-01   8.594021e-01   8.593976e-01   8.580574e-01   2.513925e-01   8.595331e-01   6.029772e+00
   8.591863e-01   8.594020e-01   8.594912e-01   8.594018e-01   8.594021e-01   8.593976e-01   8.580574e-01   2.513925e-01   8.595331e-01   6.029772e+00
   8.591863e-01   8.594020e-01   8.594912e-01   8.594018e-01   8.594021e-01   8.593976e-01   8.580574e-01   2.513925e-01   8.595331e-01   6.029772e+00
   3.020957e-01   2.469378e-01   2.662842e-01   1.740628e-01   1.816145e-01   3.202363e-01   6.938507e-01   2.720737e-01   7.707063e-01   3.885222e+01
   8.591861e-01   8.392050e-01   2.147802e-01   8.214059e-02   8.588664e-01   8.593650e-01   8.581993e-01   2.513673e-01   8.595366e-01   8.884210e+00
   8.591863e-01   8.594020e-01   8.594912e-01   8.594018e-01   8.594021e-01   8.593976e-01   8.580574e-01   2.513925e-01   8.595331e-01   6.029772e+00
   8.591863e-01   8.594020e-01   8.594912e-01   8.594018e-01   8.594021e-01   8.593976e-01   8.580574e-01   2.513925e-01   8.595331e-01   6.029772e+00
   8.591863e-01   8.594020e-01   8.594912e-01   8.594018e-01   8.594021e-01   8.593976e-01   8.580574e-01   2.513925e-01   8.595331e-01   6.029772e+00
   8.571548e-01   8.562308e-01   9.674022e-02   8.554222e-01   8.600208e-01   8.591414e-01   0.000000e+00   2.503210e-01   8.591484e-01   9.278961e+00
   8.591863e-01   8.594020e-01   8.594912e-01   8.594018e-01   8.594021e-01   8.593976e-01   8.580574e-01   2.513925e-01   8.595331e-01   6.029772e+00
   8.591863e-01   8.594020e-01   8.594912e-01   8.594018e-01   8.594021e-01   8.593976e-01   8.580574e-01   2.513925e-01   8.595331e-01   6.029772e+00
   8.591863e-01   8.594020e-01   8.594912e-01   8.594018e-01   8.594021e-01   8.593976e-01   8.580574e-01   2.513925e-01   8.595331e-01   6.029772e+00
   8.591863e-01   8.594020e-01   8.594912e-01   8.594018e-01   8.594021e-01   8.593976e-01   8.580574e-01   2.513925e-01   8.595331e-01   6.029772e+00
   8.591863e-01   8.594020e-01   8.594912e-01   8.594018e-01   8.594021e-01   8.593976e-01   8.580574e-01   2.513925e-01   8.595331e-01   6.029772e+00
   8.591863e-01   8.594020e-01   8.594912e-01   8.594018e-01   8.594021e-01   8.593976e-01   8.580574e-01   2.513925e-01   8.595331e-01   6.029772e+00
   8.591863e-01   8.594020e-01   8.594912e-01   8.594018e-01   8.594021e-01   8.593976e-01   8.580574e-01   2.513925e-01   8.595331e-01   6.029772e+00
   8.591642e-01   8.593063e-01   6.213862e-01   8.808809e-01   8.593935e-01   8.589724e-01   8.427855e-01   2.517099e-01   8.298668e-01   7.422616e+00
   8.591863e-01   8.594020e-01   8.594912e-01   8.594018e-01   8.594021e-01   8.593976e-01   8.580574e-01   2.513925e-01   8.595331e-01   6.029772e+00
   8.591863e-01   8.594020e-01   8.594912e-01   8.594018e-01   8.594021e-01   8.593976e-01   8.580574e-01   2.513925e-01   8.595331e-01   6.029772e+00
   8.591863e-01   8.594020e-01   8.594912e-01   8.594018e-01   8.594021e-01   8.593976e-01   8.580574e-01   2.513925e-01   8.595331e-01   6.029772e+00
   8.591863e-01   8.594020e-01   8.594912e-01   8.594018e-01   8.594021e-01   8.593976e-01   8.580574e-01   2.513925e-01   8.595331e-01   6.029772e+00
   8.591863e-01   8.594020e-01   8.594912e-01   8.594018e-01   8.594021e-01   8.593976e-01   8.580574e-01   2.513925e-01   8.595331e-01   6.029772e+00
   8.591863e-01   8.594020e-01   8.594912e-01   8.594018e-01   8.594021e-01   8.593976e-01   8.580574e-01   2.513925e-01   8.595331e-01   6.029772e+00
   8.591863e-01   8.594020e-01   8.594912e-01   8.594018e-01   8.594021e-01   8.593976e-01   8.580574e-01   2.513925e-01   8.595331e-01   6.029772e+00
   8.591863e-01   8.594020e-01   8.594912e-01   8.594018e-01   8.594021e-01   8.593976e-01   8.580574e-01   2.513925e-01   8.595331e-01   6.029772e+00
   8.591863e-01   8.594020e-01   8.594912e-01   8.594018e-01   8.594021e-01   8.593976e-01   8.580574e-01   2.513925e-01   8.595331e-01   6.029772e+00
   8.591863e-01   8.594020e-01   8.594912e-01   8.594018e-01   8.594021e-01   8.593976e-01   8.580574e-01   2.513925e-01   8.595331e-01   6.029772e+00
   8.591863e-01   8.594020e-01   8.594912e-01   8.594018e-01   8.594021e-01   8.593976e-01   8.580574e-01   2.513925e-01   8.595331e-01   6.029772e+00
   8.591863e-01   8.594020e-01   8.594912e-01   8.594018e-01   8.594021e-01   8.593976e-01   8.580574e-01   2.513925e-01   8.595331e-01   6.029772e+00
   8.591863e-01   8.594020e-01   8.594912e-01   8.594018e-01   8.594021e-01   8.593976e-01   8.580574e-01   2.513925e-01   8.595331e-01   6.029772e+00
   8.591863e-01   8.594020e-01   8.594912e-01   8.594018e-01   8.594021e-01   8.593976e-01   8.580574e-01   2.513925e-01   8.595331e-01   6.029772e+00
   8.591863e-01   8.594020e-01   8.594912e-01   8.594018e-01   8.594021e-01   8.593976e-01   8.580574e-01   2.513925e-01   8.595331e-01   6.029772e+00
   8.789552e-01   8.595236e-01   8.712791e-01   8.511842e-01   8.594741e-01   7.194497e-01   8.398635e-01   2.500660e-01   8.622279e-01   6.701141e+00
   8.591863e-01   8.594020e-01   8.594912e-01   8.594018e-01   8.594021e-01   8.593976e-01   8.580574e-01   2.513925e-01   8.595331e-01   6.029772e+00
   8.591863e-01   8.594020e-01   8.594912e-01   8.594018e-01   8.594021e-01   8.593976e-01   8.580574e-01   2.513925e-01   8.595331e-01   6.029772e+00
   8.591863e-01   8.594020e-01   8.594912e-01   8.594018e-01   8.594021e-01   8.593976e-01   8.580574e-01   2.513925e-01   8.595331e-01   6.029772e+00
   8.591863e-01   8.594020e-01   8.594912e-01   8.594018e-01   8.594021e-01   8.593976e-01   8.580574e-01   2.513925e-01   8.595331e-01   6.029772e+00
   8.591863e-01   8.594020e-01   8.594912e-01   8.594018e-01   8.594021e-01   8.593976e-01   8.580574e-01   2.513925e-01   8.595331e-01   6.029772e+00
   8.612859e-01   8.600479e-01   8.593373e-01   8.593926e-01   8.591920e-01   4.834439e-01   8.584683e-01   2.509699e-01   3.854796e-01   9.206701e+00
   8.591863e-01   8.594020e-01   8.594912e-01   8.594018e-01   8.594021e-01   8.593976e-01   8.580574e-01   2.513925e-01   8.595331e-01   6.029772e+00
   8.591863e-01   8.594020e-01   8.594912e-01   8.594018e-01   8.594021e-01   8.593976e-01   8.580574e-01   2.513925e-01   8.595331e-01   6.029772e+00
   8.591863e-01   8.594020e-01   8.594912e-01   8.594018e-01   8.594021e-01   8.593976e-01   8.580574e-01   2.513925e-01   8.595331e-01   6.029772e+00
   8.591863e-01   8.594020e-01   8.594912e-01   8.594018e-01   8.594021e-01   8.593976e-01   8.580574e-01   2.513925e-01   8.595331e-01   6.029772e+00
   8.591863e-01   8.594020e-01   8.594912e-01   8.594018e-01   8.594021e-01   8.593976e-01   8.580574e-01   2.513925e-01   8.595331e-01   6.029772e+00
   8.591863e-01   8.594020e-01   8.594912e-01   8.594018e-01   8.594021e-01   8.593976e-01   8.580574e-01   2.513925e-01   8.595331e-01   6.029772e+00
   8.591862e-01   8.594013e-01   8.600143e-01   7.398334e-01   8.594063e-01   8.593952e-01   8.154002e-01   2.513915e-01   8.595335e-01   6.585999e+00
   8.591863e-01   8.594020e-01   8.594912e-01   8.594018e-01   8.594021e-01   8.593976e-01   8.580574e-01   2.513925e-01   8.595331e-01   6.029772e+00
   5.903321e-01   8.594032e-01   8.595105e-01   8.592947e-01   7.374734e-01   8.593604e-01   8.580629e-01   2.513882e-01   8.599440e-01   8.020538e+00
   8.592092e-01   7.602141e-01   8.605137e-01   8.124143e-01   8.591179e-01   8.579782e-01   8.579912e-01   2.515325e-01   8.598808e-01   6.466088e+00
   8.591863e-01   8.594020e-01   8.594912e-01   8.594018e-01   8.594021e-01   8.593976e-01   8.580574e-01   2.513925e-01   8.595331e-01   6.029772e+00
   8.591863e-01   8.594020e-01   8.594912e-01   8.594018e-01   8.594021e-01   8.593976e-01   8.580574e-01   2.513925e-01   8.595331e-01   6.029772e+00
