   7.606150e-01   3.795421e-02   5.397703e-01   4.849096e-01   9.597171e-02   4.987951e-01   4.961128e-01   5.010051e-01   5.044892e-01   5.014586e-01   4.845826e-01   4.955601e-01   4.927643e-01   4.938039e-01   5.092911e-01
   3.453910e-01   3.911657e-02   5.040389e-01   4.689832e-01   5.215576e-01   4.943023e-01   5.232618e-01   5.016102e-01   4.969544e-01   4.997883e-01   5.011431e-01   5.043796e-01   5.096720e-01   4.963200e-01   4.844661e-01
   7.544826e-01   9.390965e-02   5.351086e-01   4.975060e-01   1.975541e-01   4.958370e-01   5.066939e-01   4.928410e-01   5.061006e-01   5.018380e-01   5.013744e-01   5.059393e-01   5.024408e-01   4.895450e-01   4.994444e-01
   6.766017e-01   3.137487e-02   4.569463e-01   5.407309e-01   1.695904e-01   4.990139e-01   5.150344e-01   5.035103e-01   5.086152e-01   4.955745e-01   4.942201e-01   5.012909e-01   4.987319e-01   4.969569e-01   5.121878e-01
   5.432075e-01   6.597792e-02   1.809446e-01   4.032787e-01   4.743996e-01   5.047381e-01   5.016407e-01   5.064639e-01   5.005665e-01   4.872211e-01   4.962906e-01   5.044267e-01   5.050399e-01   4.942424e-01   4.982332e-01
   6.125936e-02   1.000000e+00   2.352485e-04   7.143732e-01   1.448782e-01   4.600454e-01   6.535207e-01   0.000000e+00   7.134363e-02   2.338609e-04   9.172456e-02   8.360904e-01   5.070156e-01   1.000000e+00   5.509969e-01
   1.405338e-01   1.000000e+00   0.000000e+00   5.149965e-01   9.987737e-01   4.531874e-01   4.750833e-01   5.178649e-01   4.298464e-01   3.828737e-01   2.100541e-01   4.963677e-01   5.321058e-01   6.076182e-01   5.929485e-01
   6.728913e-01   3.741595e-02   4.407301e-01   4.893402e-01   2.526062e-01   5.041477e-01   4.821752e-01   5.070464e-01   5.067464e-01   4.979467e-01   4.961809e-01   4.986267e-01   4.975586e-01   4.980202e-01   5.027492e-01
   5.958975e-01   9.906474e-02   6.690219e-01   4.415888e-01   3.033898e-01   4.864454e-01   4.962335e-01   5.063857e-01   4.895704e-01   4.979021e-01   4.860146e-01   5.051992e-01   5.103030e-01   4.965169e-01   4.983438e-01
   2.790212e-01   2.653515e-02   8.290024e-01   4.145582e-01   1.237504e-01   4.827886e-01   5.381050e-01   5.356871e-01   4.874157e-01   5.042685e-01   5.003780e-01   5.214303e-01   4.935858e-01   5.029992e-01   5.187092e-01
   6.257286e-01   3.364024e-02   5.339377e-01   3.394765e-01   2.142797e-01   4.981812e-01   5.094911e-01   5.085933e-01   5.034947e-01   4.946921e-01   4.963365e-01   4.981015e-01   5.129844e-01   4.982388e-01   5.037171e-01
   9.054520e-01   5.845656e-02   5.134201e-01   3.912519e-01   0.000000e+00   5.012300e-01   4.984629e-01   4.977622e-01   4.825256e-01   5.061121e-01   5.057658e-01   5.026380e-01   5.080047e-01   4.990613e-01   5.051133e-01
   5.973647e-01   1.108014e-01   5.974222e-01   5.025865e-01   0.000000e+00   4.973397e-01   4.933375e-01   5.048620e-01   5.034665e-01   5.251721e-01   4.973577e-01   4.998395e-01   4.904446e-01   5.026583e-01   5.054739e-01
   5.762443e-01   6.375809e-02   4.455696e-01   3.120234e-01   4.935382e-02   4.833495e-01   5.069582e-01   5.070286e-01   5.011097e-01   4.919443e-01   4.914591e-01   4.978108e-01   5.077134e-01   4.985529e-01   5.029872e-01
   1.557654e-01   1.000000e+00   0.000000e+00   2.684695e-01   3.130297e-01   4.555872e-01   5.394585e-01   5.131591e-01   3.487162e-01   3.939732e-01   4.915216e-01   1.000000e+00   5.119082e-01   4.613234e-01   5.078866e-01
   3.793881e-01   6.411073e-02   4.132922e-01   4.175293e-01   4.854936e-01   4.934312e-01   5.074740e-01   5.066211e-01   5.019659e-01   4.915627e-01   5.033242e-01   5.014981e-01   5.027939e-01   4.950396e-01   4.958119e-01
   6.500736e-01   3.581903e-02   6.693774e-01   5.369402e-01   3.774574e-01   4.943013e-01   5.177245e-01   4.993996e-01   5.015800e-01   4.922085e-01   4.932764e-01   5.057909e-01   4.996019e-01   4.987944e-01   4.911203e-01
   5.745110e-01   1.011498e-01   5.597297e-01   4.826175e-01   1.998581e-01   5.015427e-01   4.924410e-01   5.108049e-01   5.069755e-01   4.927171e-01   4.913541e-01   4.963116e-01   5.039761e-01   4.897118e-01   4.947044e-01
   8.044106e-01   2.972316e-02   6.229917e-01   2.970954e-01   2.838906e-01   4.963345e-01   4.990676e-01   5.077643e-01   5.032759e-01   4.925845e-01   5.010364e-01   5.059124e-01   5.086236e-01   4.870015e-01   5.026432e-01
   4.690983e-01   1.933910e-01   1.000000e+00   3.773585e-01   3.674166e-01   5.030943e-01   5.101942e-01   5.046904e-01   5.095370e-01   4.897397e-01   5.055474e-01   5.092572e-01   5.158605e-01   4.984664e-01   4.956576e-01
   4.667642e-01   1.916739e-01   7.064163e-01   5.772078e-01   3.902348e-01   4.986602e-01   5.053391e-01   5.063024e-01   5.029292e-01   4.885126e-01   4.846144e-01   5.081865e-01   4.998782e-01   4.945492e-01   4.903802e-01
   2.649839e-01   1.000000e+00   0.000000e+00   7.084681e-01   4.315031e-01   4.526629e-01   5.847875e-01   4.456886e-01   1.192009e-01   3.715492e-01   4.342026e-01   4.165344e-01   7.396982e-01   9.855103e-01   7.578418e-01
   4.017452e-01   0.000000e+00   5.914820e-01   4.047991e-01   4.204332e-01   4.974335e-01   5.099936e-01   5.025632e-01   5.086611e-01   4.930709e-01   5.050774e-01   4.987814e-01   5.193801e-01   4.959697e-01   5.001581e-01
   2.519084e-01   1.000000e+00   0.000000e+00   7.638766e-01   7.777026e-01   4.530425e-01   6.249657e-01   5.299285e-01   5.773742e-01   3.667377e-01   4.675251e-01   3.535161e-01   5.204820e-01   7.080491e-01   6.099494e-01
   3.351520e-01   8.463148e-02   6.080763e-01   3.940023e-01   4.045401e-01   4.876906e-01   5.117704e-01   5.016876e-01   5.076505e-01   4.912256e-01   5.050634e-01   5.041946e-01   5.194076e-01   4.956940e-01   4.952548e-01
   5.808605e-02   1.000000e+00   6.785575e-03   4.851408e-01   7.799919e-02   4.599449e-01   8.360911e-01   0.000000e+00   1.254853e-01   0.000000e+00   2.582729e-02   9.858315e-01   4.885191e-01   9.994265e-01   5.912046e-01
   3.553835e-01   2.010357e-02   3.645121e-01   4.695706e-01   4.809787e-01   4.927374e-01   5.114734e-01   5.009528e-01   5.163216e-01   4.856702e-01   5.006285e-01   5.063142e-01   5.091266e-01   4.939117e-01   4.928834e-01
   1.256187e-01   1.000000e+00   3.159553e-01   3.106251e-02   9.986929e-01   4.591578e-01   9.425130e-01   7.333611e-01   2.554114e-01   3.713336e-01   4.136287e-01   8.442145e-01   7.341225e-01   9.304711e-01   3.736936e-01
   1.675063e-01   3.707177e-01   5.932282e-01   4.451022e-01   4.260564e-01   4.910318e-01   5.092092e-01   5.057462e-01   5.080743e-01   5.026124e-01   5.084394e-01   5.081933e-01   5.028945e-01   4.968909e-01   5.042043e-01
   2.947989e-01   1.018243e-01   5.334019e-01   6.826547e-01   4.042554e-01   4.869762e-01   5.204534e-01   5.077038e-01   5.136053e-01   4.947306e-01   4.841426e-01   4.953211e-01   5.044420e-01   4.949025e-01   5.033688e-01
   4.770424e-01   0.000000e+00   6.090906e-01   4.284992e-01   4.469564e-01   4.967714e-01   5.105581e-01   5.026204e-01   5.087590e-01   4.813281e-01   5.056519e-01   5.062718e-01   5.164003e-01   4.990311e-01   5.066788e-01
   3.766840e-01   6.681233e-02   1.000000e+00   3.509982e-01   3.636964e-01   4.956722e-01   5.213192e-01   5.064765e-01   5.086912e-01   4.990220e-01   5.037541e-01   5.022774e-01   5.051106e-01   4.961710e-01   4.969432e-01
   6.905791e-01   3.196023e-02   4.390364e-01   4.658678e-01   4.584369e-01   4.983987e-01   5.008772e-01   5.069405e-01   5.054699e-01   4.840528e-01   5.049287e-01   5.006420e-01   4.984361e-01   4.967970e-01   4.965784e-01
   2.664410e-01   5.235480e-02   5.279512e-01   4.421020e-01   4.341456e-01   5.043898e-01   5.199676e-01   5.070808e-01   5.123380e-01   4.979878e-01   4.868393e-01   5.159132e-01   5.046621e-01   4.950914e-01   5.018035e-01
   4.531779e-01   1.071385e-02   6.521404e-01   4.716471e-01   4.852205e-02   4.896348e-01   5.125955e-01   5.012348e-01   4.924428e-01   5.113857e-01   4.981626e-01   4.988592e-01   4.970724e-01   4.943538e-01   5.024515e-01
   3.733744e-01   8.714546e-02   1.000000e+00   3.067255e-01   3.331223e-01   5.028441e-01   4.973959e-01   5.056621e-01   4.979536e-01   4.983067e-01   5.029204e-01   4.970435e-01   5.015752e-01   4.935778e-01   4.988055e-01
   3.573274e-01   2.852972e-03   3.081972e-01   4.711274e-01   3.893644e-01   4.929203e-01   5.096337e-01   5.040823e-01   5.171643e-01   4.869134e-01   5.066563e-01   5.060238e-01   5.147614e-01   4.990422e-01   4.954190e-01
   4.115462e-01   1.018147e-02   3.004032e-01   4.415598e-01   0.000000e+00   4.873061e-01   4.952766e-01   5.037447e-01   5.225684e-01   5.164803e-01   4.808142e-01   5.102205e-01   5.170605e-01   4.837901e-01   4.964973e-01
   5.795251e-01   3.375353e-02   5.444463e-01   4.385800e-01   2.996647e-01   4.947380e-01   4.920861e-01   5.064102e-01   5.019233e-01   5.076880e-01   4.956577e-01   5.079337e-01   4.938426e-01   5.033113e-01   5.031107e-01
   9.721450e-01   2.991596e-02   5.788597e-01   4.222462e-01   2.491468e-01   5.023089e-01   5.032587e-01   4.956238e-01   5.036941e-01   4.971787e-01   4.944456e-01   5.045080e-01   5.065649e-01   5.013850e-01   4.975571e-01
   2.163761e-01   1.000000e+00   2.301391e-01   9.028093e-01   1.000000e+00   4.634638e-01   6.975313e-01   4.998363e-01   6.805634e-01   2.818169e-01   3.859057e-01   7.113310e-01   5.407978e-01   6.061035e-01   5.218001e-01
   7.048684e-01   1.772437e-02   6.955198e-01   4.682183e-01   2.925591e-01   4.863482e-01   5.083455e-01   5.057942e-01   5.127536e-01   5.020549e-01   4.963453e-01   5.054344e-01   5.057631e-01   4.960999e-01   4.976034e-01
   6.890708e-01   0.000000e+00   7.654919e-01   5.963159e-01   2.925326e-01   4.996856e-01   5.027705e-01   5.001178e-01   5.064115e-01   5.020467e-01   4.952767e-01   4.992587e-01   4.972205e-01   4.982125e-01   4.984278e-01
   3.485779e-01   6.378736e-03   0.000000e+00   3.823364e-01   3.879636e-01   4.910553e-01   5.115149e-01   5.046860e-01   5.211298e-01   5.094420e-01   5.027722e-01   5.063471e-01   5.181301e-01   4.859433e-01   4.989377e-01
   6.341396e-01   6.212572e-02   7.367298e-01   5.234321e-01   9.586889e-01   4.980348e-01   4.941224e-01   5.032916e-01   5.005080e-01   5.062317e-01   5.046184e-01   5.069453e-01   5.068467e-01   4.889946e-01   5.055550e-01
   8.560369e-01   3.396223e-02   5.041982e-01   3.453866e-01   1.193902e-01   4.993015e-01   5.115386e-01   4.912090e-01   5.054113e-01   4.994943e-01   4.983011e-01   4.969964e-01   5.038346e-01   4.972333e-01   5.029577e-01
   4.152143e-01   9.720560e-01   8.913241e-01   4.513463e-02   4.596477e-01   4.935568e-01   7.292389e-01   5.121808e-01   4.941456e-01   5.418195e-01   6.670900e-01   4.879942e-01   4.946800e-01   4.829812e-01   4.872772e-01
   4.751815e-01   1.109470e-02   5.967369e-01   4.930655e-01   0.000000e+00   4.915574e-01   4.920421e-01   5.013935e-01   4.963717e-01   5.088427e-01   5.005775e-01   4.994793e-01   4.998805e-01   4.894126e-01   5.025627e-01
   5.792998e-02   1.000000e+00   6.786058e-03   4.031379e-01   1.090705e-01   4.599454e-01   8.358901e-01   0.000000e+00   8.488843e-02   0.000000e+00   2.592851e-02   9.810255e-01   4.885345e-01   9.995173e-01   5.919263e-01
   6.367499e-01   6.171758e-02   6.909133e-01   5.560132e-01   1.000000e+00   4.913266e-01   4.889094e-01   5.034247e-01   4.993119e-01   5.061364e-01   5.051714e-01   5.071605e-01   4.906928e-01   4.887645e-01   5.101601e-01
   1.686379e-01   9.789707e-01   9.984731e-01   0.000000e+00   5.113708e-01   4.606711e-01   5.612392e-01   4.946037e-01   5.178701e-01   4.713172e-01   9.758882e-01   4.765459e-01   4.041658e-01   4.799356e-01   3.983737e-01
   6.216269e-01   8.300986e-02   5.207218e-01   5.174982e-01   0.000000e+00   5.015982e-01   4.996346e-01   4.946263e-01   4.987848e-01   4.926829e-01   4.946733e-01   5.097996e-01   5.016387e-01   4.986417e-01   4.900685e-01
   9.153864e-01   2.904352e-02   1.000000e+00   1.174928e-01   3.250626e-01   5.009696e-01   4.980883e-01   5.023925e-01   5.076148e-01   4.930236e-01   4.984019e-01   5.027061e-01   4.974120e-01   4.983232e-01   4.964065e-01
   3.327861e-02   1.000000e+00   8.721094e-03   7.351182e-03   9.537146e-01   4.532417e-01   8.822722e-01   0.000000e+00   1.827221e-01   2.279228e-01   2.103943e-03   1.000000e+00   5.446395e-01   1.000000e+00   5.194541e-01
   5.813229e-01   3.386090e-02   5.405145e-01   4.667907e-01   2.094546e-01   4.964848e-01   5.067699e-01   5.080191e-01   5.015782e-01   5.112174e-01   4.956161e-01   5.036984e-01   4.938071e-01   4.994048e-01   5.032910e-01
   3.750345e-01   6.745086e-02   9.820890e-01   4.710613e-01   3.592604e-01   4.956343e-01   5.055837e-01   5.061940e-01   5.093981e-01   4.910304e-01   5.042013e-01   5.027666e-01   5.052411e-01   4.958967e-01   4.940583e-01
   2.089084e-01   1.000000e+00   0.000000e+00   9.795013e-01   7.876052e-01   4.530475e-01   6.427551e-01   5.025994e-01   6.809506e-01   3.352872e-01   3.856966e-01   5.020603e-01   5.216595e-01   5.144875e-01   5.199905e-01
   6.368133e-01   4.520725e-02   5.094482e-01   5.391198e-01   4.981577e-01   4.982373e-01   4.920757e-01   5.035298e-01   4.967242e-01   4.982647e-01   5.017617e-01   5.092729e-01   4.995336e-01   4.867834e-01   5.114518e-01
   1.133505e-01   1.000000e+00   3.155027e-01   3.039431e-02   9.981315e-01   4.572415e-01   9.123402e-01   7.052093e-01   5.457863e-01   3.624925e-01   4.210698e-01   8.001771e-01   5.569468e-01   9.242585e-01   3.570807e-01
   6.497846e-01   3.217694e-02   6.589539e-01   4.341260e-01   3.599371e-01   5.006282e-01   5.216183e-01   5.034540e-01   5.065378e-01   4.991998e-01   4.956331e-01   5.024051e-01   5.088248e-01   4.973765e-01   5.027474e-01
   4.527503e-01   1.126851e-02   5.934914e-01   4.637746e-01   5.884916e-02   4.917085e-01   4.946598e-01   5.014250e-01   4.917375e-01   5.079823e-01   4.981101e-01   4.986243e-01   4.971751e-01   4.930530e-01   5.024064e-01
   3.617112e-01   5.679488e-02   5.293511e-01   4.445474e-01   4.270378e-01   4.957747e-01   5.101267e-01   5.080820e-01   5.155057e-01   4.772910e-01   5.054104e-01   5.022375e-01   5.055590e-01   4.966143e-01   4.930287e-01
   2.296477e-01   5.234965e-02   5.866397e-01   4.519852e-01   4.274805e-01   4.900830e-01   5.165373e-01   5.075367e-01   5.134739e-01   4.991728e-01   4.900926e-01   4.962520e-01   5.042992e-01   4.952384e-01   5.037881e-01
   8.697899e-01   4.524923e-02   5.320908e-01   3.458411e-01   2.806956e-01   5.076287e-01   5.033183e-01   4.959379e-01   4.996181e-01   4.899071e-01   4.964237e-01   5.018935e-01   5.059101e-01   4.977830e-01   4.960987e-01
   7.249291e-01   1.753042e-02   5.109215e-01   4.540406e-01   0.000000e+00   5.081802e-01   5.124268e-01   4.967452e-01   5.017629e-01   4.926224e-01   4.938433e-01   5.099183e-01   5.009792e-01   4.993612e-01   4.916629e-01
   5.679003e-01   3.581083e-02   5.552760e-01   3.310515e-01   1.922847e-01   5.094018e-01   5.055488e-01   5.080672e-01   5.031459e-01   4.930417e-01   4.963293e-01   4.996262e-01   4.949802e-01   4.997593e-01   5.025641e-01
   5.923972e-02   1.000000e+00   6.786738e-03   0.000000e+00   0.000000e+00   4.599479e-01   8.358354e-01   0.000000e+00   9.230003e-02   0.000000e+00   2.510553e-02   9.822597e-01   4.885298e-01   9.995767e-01   5.920877e-01
   7.124656e-01   8.246985e-02   6.256863e-01   3.946029e-01   4.295263e-01   4.866915e-01   5.015957e-01   5.041348e-01   4.986921e-01   5.122449e-01   5.093853e-01   5.210109e-01   4.994159e-01   4.963690e-01   4.995640e-01
   1.552610e-01   9.397470e-02   0.000000e+00   5.195910e-01   3.773587e-01   5.030421e-01   5.020470e-01   5.056614e-01   5.168604e-01   4.957185e-01   4.878447e-01   5.104866e-01   4.698251e-01   4.929593e-01   4.950570e-01
   2.055029e-01   7.423850e-01   9.456705e-01   0.000000e+00   1.323826e-01   4.635955e-01   5.358218e-01   4.979834e-01   5.207026e-01   4.424828e-01   3.910540e-01   5.000850e-01   5.021997e-01   4.492120e-01   3.662649e-01
   5.798578e-02   1.000000e+00   6.934892e-03   5.781746e-01   6.140081e-02   4.601006e-01   8.388330e-01   0.000000e+00   1.217814e-01   0.000000e+00   0.000000e+00   9.866021e-01   5.110800e-01   9.997998e-01   5.977199e-01
   4.143109e-01   8.505142e-02   5.639303e-01   2.137619e-01   3.365637e-01   5.022356e-01   4.932786e-01   5.055077e-01   4.857285e-01   4.982941e-01   4.960306e-01   4.984838e-01   4.990256e-01   4.920552e-01   5.020138e-01
   3.257366e-01   7.192682e-02   5.545256e-01   4.157136e-01   4.249011e-01   4.919799e-01   4.859265e-01   5.042530e-01   4.991838e-01   4.980097e-01   5.055830e-01   5.047332e-01   5.166009e-01   4.953116e-01   4.921443e-01
   7.540084e-01   3.366616e-02   5.776603e-01   3.278892e-01   2.178316e-01   5.104534e-01   5.134005e-01   4.971341e-01   5.021956e-01   4.923887e-01   4.967164e-01   4.977799e-01   5.003187e-01   5.006884e-01   5.027640e-01
   2.585919e-01   3.123724e-02   2.319970e-01   4.706777e-01   4.251224e-01   4.885434e-01   5.208365e-01   5.006904e-01   5.103947e-01   4.956584e-01   4.946268e-01   5.056083e-01   5.076813e-01   4.945590e-01   5.036210e-01
   1.686681e-01   9.790976e-01   9.988051e-01   0.000000e+00   5.113827e-01   4.607822e-01   5.612557e-01   4.946037e-01   5.176296e-01   4.650445e-01   8.827774e-01   4.770034e-01   4.041635e-01   5.054877e-01   3.983701e-01
   3.175824e-01   2.923461e-02   4.749616e-01   5.243473e-01   2.824232e-01   4.941998e-01   5.084822e-01   5.031916e-01   5.025841e-01   4.982754e-01   5.001017e-01   5.113070e-01   5.076730e-01   4.898685e-01   4.951025e-01
   7.119432e-01   4.432137e-02   6.253445e-01   4.532396e-01   2.797198e-01   4.917258e-01   5.161914e-01   5.078153e-01   5.098537e-01   5.049495e-01   4.923355e-01   5.051045e-01   5.112607e-01   4.891132e-01   5.003858e-01
   1.882454e-01   1.000000e+00   1.997491e-01   2.335513e-01   9.989777e-01   4.563740e-01   7.420483e-01   5.840634e-01   2.965235e-01   3.184579e-01   8.728247e-02   2.481958e-01   4.302547e-01   7.302179e-01   4.793271e-01
   7.831163e-02   9.901813e-01   2.145954e-01   4.214030e-01   0.000000e+00   4.644219e-01   5.183146e-01   0.000000e+00   4.675940e-01   5.041688e-01   2.499756e-01   4.616455e-01   4.944986e-01   5.797866e-01   4.658019e-01
   5.919104e-01   8.354637e-02   7.249885e-01   5.351885e-01   4.047487e-01   4.944534e-01   5.047042e-01   5.004562e-01   4.989994e-01   4.926776e-01   4.908787e-01   5.083039e-01   5.000886e-01   4.905548e-01   4.896373e-01
   0.000000e+00   1.000000e+00   0.000000e+00   0.000000e+00   1.000000e+00   4.658699e-01   8.745130e-01   2.753739e-01   1.774617e-01   1.126439e-01   8.092161e-01   9.858426e-01   6.303359e-01   9.637688e-01   7.779109e-02
   2.976707e-01   9.681384e-03   0.000000e+00   5.467349e-01   4.147587e-01   4.563801e-01   5.293184e-01   5.022712e-01   5.233734e-01   4.965022e-01   5.107273e-01   5.041607e-01   5.185747e-01   4.983375e-01   5.050898e-01
   5.480647e-01   1.005529e-02   6.744911e-01   4.746508e-01   6.440002e-01   4.977583e-01   5.102741e-01   5.049040e-01   5.005787e-01   5.099830e-01   5.030603e-01   5.050618e-01   5.063706e-01   4.956331e-01   5.013103e-01
   0.000000e+00   1.000000e+00   4.272768e-01   3.286787e-03   1.000000e+00   4.534704e-01   8.996353e-01   1.869719e-01   1.741110e-01   2.369590e-01   5.796715e-01   9.505498e-01   5.905071e-01   1.000000e+00   4.268949e-02
   4.045009e-01   2.704564e-01   4.952766e-01   4.803465e-01   4.253954e-01   4.977058e-01   5.097579e-01   5.017328e-01   5.091840e-01   4.922131e-01   5.044022e-01   5.055217e-01   5.072840e-01   4.963984e-01   4.943444e-01
   5.666715e-01   2.450725e-02   5.679441e-01   3.310059e-01   1.924253e-01   5.168293e-01   5.068342e-01   5.080104e-01   5.135635e-01   4.932124e-01   4.963479e-01   5.033806e-01   4.948128e-01   5.036645e-01   5.025898e-01
   4.063436e-01   2.029136e-01   5.966610e-01   4.076483e-01   4.015636e-01   4.976965e-01   5.099926e-01   5.028301e-01   5.084664e-01   4.888575e-01   5.051666e-01   4.984611e-01   5.136834e-01   4.967145e-01   4.988719e-01
   1.923471e-01   1.000000e+00   2.587077e-03   2.330999e-01   9.969579e-01   4.625951e-01   1.000000e+00   5.200436e-01   3.420966e-01   3.250811e-01   4.150470e-01   3.394397e-01   5.655539e-01   4.711833e-01   5.264046e-01
   3.608377e-01   9.682098e-01   9.619544e-01   0.000000e+00   5.610087e-01   4.663766e-01   7.024864e-01   4.931958e-01   5.162946e-01   2.796162e-01   8.012345e-01   4.611868e-01   4.815060e-01   4.803355e-01   4.788207e-01
   3.182893e-01   9.667320e-02   5.242768e-01   7.942892e-01   1.697631e-01   5.156377e-01   5.191836e-01   5.056230e-01   5.136750e-01   4.954330e-01   5.106850e-01   5.007269e-01   5.049713e-01   4.995820e-01   5.028352e-01
   9.379415e-02   1.000000e+00   2.185410e-01   1.000000e+00   0.000000e+00   4.847374e-01   7.267206e-01   3.422397e-02   2.403635e-01   4.016897e-01   1.617256e-01   8.349184e-01   5.148416e-01   1.000000e+00   6.073902e-01
   6.738762e-01   0.000000e+00   3.832930e-01   5.418927e-01   1.399516e-01   4.995991e-01   5.087107e-01   5.002252e-01   5.080518e-01   4.995706e-01   4.948558e-01   4.982472e-01   4.989991e-01   4.970063e-01   5.076175e-01
   3.822843e-01   6.507158e-03   4.032794e-01   4.467798e-01   3.562501e-01   4.932467e-01   5.107035e-01   5.031560e-01   5.170116e-01   4.886288e-01   5.071352e-01   5.057366e-01   5.148106e-01   5.020300e-01   4.946516e-01
   0.000000e+00   1.000000e+00   5.088645e-03   1.658710e-03   9.831251e-01   4.492185e-01   8.820562e-01   0.000000e+00   1.768968e-01   1.090290e-01   7.583354e-01   1.000000e+00   6.352697e-01   9.743916e-01   7.381102e-02
   3.065670e-01   1.000000e+00   0.000000e+00   7.543032e-01   8.143495e-01   4.403286e-01   5.925758e-01   4.867660e-01   2.862777e-01   3.647088e-01   4.421345e-01   3.775053e-01   4.803158e-01   8.355260e-01   6.708696e-01
   8.345920e-01   7.227446e-02   6.975240e-01   2.435175e-01   1.996458e-01   5.077952e-01   5.004427e-01   5.033976e-01   5.052126e-01   4.992565e-01   5.012785e-01   5.032751e-01   4.993855e-01   5.018252e-01   5.009917e-01
   1.532534e-01   1.000000e+00   0.000000e+00   6.748211e-01   0.000000e+00   4.214670e-01   7.073888e-01   6.713114e-02   3.701093e-01   4.222155e-01   2.883564e-01   8.753175e-01   5.102329e-01   9.957341e-01   6.275398e-01
   8.362782e-01   7.015474e-02   4.381915e-01   2.822887e-01   9.215958e-02   5.037305e-01   4.855033e-01   5.049467e-01   5.062889e-01   4.848508e-01   4.801333e-01   4.834579e-01   4.885697e-01   5.021157e-01   4.949602e-01
   4.507902e-01   0.000000e+00   5.879347e-01   4.786156e-01   4.246132e-01   4.943409e-01   5.162076e-01   5.047772e-01   5.153619e-01   4.869320e-01   4.832378e-01   4.987997e-01   5.080432e-01   4.960220e-01   4.880738e-01
   4.133988e-01   8.335549e-02   5.644638e-01   2.189400e-01   1.537434e-01   5.014410e-01   4.939061e-01   5.024507e-01   5.013989e-01   4.989917e-01   4.988056e-01   4.999880e-01   5.011684e-01   4.917229e-01   5.026224e-01
   1.532241e-01   9.664536e-01   9.507105e-01   0.000000e+00   6.214496e-01   4.642715e-01   6.310784e-01   4.931766e-01   5.205745e-01   3.109385e-01   4.969072e-01   5.303879e-01   4.598703e-01   4.728273e-01   5.175035e-01
   1.474326e-01   1.000000e+00   0.000000e+00   8.337514e-01   2.288426e-01   4.581152e-01   5.931230e-01   5.390971e-01   4.130356e-01   3.660137e-01   5.108289e-01   4.698101e-01   5.001497e-01   4.875993e-01   5.787103e-01
   7.379473e-02   1.000000e+00   1.000000e+00   5.337771e-01   3.765343e-01   4.811501e-01   6.026664e-01   5.085551e-01   5.078099e-01   5.785909e-01   1.000000e+00   4.953398e-01   4.602669e-01   9.627437e-01   4.843953e-01
   2.117340e-01   4.523709e-02   1.000000e+00   5.047407e-01   5.339019e-01   5.012124e-01   5.462283e-01   5.180736e-01   5.158887e-01   5.219974e-01   5.079963e-01   4.770503e-01   5.187592e-01   4.848471e-01   4.861130e-01
   7.940502e-01   2.435383e-02   4.922924e-01   4.703115e-01   0.000000e+00   5.015924e-01   5.021767e-01   5.046817e-01   5.056692e-01   4.797780e-01   4.986410e-01   5.012196e-01   4.970548e-01   4.963464e-01   5.006306e-01
   3.167421e-01   2.896358e-02   4.982839e-01   4.925087e-01   2.827560e-01   4.942149e-01   5.050617e-01   5.028144e-01   5.029486e-01   4.981897e-01   5.014441e-01   5.060665e-01   5.074772e-01   4.909660e-01   5.038869e-01
   4.124587e-01   4.368580e-02   5.900779e-01   2.808638e-01   4.453596e-01   4.948916e-01   4.978103e-01   5.008262e-01   4.894594e-01   4.968924e-01   4.992502e-01   5.037805e-01   5.106210e-01   4.956154e-01   5.066109e-01
   4.717861e-01   1.968823e-01   8.791728e-01   4.840201e-01   3.890771e-01   4.976089e-01   4.997756e-01   5.029081e-01   5.021208e-01   4.968119e-01   5.040769e-01   5.068077e-01   5.088932e-01   4.920533e-01   4.988120e-01
   3.406551e-01   1.117109e-01   5.790488e-01   8.143499e-01   5.778437e-01   5.193048e-01   5.155830e-01   5.068408e-01   5.122036e-01   4.946442e-01   5.133566e-01   5.007113e-01   5.023185e-01   4.955141e-01   5.041271e-01
   1.144594e-01   1.000000e+00   0.000000e+00   1.000000e+00   7.602958e-01   4.530116e-01   6.143306e-01   5.198660e-01   5.866753e-01   3.656637e-01   4.859387e-01   4.081054e-01   5.315939e-01   6.860423e-01   5.473573e-01
   6.826496e-01   3.403524e-02   5.040566e-01   3.631378e-01   2.105835e-01   4.917330e-01   5.129953e-01   5.111824e-01   5.065905e-01   4.997593e-01   4.959585e-01   5.003003e-01   4.977968e-01   4.988736e-01   5.027381e-01
   4.997556e-02   1.000000e+00   1.307430e-03   5.255059e-01   1.000000e+00   4.649555e-01   8.580492e-01   2.952306e-01   1.540284e-01   1.523477e-01   1.013622e-01   1.000000e+00   4.500939e-01   9.620631e-01   5.182710e-01
   5.958469e-01   6.473698e-02   5.610989e-01   3.327121e-01   2.012712e-01   4.859338e-01   4.910131e-01   5.032782e-01   4.980489e-01   4.924101e-01   5.083496e-01   5.067220e-01   5.148629e-01   4.962575e-01   5.011204e-01
   7.023544e-01   8.249513e-02   5.389787e-01   2.029860e-01   3.365047e-01   4.946740e-01   4.973392e-01   5.040690e-01   5.196114e-01   4.987145e-01   4.959221e-01   4.965389e-01   5.033716e-01   4.897158e-01   4.995116e-01
   5.961692e-01   9.125129e-02   5.369133e-01   4.538545e-01   2.870960e-01   4.948628e-01   4.849784e-01   5.064594e-01   5.021854e-01   5.109059e-01   5.133833e-01   5.082717e-01   5.018591e-01   5.047318e-01   5.028715e-01
   3.005223e-01   9.692758e-01   9.983715e-01   0.000000e+00   3.394033e-01   4.584868e-01   7.118680e-01   4.938987e-01   5.174090e-01   4.328633e-01   8.431000e-01   4.786888e-01   4.810875e-01   4.994817e-01   4.739599e-01
   6.303330e-01   3.123367e-02   7.106480e-01   4.446450e-01   7.786974e-01   4.974867e-01   5.088096e-01   5.041233e-01   5.030542e-01   4.988803e-01   4.978278e-01   5.029621e-01   5.084775e-01   4.970952e-01   5.030852e-01
   7.704108e-01   9.664253e-02   5.476806e-01   5.314354e-01   1.623648e-01   4.990378e-01   4.967608e-01   5.012930e-01   5.008298e-01   5.183347e-01   4.837048e-01   5.017179e-01   4.951454e-01   4.977666e-01   4.977696e-01
   5.064017e-01   9.804857e-02   6.205671e-01   2.244418e-01   1.267952e-01   4.927739e-01   4.974345e-01   5.034675e-01   5.058455e-01   5.001093e-01   4.964977e-01   5.108068e-01   5.108768e-01   4.915574e-01   5.032967e-01
   7.143318e-01   9.740263e-02   4.949771e-01   4.518408e-01   2.515403e-01   4.963010e-01   5.012846e-01   4.952515e-01   5.028952e-01   5.093662e-01   4.963042e-01   5.013951e-01   5.052105e-01   4.932108e-01   4.895090e-01
   1.574671e-01   9.805522e-01   9.668873e-01   0.000000e+00   5.632676e-01   4.645789e-01   6.471919e-01   4.950164e-01   5.218541e-01   2.963146e-01   3.260814e-01   4.851303e-01   3.999167e-01   4.980615e-01   5.114074e-01
   7.622238e-01   3.528747e-02   5.864757e-01   3.280859e-01   2.238034e-01   5.092333e-01   5.071752e-01   4.994210e-01   5.035612e-01   4.924886e-01   4.964813e-01   4.977037e-01   4.951745e-01   5.005403e-01   5.025261e-01
   8.279573e-01   1.229229e-01   5.769569e-01   4.808222e-01   9.937352e-01   4.968214e-01   4.975101e-01   5.021671e-01   5.016507e-01   4.998962e-01   5.022665e-01   4.990680e-01   4.920520e-01   4.949776e-01   4.950707e-01
   3.541022e-01   8.292273e-02   5.560371e-01   2.589955e-01   4.041906e-01   4.866273e-01   5.083096e-01   5.001868e-01   5.130783e-01   4.914042e-01   4.996992e-01   4.973136e-01   5.007964e-01   4.946813e-01   5.052933e-01
   9.826365e-01   8.172862e-02   1.000000e+00   5.741380e-01   2.383181e-01   5.042810e-01   4.986742e-01   5.046947e-01   5.019858e-01   4.989054e-01   5.020297e-01   4.999640e-01   5.014679e-01   4.982935e-01   4.986181e-01
   4.348548e-01   1.697772e-01   5.547476e-01   3.595281e-01   3.768649e-01   4.959062e-01   4.975415e-01   5.085234e-01   4.960873e-01   5.157098e-01   4.966521e-01   5.026302e-01   4.979411e-01   4.997234e-01   5.140230e-01
   6.176841e-01   3.417027e-02   6.490372e-01   2.013592e-01   2.075440e-01   4.919096e-01   4.982203e-01   5.092954e-01   5.110272e-01   5.069805e-01   4.930533e-01   5.048861e-01   5.040375e-01   4.900095e-01   5.001821e-01
   3.847106e-01   2.010856e-01   6.072355e-01   5.425412e-01   1.000000e+00   4.984538e-01   4.960527e-01   5.078262e-01   5.002398e-01   5.087178e-01   5.065745e-01   5.044656e-01   4.995986e-01   4.881743e-01   5.022044e-01
   4.209778e-01   3.325927e-02   4.780290e-01   4.534035e-01   4.359882e-01   4.978512e-01   5.222539e-01   5.014901e-01   5.068803e-01   4.943736e-01   5.128734e-01   5.059501e-01   5.072412e-01   4.940111e-01   4.940513e-01
   2.121285e-01   1.000000e+00   0.000000e+00   1.000000e+00   7.595378e-01   4.634445e-01   6.263005e-01   5.025176e-01   6.808564e-01   2.691305e-01   3.859010e-01   6.132783e-01   5.370364e-01   5.290407e-01   5.210296e-01
   1.029253e-01   1.000000e+00   0.000000e+00   8.960555e-01   4.828467e-01   4.354439e-01   6.088336e-01   5.516950e-01   5.659748e-01   3.453256e-01   5.754389e-01   4.079681e-01   5.257667e-01   5.770337e-01   8.926929e-01
