   9.754504e-01   1.000000e+00   9.180627e-01   2.516095e-01   3.427997e-01   5.141387e-01   9.993732e-01   5.090330e-01   4.844202e-01   5.118172e-01   5.028805e-01   5.014723e-01   5.116194e-01   4.842631e-01   5.027707e-01   4.979281e-01   5.008808e-01
   6.000243e-01   9.916468e-01   5.368285e-01   7.012807e-01   3.294785e-01   5.009572e-01   1.000000e+00   5.134264e-01   5.078089e-01   4.927155e-01   5.246314e-01   4.869730e-01   4.605263e-01   4.759537e-01   5.018020e-01   4.831013e-01   5.005870e-01
   4.557359e-01   9.981981e-01   2.060760e-02   1.000000e+00   3.490095e-01   7.975886e-01   1.000000e+00   5.130433e-01   4.945012e-01   4.912823e-01   5.230669e-01   4.658932e-01   5.423682e-01   4.943893e-01   4.868257e-01   4.717736e-01   5.275691e-01
   9.799895e-01   8.670452e-01   3.706388e-01   9.342106e-01   3.004570e-01   7.519687e-01   9.983583e-01   5.076011e-01   4.921596e-01   5.228895e-01   5.150277e-01   4.920660e-01   5.176497e-01   4.970702e-01   5.236768e-01   5.048955e-01   5.097336e-01
   5.597484e-01   9.913232e-01   4.807939e-01   6.998253e-01   3.434755e-01   5.103891e-01   9.995906e-01   5.048601e-01   5.211377e-01   5.001905e-01   5.157826e-01   5.045693e-01   5.322796e-01   4.878054e-01   5.025149e-01   4.944299e-01   4.954911e-01
   4.225085e-01   9.431778e-01   9.992557e-01   3.562659e-01   2.905844e-01   6.087181e-01   9.985535e-01   4.768197e-01   5.162530e-01   5.120397e-01   5.145953e-01   4.811980e-01   5.188918e-01   4.885827e-01   5.071989e-01   4.753857e-01   5.170894e-01
   8.227416e-01   8.418828e-01   4.693599e-01   9.949190e-01   2.881470e-01   5.378019e-01   9.987482e-01   5.104588e-01   4.918431e-01   4.996497e-01   5.136803e-01   5.016316e-01   5.205791e-01   4.927110e-01   4.683805e-01   4.961574e-01   4.890890e-01
   9.820984e-01   9.731123e-01   6.790426e-01   2.437893e-01   3.005310e-01   8.237847e-01   1.000000e+00   5.146592e-01   5.059429e-01   5.045887e-01   4.868980e-01   4.892449e-01   5.090616e-01   4.940295e-01   4.949905e-01   4.662450e-01   5.082781e-01
   6.555081e-01   9.985760e-01   1.861840e-02   3.210300e-01   3.890404e-01   8.473059e-01   9.967203e-01   5.070304e-01   5.310314e-01   4.850388e-01   5.099402e-01   5.147952e-01   5.171775e-01   4.880590e-01   4.868457e-01   4.964290e-01   5.025268e-01
   8.389366e-01   8.715261e-01   3.293709e-01   1.000000e+00   2.942264e-01   6.993434e-01   9.672567e-01   5.124023e-01   4.910135e-01   4.983289e-01   5.137478e-01   4.872593e-01   5.029164e-01   4.887643e-01   5.057912e-01   4.818140e-01   5.075512e-01
   1.000000e+00   7.223032e-01   1.653224e-02   3.489250e-01   3.164197e-01   6.130078e-01   9.823136e-01   5.011665e-01   5.023411e-01   5.057379e-01   4.983263e-01   4.996457e-01   5.055750e-01   4.857422e-01   4.948749e-01   5.004624e-01   5.120282e-01
   6.825299e-01   9.998785e-01   7.202128e-01   6.360076e-01   3.301578e-01   3.606971e-01   9.594283e-01   5.070348e-01   5.063417e-01   4.960135e-01   5.043434e-01   4.958998e-01   5.084331e-01   4.885504e-01   4.950496e-01   4.905109e-01   5.035130e-01
   4.006051e-01   9.501123e-01   9.992548e-01   3.157733e-01   2.887118e-01   6.189271e-01   9.984937e-01   4.762591e-01   5.159030e-01   5.074535e-01   5.145816e-01   4.810376e-01   5.189486e-01   4.876570e-01   4.973169e-01   4.846516e-01   5.171048e-01
   9.917720e-01   9.818999e-01   3.613465e-01   1.000000e+00   3.040952e-01   6.563609e-01   9.296475e-01   5.186144e-01   4.967894e-01   4.957196e-01   5.211209e-01   5.016529e-01   5.486320e-01   4.809981e-01   4.949233e-01   5.025711e-01   5.521004e-01
   5.907786e-01   9.947547e-01   6.640976e-01   7.648732e-01   2.750184e-01   3.971362e-01   9.610079e-01   5.061181e-01   5.009693e-01   4.969315e-01   5.125840e-01   4.977767e-01   5.110824e-01   4.764646e-01   4.934415e-01   4.747602e-01   5.011270e-01
   9.825423e-01   9.631425e-01   5.290934e-01   2.991432e-01   2.983203e-01   9.945403e-01   9.936206e-01   5.441368e-01   4.793160e-01   5.171971e-01   5.150431e-01   4.925552e-01   5.502670e-01   4.564092e-01   4.785210e-01   4.361160e-01   5.044068e-01
   9.848928e-01   8.207371e-01   0.000000e+00   1.000000e+00   3.369372e-01   7.598799e-01   9.958892e-01   5.102320e-01   4.904451e-01   5.259884e-01   5.004170e-01   4.654884e-01   5.253632e-01   4.697637e-01   5.095735e-01   4.790563e-01   5.061330e-01
   9.993993e-01   9.325022e-01   9.313719e-01   7.795149e-01   3.251833e-01   6.607974e-01   9.408751e-01   5.198378e-01   4.893024e-01   4.935254e-01   5.084789e-01   4.723248e-01   5.193915e-01   4.875281e-01   5.076657e-01   4.918217e-01   5.163614e-01
   9.946865e-01   8.073766e-01   5.658913e-01   3.549903e-01   2.374380e-01   9.883891e-01   1.000000e+00   5.276972e-01   4.886597e-01   5.301933e-01   5.184175e-01   4.279151e-01   5.589227e-01   4.952558e-01   4.851641e-01   5.090445e-01   5.261408e-01
   4.421720e-01   9.447393e-01   9.974861e-01   3.242532e-01   2.381776e-01   1.000000e+00   9.505476e-01   5.144846e-01   5.145192e-01   5.113820e-01   5.171549e-01   4.956283e-01   5.198094e-01   4.827696e-01   5.276462e-01   5.421425e-01   5.105342e-01
   7.724642e-01   9.451998e-01   9.991441e-01   4.314985e-01   2.987403e-01   1.824680e-01   9.848162e-01   5.057576e-01   5.052637e-01   4.834038e-01   5.162638e-01   5.069148e-01   5.160881e-01   4.865551e-01   4.892782e-01   4.904625e-01   5.052987e-01
   9.910037e-01   8.555197e-01   5.218417e-01   6.306318e-01   3.019486e-01   7.569634e-01   9.987726e-01   5.433857e-01   4.917059e-01   5.303182e-01   5.238049e-01   4.905275e-01   5.274661e-01   4.781051e-01   4.934442e-01   4.803124e-01   5.074213e-01
   3.047549e-01   9.573361e-01   9.873966e-01   3.292735e-01   2.858155e-01   1.000000e+00   9.905957e-01   5.376208e-01   5.116343e-01   4.595993e-01   5.141377e-01   4.961027e-01   5.531090e-01   4.841598e-01   5.089079e-01   4.290422e-01   5.276462e-01
   9.862238e-01   7.224379e-01   2.447702e-01   9.968487e-01   2.803025e-01   5.721673e-01   9.875386e-01   5.237857e-01   5.247472e-01   5.028470e-01   5.250691e-01   4.802966e-01   5.575543e-01   4.705203e-01   4.741086e-01   4.618969e-01   5.297385e-01
   9.976341e-01   9.788790e-01   1.000000e+00   3.202802e-01   2.864829e-01   5.886189e-01   9.442513e-01   5.185614e-01   4.950750e-01   4.853412e-01   5.247045e-01   4.929440e-01   5.233371e-01   4.826235e-01   5.028093e-01   4.968032e-01   4.937107e-01
   9.892641e-01   9.951104e-01   2.052318e-01   1.000000e+00   3.044242e-01   5.745684e-01   9.555381e-01   5.182070e-01   5.092460e-01   4.928391e-01   5.254327e-01   4.959651e-01   5.387549e-01   4.806979e-01   4.792877e-01   4.726023e-01   5.620471e-01
   7.134700e-01   1.000000e+00   7.253951e-01   2.548030e-01   3.430052e-01   4.961353e-01   9.955081e-01   5.068401e-01   5.065177e-01   4.901870e-01   4.984947e-01   5.028456e-01   5.038691e-01   4.900058e-01   4.998546e-01   4.965099e-01   4.923543e-01
   9.910474e-01   8.672126e-01   3.098986e-01   5.500332e-01   3.001747e-01   7.558981e-01   9.988338e-01   5.352158e-01   4.920841e-01   5.286123e-01   5.147336e-01   4.904105e-01   5.233477e-01   4.827279e-01   4.931004e-01   5.004246e-01   5.077921e-01
   9.946681e-01   8.021715e-01   2.098030e-01   3.107435e-01   2.606899e-01   1.000000e+00   9.979085e-01   5.265555e-01   4.869760e-01   5.304137e-01   5.163180e-01   5.278008e-01   5.604563e-01   4.815582e-01   4.853479e-01   5.136638e-01   5.259454e-01
   9.744373e-01   9.231206e-01   2.485853e-01   3.162264e-01   2.937886e-01   9.991568e-01   9.351372e-01   4.975931e-01   5.011555e-01   5.209270e-01   5.241695e-01   4.923187e-01   5.322651e-01   4.952319e-01   4.732498e-01   5.012775e-01   5.188138e-01
   4.718309e-01   9.930431e-01   0.000000e+00   9.935291e-01   3.464004e-01   7.402793e-01   9.967025e-01   5.121331e-01   4.859884e-01   4.924236e-01   5.265859e-01   4.659730e-01   5.517459e-01   4.887351e-01   4.728664e-01   4.732157e-01   5.368742e-01
   8.091596e-01   9.724645e-01   5.027143e-01   3.121205e-01   2.905708e-01   9.984105e-01   9.917845e-01   5.438245e-01   4.666817e-01   4.612523e-01   5.119435e-01   4.975055e-01   5.501626e-01   4.513125e-01   4.906663e-01   5.006856e-01   5.290070e-01
   9.890021e-01   9.639480e-01   7.660686e-01   3.085593e-01   2.990056e-01   8.739003e-01   9.822980e-01   5.268086e-01   4.800868e-01   4.966925e-01   5.217423e-01   4.958214e-01   5.398064e-01   4.716403e-01   4.792425e-01   4.482134e-01   5.033851e-01
   9.979792e-01   9.312854e-01   3.318704e-01   3.246256e-01   3.295120e-01   1.000000e+00   9.668357e-01   5.212782e-01   5.227392e-01   5.156144e-01   5.110453e-01   4.776730e-01   5.601899e-01   4.884760e-01   5.158074e-01   5.057686e-01   5.029318e-01
   7.466567e-01   9.965034e-01   4.058501e-01   9.986503e-01   3.455507e-01   9.843394e-01   9.941545e-01   5.022015e-01   4.924007e-01   4.905109e-01   4.996127e-01   4.707512e-01   5.230885e-01   4.916335e-01   4.977817e-01   4.600319e-01   4.979019e-01
   6.996622e-01   7.325564e-01   9.946512e-01   3.225404e-01   2.838024e-01   5.193079e-01   9.585620e-01   4.954932e-01   5.195512e-01   5.116413e-01   4.982215e-01   4.885707e-01   5.192602e-01   4.892070e-01   5.261479e-01   4.991875e-01   5.102398e-01
   7.945451e-01   8.752291e-01   6.691946e-01   9.820046e-01   3.098611e-01   1.000000e+00   9.753046e-01   5.047852e-01   4.829020e-01   4.890550e-01   5.607166e-01   5.104470e-01   5.255513e-01   4.921945e-01   4.866661e-01   4.800720e-01   5.016783e-01
   9.051827e-01   9.644476e-01   5.109735e-01   3.784084e-01   2.900521e-01   9.430717e-01   9.800245e-01   4.973764e-01   4.819557e-01   4.884185e-01   5.040903e-01   4.950515e-01   5.150003e-01   4.818789e-01   4.817786e-01   4.966745e-01   4.915573e-01
   4.550625e-01   9.907214e-01   6.458477e-01   7.003128e-01   3.520238e-01   7.510135e-01   9.979506e-01   5.024590e-01   4.803093e-01   4.925461e-01   5.253036e-01   4.675279e-01   5.354436e-01   4.886114e-01   5.084572e-01   4.860277e-01   5.477308e-01
   8.781433e-01   9.794666e-01   6.636663e-01   3.540844e-01   2.660289e-01   6.954110e-01   9.948007e-01   5.315297e-01   4.213640e-01   5.276122e-01   4.991871e-01   4.915611e-01   5.462902e-01   4.808095e-01   4.886331e-01   5.123619e-01   4.546492e-01
   9.864889e-01   9.618651e-01   7.574816e-01   3.396487e-01   2.992913e-01   8.652811e-01   9.751791e-01   5.267802e-01   4.826491e-01   4.979819e-01   5.186104e-01   4.984259e-01   5.386920e-01   4.753056e-01   4.745445e-01   4.555518e-01   4.979501e-01
   5.294474e-01   6.798725e-01   1.723857e-01   9.992985e-01   2.929562e-01   8.833600e-01   9.707643e-01   4.884172e-01   4.896876e-01   4.984035e-01   5.167684e-01   4.871370e-01   5.354434e-01   4.901127e-01   5.009036e-01   5.018345e-01   5.144861e-01
   9.933407e-01   9.930771e-01   1.000000e+00   3.935799e-01   3.039745e-01   5.591845e-01   9.541000e-01   5.120332e-01   4.916053e-01   4.942527e-01   5.255853e-01   4.962087e-01   4.990855e-01   4.827604e-01   5.015705e-01   4.851715e-01   5.119592e-01
   8.490345e-01   9.095360e-01   4.166410e-01   9.992616e-01   2.939744e-01   9.482015e-01   9.978079e-01   5.056338e-01   4.898656e-01   4.910139e-01   5.080742e-01   4.897390e-01   5.101033e-01   5.021150e-01   4.970198e-01   4.983533e-01   5.052286e-01
   9.941447e-01   7.269220e-01   2.606402e-01   9.992017e-01   2.799604e-01   6.052154e-01   9.921082e-01   5.185702e-01   5.241092e-01   4.998649e-01   5.264748e-01   4.810958e-01   5.610344e-01   4.869545e-01   4.759693e-01   4.634238e-01   5.304284e-01
   7.594009e-01   9.845268e-01   9.948285e-01   3.076450e-01   2.895269e-01   1.000000e+00   9.870961e-01   5.320986e-01   5.046531e-01   4.757443e-01   5.120579e-01   4.969563e-01   5.510352e-01   4.800579e-01   4.986427e-01   5.116033e-01   5.271287e-01
   8.176913e-01   8.467743e-01   3.034429e-01   1.552673e-01   2.935277e-01   9.283162e-01   1.000000e+00   5.074682e-01   4.927762e-01   4.988549e-01   5.103470e-01   4.907495e-01   4.994568e-01   5.018672e-01   4.952155e-01   5.099155e-01   4.983554e-01
   9.026827e-01   9.775796e-01   9.908892e-01   3.258298e-01   3.103701e-01   5.147373e-01   9.802097e-01   5.176270e-01   5.144779e-01   5.275947e-01   5.121153e-01   4.972857e-01   5.443853e-01   4.864129e-01   5.255447e-01   4.680203e-01   5.006655e-01
   6.429441e-01   9.839832e-01   5.073315e-01   1.000000e+00   3.046928e-01   1.000000e+00   9.995604e-01   5.036963e-01   5.085322e-01   4.965817e-01   5.235196e-01   5.016719e-01   5.307278e-01   5.026032e-01   4.665759e-01   4.933344e-01   5.360130e-01
   9.979072e-01   9.332064e-01   3.386075e-01   1.000000e+00   3.258371e-01   6.620821e-01   9.542391e-01   5.096861e-01   4.920036e-01   5.014279e-01   5.125436e-01   4.966299e-01   5.437415e-01   4.583833e-01   5.083351e-01   4.781051e-01   5.128067e-01
   8.519992e-01   9.075837e-01   4.251436e-01   9.996256e-01   2.940485e-01   9.872756e-01   9.941853e-01   5.035910e-01   4.891715e-01   4.910091e-01   5.104755e-01   4.897129e-01   5.154798e-01   5.020999e-01   4.979746e-01   4.971019e-01   5.053871e-01
   9.990253e-01   9.593082e-01   5.094489e-02   1.000000e+00   3.370714e-01   7.274635e-01   9.862474e-01   5.048952e-01   4.993499e-01   4.909598e-01   5.067462e-01   4.977747e-01   5.370796e-01   4.880268e-01   5.026885e-01   4.844584e-01   5.088510e-01
   9.841917e-01   9.954143e-01   0.000000e+00   2.795116e-01   3.256526e-01   6.923161e-01   9.936769e-01   5.273262e-01   4.862087e-01   5.208662e-01   4.948547e-01   4.970553e-01   5.073665e-01   4.702978e-01   4.876220e-01   5.002853e-01   4.994808e-01
   5.957986e-01   9.128662e-01   9.863142e-01   3.218223e-01   3.008782e-01   9.887383e-01   9.822113e-01   5.331781e-01   5.098798e-01   5.309580e-01   5.154855e-01   4.983420e-01   5.129090e-01   4.865691e-01   5.123366e-01   4.621078e-01   4.886102e-01
   9.887555e-01   9.635177e-01   4.960391e-01   2.752318e-01   2.988204e-01   9.944577e-01   9.935616e-01   5.448577e-01   4.793108e-01   5.229409e-01   5.131915e-01   4.948474e-01   5.424860e-01   4.564653e-01   4.786457e-01   4.379076e-01   5.042353e-01
   6.883164e-01   9.971486e-01   4.535187e-01   9.973710e-01   3.289476e-01   2.304930e-01   9.774148e-01   5.253545e-01   4.854989e-01   4.938442e-01   5.026773e-01   4.777767e-01   5.133312e-01   4.957833e-01   4.965657e-01   4.586292e-01   5.028840e-01
   9.930653e-01   9.836035e-01   7.149546e-01   6.855672e-01   3.086995e-01   6.258188e-01   9.964729e-01   5.503575e-01   5.014456e-01   5.257383e-01   5.131248e-01   4.973136e-01   5.425940e-01   4.498472e-01   4.808246e-01   4.689658e-01   5.858713e-01
   5.981308e-01   9.819339e-01   5.074653e-01   3.354869e-01   2.674673e-01   5.888339e-01   9.840956e-01   5.205470e-01   4.660542e-01   5.129062e-01   4.837634e-01   4.815652e-01   5.363994e-01   4.809771e-01   5.079882e-01   5.010194e-01   4.629025e-01
   6.079730e-01   9.916863e-01   5.295918e-01   1.108031e-01   3.357339e-01   7.258835e-01   9.827390e-01   4.989707e-01   4.751522e-01   4.739667e-01   5.447512e-01   4.746767e-01   5.442870e-01   4.825519e-01   4.699783e-01   4.880136e-01   5.362428e-01
   5.198329e-01   9.784664e-01   9.921045e-01   2.146670e-01   3.699833e-01   5.455972e-01   9.887263e-01   4.924954e-01   5.130290e-01   5.160640e-01   5.106998e-01   4.975651e-01   5.798355e-01   4.841373e-01   5.155897e-01   4.927237e-01   5.195623e-01
   5.687651e-01   9.874034e-01   4.542526e-01   7.380410e-01   3.715511e-01   7.224178e-01   9.993910e-01   4.855925e-01   5.104839e-01   4.926492e-01   5.259729e-01   4.973654e-01   5.323256e-01   4.898444e-01   4.998264e-01   4.861974e-01   5.005920e-01
   8.740881e-01   7.841794e-01   2.429156e-01   9.976037e-01   3.326172e-01   2.320072e-01   9.987795e-01   5.100055e-01   4.801554e-01   4.909814e-01   5.200183e-01   4.957331e-01   5.235767e-01   4.942293e-01   4.715129e-01   5.149991e-01   5.144689e-01
   1.000000e+00   1.000000e+00   7.828704e-01   1.838964e-01   3.804851e-01   5.212855e-01   9.834093e-01   5.060687e-01   5.073869e-01   4.938721e-01   5.007714e-01   4.984902e-01   5.028643e-01   4.933347e-01   5.025283e-01   5.007751e-01   5.036667e-01
   8.470950e-01   9.737262e-01   9.987894e-01   2.907341e-01   2.662241e-01   6.371209e-01   9.645766e-01   4.932805e-01   4.876893e-01   5.183259e-01   5.046925e-01   4.844612e-01   5.292162e-01   4.853683e-01   5.092895e-01   5.026238e-01   4.942378e-01
   9.627158e-01   9.801515e-01   9.993010e-01   2.780167e-01   2.856985e-01   4.629376e-01   9.693857e-01   5.350186e-01   4.922308e-01   5.002390e-01   5.116744e-01   4.973614e-01   5.382157e-01   4.818872e-01   5.021123e-01   4.992060e-01   4.985352e-01
   9.937011e-01   8.001625e-01   3.883098e-01   3.035007e-01   2.484425e-01   9.933480e-01   9.970052e-01   5.170717e-01   4.872886e-01   5.319452e-01   5.172530e-01   4.657258e-01   5.558085e-01   5.049844e-01   4.853113e-01   5.199746e-01   5.054228e-01
   7.205524e-01   8.999045e-01   9.958461e-01   3.770969e-01   3.973819e-01   1.667206e-01   9.893152e-01   5.132293e-01   5.035611e-01   4.981537e-01   5.124951e-01   4.520448e-01   4.896230e-01   4.829688e-01   4.813974e-01   4.905332e-01   5.274013e-01
   9.871767e-01   9.694339e-01   4.658781e-01   2.904357e-01   2.942981e-01   9.983477e-01   9.430972e-01   5.475724e-01   4.785606e-01   5.175277e-01   5.175203e-01   4.954514e-01   5.369517e-01   4.525211e-01   4.838624e-01   5.263916e-01   4.946087e-01
   8.507196e-01   9.122539e-01   4.586264e-01   9.995755e-01   2.896247e-01   9.964037e-01   9.893032e-01   5.074015e-01   4.913848e-01   4.944150e-01   5.098294e-01   4.909256e-01   5.141325e-01   5.020921e-01   5.017150e-01   4.978638e-01   5.055176e-01
   3.523879e-01   9.873772e-01   2.606406e-01   9.954323e-01   3.275993e-01   1.000000e+00   9.604783e-01   5.098599e-01   4.884966e-01   4.849447e-01   5.012332e-01   4.593771e-01   5.662291e-01   4.817887e-01   4.869114e-01   4.483330e-01   5.216418e-01
   7.952486e-01   7.813698e-01   8.426734e-01   5.079793e-01   3.166452e-01   3.775714e-01   8.775640e-01   5.075043e-01   5.057832e-01   5.043235e-01   5.079731e-01   5.000415e-01   5.181228e-01   5.027026e-01   5.001817e-01   5.009035e-01   4.824637e-01
   7.904389e-01   7.596896e-01   9.868252e-01   1.781830e-01   2.545424e-01   6.099797e-01   9.980089e-01   5.045368e-01   5.163284e-01   5.297387e-01   5.082945e-01   5.123018e-01   5.437335e-01   4.860904e-01   4.808305e-01   4.897085e-01   5.036733e-01
   3.795496e-01   9.965551e-01   7.400790e-01   9.948436e-01   3.419413e-01   5.575523e-01   9.965612e-01   5.180408e-01   4.984510e-01   4.946556e-01   5.238660e-01   4.833717e-01   5.451831e-01   4.755549e-01   4.987890e-01   4.738005e-01   5.328273e-01
   6.347436e-01   8.900303e-01   5.293152e-01   9.936507e-01   2.550950e-01   8.733157e-01   9.559846e-01   4.889162e-01   5.088804e-01   5.019188e-01   5.042274e-01   5.037536e-01   5.261092e-01   4.910442e-01   4.832741e-01   4.888926e-01   5.182085e-01
   6.017948e-01   9.838026e-01   5.325320e-01   3.401285e-01   2.820974e-01   7.758509e-01   9.857556e-01   5.219866e-01   4.630926e-01   5.034285e-01   4.970931e-01   4.948620e-01   5.477253e-01   4.767925e-01   4.955011e-01   4.909118e-01   5.336897e-01
   6.367732e-01   7.441800e-01   9.958386e-01   4.262892e-01   2.414398e-01   1.201996e-01   9.901201e-01   5.003933e-01   5.026660e-01   4.890269e-01   5.016718e-01   4.851896e-01   4.890339e-01   4.824586e-01   4.714672e-01   4.863535e-01   5.242884e-01
   7.863848e-01   9.708025e-01   3.497352e-01   3.098439e-01   2.891278e-01   9.981868e-01   9.920044e-01   5.291190e-01   4.635499e-01   4.748419e-01   5.120197e-01   4.969728e-01   5.497643e-01   4.496541e-01   4.994855e-01   5.170422e-01   5.290290e-01
   7.509159e-01   6.903827e-01   4.008774e-01   9.830269e-01   3.227420e-01   6.720678e-01   9.999423e-01   5.122530e-01   4.865654e-01   5.035147e-01   5.079897e-01   4.984183e-01   5.057975e-01   4.836877e-01   4.687264e-01   4.984992e-01   5.255636e-01
   9.018663e-01   9.738064e-01   9.962192e-01   3.384747e-01   3.349898e-01   5.437768e-01   9.899933e-01   5.083327e-01   5.223938e-01   5.326557e-01   5.118788e-01   4.971837e-01   5.382500e-01   4.838521e-01   5.253782e-01   5.154627e-01   5.018821e-01
   6.991985e-01   9.798924e-01   4.787060e-01   6.733469e-01   3.201875e-01   4.838531e-01   9.526429e-01   5.080946e-01   5.068184e-01   4.961520e-01   5.004879e-01   4.961780e-01   5.089745e-01   4.882450e-01   4.933076e-01   4.914582e-01   5.022865e-01
   2.489526e-01   9.973991e-01   1.000000e+00   4.994381e-01   2.976909e-01   5.672979e-01   9.619467e-01   5.130505e-01   5.097351e-01   4.984068e-01   5.070900e-01   4.883041e-01   5.393616e-01   4.983078e-01   4.891579e-01   5.034512e-01   4.885427e-01
   7.505476e-01   9.797865e-01   9.864150e-01   3.134237e-01   2.869523e-01   9.783322e-01   9.699749e-01   5.087104e-01   5.004139e-01   4.766014e-01   5.067352e-01   4.999910e-01   5.090329e-01   4.866417e-01   4.869300e-01   4.772200e-01   4.979792e-01
   3.687706e-01   9.922020e-01   0.000000e+00   9.866151e-01   3.479261e-01   7.537775e-01   9.975337e-01   5.136255e-01   4.775738e-01   4.915460e-01   5.234057e-01   4.622899e-01   5.423464e-01   4.813244e-01   4.830796e-01   4.926276e-01   5.424884e-01
   9.941948e-01   9.914161e-01   0.000000e+00   9.968740e-01   3.185548e-01   6.543711e-01   1.000000e+00   5.155684e-01   5.166981e-01   5.049328e-01   5.203048e-01   4.990017e-01   5.421017e-01   4.735510e-01   4.813063e-01   4.759557e-01   5.618934e-01
   4.976126e-01   9.777511e-01   8.410942e-01   1.597689e-01   2.685807e-01   4.849121e-01   9.919955e-01   5.237040e-01   4.754409e-01   5.189175e-01   5.117097e-01   4.857138e-01   5.356851e-01   4.931742e-01   5.055271e-01   4.984306e-01   5.157341e-01
   6.065689e-01   1.000000e+00   5.198757e-01   8.367113e-01   2.348092e-01   5.175551e-01   9.395766e-01   5.105705e-01   5.041367e-01   4.986815e-01   4.998466e-01   5.007094e-01   4.940514e-01   4.872407e-01   4.988332e-01   4.970823e-01   5.003628e-01
   8.907063e-01   9.872748e-01   9.954276e-01   3.178999e-01   2.680697e-01   1.000000e+00   9.564437e-01   5.260386e-01   5.117978e-01   4.957802e-01   5.117311e-01   4.867455e-01   5.318945e-01   4.833784e-01   4.905305e-01   4.899306e-01   5.049507e-01
   8.539888e-01   9.753154e-01   9.977654e-01   3.229470e-01   2.715469e-01   5.391332e-01   9.950620e-01   5.304568e-01   5.017901e-01   5.293042e-01   5.186109e-01   4.795944e-01   5.227829e-01   4.894866e-01   5.166611e-01   4.857094e-01   5.059576e-01
   3.528428e-01   9.755948e-01   9.983583e-01   2.801085e-01   2.668575e-01   7.097343e-01   1.000000e+00   5.033413e-01   4.859465e-01   5.115942e-01   5.047318e-01   4.864862e-01   5.298266e-01   4.851533e-01   5.204417e-01   4.928676e-01   4.964738e-01
   9.825423e-01   9.631425e-01   5.290934e-01   2.991432e-01   2.983203e-01   9.945403e-01   9.936206e-01   5.441368e-01   4.793160e-01   5.171971e-01   5.150431e-01   4.925552e-01   5.502670e-01   4.564092e-01   4.785210e-01   4.361160e-01   5.044068e-01
   8.952619e-01   8.351875e-01   5.410426e-01   2.188326e-01   3.134051e-01   9.938281e-01   9.527436e-01   5.579168e-01   4.863787e-01   5.063196e-01   5.084312e-01   4.983609e-01   4.942882e-01   4.797918e-01   4.838109e-01   5.236828e-01   5.063125e-01
   9.897121e-01   1.000000e+00   1.319948e-01   1.000000e+00   3.006769e-01   7.189035e-01   9.454869e-01   5.128335e-01   5.018635e-01   5.025881e-01   5.130473e-01   4.950855e-01   5.363523e-01   4.616809e-01   4.798967e-01   4.788802e-01   5.048522e-01
   9.386015e-01   8.866733e-01   9.972944e-01   2.891392e-01   4.145881e-01   5.192406e-01   1.000000e+00   5.145128e-01   5.146540e-01   5.047796e-01   5.138921e-01   5.136874e-01   5.190270e-01   4.862550e-01   5.171988e-01   4.895266e-01   5.047457e-01
   9.780266e-01   9.465588e-01   3.024689e-01   6.169911e-01   2.991241e-01   8.224307e-01   9.992999e-01   5.071873e-01   5.017889e-01   5.319223e-01   5.263898e-01   4.897122e-01   5.129171e-01   5.011657e-01   4.859326e-01   5.161406e-01   5.077517e-01
   8.188976e-01   9.769729e-01   9.901896e-01   3.195052e-01   2.650672e-01   1.000000e+00   9.647267e-01   5.292437e-01   5.014206e-01   5.208733e-01   5.183889e-01   4.795939e-01   5.207062e-01   4.877723e-01   5.156592e-01   5.211137e-01   5.071639e-01
   5.930247e-01   7.394296e-01   9.956419e-01   4.519834e-01   2.747377e-01   6.206684e-01   9.724753e-01   4.993924e-01   5.186562e-01   5.240258e-01   5.009066e-01   4.944425e-01   5.263267e-01   4.895184e-01   5.170790e-01   5.012083e-01   5.091066e-01
   7.848277e-01   9.704704e-01   5.217544e-01   2.933437e-01   3.034196e-01   9.981263e-01   9.396346e-01   5.216255e-01   4.840549e-01   5.219016e-01   5.174012e-01   4.878404e-01   5.350722e-01   4.644351e-01   4.885636e-01   5.232483e-01   5.005663e-01
   5.825632e-01   9.778194e-01   9.909563e-01   6.808481e-01   2.630559e-01   5.463720e-01   9.987124e-01   4.874154e-01   5.236855e-01   5.264091e-01   5.105246e-01   4.930434e-01   5.446973e-01   4.844625e-01   5.151107e-01   4.929331e-01   5.185397e-01
   1.925084e-01   9.871745e-01   0.000000e+00   9.935421e-01   3.556179e-01   7.234541e-01   9.941991e-01   5.135348e-01   4.801379e-01   4.917023e-01   5.228389e-01   4.669994e-01   5.414806e-01   4.810747e-01   4.738749e-01   4.723361e-01   5.381278e-01
   4.493935e-01   9.906387e-01   7.195035e-01   9.957906e-01   3.439478e-01   1.000000e+00   9.883498e-01   5.046591e-01   4.802553e-01   4.928260e-01   5.134605e-01   4.683044e-01   5.098532e-01   4.826119e-01   4.796996e-01   4.721557e-01   5.351323e-01
   9.918570e-01   9.951506e-01   9.106681e-01   8.672384e-02   3.033528e-01   6.508636e-01   9.487455e-01   5.104139e-01   5.185063e-01   4.985070e-01   5.228463e-01   4.966795e-01   5.543080e-01   4.799185e-01   4.967962e-01   4.604977e-01   4.957520e-01
   8.594423e-01   9.118552e-01   4.707277e-01   9.994576e-01   2.893014e-01   9.828138e-01   9.977206e-01   5.087736e-01   4.871983e-01   4.901299e-01   5.096272e-01   4.902266e-01   4.989478e-01   5.019890e-01   5.121835e-01   4.986450e-01   5.052380e-01
   9.825423e-01   9.631425e-01   5.290934e-01   2.991432e-01   2.983203e-01   9.945403e-01   9.936206e-01   5.441368e-01   4.793160e-01   5.171971e-01   5.150431e-01   4.925552e-01   5.502670e-01   4.564092e-01   4.785210e-01   4.361160e-01   5.044068e-01
   9.715091e-01   9.772957e-01   2.118290e-01   3.081845e-01   2.597216e-01   1.000000e+00   9.927819e-01   5.211322e-01   4.974074e-01   5.154965e-01   5.151339e-01   4.783278e-01   5.583272e-01   4.946432e-01   4.839563e-01   5.149108e-01   5.219347e-01
   5.849754e-01   9.489376e-01   9.895628e-01   2.988793e-01   2.544664e-01   1.000000e+00   9.799858e-01   5.204097e-01   5.064502e-01   5.055111e-01   5.154425e-01   4.977781e-01   5.636921e-01   4.868123e-01   4.926433e-01   4.513142e-01   5.034441e-01
   9.909120e-01   9.408571e-01   0.000000e+00   9.754627e-01   3.233418e-01   7.064132e-01   9.981829e-01   5.073893e-01   5.083411e-01   5.174072e-01   5.225173e-01   4.994332e-01   5.355673e-01   4.620404e-01   4.905191e-01   4.842970e-01   4.906599e-01
   4.316272e-01   9.941406e-01   0.000000e+00   9.935290e-01   3.461906e-01   7.537532e-01   9.975198e-01   5.118267e-01   4.726051e-01   4.925592e-01   5.246464e-01   4.660266e-01   5.425311e-01   4.884058e-01   4.729089e-01   4.769071e-01   5.358491e-01
   6.592149e-01   9.819633e-01   9.992304e-01   3.109854e-01   3.640620e-01   6.761871e-01   1.000000e+00   5.243563e-01   5.120674e-01   4.879324e-01   5.053219e-01   4.927534e-01   5.433246e-01   4.833213e-01   5.203786e-01   4.893720e-01   5.092811e-01
   9.891889e-01   9.944871e-01   5.598335e-01   3.063086e-01   3.394536e-01   4.164820e-01   9.961777e-01   5.056866e-01   4.697862e-01   5.207531e-01   5.088508e-01   5.001146e-01   5.347969e-01   4.562220e-01   5.084971e-01   5.002608e-01   5.088216e-01
   5.987736e-01   9.900105e-01   3.869496e-02   7.022181e-01   3.256063e-01   5.106685e-01   9.923909e-01   5.139399e-01   5.094219e-01   4.937016e-01   5.210709e-01   4.851707e-01   4.551660e-01   4.763776e-01   4.935808e-01   4.666002e-01   5.006269e-01
   7.370573e-01   9.447786e-01   9.993711e-01   3.629675e-01   2.890475e-01   7.527769e-01   9.902416e-01   5.114351e-01   4.941725e-01   5.086311e-01   5.158228e-01   4.863616e-01   5.156546e-01   4.879711e-01   4.966391e-01   4.906351e-01   5.085922e-01
   8.022946e-01   9.895311e-01   1.000000e+00   1.478352e-01   2.722359e-01   7.779041e-01   9.738373e-01   5.305530e-01   4.987709e-01   4.993872e-01   4.977722e-01   4.939017e-01   5.014388e-01   4.829965e-01   4.899547e-01   5.403864e-01   4.987022e-01
   9.851897e-01   9.140844e-01   1.501588e-01   1.000000e+00   2.986937e-01   4.911515e-01   9.638662e-01   5.162892e-01   4.963128e-01   4.942087e-01   5.157752e-01   4.928497e-01   5.120815e-01   4.819128e-01   4.600301e-01   4.917865e-01   5.195017e-01
   9.960638e-01   9.784195e-01   1.000000e+00   3.247699e-01   2.877787e-01   5.851603e-01   9.445053e-01   5.198158e-01   4.954545e-01   4.874220e-01   5.130958e-01   4.773425e-01   5.154344e-01   4.822439e-01   4.995689e-01   4.920486e-01   4.960746e-01
   5.861598e-01   8.155257e-01   4.692019e-01   9.939056e-01   3.169440e-01   5.261946e-01   9.987470e-01   5.105343e-01   4.922278e-01   4.948543e-01   5.152076e-01   4.936073e-01   5.338985e-01   4.852303e-01   4.675149e-01   4.866303e-01   4.742609e-01
   9.972381e-01   1.000000e+00   1.000000e+00   9.958496e-01   2.952447e-01   9.012307e-01   9.867185e-01   5.087773e-01   4.770144e-01   5.013288e-01   4.738662e-01   4.880729e-01   5.114731e-01   4.817466e-01   5.044012e-01   4.989145e-01   5.504647e-01
   7.141958e-01   9.851266e-01   6.954052e-01   6.160594e-02   2.626878e-01   1.000000e+00   1.000000e+00   5.194144e-01   4.988783e-01   5.118786e-01   5.052006e-01   5.001361e-01   5.347469e-01   4.881990e-01   4.744687e-01   4.990592e-01   5.289556e-01
   9.900989e-01   9.873127e-01   1.000000e+00   8.003145e-01   3.033618e-01   7.051356e-01   9.925534e-01   5.225002e-01   4.835530e-01   5.101669e-01   5.271101e-01   4.999197e-01   5.512531e-01   4.843203e-01   5.021141e-01   4.982363e-01   5.561876e-01
   4.699286e-01   9.860159e-01   2.559991e-01   9.964540e-01   3.243102e-01   7.395261e-01   9.687812e-01   5.175726e-01   4.793912e-01   4.971337e-01   5.104370e-01   4.598263e-01   5.661091e-01   4.806664e-01   4.852574e-01   4.541546e-01   5.315793e-01
   6.269462e-01   9.037859e-01   1.098607e-01   2.773770e-01   2.991424e-01   9.872467e-01   9.820132e-01   5.348587e-01   5.068442e-01   5.314405e-01   5.049523e-01   5.120029e-01   5.119376e-01   4.903310e-01   5.138249e-01   4.693996e-01   5.005195e-01
   5.989761e-01   9.915484e-01   5.325465e-01   1.859633e-01   3.219584e-01   7.345468e-01   9.847202e-01   5.187692e-01   4.797828e-01   5.163603e-01   5.159930e-01   4.892111e-01   5.453153e-01   4.778901e-01   5.003951e-01   4.905182e-01   5.374640e-01
   7.497911e-01   9.698280e-01   9.628399e-01   2.829000e-01   3.151190e-01   6.425870e-01   9.538341e-01   5.045197e-01   5.022030e-01   5.014386e-01   5.152071e-01   4.958659e-01   5.071569e-01   4.855640e-01   5.240267e-01   5.298249e-01   5.010452e-01
   9.946472e-01   7.748985e-01   7.455337e-01   3.029929e-01   3.135326e-01   9.992867e-01   9.423819e-01   5.022816e-01   5.126540e-01   5.262905e-01   5.243174e-01   5.092641e-01   5.421157e-01   4.701280e-01   4.841338e-01   4.725506e-01   5.058666e-01
   9.878124e-01   9.807957e-01   0.000000e+00   3.453889e-01   2.284393e-01   4.617564e-01   9.961273e-01   5.038557e-01   4.897397e-01   5.208677e-01   4.971775e-01   4.979753e-01   5.124703e-01   4.668448e-01   4.872017e-01   5.070752e-01   5.017372e-01
   7.860223e-01   9.116930e-01   1.000000e+00   4.901626e-01   3.136402e-01   5.047006e-01   9.883166e-01   5.071352e-01   5.065279e-01   5.044365e-01   5.083675e-01   5.010226e-01   5.164066e-01   4.851248e-01   5.010326e-01   5.006898e-01   4.896305e-01
   9.959468e-01   9.335529e-01   2.076614e-01   2.077796e-01   3.172758e-01   1.000000e+00   9.935616e-01   5.008097e-01   5.122899e-01   5.327623e-01   5.228391e-01   5.054585e-01   5.421406e-01   4.782847e-01   4.795332e-01   4.851409e-01   5.058910e-01
   7.455018e-01   9.961385e-01   1.000000e+00   1.272067e-01   2.816063e-01   5.844532e-01   9.666671e-01   5.117353e-01   5.004536e-01   4.923285e-01   5.154126e-01   4.861608e-01   5.382608e-01   4.780558e-01   5.021095e-01   4.848895e-01   5.058284e-01
   6.218618e-01   9.838628e-01   5.085204e-01   1.000000e+00   2.644068e-01   1.000000e+00   9.897980e-01   5.094031e-01   5.009930e-01   5.032560e-01   4.998272e-01   5.022352e-01   5.351375e-01   4.875577e-01   4.751239e-01   4.990416e-01   5.001376e-01
   9.932541e-01   9.948134e-01   1.000000e+00   2.355571e-01   3.035286e-01   5.862931e-01   9.479905e-01   5.109259e-01   5.205348e-01   4.987886e-01   5.257231e-01   4.961380e-01   5.039892e-01   4.797343e-01   5.039010e-01   4.582177e-01   4.965827e-01
   9.894664e-01   9.925352e-01   5.077577e-01   2.940497e-01   3.464174e-01   2.718086e-01   9.935579e-01   5.374775e-01   4.656441e-01   5.208443e-01   5.180633e-01   4.963194e-01   5.347747e-01   4.562077e-01   5.151719e-01   4.857166e-01   5.097827e-01
   9.940031e-01   9.882928e-01   2.736929e-01   2.511628e-01   2.889535e-01   1.000000e+00   9.622909e-01   5.153551e-01   4.817896e-01   4.970683e-01   5.194371e-01   4.877088e-01   5.459132e-01   4.166817e-01   4.802305e-01   4.097432e-01   5.126160e-01
   5.699484e-01   9.783143e-01   9.922025e-01   6.494994e-01   2.624340e-01   5.454949e-01   9.986490e-01   4.872795e-01   5.216688e-01   5.271041e-01   5.105334e-01   4.937921e-01   5.487288e-01   4.844778e-01   5.155926e-01   4.929300e-01   5.166358e-01
   6.586262e-01   7.840285e-01   9.873481e-01   3.632754e-01   2.553599e-01   8.771911e-01   9.961849e-01   5.347655e-01   5.000753e-01   5.185673e-01   5.183729e-01   4.986552e-01   5.062717e-01   4.870717e-01   5.073155e-01   4.725221e-01   5.025582e-01
   9.918652e-01   9.961702e-01   8.132861e-01   1.397955e-02   2.810069e-01   6.756865e-01   9.734378e-01   5.161806e-01   5.199800e-01   4.980888e-01   5.217408e-01   4.970342e-01   5.493369e-01   4.943337e-01   4.934778e-01   4.377087e-01   4.936516e-01
   6.890703e-01   9.998763e-01   7.241991e-01   8.147686e-01   3.434806e-01   3.324934e-01   9.500522e-01   5.070233e-01   5.064021e-01   4.976254e-01   4.999095e-01   4.932242e-01   5.024684e-01   4.899253e-01   5.013557e-01   4.919079e-01   4.977499e-01
   8.423481e-01   8.863717e-01   3.904176e-01   9.993572e-01   2.959869e-01   8.452707e-01   9.930034e-01   5.041217e-01   4.891995e-01   4.872544e-01   5.149174e-01   4.933422e-01   5.144537e-01   5.022652e-01   5.091476e-01   4.994775e-01   5.053006e-01
   7.433543e-01   9.847568e-01   9.902040e-01   3.093060e-01   2.942723e-01   1.000000e+00   9.608068e-01   4.933818e-01   5.075457e-01   4.756790e-01   5.048924e-01   5.011525e-01   5.533624e-01   4.845915e-01   4.932701e-01   4.960145e-01   4.965989e-01
   6.779400e-01   8.638193e-01   9.780317e-02   5.510627e-01   3.082805e-01   5.396848e-01   9.998089e-01   5.065728e-01   5.067522e-01   5.021095e-01   5.126388e-01   5.070655e-01   5.092741e-01   4.997480e-01   5.037250e-01   4.867942e-01   4.919897e-01
   5.706577e-01   9.880414e-01   0.000000e+00   1.875006e-01   3.727172e-01   7.135250e-01   9.951591e-01   5.136741e-01   4.765614e-01   5.126534e-01   5.209171e-01   4.848144e-01   5.415073e-01   4.785230e-01   5.021446e-01   4.773963e-01   5.081223e-01
   9.973325e-01   1.000000e+00   1.113805e-01   1.575738e-01   2.998734e-01   9.970994e-01   9.941940e-01   4.896802e-01   5.076747e-01   4.936827e-01   5.113113e-01   5.101955e-01   5.243661e-01   4.782355e-01   4.896304e-01   4.897582e-01   4.897454e-01
   8.443761e-01   9.737573e-01   9.995772e-01   2.902846e-01   2.640209e-01   6.278550e-01   9.621848e-01   4.928872e-01   4.908342e-01   5.183262e-01   5.047819e-01   4.862184e-01   5.303183e-01   4.853969e-01   5.096604e-01   5.023361e-01   4.940471e-01
   9.942575e-01   8.401054e-01   3.004211e-01   3.730160e-01   2.425575e-01   9.876237e-01   9.981942e-01   5.173344e-01   5.383306e-01   5.421154e-01   5.302302e-01   5.147067e-01   5.592482e-01   4.948713e-01   4.735443e-01   5.291967e-01   5.350684e-01
   8.840471e-01   7.972016e-01   3.185723e-01   2.335304e-01   3.134740e-01   1.000000e+00   9.497516e-01   5.022535e-01   5.019908e-01   5.018687e-01   5.084754e-01   4.988233e-01   4.986150e-01   4.842683e-01   4.856190e-01   4.979001e-01   5.122260e-01
   6.077551e-01   7.502339e-01   9.900535e-01   4.300572e-01   2.616440e-01   6.005241e-01   9.958442e-01   5.045546e-01   5.182898e-01   5.301631e-01   5.078319e-01   4.980606e-01   5.440995e-01   4.873243e-01   5.156121e-01   4.934530e-01   5.087415e-01
   9.910410e-01   9.775506e-01   5.070125e-01   9.976033e-01   3.159983e-01   6.535974e-01   9.557881e-01   5.185308e-01   5.118377e-01   4.940159e-01   5.202675e-01   4.993496e-01   5.502089e-01   4.702778e-01   4.973917e-01   4.692699e-01   5.512062e-01
   9.960059e-01   1.000000e+00   0.000000e+00   2.888844e-01   3.104105e-01   6.752050e-01   9.946103e-01   4.959684e-01   5.090244e-01   4.922365e-01   5.178204e-01   4.764914e-01   5.293063e-01   4.771419e-01   4.997097e-01   4.839274e-01   4.950288e-01
   5.200173e-01   9.698356e-01   9.979457e-01   3.250228e-01   3.288387e-01   1.000000e+00   9.891934e-01   4.931240e-01   5.141377e-01   5.143899e-01   5.135530e-01   4.942012e-01   5.194949e-01   4.878493e-01   4.990998e-01   4.870600e-01   5.118499e-01
   7.158253e-01   6.917439e-01   9.985585e-01   3.325551e-01   2.917255e-01   3.414940e-01   9.596362e-01   4.902475e-01   5.184781e-01   5.118919e-01   5.089753e-01   4.854802e-01   5.196187e-01   4.862037e-01   5.182947e-01   4.988064e-01   4.908003e-01
   9.735499e-01   9.802524e-01   9.996401e-01   2.688715e-01   2.872527e-01   4.279672e-01   9.665850e-01   5.281363e-01   4.937769e-01   5.012705e-01   5.175123e-01   4.979991e-01   5.385721e-01   4.823691e-01   5.028016e-01   4.996572e-01   5.208204e-01
   8.499765e-01   8.995469e-01   4.222911e-01   9.993719e-01   2.964830e-01   9.417756e-01   9.906741e-01   5.060132e-01   4.892083e-01   4.880516e-01   5.063381e-01   4.909683e-01   5.112238e-01   5.020986e-01   5.047738e-01   4.986953e-01   5.052310e-01
   6.297104e-01   8.132034e-01   6.551046e-01   9.970451e-01   3.287051e-01   6.156524e-01   1.000000e+00   5.086552e-01   4.889069e-01   5.002347e-01   5.063816e-01   4.957329e-01   5.151223e-01   4.800876e-01   4.921360e-01   4.962591e-01   5.384146e-01
   7.148283e-01   8.879011e-01   4.985487e-01   2.662695e-01   2.984339e-01   9.471387e-01   9.568358e-01   5.033657e-01   4.811385e-01   4.883070e-01   4.990064e-01   4.988724e-01   5.086226e-01   4.932936e-01   5.061216e-01   4.983297e-01   5.113167e-01
   6.881622e-01   9.982080e-01   4.058638e-01   1.000000e+00   3.437065e-01   3.269327e-01   9.892454e-01   5.341226e-01   4.785093e-01   4.957769e-01   5.038566e-01   4.956573e-01   5.015097e-01   4.921869e-01   4.969512e-01   4.889554e-01   4.969302e-01
   9.927497e-01   8.277659e-01   6.661458e-01   2.754369e-01   2.995685e-01   9.972811e-01   9.246390e-01   5.475976e-01   4.725008e-01   5.125101e-01   5.190106e-01   4.945201e-01   5.424958e-01   4.705388e-01   4.698293e-01   5.105785e-01   5.073779e-01
   9.781363e-01   8.760471e-01   3.106162e-01   5.626850e-01   2.957599e-01   8.248929e-01   9.996754e-01   5.075389e-01   4.944514e-01   4.808033e-01   5.203282e-01   5.028375e-01   5.237446e-01   4.972657e-01   4.922486e-01   4.891964e-01   5.097424e-01
   9.615844e-01   8.944268e-01   1.698682e-01   5.733699e-01   2.888109e-01   8.486649e-01   1.000000e+00   5.055071e-01   4.946469e-01   4.841065e-01   5.204079e-01   4.981427e-01   5.129561e-01   4.970761e-01   4.911480e-01   4.897369e-01   5.117372e-01
