   2.464490e-01   2.816094e-01   4.448227e-01   5.045346e-01   4.946301e-01   4.895233e-01   4.765814e-01   5.243267e-01   4.499101e-01   4.704378e-01   5.125595e-01   5.010624e-01   4.891296e-01
   2.659380e-01   3.721216e-01   6.941094e-01   5.405013e-01   4.944473e-01   5.062806e-01   4.499456e-01   4.981660e-01   4.594069e-01   5.168693e-01   4.536665e-01   5.223129e-01   4.750959e-01
   4.920680e-01   7.938690e-02   5.876941e-01   5.030314e-01   5.137416e-01   4.930421e-01   4.733448e-01   4.600061e-01   4.994207e-01   4.997396e-01   5.283227e-01   5.012424e-01   4.861735e-01
   2.242565e-01   5.648191e-01   2.882289e-01   4.603442e-01   5.063321e-01   4.876294e-01   4.620755e-01   5.209551e-01   4.844818e-01   4.703420e-01   4.938473e-01   4.631071e-01   4.841190e-01
   8.461422e-02   8.452020e-01   9.352019e-01   5.167045e-01   4.846027e-01   4.948825e-01   4.571617e-01   4.923401e-01   4.814711e-01   4.769264e-01   4.916705e-01   5.501086e-01   4.692229e-01
   6.634810e-02   1.291657e-01   8.621669e-01   4.589215e-01   4.969991e-01   5.183205e-01   4.987274e-01   4.783979e-01   4.912203e-01   4.741563e-01   4.953943e-01   5.175048e-01   4.773735e-01
   5.687542e-01   3.744666e-01   4.714567e-01   4.582534e-01   4.901265e-01   5.206200e-01   4.567522e-01   4.749774e-01   4.681633e-01   5.079819e-01   5.364330e-01   4.694070e-01   4.884580e-01
   0.000000e+00   1.000000e+00   3.941786e-01   4.951063e-01   5.000874e-01   5.161798e-01   4.600439e-01   4.944790e-01   4.846710e-01   4.855279e-01   4.962488e-01   5.310156e-01   4.817477e-01
   1.572534e-01   7.020918e-01   5.729464e-01   4.674631e-01   4.714450e-01   5.070552e-01   4.656638e-01   4.853979e-01   4.840054e-01   4.811018e-01   4.952569e-01   5.126382e-01   4.680285e-01
   9.816051e-01   3.497041e-01   6.349547e-01   4.994554e-01   4.974097e-01   4.991077e-01   5.095741e-01   4.975630e-01   4.996741e-01   5.037703e-01   5.094981e-01   4.970659e-01   4.886092e-01
   2.016838e-01   2.741089e-01   5.984899e-01   5.477477e-01   4.686481e-01   4.488198e-01   5.000138e-01   5.143355e-01   4.879334e-01   4.645075e-01   4.943797e-01   5.181913e-01   4.867673e-01
   3.023541e-01   3.562037e-01   3.762776e-01   5.021966e-01   5.065550e-01   5.071273e-01   4.553122e-01   4.955338e-01   4.635627e-01   5.031411e-01   4.664637e-01   5.018406e-01   4.932086e-01
   3.412280e-01   3.769468e-01   6.552972e-01   4.578335e-01   5.280212e-01   5.171931e-01   4.337434e-01   4.688655e-01   4.456539e-01   5.070774e-01   4.567819e-01   4.876873e-01   4.972464e-01
   9.114669e-01   5.662846e-01   4.169347e-01   4.874996e-01   4.999436e-01   4.971551e-01   4.668207e-01   4.997968e-01   4.804966e-01   4.969606e-01   5.293070e-01   4.743234e-01   4.890955e-01
   6.632873e-01   6.030539e-01   3.885424e-01   5.628768e-01   5.048045e-01   4.838547e-01   4.504762e-01   5.504143e-01   4.819065e-01   4.974257e-01   5.183643e-01   5.365767e-01   4.763818e-01
   1.614359e-01   1.166208e-01   1.564111e-01   4.869888e-01   4.979707e-01   4.856270e-01   4.783024e-01   5.039091e-01   5.205553e-01   5.065769e-01   5.443886e-01   4.999054e-01   4.789122e-01
   3.269477e-01   3.074895e-01   1.960933e-01   4.420310e-01   5.020526e-01   4.886391e-01   4.498721e-01   4.931668e-01   4.820265e-01   4.841529e-01   5.151521e-01   5.409267e-01   4.971564e-01
   2.182891e-01   5.346441e-01   5.111103e-01   4.684241e-01   4.909483e-01   4.741454e-01   4.495867e-01   5.130093e-01   4.837717e-01   4.899224e-01   4.934183e-01   5.368940e-01   4.840165e-01
   3.026327e-01   9.965945e-01   8.627525e-01   5.160842e-01   4.738310e-01   5.147613e-01   4.562036e-01   5.167264e-01   4.865123e-01   4.730251e-01   4.921999e-01   5.118358e-01   4.822238e-01
   3.561274e-01   2.462347e-01   7.487405e-01   5.201257e-01   5.022924e-01   5.081903e-01   5.501770e-01   5.209295e-01   5.388179e-01   5.033768e-01   5.097766e-01   5.198110e-01   4.951600e-01
   1.906445e-01   7.032953e-01   5.075673e-01   5.076729e-01   5.001227e-01   5.131339e-01   4.619139e-01   4.872832e-01   4.845530e-01   4.836645e-01   4.938058e-01   5.384219e-01   4.766458e-01
   5.376000e-02   6.234438e-02   9.322082e-01   4.414451e-01   4.879059e-01   4.969202e-01   4.879276e-01   4.848193e-01   4.948291e-01   4.868634e-01   4.921751e-01   4.973081e-01   4.832387e-01
   5.318681e-01   5.343695e-01   2.594849e-01   4.277202e-01   5.079552e-01   5.271880e-01   4.497292e-01   5.364274e-01   4.535973e-01   4.890641e-01   5.234577e-01   5.227805e-01   4.599446e-01
   3.026823e-01   3.563210e-01   3.785493e-01   5.038199e-01   5.181122e-01   5.152544e-01   4.528972e-01   5.324666e-01   4.696734e-01   5.205205e-01   4.791363e-01   5.003057e-01   4.941496e-01
   1.534845e-01   6.962430e-01   5.754048e-01   4.837406e-01   4.660508e-01   5.051838e-01   4.421182e-01   5.225038e-01   4.831994e-01   4.902158e-01   4.959942e-01   5.264517e-01   4.733695e-01
   1.250838e-01   5.234786e-01   6.688678e-01   4.812595e-01   4.993879e-01   4.938670e-01   5.283934e-01   4.825820e-01   4.857520e-01   4.701963e-01   4.910676e-01   5.650024e-01   4.807441e-01
   9.618914e-01   3.495828e-01   6.350395e-01   4.995604e-01   4.974114e-01   4.989707e-01   5.090307e-01   4.975607e-01   5.000541e-01   5.037390e-01   5.093934e-01   4.972416e-01   4.886215e-01
   1.093879e-01   1.552299e-01   9.052072e-01   4.473327e-01   4.749355e-01   4.759976e-01   5.010743e-01   4.863493e-01   4.793580e-01   4.633168e-01   4.960284e-01   5.191604e-01   4.785738e-01
   1.028233e-02   4.996126e-02   0.000000e+00   4.730051e-01   5.075253e-01   4.794977e-01   4.660957e-01   4.833320e-01   5.106163e-01   4.971175e-01   5.007428e-01   5.009730e-01   4.842893e-01
   8.004179e-01   2.051322e-01   2.928706e-01   4.671515e-01   5.135760e-01   4.911308e-01   4.718413e-01   4.850164e-01   5.097520e-01   4.827970e-01   5.093771e-01   4.950626e-01   4.886560e-01
   2.007340e-01   2.857154e-01   7.379088e-01   4.924523e-01   4.847498e-01   5.154483e-01   4.603335e-01   5.188072e-01   4.784404e-01   5.247540e-01   4.777042e-01   5.231454e-01   4.833370e-01
   7.038536e-02   1.611441e-02   2.189291e-01   4.580725e-01   5.571567e-01   5.007580e-01   4.607879e-01   4.859051e-01   4.938707e-01   5.341582e-01   5.200428e-01   5.008613e-01   4.873928e-01
   3.743094e-01   6.231681e-01   2.771452e-01   4.833445e-01   4.959337e-01   4.876782e-01   4.433873e-01   5.203599e-01   3.815626e-01   4.901105e-01   4.961542e-01   5.333204e-01   4.950552e-01
   1.025197e-01   3.013315e-01   1.536215e-01   4.832505e-01   5.530208e-01   4.998854e-01   4.703754e-01   5.586726e-01   4.817137e-01   4.698166e-01   4.994083e-01   5.107962e-01   4.855902e-01
   3.014634e-01   2.898392e-01   3.783690e-01   5.199201e-01   4.782649e-01   5.261354e-01   4.535587e-01   5.281443e-01   4.681366e-01   5.547669e-01   4.867761e-01   4.970241e-01   4.908315e-01
   9.065797e-01   5.351747e-01   3.083320e-01   4.885824e-01   4.989510e-01   4.984953e-01   4.789195e-01   4.975498e-01   4.989017e-01   5.032800e-01   5.242590e-01   4.966619e-01   4.888404e-01
   1.063536e-01   1.731760e-01   3.018644e-01   4.609856e-01   4.990201e-01   4.622861e-01   4.711743e-01   4.838757e-01   5.000767e-01   4.979504e-01   5.423985e-01   5.038771e-01   4.903201e-01
   1.456449e-01   2.198209e-01   5.881399e-02   5.079628e-01   4.918225e-01   4.932444e-01   4.650549e-01   4.693856e-01   4.709831e-01   4.774295e-01   5.235379e-01   5.209283e-01   4.739742e-01
   2.558442e-01   2.129163e-01   2.201703e-01   4.597941e-01   5.010624e-01   4.915506e-01   4.583622e-01   5.068776e-01   4.989021e-01   5.111592e-01   4.846726e-01   4.986693e-01   4.871571e-01
   1.988836e-01   2.303902e-01   2.604225e-01   4.573876e-01   5.014463e-01   4.699128e-01   4.565889e-01   5.110875e-01   4.787660e-01   4.978642e-01   5.001625e-01   5.048819e-01   4.863404e-01
   1.077420e-01   2.937786e-02   1.202813e-01   4.656330e-01   4.905064e-01   4.930492e-01   4.656128e-01   4.888304e-01   5.009679e-01   5.296049e-01   4.736552e-01   4.980868e-01   4.843019e-01
   2.944938e-01   3.027761e-01   4.726813e-01   4.616178e-01   5.204894e-01   5.145971e-01   4.614227e-01   4.554498e-01   4.627008e-01   4.529676e-01   4.979839e-01   4.749929e-01   4.931928e-01
   1.986323e-01   2.951348e-01   2.313841e-01   4.843944e-01   4.942174e-01   4.920931e-01   4.559699e-01   5.114658e-01   4.741122e-01   5.030051e-01   4.838987e-01   4.993300e-01   4.897398e-01
   2.214763e-02   6.423607e-02   9.719921e-01   4.605023e-01   4.894808e-01   4.970401e-01   5.046099e-01   4.870245e-01   4.887185e-01   4.960793e-01   4.929940e-01   4.975839e-01   4.709051e-01
   1.652273e-01   1.734592e-01   2.612530e-01   4.540533e-01   5.015836e-01   4.787246e-01   4.655779e-01   5.167723e-01   4.789820e-01   4.972330e-01   5.438368e-01   5.028118e-01   4.887940e-01
   6.691064e-01   1.989292e-01   2.118581e-02   4.958344e-01   5.152461e-01   4.923004e-01   4.657883e-01   4.953956e-01   5.099636e-01   4.688959e-01   5.075554e-01   4.921633e-01   4.745000e-01
   5.623059e-01   4.291329e-01   3.876460e-01   4.181583e-01   4.986845e-01   5.204121e-01   4.493624e-01   5.656174e-01   4.719730e-01   5.037322e-01   5.252918e-01   5.237566e-01   4.744308e-01
   5.722243e-01   4.261655e-01   2.461125e-01   5.088513e-01   4.930846e-01   5.066254e-01   4.709041e-01   4.827378e-01   4.879826e-01   4.908583e-01   5.260554e-01   4.379360e-01   4.951929e-01
   2.343905e-01   4.234576e-01   7.177052e-01   4.554782e-01   4.953041e-01   4.861570e-01   5.165869e-01   5.108544e-01   4.553015e-01   5.270147e-01   4.991435e-01   5.361116e-01   4.792140e-01
   1.793580e-01   2.662592e-01   6.679668e-01   4.905335e-01   4.798663e-01   5.360942e-01   4.630784e-01   4.948430e-01   4.826968e-01   4.949660e-01   5.321543e-01   5.219743e-01   4.846932e-01
   5.456605e-02   9.646735e-02   9.387050e-01   4.935303e-01   4.901273e-01   4.962011e-01   4.742800e-01   4.870169e-01   5.053586e-01   4.972512e-01   4.969867e-01   4.968364e-01   4.760672e-01
   0.000000e+00   0.000000e+00   0.000000e+00   4.551160e-01   5.504668e-01   5.305462e-01   4.690700e-01   4.901798e-01   4.835784e-01   4.929021e-01   5.080810e-01   4.810203e-01   4.834357e-01
   1.744761e-01   1.884193e-01   7.874686e-01   4.947828e-01   4.773360e-01   5.153002e-01   4.876808e-01   4.827382e-01   4.906677e-01   4.575581e-01   4.944093e-01   5.175545e-01   4.765410e-01
   5.735319e-02   1.196938e-01   5.100956e-01   4.891517e-01   4.546333e-01   5.235037e-01   4.808223e-01   4.794448e-01   5.065692e-01   5.180199e-01   5.152689e-01   5.133532e-01   4.799492e-01
   2.282719e-01   1.159824e-01   8.681310e-01   4.353883e-01   5.158056e-01   4.708197e-01   4.612475e-01   4.933632e-01   5.009083e-01   4.941511e-01   5.192777e-01   5.341641e-01   4.770278e-01
   9.394417e-02   1.392275e-01   8.663909e-01   4.794411e-01   4.926717e-01   4.900568e-01   4.856914e-01   4.950613e-01   5.093327e-01   5.053425e-01   4.928407e-01   5.125715e-01   4.792721e-01
   8.265546e-01   4.203300e-01   6.736249e-01   4.983654e-01   4.991783e-01   4.943948e-01   4.952126e-01   4.934823e-01   4.989387e-01   5.029045e-01   5.225473e-01   5.005901e-01   4.893775e-01
   1.654572e-01   7.850494e-01   6.867849e-01   5.112614e-01   4.820202e-01   5.078779e-01   4.641800e-01   4.907558e-01   4.840169e-01   4.827424e-01   4.926232e-01   5.659009e-01   4.808548e-01
   1.986319e-01   1.263372e-01   0.000000e+00   4.896657e-01   4.884206e-01   4.826158e-01   4.650466e-01   4.905355e-01   5.029418e-01   4.581625e-01   5.229106e-01   5.247387e-01   4.805907e-01
   3.975029e-01   4.242242e-01   4.981150e-01   4.577774e-01   4.736920e-01   5.232334e-01   4.564105e-01   4.937737e-01   4.619323e-01   4.970929e-01   4.439438e-01   4.907129e-01   4.825726e-01
   9.470437e-01   1.881370e-01   2.176120e-01   5.016178e-01   5.091469e-01   4.886690e-01   4.760779e-01   5.058242e-01   4.907667e-01   4.899348e-01   5.264552e-01   5.210237e-01   4.878585e-01
   1.239124e-01   7.847301e-01   5.698158e-01   4.898638e-01   4.712372e-01   5.069769e-01   4.667283e-01   4.865865e-01   4.840947e-01   4.817757e-01   4.954691e-01   5.198639e-01   4.680904e-01
   9.781605e-02   8.264358e-01   6.408930e-01   4.965148e-01   4.723272e-01   5.078803e-01   4.365013e-01   4.949693e-01   4.834370e-01   4.629804e-01   4.963150e-01   5.608994e-01   4.676880e-01
   7.992341e-01   4.199190e-01   6.313485e-01   4.989976e-01   4.961867e-01   4.935787e-01   4.866640e-01   4.927452e-01   4.996029e-01   5.030673e-01   5.187672e-01   5.005697e-01   4.893681e-01
   7.033867e-01   6.027473e-01   5.571943e-01   5.364798e-01   5.093549e-01   4.804306e-01   4.536824e-01   4.576900e-01   4.270368e-01   4.461834e-01   5.257426e-01   5.055218e-01   4.766945e-01
   3.758507e-01   3.741338e-01   4.919531e-01   4.583340e-01   4.792846e-01   5.222882e-01   4.561744e-01   4.697577e-01   4.584154e-01   5.080919e-01   5.352064e-01   4.629778e-01   4.894597e-01
   2.516265e-01   3.251450e-01   3.429524e-01   4.869548e-01   4.836517e-01   4.935756e-01   4.630968e-01   4.934559e-01   4.652879e-01   4.894129e-01   5.027925e-01   4.935363e-01   4.846511e-01
   2.197755e-01   5.082136e-01   4.755142e-01   4.732272e-01   4.646781e-01   5.216647e-01   4.499723e-01   5.146186e-01   4.808414e-01   4.909043e-01   4.965349e-01   5.362622e-01   4.857031e-01
   9.808918e-01   3.659890e-01   6.320330e-01   4.998099e-01   4.977882e-01   4.995659e-01   5.043970e-01   4.971484e-01   4.994149e-01   5.037284e-01   5.100712e-01   4.970473e-01   4.885986e-01
   3.283005e-01   5.369423e-01   5.201715e-01   4.856617e-01   4.477203e-01   5.117443e-01   4.502104e-01   5.160152e-01   4.788951e-01   4.917543e-01   4.956495e-01   5.319971e-01   4.935924e-01
   9.287138e-02   2.568905e-02   9.387706e-01   4.417105e-01   4.931961e-01   4.926459e-01   4.688361e-01   4.905416e-01   4.951341e-01   4.994292e-01   4.961196e-01   5.045017e-01   4.756440e-01
   1.008625e-01   2.231249e-02   1.000000e+00   4.597940e-01   4.983996e-01   4.942176e-01   4.738258e-01   4.907094e-01   4.951945e-01   4.989191e-01   5.263993e-01   5.019035e-01   4.825716e-01
   3.558315e-01   2.450884e-01   7.317946e-01   4.965448e-01   5.121989e-01   5.041253e-01   5.016631e-01   5.123840e-01   4.932135e-01   5.084829e-01   4.883298e-01   5.215166e-01   4.891750e-01
   1.415870e-01   7.068481e-02   9.475120e-01   4.965812e-01   4.899475e-01   4.835482e-01   4.737154e-01   4.893118e-01   4.793887e-01   5.061250e-01   5.052836e-01   5.019875e-01   4.732473e-01
   4.450795e-01   3.153403e-01   3.497385e-01   5.054282e-01   4.368638e-01   5.212747e-01   4.512339e-01   5.500299e-01   4.899262e-01   4.986479e-01   4.753414e-01   4.788505e-01   4.922060e-01
   6.963977e-01   2.536344e-01   2.324996e-01   4.393301e-01   5.039025e-01   4.963928e-01   4.664888e-01   4.568451e-01   5.329674e-01   4.903692e-01   5.339939e-01   5.078660e-01   4.921067e-01
   1.562446e-01   9.648207e-01   3.640758e-01   4.937037e-01   5.153711e-01   4.699207e-01   4.481057e-01   4.872695e-01   4.836704e-01   4.662078e-01   4.993654e-01   5.407775e-01   4.808978e-01
   2.155590e-01   6.423620e-01   4.619434e-01   4.866954e-01   5.011979e-01   4.716996e-01   4.427641e-01   5.165921e-01   4.904480e-01   4.741847e-01   4.861525e-01   5.260088e-01   4.606182e-01
   1.987590e-01   2.374011e-01   2.626147e-01   4.515290e-01   5.015939e-01   4.865927e-01   4.585994e-01   5.108461e-01   4.789099e-01   4.977169e-01   4.936649e-01   5.046989e-01   4.890839e-01
   9.215239e-02   7.977090e-01   6.363390e-01   4.966737e-01   4.708372e-01   5.077137e-01   4.363688e-01   4.929889e-01   4.834378e-01   4.591488e-01   4.959026e-01   5.608628e-01   4.665176e-01
   7.036752e-02   8.806619e-01   5.086229e-01   5.204681e-01   4.678542e-01   5.137485e-01   4.701224e-01   4.837302e-01   4.830002e-01   4.766798e-01   4.986040e-01   5.328362e-01   4.627840e-01
   6.531464e-02   7.945007e-02   5.047003e-01   4.894552e-01   4.558690e-01   5.241512e-01   4.802402e-01   4.790027e-01   5.071838e-01   5.145442e-01   5.190720e-01   5.131393e-01   4.854908e-01
   2.249820e-01   5.087861e-01   4.600409e-01   4.865515e-01   4.657170e-01   5.190180e-01   4.416686e-01   5.207891e-01   4.812980e-01   4.901694e-01   4.961283e-01   5.365058e-01   4.794769e-01
   7.067788e-02   6.391223e-02   7.578681e-02   4.763229e-01   5.380777e-01   4.927537e-01   4.688028e-01   4.885437e-01   5.175707e-01   4.990420e-01   4.869364e-01   5.524049e-01   4.821206e-01
   2.578921e-01   2.319210e-01   4.981734e-01   4.270110e-01   4.504758e-01   5.126599e-01   4.930755e-01   5.247701e-01   4.748523e-01   4.956031e-01   5.259458e-01   4.984734e-01   4.833148e-01
   2.923781e-01   5.239750e-01   8.741345e-01   4.843437e-01   4.936386e-01   5.038390e-01   4.609223e-01   4.748245e-01   4.651421e-01   5.138965e-01   5.340884e-01   4.548007e-01   4.848105e-01
   3.419831e-01   2.004249e-01   7.318381e-01   4.963782e-01   5.410313e-01   5.082648e-01   4.973478e-01   5.103378e-01   5.102058e-01   5.039157e-01   4.895980e-01   5.201503e-01   4.896796e-01
   3.231824e-01   6.299482e-01   1.000000e+00   4.754964e-01   4.910373e-01   5.082238e-01   4.598336e-01   4.773054e-01   4.779434e-01   4.885126e-01   4.861066e-01   4.295697e-01   4.819472e-01
   2.272884e-02   4.172677e-02   9.720910e-01   4.606579e-01   4.898108e-01   4.970129e-01   5.060875e-01   4.866280e-01   4.885594e-01   4.947213e-01   4.931160e-01   4.989064e-01   4.680634e-01
   1.636822e-01   1.742314e-01   8.226543e-01   5.062074e-01   4.892612e-01   4.798671e-01   4.719636e-01   4.905087e-01   4.715637e-01   4.735265e-01   5.026021e-01   5.250884e-01   4.736893e-01
   2.084452e-01   7.965793e-01   4.535857e-01   4.927490e-01   4.954664e-01   5.137860e-01   4.593359e-01   5.080518e-01   4.852894e-01   4.841923e-01   4.935871e-01   5.426240e-01   4.848853e-01
   2.281755e-01   9.614644e-02   8.988453e-01   4.379227e-01   5.383524e-01   4.709355e-01   4.612027e-01   4.933262e-01   4.977089e-01   4.942072e-01   5.058012e-01   5.342752e-01   4.726871e-01
   4.283484e-01   4.242537e-01   5.392009e-01   5.279243e-01   4.744942e-01   4.993108e-01   4.563420e-01   4.941072e-01   4.594908e-01   5.328009e-01   4.643382e-01   5.230222e-01   4.856312e-01
   6.898741e-01   1.317273e-01   2.108540e-02   4.957767e-01   5.154760e-01   4.938191e-01   4.667490e-01   4.978451e-01   5.100048e-01   4.737621e-01   5.124006e-01   4.928815e-01   4.739095e-01
   1.000000e+00   9.471398e-01   2.490940e-01   4.827190e-01   5.031787e-01   4.906239e-01   4.485181e-01   4.857215e-01   4.861342e-01   4.958256e-01   4.992714e-01   5.160793e-01   4.834034e-01
   1.028297e-02   0.000000e+00   0.000000e+00   4.731801e-01   5.048790e-01   4.799547e-01   4.661209e-01   4.833387e-01   5.102093e-01   4.993614e-01   5.007095e-01   5.035075e-01   4.842938e-01
   6.405861e-01   2.951830e-01   1.000000e+00   4.597266e-01   4.715364e-01   4.540472e-01   4.576636e-01   4.651329e-01   4.725924e-01   5.132455e-01   5.462586e-01   5.106102e-01   4.774804e-01
   5.855248e-02   1.026401e-01   9.087429e-02   4.752176e-01   5.435189e-01   4.925755e-01   4.679235e-01   5.058042e-01   5.185385e-01   5.012427e-01   4.994199e-01   5.064553e-01   4.813613e-01
   3.303617e-01   1.181244e-01   2.999873e-01   5.406875e-01   4.805903e-01   5.074385e-01   4.841194e-01   4.884851e-01   4.484382e-01   5.542227e-01   5.417599e-01   4.641577e-01   4.847482e-01
   1.356139e-01   5.052093e-01   6.698801e-01   5.016387e-01   4.922208e-01   5.197675e-01   4.844485e-01   4.597534e-01   5.037678e-01   4.732937e-01   5.095036e-01   5.591427e-01   4.959049e-01
   2.017537e-01   2.263289e-01   8.845526e-01   4.494887e-01   5.006439e-01   4.881082e-01   5.223768e-01   5.113755e-01   5.221170e-01   5.003463e-01   5.082697e-01   5.189554e-01   4.780479e-01
   5.716749e-02   1.651084e-01   9.385553e-01   5.025996e-01   4.885618e-01   4.949871e-01   4.879040e-01   4.823803e-01   5.006374e-01   4.810898e-01   4.916440e-01   4.949595e-01   4.799858e-01
   2.517044e-01   2.539142e-01   5.377118e-01   5.172527e-01   4.852345e-01   4.792198e-01   4.909466e-01   5.243461e-01   4.761099e-01   4.744106e-01   5.487452e-01   5.032190e-01   4.895626e-01
   9.859576e-01   3.644328e-01   6.363724e-01   4.994145e-01   4.977912e-01   4.994590e-01   5.102983e-01   4.973899e-01   5.003233e-01   5.037341e-01   5.100362e-01   4.969839e-01   4.885811e-01
   3.067414e-01   4.095578e-01   6.077180e-01   5.225831e-01   4.908951e-01   5.397176e-01   4.477604e-01   4.801915e-01   4.625025e-01   4.929151e-01   4.468127e-01   5.075045e-01   4.679877e-01
   6.895623e-01   1.919987e-01   5.422652e-01   5.002486e-01   5.243912e-01   4.352798e-01   4.687941e-01   4.749581e-01   4.606827e-01   5.072179e-01   4.980069e-01   4.929136e-01   4.870248e-01
   1.495795e-01   1.647763e-01   1.610163e-01   4.690369e-01   4.989490e-01   4.655899e-01   4.785762e-01   4.432077e-01   5.171409e-01   4.981402e-01   5.424833e-01   4.977633e-01   4.912564e-01
   9.115146e-01   3.289758e-01   6.361797e-01   5.002483e-01   4.978481e-01   4.979375e-01   5.106351e-01   4.930678e-01   5.001546e-01   5.018878e-01   5.093575e-01   5.016925e-01   4.888227e-01
   1.343166e-01   4.640836e-01   8.832399e-01   4.733480e-01   4.978379e-01   5.164212e-01   4.370708e-01   4.680023e-01   4.938556e-01   5.010967e-01   4.949471e-01   5.396211e-01   5.074165e-01
   5.731424e-01   3.659901e-01   4.768615e-01   4.657746e-01   4.961955e-01   5.128220e-01   4.663854e-01   4.928630e-01   4.785815e-01   4.978344e-01   5.158407e-01   4.700329e-01   4.883406e-01
   4.878140e-03   1.001103e-02   9.662640e-01   4.720118e-01   4.898380e-01   4.970118e-01   4.823341e-01   4.870359e-01   4.872920e-01   4.947131e-01   4.941560e-01   4.989702e-01   4.698726e-01
   1.000000e+00   9.635698e-01   2.885621e-01   5.140025e-01   4.984163e-01   4.962898e-01   4.520734e-01   4.854891e-01   4.849468e-01   4.902633e-01   4.992299e-01   5.145896e-01   5.048112e-01
   8.111739e-01   4.410998e-01   4.810996e-01   4.983539e-01   4.964923e-01   5.152035e-01   4.722216e-01   4.924152e-01   4.994716e-01   5.009952e-01   5.221950e-01   4.711776e-01   4.893394e-01
   6.662213e-01   1.000000e+00   2.922008e-01   5.046303e-01   4.991544e-01   5.031021e-01   4.582792e-01   4.853477e-01   4.843496e-01   4.895110e-01   5.000195e-01   5.197585e-01   4.995744e-01
   1.799288e-01   8.119689e-01   2.003656e-01   4.854691e-01   5.096369e-01   5.022253e-01   4.543210e-01   5.049739e-01   4.589391e-01   4.897724e-01   4.959251e-01   5.194352e-01   4.872762e-01
   4.408081e-01   4.104789e-01   5.281249e-01   5.119730e-01   4.825080e-01   4.957840e-01   4.613589e-01   4.929724e-01   4.621930e-01   5.235122e-01   5.248148e-01   5.307274e-01   4.872948e-01
   1.735509e-01   2.400106e-01   6.674312e-01   4.500009e-01   4.965644e-01   4.566247e-01   4.532818e-01   4.841614e-01   4.837382e-01   4.549190e-01   5.453108e-01   5.393026e-01   4.751797e-01
   7.839834e-02   2.434191e-01   8.905045e-01   4.856416e-01   4.886181e-01   4.882708e-01   4.754373e-01   4.774044e-01   4.678964e-01   4.911116e-01   4.955651e-01   5.182084e-01   4.805013e-01
   7.658174e-02   1.071578e-01   2.270597e-01   4.618598e-01   5.392297e-01   4.926717e-01   4.615920e-01   5.019858e-01   4.935483e-01   5.227938e-01   5.042594e-01   5.004305e-01   4.809299e-01
   2.460854e-01   5.646150e-01   5.405663e-01   5.006157e-01   5.018842e-01   5.377760e-01   4.521054e-01   5.397548e-01   4.669219e-01   4.853296e-01   4.986039e-01   5.262424e-01   4.808023e-01
