   2.174191e-01   8.683951e-01   8.626778e-01   8.593990e-01   8.595557e-01   2.620014e-01   8.821427e-01   1.308176e+01
   2.174191e-01   8.683951e-01   8.626778e-01   8.593990e-01   8.595557e-01   2.620014e-01   8.821427e-01   1.308176e+01
   2.174191e-01   8.683951e-01   8.626778e-01   8.593990e-01   8.595557e-01   2.620014e-01   8.821427e-01   1.308176e+01
   2.174191e-01   8.683951e-01   8.626778e-01   8.593990e-01   8.595557e-01   2.620014e-01   8.821427e-01   1.308176e+01
   2.174191e-01   8.683951e-01   8.626778e-01   8.593990e-01   8.595557e-01   2.620014e-01   8.821427e-01   1.308176e+01
   2.174191e-01   8.683951e-01   8.626778e-01   8.593990e-01   8.595557e-01   2.620014e-01   8.821427e-01   1.308176e+01
   2.174191e-01   8.683951e-01   8.626778e-01   8.593990e-01   8.595557e-01   2.620014e-01   8.821427e-01   1.308176e+01
   2.174191e-01   8.683951e-01   8.626778e-01   8.593990e-01   8.595557e-01   2.620014e-01   8.821427e-01   1.308176e+01
   2.174191e-01   8.683951e-01   8.626778e-01   8.593990e-01   8.595557e-01   2.620014e-01   8.821427e-01   1.308176e+01
   2.174191e-01   8.683951e-01   8.626778e-01   8.593990e-01   8.595557e-01   2.620014e-01   8.821427e-01   1.308176e+01
   2.174191e-01   8.683951e-01   8.626778e-01   8.593990e-01   8.595557e-01   2.620014e-01   8.821427e-01   1.308176e+01
   2.174521e-01   1.133420e-01   1.409174e-01   7.459059e-01   4.348164e-01   2.644684e-01   8.819809e-01   1.751792e+01
   2.174191e-01   8.683951e-01   8.626778e-01   8.593990e-01   8.595557e-01   2.620014e-01   8.821427e-01   1.308176e+01
   2.174191e-01   8.683951e-01   8.626778e-01   8.593990e-01   8.595557e-01   2.620014e-01   8.821427e-01   1.308176e+01
   2.174191e-01   8.683951e-01   8.626778e-01   8.593990e-01   8.595557e-01   2.620014e-01   8.821427e-01   1.308176e+01
   2.174191e-01   8.683951e-01   8.626778e-01   8.593990e-01   8.595557e-01   2.620014e-01   8.821427e-01   1.308176e+01
   2.174191e-01   8.683951e-01   8.626778e-01   8.593990e-01   8.595557e-01   2.620014e-01   8.821427e-01   1.308176e+01
   2.174191e-01   8.683951e-01   8.626778e-01   8.593990e-01   8.595557e-01   2.620014e-01   8.821427e-01   1.308176e+01
   2.174191e-01   8.683951e-01   8.626778e-01   8.593990e-01   8.595557e-01   2.620014e-01   8.821427e-01   1.308176e+01
   2.174191e-01   8.683951e-01   8.626778e-01   8.593990e-01   8.595557e-01   2.620014e-01   8.821427e-01   1.308176e+01
   2.174191e-01   8.683951e-01   8.626778e-01   8.593990e-01   8.595557e-01   2.620014e-01   8.821427e-01   1.308176e+01
   2.174191e-01   8.683951e-01   8.626778e-01   8.593990e-01   8.595557e-01   2.620014e-01   8.821427e-01   1.308176e+01
   2.174219e-01   8.683980e-01   8.627128e-01   6.978542e-01   8.599472e-01   2.619565e-01   8.821428e-01   1.387597e+01
   2.174191e-01   8.683951e-01   8.626778e-01   8.593990e-01   8.595557e-01   2.620014e-01   8.821427e-01   1.308176e+01
   2.174191e-01   8.683951e-01   8.626778e-01   8.593990e-01   8.595557e-01   2.620014e-01   8.821427e-01   1.308176e+01
   2.174191e-01   8.683951e-01   8.626778e-01   8.593990e-01   8.595557e-01   2.620014e-01   8.821427e-01   1.308176e+01
   2.174191e-01   8.683951e-01   8.626778e-01   8.593990e-01   8.595557e-01   2.620014e-01   8.821427e-01   1.308176e+01
   2.174191e-01   8.683951e-01   8.626778e-01   8.593990e-01   8.595557e-01   2.620014e-01   8.821427e-01   1.308176e+01
   2.174191e-01   8.683951e-01   8.626778e-01   8.593990e-01   8.595557e-01   2.620014e-01   8.821427e-01   1.308176e+01
   2.174191e-01   8.683951e-01   8.626778e-01   8.593990e-01   8.595557e-01   2.620014e-01   8.821427e-01   1.308176e+01
   2.174191e-01   8.683951e-01   8.626778e-01   8.593990e-01   8.595557e-01   2.620014e-01   8.821427e-01   1.308176e+01
   2.174191e-01   8.683951e-01   8.626778e-01   8.593990e-01   8.595557e-01   2.620014e-01   8.821427e-01   1.308176e+01
   2.174191e-01   8.683951e-01   8.626778e-01   8.593990e-01   8.595557e-01   2.620014e-01   8.821427e-01   1.308176e+01
   2.174191e-01   8.683951e-01   8.626778e-01   8.593990e-01   8.595557e-01   2.620014e-01   8.821427e-01   1.308176e+01
   2.174191e-01   8.683951e-01   8.626778e-01   8.593990e-01   8.595557e-01   2.620014e-01   8.821427e-01   1.308176e+01
   2.174183e-01   8.683942e-01   8.626778e-01   7.360765e-01   7.792224e-01   2.620014e-01   8.821427e-01   1.382521e+01
   2.174191e-01   8.683951e-01   8.626778e-01   8.593990e-01   8.595557e-01   2.620014e-01   8.821427e-01   1.308176e+01
   2.174191e-01   8.683951e-01   8.626778e-01   8.593990e-01   8.595557e-01   2.620014e-01   8.821427e-01   1.308176e+01
   2.174191e-01   8.683951e-01   8.626778e-01   8.593990e-01   8.595557e-01   2.620014e-01   8.821427e-01   1.308176e+01
   2.174191e-01   8.683951e-01   8.626778e-01   8.593990e-01   8.595557e-01   2.620014e-01   8.821427e-01   1.308176e+01
   2.174191e-01   8.683951e-01   8.626778e-01   8.593990e-01   8.595557e-01   2.620014e-01   8.821427e-01   1.308176e+01
   2.174191e-01   8.683951e-01   8.626778e-01   8.593990e-01   8.595557e-01   2.620014e-01   8.821427e-01   1.308176e+01
   2.174191e-01   8.683951e-01   8.626778e-01   8.593990e-01   8.595557e-01   2.620014e-01   8.821427e-01   1.308176e+01
   2.174191e-01   8.683951e-01   8.626778e-01   8.593990e-01   8.595557e-01   2.620014e-01   8.821427e-01   1.308176e+01
   2.174191e-01   8.683951e-01   8.626778e-01   8.593990e-01   8.595557e-01   2.620014e-01   8.821427e-01   1.308176e+01
   2.174191e-01   8.683951e-01   8.626778e-01   8.593990e-01   8.595557e-01   2.620014e-01   8.821427e-01   1.308176e+01
   2.174191e-01   8.683951e-01   8.626778e-01   8.593990e-01   8.595557e-01   2.620014e-01   8.821427e-01   1.308176e+01
   2.174191e-01   8.683951e-01   8.626778e-01   8.593990e-01   8.595557e-01   2.620014e-01   8.821427e-01   1.308176e+01
   2.174191e-01   8.683951e-01   8.626778e-01   8.593990e-01   8.595557e-01   2.620014e-01   8.821427e-01   1.308176e+01
   2.174191e-01   8.683951e-01   8.626778e-01   8.593990e-01   8.595557e-01   2.620014e-01   8.821427e-01   1.308176e+01
   2.174191e-01   8.683951e-01   8.626778e-01   8.593990e-01   8.595557e-01   2.620014e-01   8.821427e-01   1.308176e+01
   2.174191e-01   8.683951e-01   8.626778e-01   8.593990e-01   8.595557e-01   2.620014e-01   8.821427e-01   1.308176e+01
   2.174191e-01   8.683951e-01   8.626778e-01   8.593990e-01   8.595557e-01   2.620014e-01   8.821427e-01   1.308176e+01
   2.174191e-01   8.683951e-01   8.626778e-01   8.593990e-01   8.595557e-01   2.620014e-01   8.821427e-01   1.308176e+01
   2.174191e-01   8.683951e-01   8.626778e-01   8.593990e-01   8.595557e-01   2.620014e-01   8.821427e-01   1.308176e+01
   2.174191e-01   8.683951e-01   8.626778e-01   8.593990e-01   8.595557e-01   2.620014e-01   8.821427e-01   1.308176e+01
   2.174191e-01   8.683951e-01   8.626778e-01   8.593990e-01   8.595557e-01   2.620014e-01   8.821427e-01   1.308176e+01
   2.174191e-01   8.683951e-01   8.626778e-01   8.593990e-01   8.595557e-01   2.620014e-01   8.821427e-01   1.308176e+01
   2.174146e-01   0.000000e+00   0.000000e+00   9.229744e-01   0.000000e+00   2.620049e-01   8.819168e-01   1.832899e+01
   2.174191e-01   8.683951e-01   8.626778e-01   8.593990e-01   8.595557e-01   2.620014e-01   8.821427e-01   1.308176e+01
   2.174191e-01   8.683951e-01   8.626778e-01   8.593990e-01   8.595557e-01   2.620014e-01   8.821427e-01   1.308176e+01
   2.174191e-01   8.683951e-01   8.626778e-01   8.593990e-01   8.595557e-01   2.620014e-01   8.821427e-01   1.308176e+01
   2.174191e-01   8.683951e-01   8.626778e-01   8.593990e-01   8.595557e-01   2.620014e-01   8.821427e-01   1.308176e+01
   2.174191e-01   8.683951e-01   8.626778e-01   8.593990e-01   8.595557e-01   2.620014e-01   8.821427e-01   1.308176e+01
   2.174191e-01   8.683951e-01   8.626778e-01   8.593990e-01   8.595557e-01   2.620014e-01   8.821427e-01   1.308176e+01
   2.174191e-01   8.683951e-01   8.626778e-01   8.593990e-01   8.595557e-01   2.620014e-01   8.821427e-01   1.308176e+01
   2.174191e-01   8.683951e-01   8.626778e-01   8.593990e-01   8.595557e-01   2.620014e-01   8.821427e-01   1.308176e+01
   2.174191e-01   8.683951e-01   8.626778e-01   8.593990e-01   8.595557e-01   2.620014e-01   8.821427e-01   1.308176e+01
   2.174191e-01   8.683951e-01   8.626778e-01   8.593990e-01   8.595557e-01   2.620014e-01   8.821427e-01   1.308176e+01
   2.174191e-01   8.683951e-01   8.626778e-01   8.593990e-01   8.595557e-01   2.620014e-01   8.821427e-01   1.308176e+01
   2.174191e-01   8.683951e-01   8.626778e-01   8.593990e-01   8.595557e-01   2.620014e-01   8.821427e-01   1.308176e+01
   2.174191e-01   8.683951e-01   8.626778e-01   8.593990e-01   8.595557e-01   2.620014e-01   8.821427e-01   1.308176e+01
   2.174191e-01   8.683951e-01   8.626778e-01   8.593990e-01   8.595557e-01   2.620014e-01   8.821427e-01   1.308176e+01
   2.174191e-01   8.683951e-01   8.626778e-01   8.593990e-01   8.595557e-01   2.620014e-01   8.821427e-01   1.308176e+01
   2.174191e-01   8.683951e-01   8.626778e-01   8.593990e-01   8.595557e-01   2.620014e-01   8.821427e-01   1.308176e+01
   2.174191e-01   8.683951e-01   8.626778e-01   8.593990e-01   8.595557e-01   2.620014e-01   8.821427e-01   1.308176e+01
   2.174191e-01   8.683951e-01   8.626778e-01   8.593990e-01   8.595557e-01   2.620014e-01   8.821427e-01   1.308176e+01
   2.174191e-01   8.683951e-01   8.626778e-01   8.593990e-01   8.595557e-01   2.620014e-01   8.821427e-01   1.308176e+01
   2.174191e-01   8.685938e-01   4.408091e-01   0.000000e+00   8.596910e-01   2.620833e-01   8.819297e-01   1.613466e+01
   2.174191e-01   8.684228e-01   8.626779e-01   8.594742e-01   2.353702e-01   2.624551e-01   8.821427e-01   1.435287e+01
   2.174191e-01   8.683951e-01   8.626778e-01   8.593990e-01   8.595557e-01   2.620014e-01   8.821427e-01   1.308176e+01
   2.174191e-01   8.683951e-01   8.626778e-01   8.593990e-01   8.595557e-01   2.620014e-01   8.821427e-01   1.308176e+01
   2.174191e-01   8.683951e-01   8.626778e-01   8.593990e-01   8.595557e-01   2.620014e-01   8.821427e-01   1.308176e+01
   2.174191e-01   8.683951e-01   8.626778e-01   8.593990e-01   8.595557e-01   2.620014e-01   8.821427e-01   1.308176e+01
   2.174191e-01   8.683951e-01   8.626778e-01   8.593990e-01   8.595557e-01   2.620014e-01   8.821427e-01   1.308176e+01
   2.174191e-01   8.683951e-01   8.626778e-01   8.593990e-01   8.595557e-01   2.620014e-01   8.821427e-01   1.308176e+01
   2.174191e-01   8.683951e-01   8.626778e-01   8.593990e-01   8.595557e-01   2.620014e-01   8.821427e-01   1.308176e+01
   2.174191e-01   8.683951e-01   8.626778e-01   8.593990e-01   8.595557e-01   2.620014e-01   8.821427e-01   1.308176e+01
   2.174191e-01   8.683951e-01   8.626778e-01   8.593990e-01   8.595557e-01   2.620014e-01   8.821427e-01   1.308176e+01
   2.174191e-01   8.683951e-01   8.626778e-01   8.593990e-01   8.595557e-01   2.620014e-01   8.821427e-01   1.308176e+01
   2.174177e-01   1.531029e-01   8.627640e-01   2.669001e-01   8.605176e-01   2.631330e-01   8.821426e-01   1.580952e+01
   2.174191e-01   8.683951e-01   8.626778e-01   8.593990e-01   8.595557e-01   2.620014e-01   8.821427e-01   1.308176e+01
   2.174191e-01   8.683951e-01   8.626778e-01   8.593990e-01   8.595557e-01   2.620014e-01   8.821427e-01   1.308176e+01
   2.174191e-01   8.683951e-01   8.626778e-01   8.593990e-01   8.595557e-01   2.620014e-01   8.821427e-01   1.308176e+01
   2.174191e-01   8.683951e-01   8.626778e-01   8.593990e-01   8.595557e-01   2.620014e-01   8.821427e-01   1.308176e+01
   2.174191e-01   8.683951e-01   8.626778e-01   8.593990e-01   8.595557e-01   2.620014e-01   8.821427e-01   1.308176e+01
   2.174191e-01   8.683951e-01   8.626778e-01   8.593990e-01   8.595557e-01   2.620014e-01   8.821427e-01   1.308176e+01
   2.174191e-01   8.683951e-01   8.626778e-01   8.593990e-01   8.595557e-01   2.620014e-01   8.821427e-01   1.308176e+01
   2.174191e-01   8.683951e-01   8.626778e-01   8.593990e-01   8.595557e-01   2.620014e-01   8.821427e-01   1.308176e+01
   2.174191e-01   8.683951e-01   8.626778e-01   8.593990e-01   8.595557e-01   2.620014e-01   8.821427e-01   1.308176e+01
   2.174191e-01   8.683951e-01   8.626778e-01   8.593990e-01   8.595557e-01   2.620014e-01   8.821427e-01   1.308176e+01
   2.174191e-01   8.683951e-01   8.626778e-01   8.593990e-01   8.595557e-01   2.620014e-01   8.821427e-01   1.308176e+01
   2.174191e-01   8.683951e-01   8.626778e-01   8.593990e-01   8.595557e-01   2.620014e-01   8.821427e-01   1.308176e+01
   2.174191e-01   8.683951e-01   8.626778e-01   8.593990e-01   8.595557e-01   2.620014e-01   8.821427e-01   1.308176e+01
   2.174191e-01   8.683951e-01   8.626778e-01   8.593990e-01   8.595557e-01   2.620014e-01   8.821427e-01   1.308176e+01
   2.174191e-01   8.683951e-01   8.626778e-01   8.593990e-01   8.595557e-01   2.620014e-01   8.821427e-01   1.308176e+01
   2.174191e-01   8.683951e-01   8.626778e-01   8.593990e-01   8.595557e-01   2.620014e-01   8.821427e-01   1.308176e+01
   2.174191e-01   8.683951e-01   8.626778e-01   8.593990e-01   8.595557e-01   2.620014e-01   8.821427e-01   1.308176e+01
   2.174191e-01   8.683951e-01   8.626778e-01   8.593990e-01   8.595557e-01   2.620014e-01   8.821427e-01   1.308176e+01
   2.174191e-01   8.683951e-01   8.626778e-01   8.593990e-01   8.595557e-01   2.620014e-01   8.821427e-01   1.308176e+01
   2.174191e-01   8.683951e-01   8.626778e-01   8.593990e-01   8.595557e-01   2.620014e-01   8.821427e-01   1.308176e+01
   2.174191e-01   8.683951e-01   8.626778e-01   8.593990e-01   8.595557e-01   2.620014e-01   8.821427e-01   1.308176e+01
   2.174191e-01   8.683951e-01   8.626778e-01   8.593990e-01   8.595557e-01   2.620014e-01   8.821427e-01   1.308176e+01
   2.174191e-01   8.683951e-01   8.626778e-01   8.593990e-01   8.595557e-01   2.620014e-01   8.821427e-01   1.308176e+01
   2.174191e-01   8.683951e-01   8.626778e-01   8.593990e-01   8.595557e-01   2.620014e-01   8.821427e-01   1.308176e+01
   2.174191e-01   8.683951e-01   8.626778e-01   8.593990e-01   8.595557e-01   2.620014e-01   8.821427e-01   1.308176e+01
   2.174191e-01   8.683951e-01   8.626778e-01   8.593990e-01   8.595557e-01   2.620014e-01   8.821427e-01   1.308176e+01
   2.174191e-01   8.683951e-01   8.626778e-01   8.593990e-01   8.595557e-01   2.620014e-01   8.821427e-01   1.308176e+01
   2.174191e-01   8.683951e-01   8.626778e-01   8.593990e-01   8.595557e-01   2.620014e-01   8.821427e-01   1.308176e+01
   2.174191e-01   8.683951e-01   8.626778e-01   8.593990e-01   8.595557e-01   2.620014e-01   8.821427e-01   1.308176e+01
   2.174191e-01   8.683951e-01   8.626778e-01   8.593990e-01   8.595557e-01   2.620014e-01   8.821427e-01   1.308176e+01
   2.174191e-01   8.683951e-01   8.626778e-01   8.593990e-01   8.595557e-01   2.620014e-01   8.821427e-01   1.308176e+01
   2.174191e-01   8.683951e-01   8.626778e-01   8.593990e-01   8.595557e-01   2.620014e-01   8.821427e-01   1.308176e+01
   2.174240e-01   8.678517e-01   8.627079e-01   7.295907e-01   8.639281e-01   2.621892e-01   8.821428e-01   1.364576e+01
   2.174191e-01   8.683951e-01   8.626778e-01   8.593990e-01   8.595557e-01   2.620014e-01   8.821427e-01   1.308176e+01
   2.174191e-01   8.683951e-01   8.626778e-01   8.593990e-01   8.595557e-01   2.620014e-01   8.821427e-01   1.308176e+01
   2.174191e-01   8.683951e-01   8.626778e-01   8.593990e-01   8.595557e-01   2.620014e-01   8.821427e-01   1.308176e+01
   2.174191e-01   8.683951e-01   8.626778e-01   8.593990e-01   8.595557e-01   2.620014e-01   8.821427e-01   1.308176e+01
   2.174191e-01   8.683951e-01   8.626778e-01   8.593990e-01   8.595557e-01   2.620014e-01   8.821427e-01   1.308176e+01
   2.174191e-01   8.683951e-01   8.626778e-01   8.593990e-01   8.595557e-01   2.620014e-01   8.821427e-01   1.308176e+01
   2.174191e-01   8.683951e-01   8.626778e-01   8.593990e-01   8.595557e-01   2.620014e-01   8.821427e-01   1.308176e+01
   2.174191e-01   8.683951e-01   8.626778e-01   8.593990e-01   8.595557e-01   2.620014e-01   8.821427e-01   1.308176e+01
   2.174191e-01   8.683951e-01   8.626778e-01   8.593990e-01   8.595557e-01   2.620014e-01   8.821427e-01   1.308176e+01
   2.174191e-01   8.683951e-01   8.626778e-01   8.593990e-01   8.595557e-01   2.620014e-01   8.821427e-01   1.308176e+01
   2.174191e-01   8.683951e-01   8.626778e-01   8.593990e-01   8.595557e-01   2.620014e-01   8.821427e-01   1.308176e+01
   2.174191e-01   8.683951e-01   8.626778e-01   8.593990e-01   8.595557e-01   2.620014e-01   8.821427e-01   1.308176e+01
   2.174191e-01   8.683951e-01   8.626778e-01   8.593990e-01   8.595557e-01   2.620014e-01   8.821427e-01   1.308176e+01
   2.174191e-01   8.683951e-01   8.626778e-01   8.593990e-01   8.595557e-01   2.620014e-01   8.821427e-01   1.308176e+01
   2.174191e-01   8.683951e-01   8.626778e-01   8.593990e-01   8.595557e-01   2.620014e-01   8.821427e-01   1.308176e+01
   2.174191e-01   8.683951e-01   8.626778e-01   8.593990e-01   8.595557e-01   2.620014e-01   8.821427e-01   1.308176e+01
   2.174191e-01   8.683951e-01   8.626778e-01   8.593990e-01   8.595557e-01   2.620014e-01   8.821427e-01   1.308176e+01
   2.174191e-01   8.683951e-01   8.626778e-01   8.593990e-01   8.595557e-01   2.620014e-01   8.821427e-01   1.308176e+01
   2.174191e-01   8.683951e-01   8.626778e-01   8.593990e-01   8.595557e-01   2.620014e-01   8.821427e-01   1.308176e+01
   2.174191e-01   8.683951e-01   8.626778e-01   8.593990e-01   8.595557e-01   2.620014e-01   8.821427e-01   1.308176e+01
   2.174191e-01   8.683951e-01   8.626778e-01   8.593990e-01   8.595557e-01   2.620014e-01   8.821427e-01   1.308176e+01
   2.174191e-01   8.683951e-01   8.626778e-01   8.593990e-01   8.595557e-01   2.620014e-01   8.821427e-01   1.308176e+01
   2.174191e-01   8.683951e-01   8.626778e-01   8.593990e-01   8.595557e-01   2.620014e-01   8.821427e-01   1.308176e+01
   2.174191e-01   8.683951e-01   8.626778e-01   8.593990e-01   8.595557e-01   2.620014e-01   8.821427e-01   1.308176e+01
   2.174191e-01   8.683951e-01   8.626778e-01   8.593990e-01   8.595557e-01   2.620014e-01   8.821427e-01   1.308176e+01
   2.174191e-01   8.683951e-01   8.626778e-01   8.593990e-01   8.595557e-01   2.620014e-01   8.821427e-01   1.308176e+01
   2.174191e-01   8.683951e-01   8.626778e-01   8.593990e-01   8.595557e-01   2.620014e-01   8.821427e-01   1.308176e+01
   2.174191e-01   8.683951e-01   8.626778e-01   8.593990e-01   8.595557e-01   2.620014e-01   8.821427e-01   1.308176e+01
   2.174191e-01   8.683951e-01   8.626778e-01   8.593990e-01   8.595557e-01   2.620014e-01   8.821427e-01   1.308176e+01
   2.174191e-01   8.683951e-01   8.626778e-01   8.593990e-01   8.595557e-01   2.620014e-01   8.821427e-01   1.308176e+01
   2.174191e-01   8.683951e-01   8.626778e-01   8.593990e-01   8.595557e-01   2.620014e-01   8.821427e-01   1.308176e+01
   2.174191e-01   8.683951e-01   8.626778e-01   8.593990e-01   8.595557e-01   2.620014e-01   8.821427e-01   1.308176e+01
