   2.172462e-01   8.749846e-01   2.589227e-01   8.587822e-01   8.591385e-01   8.564507e-01   8.616614e-01   1.557405e-06   3.612999e-01   1.729536e-03   7.327754e-10   1.340251e-02   4.297285e-03   2.360995e-01   2.409102e-05   0.000000e+00   0.000000e+00
   2.169400e-01   0.000000e+00   2.593298e-01   1.147307e-01   0.000000e+00   1.560179e-01   2.796754e-01   5.435013e-07   3.619685e-01   1.463474e-03   3.600212e-10   7.176843e-03   6.065979e-03   2.362437e-01   2.292358e-05   0.000000e+00   0.000000e+00
   2.172492e-01   8.412426e-01   2.589227e-01   7.018509e-01   8.601156e-01   8.536919e-01   1.815519e-01   1.564750e-06   3.605944e-01   1.801528e-03   5.746917e-10   5.430616e-03   4.318267e-03   2.361052e-01   2.816138e-04   0.000000e+00   0.000000e+00
   2.169514e-01   3.021450e-02   2.581133e-01   1.935565e-01   2.290044e-01   4.035056e-01   2.793590e-01   0.000000e+00   3.629202e-01   8.009582e-03   3.635306e-10   2.505700e-03   5.508584e-03   2.357697e-01   2.762674e-04   0.000000e+00   0.000000e+00
   2.180943e-01   7.558074e-01   2.588756e-01   8.595459e-01   8.485757e-01   3.457881e-01   4.405111e-01   1.525120e-06   3.260880e-01   2.031008e-03   7.095937e-10   1.340894e-02   4.186044e-03   2.365500e-01   0.000000e+00   0.000000e+00   1.349748e-01
   2.172631e-01   1.420165e-01   2.589224e-01   8.604575e-01   8.592926e-01   8.558378e-01   2.615462e-01   1.623419e-06   3.620882e-01   1.728584e-03   6.059911e-10   8.796176e-03   7.012818e-03   2.361205e-01   2.302174e-05   0.000000e+00   0.000000e+00
   2.172327e-01   8.749061e-01   2.589232e-01   8.620840e-01   8.592998e-01   8.577069e-01   8.593564e-01   1.547340e-06   3.607163e-01   1.728361e-03   6.252302e-10   5.980985e-03   4.297837e-03   2.360994e-01   1.940784e-05   0.000000e+00   0.000000e+00
   2.172354e-01   8.749159e-01   2.589231e-01   8.628417e-01   8.593046e-01   8.577060e-01   8.613364e-01   1.534141e-06   3.607985e-01   1.728302e-03   6.376903e-10   6.104068e-03   4.298696e-03   2.360994e-01   1.805311e-05   0.000000e+00   0.000000e+00
   2.172329e-01   8.749107e-01   2.589231e-01   8.625117e-01   8.593050e-01   8.577064e-01   8.584584e-01   1.529921e-06   3.607896e-01   1.728360e-03   6.255710e-10   5.927286e-03   4.298630e-03   2.360994e-01   1.994718e-05   0.000000e+00   0.000000e+00
   2.172240e-01   8.749094e-01   2.589227e-01   8.603318e-01   8.592634e-01   8.577284e-01   8.593350e-01   1.545616e-06   3.606345e-01   1.728430e-03   6.246559e-10   5.624565e-03   4.297722e-03   2.360993e-01   1.952939e-05   0.000000e+00   0.000000e+00
   2.172233e-01   8.749093e-01   2.589227e-01   8.605251e-01   8.593839e-01   8.577304e-01   8.596463e-01   1.545500e-06   3.606315e-01   1.728429e-03   6.244390e-10   5.623827e-03   4.296851e-03   2.360993e-01   1.925391e-05   0.000000e+00   0.000000e+00
   2.172211e-01   8.749093e-01   2.589227e-01   8.605198e-01   8.594054e-01   8.577156e-01   8.592440e-01   1.545555e-06   3.606315e-01   1.728430e-03   6.245189e-10   5.623549e-03   4.296940e-03   2.360993e-01   1.931771e-05   0.000000e+00   0.000000e+00
   2.172231e-01   8.749103e-01   2.589231e-01   8.616251e-01   8.592794e-01   8.577064e-01   8.596170e-01   1.547053e-06   3.606493e-01   1.728389e-03   6.242932e-10   5.650172e-03   4.297714e-03   2.360994e-01   1.937832e-05   0.000000e+00   0.000000e+00
   2.172223e-01   8.749094e-01   2.589227e-01   8.609434e-01   8.593303e-01   8.577252e-01   8.591719e-01   1.545538e-06   3.606312e-01   1.728430e-03   6.246017e-10   5.616147e-03   4.297482e-03   2.360993e-01   1.951016e-05   0.000000e+00   0.000000e+00
   2.172229e-01   8.749093e-01   2.589227e-01   8.607505e-01   8.593595e-01   8.577300e-01   8.596025e-01   1.545461e-06   3.606309e-01   1.728429e-03   6.244127e-10   5.622991e-03   4.296850e-03   2.360993e-01   1.933322e-05   0.000000e+00   0.000000e+00
   2.172202e-01   8.749093e-01   2.589227e-01   8.612513e-01   8.593105e-01   8.577154e-01   8.590270e-01   1.545548e-06   3.606310e-01   1.728429e-03   6.246978e-10   5.626524e-03   4.297111e-03   2.360993e-01   1.951094e-05   0.000000e+00   0.000000e+00
   2.172334e-01   8.749085e-01   2.589230e-01   8.611979e-01   8.593196e-01   8.577124e-01   8.590382e-01   1.546474e-06   3.606599e-01   1.728489e-03   6.254152e-10   5.706812e-03   4.297685e-03   2.360994e-01   1.978977e-05   0.000000e+00   0.000000e+00
   2.172241e-01   8.749093e-01   2.589227e-01   8.608029e-01   8.592067e-01   8.577293e-01   8.596328e-01   1.545621e-06   3.606408e-01   1.728433e-03   6.246268e-10   5.624658e-03   4.297665e-03   2.360993e-01   1.949562e-05   0.000000e+00   0.000000e+00
   2.172232e-01   8.749090e-01   2.589227e-01   8.605264e-01   8.592276e-01   8.577269e-01   8.595701e-01   1.545611e-06   3.606392e-01   1.728432e-03   6.246462e-10   5.624107e-03   4.297547e-03   2.360993e-01   1.952798e-05   0.000000e+00   0.000000e+00
   2.172231e-01   8.749084e-01   2.589229e-01   8.605943e-01   8.593177e-01   8.577100e-01   8.593941e-01   1.546994e-06   3.606517e-01   1.728436e-03   6.243677e-10   5.670257e-03   4.297636e-03   2.360994e-01   1.979580e-05   0.000000e+00   0.000000e+00
   2.172195e-01   8.749075e-01   2.589229e-01   8.607407e-01   8.593297e-01   8.577108e-01   8.598987e-01   1.546964e-06   3.606495e-01   1.728408e-03   6.246582e-10   5.684404e-03   4.297633e-03   2.360994e-01   1.982167e-05   0.000000e+00   0.000000e+00
   2.172159e-01   8.749092e-01   2.589227e-01   8.615700e-01   8.593179e-01   8.577252e-01   8.600755e-01   1.545672e-06   3.606376e-01   1.728427e-03   6.245514e-10   5.623497e-03   4.297444e-03   2.360993e-01   1.975436e-05   0.000000e+00   0.000000e+00
   2.172239e-01   8.749078e-01   2.589227e-01   8.609543e-01   8.593643e-01   8.577259e-01   8.595578e-01   1.545570e-06   3.606408e-01   1.728427e-03   6.246248e-10   5.619003e-03   4.297666e-03   2.360993e-01   1.952360e-05   0.000000e+00   0.000000e+00
   2.172226e-01   8.749090e-01   2.589227e-01   8.606052e-01   8.592609e-01   8.577272e-01   8.597084e-01   1.545541e-06   3.606392e-01   1.728431e-03   6.245649e-10   5.623682e-03   4.296655e-03   2.360993e-01   1.934239e-05   0.000000e+00   0.000000e+00
   2.172588e-01   8.749106e-01   2.589230e-01   8.605983e-01   8.592881e-01   8.577146e-01   8.601645e-01   1.546147e-06   3.606414e-01   1.728349e-03   6.241573e-10   5.682598e-03   4.297176e-03   2.360993e-01   1.924773e-05   0.000000e+00   0.000000e+00
   2.172247e-01   8.749092e-01   2.589227e-01   8.612333e-01   8.592702e-01   8.577131e-01   8.587090e-01   1.545449e-06   3.606309e-01   1.728431e-03   6.245978e-10   5.626659e-03   4.297818e-03   2.360993e-01   1.947578e-05   0.000000e+00   0.000000e+00
   2.172256e-01   8.749099e-01   2.589227e-01   8.605432e-01   8.593036e-01   8.577289e-01   8.591013e-01   1.543833e-06   3.606306e-01   1.728432e-03   6.246329e-10   5.599972e-03   4.296852e-03   2.360993e-01   1.941513e-05   0.000000e+00   0.000000e+00
   2.172257e-01   8.749096e-01   2.589227e-01   8.604986e-01   8.593135e-01   8.577286e-01   8.594927e-01   1.543452e-06   3.606303e-01   1.728431e-03   6.246823e-10   5.601345e-03   4.296547e-03   2.360993e-01   1.940327e-05   0.000000e+00   0.000000e+00
   2.172243e-01   8.749103e-01   2.589227e-01   8.604866e-01   8.593061e-01   8.577322e-01   8.596341e-01   1.544341e-06   3.606310e-01   1.728429e-03   6.244766e-10   5.611929e-03   4.296953e-03   2.360993e-01   1.909785e-05   0.000000e+00   0.000000e+00
   2.172249e-01   8.749096e-01   2.589227e-01   8.605004e-01   8.593151e-01   8.577285e-01   8.595295e-01   1.543880e-06   3.606309e-01   1.728433e-03   6.245964e-10   5.602435e-03   4.298675e-03   2.360993e-01   1.945064e-05   0.000000e+00   0.000000e+00
   2.172248e-01   8.749099e-01   2.589227e-01   8.605122e-01   8.593127e-01   8.577283e-01   8.598369e-01   1.543852e-06   3.606307e-01   1.728433e-03   6.245861e-10   5.599215e-03   4.296527e-03   2.360993e-01   1.944896e-05   0.000000e+00   0.000000e+00
   2.172255e-01   8.749101e-01   2.589227e-01   8.603318e-01   8.592886e-01   8.577285e-01   8.595649e-01   1.542368e-06   3.606312e-01   1.728424e-03   6.247400e-10   5.600369e-03   4.297928e-03   2.360993e-01   1.948394e-05   0.000000e+00   0.000000e+00
   2.172249e-01   8.749096e-01   2.589227e-01   8.605959e-01   8.593222e-01   8.577291e-01   8.595605e-01   1.543154e-06   3.606298e-01   1.728428e-03   6.246830e-10   5.600389e-03   4.297854e-03   2.360993e-01   1.943854e-05   0.000000e+00   0.000000e+00
   2.172235e-01   8.749097e-01   2.589227e-01   8.604725e-01   8.592741e-01   8.577317e-01   8.595672e-01   1.544359e-06   3.606309e-01   1.728431e-03   6.245949e-10   5.608867e-03   4.297371e-03   2.360993e-01   1.945835e-05   0.000000e+00   0.000000e+00
   2.172245e-01   8.749096e-01   2.589227e-01   8.604632e-01   8.593085e-01   8.577286e-01   8.595441e-01   1.543575e-06   3.606302e-01   1.728428e-03   6.246942e-10   5.601019e-03   4.296501e-03   2.360993e-01   1.938075e-05   0.000000e+00   0.000000e+00
   2.172233e-01   8.749093e-01   2.589227e-01   8.605251e-01   8.593839e-01   8.577304e-01   8.596463e-01   1.545500e-06   3.606315e-01   1.728429e-03   6.244390e-10   5.623827e-03   4.296851e-03   2.360993e-01   1.925391e-05   0.000000e+00   0.000000e+00
   2.172247e-01   8.749096e-01   2.589227e-01   8.605636e-01   8.592898e-01   8.577301e-01   8.585839e-01   1.543432e-06   3.606309e-01   1.728432e-03   6.246087e-10   5.601698e-03   4.297214e-03   2.360993e-01   1.942212e-05   0.000000e+00   0.000000e+00
   2.172240e-01   8.749100e-01   2.589227e-01   8.603424e-01   8.592973e-01   8.577284e-01   8.596807e-01   1.543855e-06   3.606312e-01   1.728433e-03   6.245620e-10   5.604344e-03   4.297826e-03   2.360993e-01   1.935210e-05   0.000000e+00   0.000000e+00
   2.172245e-01   8.749098e-01   2.589227e-01   8.607341e-01   8.592855e-01   8.577298e-01   8.596198e-01   1.544621e-06   3.606315e-01   1.728426e-03   6.247245e-10   5.604253e-03   4.298011e-03   2.360993e-01   1.935247e-05   0.000000e+00   0.000000e+00
   2.172242e-01   8.749097e-01   2.589227e-01   8.605080e-01   8.593223e-01   8.577265e-01   8.597886e-01   1.543203e-06   3.606305e-01   1.728432e-03   6.245808e-10   5.600930e-03   4.297633e-03   2.360993e-01   1.943362e-05   0.000000e+00   0.000000e+00
   2.172256e-01   8.749100e-01   2.589227e-01   8.606766e-01   8.593115e-01   8.577281e-01   8.594033e-01   1.543401e-06   3.606311e-01   1.728434e-03   6.245658e-10   5.600517e-03   4.298027e-03   2.360993e-01   1.939101e-05   0.000000e+00   0.000000e+00
   2.172252e-01   8.749096e-01   2.589227e-01   8.605722e-01   8.592903e-01   8.577300e-01   8.597528e-01   1.543739e-06   3.606309e-01   1.728433e-03   6.245590e-10   5.601548e-03   4.297093e-03   2.360993e-01   1.942030e-05   0.000000e+00   0.000000e+00
   2.172245e-01   8.749097e-01   2.589227e-01   8.606700e-01   8.593134e-01   8.577288e-01   8.594415e-01   1.543948e-06   3.606311e-01   1.728428e-03   6.245956e-10   5.600665e-03   4.297683e-03   2.360993e-01   1.944486e-05   0.000000e+00   0.000000e+00
   2.172244e-01   8.749096e-01   2.589227e-01   8.605627e-01   8.592894e-01   8.577301e-01   8.589174e-01   1.544917e-06   3.606310e-01   1.728435e-03   6.245930e-10   5.601900e-03   4.297621e-03   2.360993e-01   1.942306e-05   0.000000e+00   0.000000e+00
   2.172324e-01   8.749057e-01   2.589228e-01   8.624044e-01   8.593246e-01   8.577337e-01   8.598059e-01   1.541728e-06   3.606419e-01   1.728403e-03   6.243914e-10   5.736345e-03   4.297138e-03   2.360993e-01   1.937210e-05   0.000000e+00   0.000000e+00
   2.172262e-01   8.749099e-01   2.589227e-01   8.604024e-01   8.593065e-01   8.577300e-01   8.591057e-01   1.543461e-06   3.606314e-01   1.728430e-03   6.246419e-10   5.575144e-03   4.297652e-03   2.360993e-01   1.940639e-05   0.000000e+00   0.000000e+00
   2.172249e-01   8.749099e-01   2.589227e-01   8.603874e-01   8.593099e-01   8.577292e-01   8.592630e-01   1.542984e-06   3.606313e-01   1.728428e-03   6.246605e-10   5.578112e-03   4.297480e-03   2.360993e-01   1.940212e-05   0.000000e+00   0.000000e+00
   2.172268e-01   8.749099e-01   2.589227e-01   8.604002e-01   8.593067e-01   8.577301e-01   8.590994e-01   1.542885e-06   3.606311e-01   1.728430e-03   6.246686e-10   5.571031e-03   4.297610e-03   2.360993e-01   1.940634e-05   0.000000e+00   0.000000e+00
   2.172289e-01   8.749097e-01   2.589227e-01   8.603423e-01   8.593237e-01   8.577286e-01   8.597020e-01   1.544114e-06   3.606319e-01   1.728431e-03   6.246358e-10   5.583188e-03   4.297957e-03   2.360993e-01   1.939596e-05   0.000000e+00   0.000000e+00
   2.172242e-01   8.749098e-01   2.589227e-01   8.604856e-01   8.593130e-01   8.577307e-01   8.590457e-01   1.545325e-06   3.606316e-01   1.728426e-03   6.245958e-10   5.586139e-03   4.295501e-03   2.360993e-01   1.940191e-05   0.000000e+00   0.000000e+00
   2.172246e-01   8.749099e-01   2.589227e-01   8.604026e-01   8.593073e-01   8.577296e-01   8.591471e-01   1.542807e-06   3.606310e-01   1.728433e-03   6.245991e-10   5.592691e-03   4.297609e-03   2.360993e-01   1.942672e-05   0.000000e+00   0.000000e+00
   2.172248e-01   8.749099e-01   2.589227e-01   8.603181e-01   8.592912e-01   8.577294e-01   8.592531e-01   1.543445e-06   3.606313e-01   1.728427e-03   6.246294e-10   5.588655e-03   4.298182e-03   2.360993e-01   1.938629e-05   0.000000e+00   0.000000e+00
   2.172247e-01   8.749099e-01   2.589227e-01   8.602972e-01   8.593106e-01   8.577322e-01   8.591643e-01   1.544848e-06   3.606313e-01   1.728430e-03   6.246001e-10   5.588870e-03   4.298223e-03   2.360993e-01   1.938273e-05   0.000000e+00   0.000000e+00
   2.172242e-01   8.749098e-01   2.589227e-01   8.602517e-01   8.593116e-01   8.577307e-01   8.591326e-01   1.544272e-06   3.606316e-01   1.728428e-03   6.245927e-10   5.585776e-03   4.295046e-03   2.360993e-01   1.940056e-05   0.000000e+00   0.000000e+00
   2.172252e-01   8.749099e-01   2.589227e-01   8.603113e-01   8.593059e-01   8.577290e-01   8.591053e-01   1.543277e-06   3.606313e-01   1.728430e-03   6.246246e-10   5.567940e-03   4.297617e-03   2.360993e-01   1.938700e-05   0.000000e+00   0.000000e+00
   2.172249e-01   8.749098e-01   2.589227e-01   8.603588e-01   8.593105e-01   8.577284e-01   8.595438e-01   1.544602e-06   3.606299e-01   1.728430e-03   6.246773e-10   5.601165e-03   4.296887e-03   2.360993e-01   1.940489e-05   0.000000e+00   0.000000e+00
   2.172266e-01   8.749095e-01   2.589227e-01   8.604649e-01   8.593067e-01   8.577313e-01   8.594424e-01   1.543339e-06   3.606313e-01   1.728426e-03   6.245897e-10   5.584839e-03   4.297466e-03   2.360993e-01   1.938714e-05   0.000000e+00   0.000000e+00
   2.172233e-01   8.749099e-01   2.589227e-01   8.604659e-01   8.593126e-01   8.577310e-01   8.591674e-01   1.545805e-06   3.606313e-01   1.728426e-03   6.245901e-10   5.585801e-03   4.296867e-03   2.360993e-01   1.940039e-05   0.000000e+00   0.000000e+00
   2.172261e-01   8.749099e-01   2.589227e-01   8.603854e-01   8.593067e-01   8.577305e-01   8.591036e-01   1.543384e-06   3.606312e-01   1.728430e-03   6.246363e-10   5.571000e-03   4.297612e-03   2.360993e-01   1.938618e-05   0.000000e+00   0.000000e+00
   2.172271e-01   8.749100e-01   2.589227e-01   8.603998e-01   8.593066e-01   8.577295e-01   8.591000e-01   1.543282e-06   3.606310e-01   1.728430e-03   6.246367e-10   5.570355e-03   4.297616e-03   2.360993e-01   1.941140e-05   0.000000e+00   0.000000e+00
   2.172248e-01   8.749099e-01   2.589227e-01   8.603004e-01   8.593110e-01   8.577315e-01   8.591574e-01   1.544442e-06   3.606313e-01   1.728430e-03   6.245991e-10   5.588546e-03   4.298268e-03   2.360993e-01   1.938131e-05   0.000000e+00   0.000000e+00
   2.172255e-01   8.749099e-01   2.589227e-01   8.603390e-01   8.593120e-01   8.577304e-01   8.590734e-01   1.543758e-06   3.606314e-01   1.728430e-03   6.245809e-10   5.581239e-03   4.297391e-03   2.360993e-01   1.940431e-05   0.000000e+00   0.000000e+00
   2.172264e-01   8.749100e-01   2.589227e-01   8.603881e-01   8.593010e-01   8.577295e-01   8.589143e-01   1.543225e-06   3.606312e-01   1.728429e-03   6.246634e-10   5.584382e-03   4.297479e-03   2.360993e-01   1.939581e-05   0.000000e+00   0.000000e+00
   2.172240e-01   8.749099e-01   2.589227e-01   8.603942e-01   8.592941e-01   8.577295e-01   8.589097e-01   1.543840e-06   3.606313e-01   1.728430e-03   6.246247e-10   5.586138e-03   4.297587e-03   2.360993e-01   1.939976e-05   0.000000e+00   0.000000e+00
   2.172250e-01   8.749099e-01   2.589227e-01   8.602709e-01   8.593069e-01   8.577319e-01   8.591577e-01   1.543281e-06   3.606312e-01   1.728430e-03   6.246162e-10   5.587862e-03   4.297626e-03   2.360993e-01   1.938842e-05   0.000000e+00   0.000000e+00
   2.172247e-01   8.749099e-01   2.589227e-01   8.604691e-01   8.593104e-01   8.577302e-01   8.591262e-01   1.542199e-06   3.606313e-01   1.728428e-03   6.245949e-10   5.590576e-03   4.297522e-03   2.360993e-01   1.939799e-05   0.000000e+00   0.000000e+00
   2.172291e-01   8.749098e-01   2.589227e-01   8.603372e-01   8.593005e-01   8.577287e-01   8.594372e-01   1.543024e-06   3.606311e-01   1.728431e-03   6.246425e-10   5.582281e-03   4.298019e-03   2.360993e-01   1.939912e-05   0.000000e+00   0.000000e+00
   2.172257e-01   8.749099e-01   2.589227e-01   8.605237e-01   8.593128e-01   8.577285e-01   8.595227e-01   1.542990e-06   3.606306e-01   1.728433e-03   6.245209e-10   5.599892e-03   4.296916e-03   2.360993e-01   1.950167e-05   0.000000e+00   0.000000e+00
   2.172242e-01   8.749098e-01   2.589227e-01   8.604170e-01   8.593126e-01   8.577308e-01   8.597582e-01   1.545018e-06   3.606316e-01   1.728433e-03   6.245690e-10   5.586305e-03   4.295364e-03   2.360993e-01   1.940481e-05   0.000000e+00   0.000000e+00
   2.172221e-01   8.749100e-01   2.589227e-01   8.603438e-01   8.593067e-01   8.577296e-01   8.591369e-01   1.543297e-06   3.606311e-01   1.728430e-03   6.246425e-10   5.557506e-03   4.296442e-03   2.360993e-01   1.939685e-05   0.000000e+00   0.000000e+00
   2.172246e-01   8.749100e-01   2.589227e-01   8.603235e-01   8.593062e-01   8.577295e-01   8.591341e-01   1.543095e-06   3.606311e-01   1.728431e-03   6.246343e-10   5.557569e-03   4.296559e-03   2.360993e-01   1.939954e-05   0.000000e+00   0.000000e+00
   2.172297e-01   8.749100e-01   2.589227e-01   8.604153e-01   8.592968e-01   8.577295e-01   8.590971e-01   1.543056e-06   3.606311e-01   1.728430e-03   6.246431e-10   5.557519e-03   4.297245e-03   2.360993e-01   1.940146e-05   0.000000e+00   0.000000e+00
   2.172229e-01   8.749099e-01   2.589227e-01   8.603044e-01   8.593062e-01   8.577297e-01   8.591362e-01   1.543135e-06   3.606311e-01   1.728429e-03   6.246423e-10   5.555370e-03   4.297580e-03   2.360993e-01   1.940500e-05   0.000000e+00   0.000000e+00
   2.172226e-01   8.749100e-01   2.589227e-01   8.603020e-01   8.593070e-01   8.577297e-01   8.591334e-01   1.543345e-06   3.606311e-01   1.728427e-03   6.246419e-10   5.555561e-03   4.296406e-03   2.360993e-01   1.940245e-05   0.000000e+00   0.000000e+00
   2.172225e-01   8.749100e-01   2.589227e-01   8.603043e-01   8.593075e-01   8.577295e-01   8.591322e-01   1.543337e-06   3.606312e-01   1.728430e-03   6.246415e-10   5.555265e-03   4.296188e-03   2.360993e-01   1.940199e-05   0.000000e+00   0.000000e+00
   2.172220e-01   8.749097e-01   2.589227e-01   8.603435e-01   8.593066e-01   8.577296e-01   8.591346e-01   1.543173e-06   3.606310e-01   1.728430e-03   6.246343e-10   5.557906e-03   4.296559e-03   2.360993e-01   1.939888e-05   0.000000e+00   0.000000e+00
   2.172258e-01   8.749097e-01   2.589227e-01   8.603994e-01   8.593064e-01   8.577300e-01   8.591113e-01   1.543273e-06   3.606309e-01   1.728424e-03   6.246517e-10   5.570824e-03   4.296918e-03   2.360993e-01   1.941224e-05   0.000000e+00   0.000000e+00
   2.172246e-01   8.749100e-01   2.589227e-01   8.603235e-01   8.593062e-01   8.577295e-01   8.591341e-01   1.543095e-06   3.606311e-01   1.728431e-03   6.246343e-10   5.557569e-03   4.296559e-03   2.360993e-01   1.939954e-05   0.000000e+00   0.000000e+00
   2.172259e-01   8.749099e-01   2.589227e-01   8.603486e-01   8.593037e-01   8.577295e-01   8.591003e-01   1.543102e-06   3.606311e-01   1.728430e-03   6.246434e-10   5.557829e-03   4.296774e-03   2.360993e-01   1.939594e-05   0.000000e+00   0.000000e+00
   2.172220e-01   8.749100e-01   2.589227e-01   8.602900e-01   8.593066e-01   8.577296e-01   8.591376e-01   1.543328e-06   3.606311e-01   1.728430e-03   6.246423e-10   5.554961e-03   4.296235e-03   2.360993e-01   1.940249e-05   0.000000e+00   0.000000e+00
   2.172223e-01   8.749100e-01   2.589227e-01   8.603387e-01   8.593076e-01   8.577296e-01   8.591276e-01   1.543215e-06   3.606311e-01   1.728430e-03   6.246425e-10   5.554712e-03   4.296476e-03   2.360993e-01   1.939882e-05   0.000000e+00   0.000000e+00
   2.172258e-01   8.749099e-01   2.589227e-01   8.603394e-01   8.593064e-01   8.577296e-01   8.591335e-01   1.542944e-06   3.606311e-01   1.728430e-03   6.246195e-10   5.567538e-03   4.297461e-03   2.360993e-01   1.939390e-05   0.000000e+00   0.000000e+00
   2.172200e-01   8.749099e-01   2.589227e-01   8.603351e-01   8.593067e-01   8.577295e-01   8.591271e-01   1.543144e-06   3.606311e-01   1.728430e-03   6.246352e-10   5.557500e-03   4.297114e-03   2.360993e-01   1.940717e-05   0.000000e+00   0.000000e+00
   2.172230e-01   8.749098e-01   2.589227e-01   8.603407e-01   8.593067e-01   8.577294e-01   8.591288e-01   1.543201e-06   3.606310e-01   1.728430e-03   6.246391e-10   5.557529e-03   4.297097e-03   2.360993e-01   1.940387e-05   0.000000e+00   0.000000e+00
   2.172216e-01   8.749100e-01   2.589227e-01   8.603412e-01   8.593067e-01   8.577296e-01   8.591336e-01   1.543095e-06   3.606311e-01   1.728430e-03   6.246339e-10   5.557911e-03   4.296779e-03   2.360993e-01   1.939958e-05   0.000000e+00   0.000000e+00
   2.172240e-01   8.749100e-01   2.589227e-01   8.603989e-01   8.593057e-01   8.577295e-01   8.590952e-01   1.543206e-06   3.606310e-01   1.728431e-03   6.246428e-10   5.557588e-03   4.296939e-03   2.360993e-01   1.938499e-05   0.000000e+00   0.000000e+00
   2.172250e-01   8.749099e-01   2.589227e-01   8.603089e-01   8.593062e-01   8.577298e-01   8.591342e-01   1.543095e-06   3.606311e-01   1.728432e-03   6.246343e-10   5.557251e-03   4.297772e-03   2.360993e-01   1.940034e-05   0.000000e+00   0.000000e+00
   2.172198e-01   8.749099e-01   2.589227e-01   8.603367e-01   8.593067e-01   8.577295e-01   8.591312e-01   1.543116e-06   3.606311e-01   1.728430e-03   6.246333e-10   5.557753e-03   4.297053e-03   2.360993e-01   1.940584e-05   0.000000e+00   0.000000e+00
   2.172255e-01   8.749099e-01   2.589227e-01   8.602948e-01   8.593063e-01   8.577298e-01   8.591386e-01   1.543015e-06   3.606311e-01   1.728431e-03   6.246388e-10   5.559805e-03   4.297637e-03   2.360993e-01   1.939568e-05   0.000000e+00   0.000000e+00
   2.172267e-01   8.749099e-01   2.589227e-01   8.602878e-01   8.593065e-01   8.577298e-01   8.591085e-01   1.543225e-06   3.606312e-01   1.728430e-03   6.246412e-10   5.560592e-03   4.297625e-03   2.360993e-01   1.939272e-05   0.000000e+00   0.000000e+00
   2.172228e-01   8.749100e-01   2.589227e-01   8.601888e-01   8.593078e-01   8.577296e-01   8.591347e-01   1.543275e-06   3.606311e-01   1.728430e-03   6.246425e-10   5.554239e-03   4.296508e-03   2.360993e-01   1.939895e-05   0.000000e+00   0.000000e+00
   2.172227e-01   8.749100e-01   2.589227e-01   8.601890e-01   8.593079e-01   8.577296e-01   8.591329e-01   1.543179e-06   3.606311e-01   1.728430e-03   6.246425e-10   5.554222e-03   4.296497e-03   2.360993e-01   1.939862e-05   0.000000e+00   0.000000e+00
   2.172226e-01   8.749100e-01   2.589227e-01   8.602038e-01   8.593078e-01   8.577295e-01   8.591346e-01   1.543306e-06   3.606311e-01   1.728430e-03   6.246410e-10   5.554175e-03   4.296479e-03   2.360993e-01   1.939918e-05   0.000000e+00   0.000000e+00
   2.172229e-01   8.749100e-01   2.589227e-01   8.601946e-01   8.593078e-01   8.577296e-01   8.591351e-01   1.543305e-06   3.606311e-01   1.728430e-03   6.246420e-10   5.554184e-03   4.296487e-03   2.360993e-01   1.939723e-05   0.000000e+00   0.000000e+00
   2.172222e-01   8.749100e-01   2.589227e-01   8.602414e-01   8.593082e-01   8.577295e-01   8.591337e-01   1.543137e-06   3.606311e-01   1.728431e-03   6.246263e-10   5.555777e-03   4.296775e-03   2.360993e-01   1.939910e-05   0.000000e+00   0.000000e+00
   2.172224e-01   8.749100e-01   2.589227e-01   8.603124e-01   8.593080e-01   8.577296e-01   8.591329e-01   1.543232e-06   3.606311e-01   1.728430e-03   6.246426e-10   5.554322e-03   4.296484e-03   2.360993e-01   1.939823e-05   0.000000e+00   0.000000e+00
   2.172228e-01   8.749100e-01   2.589227e-01   8.601888e-01   8.593078e-01   8.577296e-01   8.591336e-01   1.543188e-06   3.606311e-01   1.728430e-03   6.246425e-10   5.554245e-03   4.296505e-03   2.360993e-01   1.939865e-05   0.000000e+00   0.000000e+00
   2.172222e-01   8.749100e-01   2.589227e-01   8.602584e-01   8.593077e-01   8.577296e-01   8.591363e-01   1.543261e-06   3.606311e-01   1.728430e-03   6.246424e-10   5.554862e-03   4.296522e-03   2.360993e-01   1.939873e-05   0.000000e+00   0.000000e+00
   2.172222e-01   8.749100e-01   2.589227e-01   8.602108e-01   8.593077e-01   8.577296e-01   8.591353e-01   1.543218e-06   3.606311e-01   1.728430e-03   6.246425e-10   5.554725e-03   4.296431e-03   2.360993e-01   1.940602e-05   0.000000e+00   0.000000e+00
   2.172228e-01   8.749100e-01   2.589227e-01   8.601888e-01   8.593078e-01   8.577296e-01   8.591336e-01   1.543188e-06   3.606311e-01   1.728430e-03   6.246425e-10   5.554245e-03   4.296505e-03   2.360993e-01   1.939865e-05   0.000000e+00   0.000000e+00
   2.172222e-01   8.749100e-01   2.589227e-01   8.601903e-01   8.593078e-01   8.577296e-01   8.591332e-01   1.543190e-06   3.606311e-01   1.728430e-03   6.246425e-10   5.554190e-03   4.296492e-03   2.360993e-01   1.939748e-05   0.000000e+00   0.000000e+00
   2.172222e-01   8.749100e-01   2.589227e-01   8.602025e-01   8.593078e-01   8.577296e-01   8.591322e-01   1.543170e-06   3.606311e-01   1.728430e-03   6.246425e-10   5.554199e-03   4.296494e-03   2.360993e-01   1.939755e-05   0.000000e+00   0.000000e+00
   2.172230e-01   8.749100e-01   2.589227e-01   8.601904e-01   8.593078e-01   8.577296e-01   8.591338e-01   1.543166e-06   3.606311e-01   1.728430e-03   6.246425e-10   5.554243e-03   4.296504e-03   2.360993e-01   1.939773e-05   0.000000e+00   0.000000e+00
   2.172222e-01   8.749100e-01   2.589227e-01   8.601931e-01   8.593078e-01   8.577296e-01   8.591322e-01   1.543177e-06   3.606311e-01   1.728430e-03   6.246425e-10   5.554192e-03   4.296489e-03   2.360993e-01   1.939781e-05   0.000000e+00   0.000000e+00
   2.172222e-01   8.749100e-01   2.589227e-01   8.601886e-01   8.593078e-01   8.577296e-01   8.591330e-01   1.543189e-06   3.606311e-01   1.728430e-03   6.246425e-10   5.554211e-03   4.296491e-03   2.360993e-01   1.939728e-05   0.000000e+00   0.000000e+00
   2.172222e-01   8.749100e-01   2.589227e-01   8.601858e-01   8.593078e-01   8.577296e-01   8.591330e-01   1.543217e-06   3.606311e-01   1.728430e-03   6.246425e-10   5.554271e-03   4.296491e-03   2.360993e-01   1.939917e-05   0.000000e+00   0.000000e+00
   2.172222e-01   8.749100e-01   2.589227e-01   8.602124e-01   8.593079e-01   8.577296e-01   8.591330e-01   1.543236e-06   3.606311e-01   1.728430e-03   6.246425e-10   5.554283e-03   4.296482e-03   2.360993e-01   1.939847e-05   0.000000e+00   0.000000e+00
   2.172228e-01   8.749100e-01   2.589227e-01   8.601835e-01   8.593079e-01   8.577296e-01   8.591348e-01   1.543256e-06   3.606311e-01   1.728430e-03   6.246425e-10   5.553858e-03   4.296459e-03   2.360993e-01   1.942121e-05   0.000000e+00   0.000000e+00
   2.172228e-01   8.749100e-01   2.589227e-01   8.601944e-01   8.593079e-01   8.577296e-01   8.591353e-01   1.543235e-06   3.606311e-01   1.728430e-03   6.246418e-10   5.553943e-03   4.296446e-03   2.360993e-01   1.939896e-05   0.000000e+00   0.000000e+00
   2.172228e-01   8.749100e-01   2.589227e-01   8.601775e-01   8.593078e-01   8.577296e-01   8.591349e-01   1.543269e-06   3.606311e-01   1.728430e-03   6.246423e-10   5.553832e-03   4.296395e-03   2.360993e-01   1.940548e-05   0.000000e+00   0.000000e+00
   2.172229e-01   8.749100e-01   2.589227e-01   8.601949e-01   8.593078e-01   8.577296e-01   8.591353e-01   1.543227e-06   3.606311e-01   1.728430e-03   6.246419e-10   5.554043e-03   4.296447e-03   2.360993e-01   1.940458e-05   0.000000e+00   0.000000e+00
   2.172228e-01   8.749100e-01   2.589227e-01   8.601947e-01   8.593078e-01   8.577296e-01   8.591354e-01   1.543252e-06   3.606311e-01   1.728430e-03   6.246413e-10   5.554056e-03   4.296404e-03   2.360993e-01   1.940124e-05   0.000000e+00   0.000000e+00
   2.172229e-01   8.749100e-01   2.589227e-01   8.601964e-01   8.593078e-01   8.577296e-01   8.591353e-01   1.543240e-06   3.606311e-01   1.728430e-03   6.246415e-10   5.554030e-03   4.296463e-03   2.360993e-01   1.940488e-05   0.000000e+00   0.000000e+00
   2.172229e-01   8.749100e-01   2.589227e-01   8.601974e-01   8.593079e-01   8.577296e-01   8.591350e-01   1.543252e-06   3.606311e-01   1.728430e-03   6.246426e-10   5.553876e-03   4.296416e-03   2.360993e-01   1.941435e-05   0.000000e+00   0.000000e+00
   2.172229e-01   8.749100e-01   2.589227e-01   8.601940e-01   8.593078e-01   8.577296e-01   8.591353e-01   1.543264e-06   3.606311e-01   1.728430e-03   6.246423e-10   5.553807e-03   4.296389e-03   2.360993e-01   1.939550e-05   0.000000e+00   0.000000e+00
   2.172229e-01   8.749100e-01   2.589227e-01   8.601940e-01   8.593078e-01   8.577296e-01   8.591353e-01   1.543264e-06   3.606311e-01   1.728430e-03   6.246423e-10   5.553807e-03   4.296389e-03   2.360993e-01   1.939550e-05   0.000000e+00   0.000000e+00
   2.172229e-01   8.749100e-01   2.589227e-01   8.601890e-01   8.593078e-01   8.577296e-01   8.591350e-01   1.543272e-06   3.606311e-01   1.728430e-03   6.246425e-10   5.554260e-03   4.296508e-03   2.360993e-01   1.939779e-05   0.000000e+00   0.000000e+00
   2.172223e-01   8.749168e-01   2.589578e-01   6.400756e-01   8.593810e-01   8.576844e-01   8.624376e-01   1.483545e-06   3.613665e-01   1.728318e-03   7.596583e-10   7.606809e-03   4.299128e-03   2.360992e-01   1.750054e-05   0.000000e+00   0.000000e+00
   2.174328e-01   9.047758e-01   2.588146e-01   9.319687e-02   0.000000e+00   8.746460e-02   8.004746e-02   1.182940e-06   3.601897e-01   1.817746e-03   8.105846e-10   1.894827e-02   0.000000e+00   2.375059e-01   3.824807e-04   0.000000e+00   2.776517e-02
   2.172226e-01   8.749100e-01   2.589227e-01   8.601952e-01   8.593078e-01   8.577296e-01   8.591350e-01   1.543233e-06   3.606311e-01   1.728430e-03   6.246419e-10   5.554090e-03   4.296433e-03   2.360993e-01   1.940973e-05   0.000000e+00   0.000000e+00
   2.172229e-01   8.749100e-01   2.589227e-01   8.601941e-01   8.593078e-01   8.577296e-01   8.591353e-01   1.543219e-06   3.606311e-01   1.728430e-03   6.246421e-10   5.553901e-03   4.296435e-03   2.360993e-01   1.939689e-05   0.000000e+00   0.000000e+00
   2.172229e-01   8.749100e-01   2.589227e-01   8.601943e-01   8.593078e-01   8.577296e-01   8.591353e-01   1.543217e-06   3.606311e-01   1.728430e-03   6.246421e-10   5.554042e-03   4.296434e-03   2.360993e-01   1.940480e-05   0.000000e+00   0.000000e+00
   2.172226e-01   8.749100e-01   2.589227e-01   8.601941e-01   8.593079e-01   8.577296e-01   8.591353e-01   1.543230e-06   3.606311e-01   1.728430e-03   6.246420e-10   5.553956e-03   4.296445e-03   2.360993e-01   1.939542e-05   0.000000e+00   0.000000e+00
   2.172230e-01   8.749100e-01   2.589227e-01   8.601963e-01   8.593078e-01   8.577296e-01   8.591348e-01   1.543258e-06   3.606311e-01   1.728430e-03   6.246416e-10   5.553835e-03   4.296418e-03   2.360993e-01   1.939697e-05   0.000000e+00   0.000000e+00
   2.169808e-01   2.227934e-01   2.585031e-01   2.179269e-01   1.605809e-01   8.920117e-01   2.791714e-01   1.029724e-03   3.599795e-01   6.812325e-03   0.000000e+00   2.646008e-03   7.870690e-03   2.356179e-01   3.018549e-04   0.000000e+00   0.000000e+00
   2.172230e-01   8.749100e-01   2.589227e-01   8.601662e-01   8.593079e-01   8.577296e-01   8.591349e-01   1.543230e-06   3.606311e-01   1.728430e-03   6.246423e-10   5.553813e-03   4.296393e-03   2.360993e-01   1.939029e-05   0.000000e+00   0.000000e+00
   2.172230e-01   8.749100e-01   2.589227e-01   8.601698e-01   8.593079e-01   8.577296e-01   8.591349e-01   1.543271e-06   3.606311e-01   1.728430e-03   6.246428e-10   5.553821e-03   4.296395e-03   2.360993e-01   1.939252e-05   0.000000e+00   0.000000e+00
   2.172230e-01   8.749100e-01   2.589227e-01   8.601662e-01   8.593078e-01   8.577296e-01   8.591349e-01   1.543274e-06   3.606311e-01   1.728430e-03   6.246426e-10   5.553813e-03   4.296395e-03   2.360993e-01   1.938348e-05   0.000000e+00   0.000000e+00
   2.172231e-01   8.749100e-01   2.589227e-01   8.601671e-01   8.593079e-01   8.577296e-01   8.591349e-01   1.543232e-06   3.606311e-01   1.728430e-03   6.246424e-10   5.553815e-03   4.296393e-03   2.360993e-01   1.939002e-05   0.000000e+00   0.000000e+00
   2.172228e-01   8.749100e-01   2.589227e-01   8.601745e-01   8.593079e-01   8.577296e-01   8.591349e-01   1.543215e-06   3.606311e-01   1.728430e-03   6.246428e-10   5.553829e-03   4.296388e-03   2.360993e-01   1.939989e-05   0.000000e+00   0.000000e+00
   2.172231e-01   8.749100e-01   2.589227e-01   8.601669e-01   8.593079e-01   8.577296e-01   8.591349e-01   1.543246e-06   3.606311e-01   1.728430e-03   6.246426e-10   5.553814e-03   4.296397e-03   2.360993e-01   1.938782e-05   0.000000e+00   0.000000e+00
   2.172230e-01   8.749100e-01   2.589227e-01   8.601699e-01   8.593079e-01   8.577296e-01   8.591349e-01   1.543271e-06   3.606311e-01   1.728430e-03   6.246428e-10   5.553821e-03   4.296395e-03   2.360993e-01   1.939241e-05   0.000000e+00   0.000000e+00
   2.172230e-01   8.749100e-01   2.589227e-01   8.601663e-01   8.593079e-01   8.577296e-01   8.591349e-01   1.543210e-06   3.606311e-01   1.728430e-03   6.246422e-10   5.553813e-03   4.296391e-03   2.360993e-01   1.937840e-05   0.000000e+00   0.000000e+00
   2.172230e-01   8.749100e-01   2.589227e-01   8.601633e-01   8.593078e-01   8.577296e-01   8.591349e-01   1.543270e-06   3.606311e-01   1.728430e-03   6.246424e-10   5.553828e-03   4.296393e-03   2.360993e-01   1.940207e-05   0.000000e+00   0.000000e+00
   2.172230e-01   8.749100e-01   2.589227e-01   8.601658e-01   8.593079e-01   8.577296e-01   8.591349e-01   1.543230e-06   3.606311e-01   1.728430e-03   6.246423e-10   5.553813e-03   4.296392e-03   2.360993e-01   1.939532e-05   0.000000e+00   0.000000e+00
   2.172228e-01   8.749100e-01   2.589227e-01   8.601678e-01   8.593079e-01   8.577296e-01   8.591349e-01   1.543272e-06   3.606311e-01   1.728430e-03   6.246427e-10   5.553813e-03   4.296394e-03   2.360993e-01   1.939130e-05   0.000000e+00   0.000000e+00
   2.172229e-01   8.749100e-01   2.589227e-01   8.601696e-01   8.593078e-01   8.577296e-01   8.591349e-01   1.543273e-06   3.606311e-01   1.728430e-03   6.246429e-10   5.553813e-03   4.296395e-03   2.360993e-01   1.939003e-05   0.000000e+00   0.000000e+00
   2.172230e-01   8.749100e-01   2.589227e-01   8.601753e-01   8.593078e-01   8.577296e-01   8.591349e-01   1.543213e-06   3.606311e-01   1.728430e-03   6.246425e-10   5.553816e-03   4.296398e-03   2.360993e-01   1.939594e-05   0.000000e+00   0.000000e+00
   2.172230e-01   8.749100e-01   2.589227e-01   8.601658e-01   8.593079e-01   8.577296e-01   8.591349e-01   1.543230e-06   3.606311e-01   1.728430e-03   6.246423e-10   5.553813e-03   4.296392e-03   2.360993e-01   1.939532e-05   0.000000e+00   0.000000e+00
   2.172229e-01   8.749100e-01   2.589227e-01   8.601646e-01   8.593079e-01   8.577296e-01   8.591349e-01   1.543227e-06   3.606311e-01   1.728430e-03   6.246423e-10   5.553816e-03   4.296392e-03   2.360993e-01   1.939407e-05   0.000000e+00   0.000000e+00
   2.172232e-01   8.749100e-01   2.589227e-01   8.601669e-01   8.593079e-01   8.577296e-01   8.591349e-01   1.543241e-06   3.606311e-01   1.728430e-03   6.246427e-10   5.553812e-03   4.296393e-03   2.360993e-01   1.938785e-05   0.000000e+00   0.000000e+00
   2.172230e-01   8.749100e-01   2.589227e-01   8.601700e-01   8.593079e-01   8.577296e-01   8.591349e-01   1.543271e-06   3.606311e-01   1.728430e-03   6.246428e-10   5.553820e-03   4.296395e-03   2.360993e-01   1.939259e-05   0.000000e+00   0.000000e+00
   2.172230e-01   8.749100e-01   2.589227e-01   8.601643e-01   8.593079e-01   8.577296e-01   8.591349e-01   1.543237e-06   3.606311e-01   1.728430e-03   6.246428e-10   5.553818e-03   4.296397e-03   2.360993e-01   1.939645e-05   0.000000e+00   0.000000e+00
   2.172230e-01   8.749100e-01   2.589227e-01   8.601751e-01   8.593078e-01   8.577296e-01   8.591349e-01   1.543275e-06   3.606311e-01   1.728430e-03   6.246422e-10   5.553813e-03   4.296394e-03   2.360993e-01   1.940246e-05   0.000000e+00   0.000000e+00
   2.172230e-01   8.749100e-01   2.589227e-01   8.601697e-01   8.593079e-01   8.577296e-01   8.591349e-01   1.543272e-06   3.606311e-01   1.728430e-03   6.246428e-10   5.553821e-03   4.296395e-03   2.360993e-01   1.939219e-05   0.000000e+00   0.000000e+00
   2.172230e-01   8.749100e-01   2.589227e-01   8.601693e-01   8.593078e-01   8.577296e-01   8.591349e-01   1.543268e-06   3.606311e-01   1.728430e-03   6.246430e-10   5.553824e-03   4.296396e-03   2.360993e-01   1.939058e-05   0.000000e+00   0.000000e+00
   2.172232e-01   8.749100e-01   2.589227e-01   8.601675e-01   8.593079e-01   8.577296e-01   8.591350e-01   1.543246e-06   3.606311e-01   1.728430e-03   6.246428e-10   5.553818e-03   4.296393e-03   2.360993e-01   1.938874e-05   0.000000e+00   0.000000e+00
   2.172229e-01   8.749100e-01   2.589227e-01   8.601700e-01   8.593079e-01   8.577296e-01   8.591349e-01   1.543270e-06   3.606311e-01   1.728430e-03   6.246426e-10   5.553822e-03   4.296395e-03   2.360993e-01   1.939408e-05   0.000000e+00   0.000000e+00
   2.172230e-01   8.749100e-01   2.589227e-01   8.601692e-01   8.593078e-01   8.577296e-01   8.591349e-01   1.543273e-06   3.606311e-01   1.728430e-03   6.246425e-10   5.553813e-03   4.296393e-03   2.360993e-01   1.939102e-05   0.000000e+00   0.000000e+00
   2.172230e-01   8.749100e-01   2.589227e-01   8.601670e-01   8.593078e-01   8.577296e-01   8.591349e-01   1.543249e-06   3.606311e-01   1.728430e-03   6.246423e-10   5.553813e-03   4.296394e-03   2.360993e-01   1.938896e-05   0.000000e+00   0.000000e+00
   2.172230e-01   8.749100e-01   2.589227e-01   8.601718e-01   8.593079e-01   8.577296e-01   8.591349e-01   1.543261e-06   3.606311e-01   1.728430e-03   6.246431e-10   5.553819e-03   4.296400e-03   2.360993e-01   1.939469e-05   0.000000e+00   0.000000e+00
   2.169406e-01   2.561214e-01   2.580191e-01   1.943149e-01   1.373167e-01   2.177608e-01   2.793552e-01   1.122645e-03   3.589146e-01   7.066542e-03   3.981311e-10   2.459652e-03   7.489327e-03   2.358208e-01   2.789188e-04   0.000000e+00   0.000000e+00
   2.172230e-01   8.749100e-01   2.589227e-01   8.601699e-01   8.593079e-01   8.577296e-01   8.591349e-01   1.543270e-06   3.606311e-01   1.728430e-03   6.246428e-10   5.553820e-03   4.296395e-03   2.360993e-01   1.939243e-05   0.000000e+00   0.000000e+00
   2.172230e-01   8.749100e-01   2.589227e-01   8.601672e-01   8.593078e-01   8.577296e-01   8.591349e-01   1.543243e-06   3.606311e-01   1.728430e-03   6.246423e-10   5.553816e-03   4.296401e-03   2.360993e-01   1.938756e-05   0.000000e+00   0.000000e+00
   2.172231e-01   8.749100e-01   2.589227e-01   8.601675e-01   8.593079e-01   8.577296e-01   8.591349e-01   1.543247e-06   3.606311e-01   1.728430e-03   6.246423e-10   5.553821e-03   4.296392e-03   2.360993e-01   1.938873e-05   0.000000e+00   0.000000e+00
   2.172230e-01   8.749100e-01   2.589227e-01   8.601669e-01   8.593079e-01   8.577296e-01   8.591349e-01   1.543224e-06   3.606311e-01   1.728430e-03   6.246423e-10   5.553813e-03   4.296392e-03   2.360993e-01   1.939506e-05   0.000000e+00   0.000000e+00
