   7.102388e-01   8.600077e-01   8.877510e-01   1.000000e+00   7.528164e-01   6.142562e-01   5.286599e-01   5.609008e-02   1.000000e+00   0.000000e+00   6.002669e-01   2.006596e-01   1.996722e-01   1.996205e-01
   9.691222e-01   9.210916e-01   9.853000e-01   1.000000e+00   1.431998e-01   6.990797e-01   7.536919e-01   5.582034e-02   6.756837e-01   0.000000e+00   5.999102e-01   2.007665e-01   2.003085e-01   1.993337e-01
   9.914644e-01   9.711581e-01   5.520725e-02   1.000000e+00   6.558941e-01   8.666933e-01   1.000000e+00   5.557985e-02   8.751395e-01   0.000000e+00   5.987130e-01   1.998145e-01   2.003837e-01   1.993904e-01
   8.055223e-01   9.309735e-01   9.819849e-01   1.000000e+00   2.641824e-01   7.748950e-01   8.142596e-01   5.600088e-02   8.486766e-01   0.000000e+00   5.996227e-01   2.003248e-01   2.002996e-01   1.988014e-01
   7.597417e-01   6.642208e-01   7.635278e-01   1.000000e+00   4.390437e-01   3.678883e-01   9.458310e-01   5.601035e-02   9.558656e-01   0.000000e+00   5.994618e-01   1.989374e-01   2.001363e-01   1.984207e-01
   8.476311e-01   1.000000e+00   7.374036e-01   1.000000e+00   0.000000e+00   3.512872e-01   9.287752e-01   5.593463e-02   8.836958e-01   0.000000e+00   6.000118e-01   1.995270e-01   2.004740e-01   1.994859e-01
   9.295998e-01   8.506093e-01   7.498929e-01   1.000000e+00   8.543593e-01   7.260598e-01   4.563647e-01   5.596692e-02   9.604800e-01   0.000000e+00   6.004886e-01   1.998992e-01   2.000320e-01   1.992066e-01
   9.244873e-01   8.943795e-01   7.404147e-01   1.000000e+00   8.521764e-01   5.161548e-01   3.567431e-01   5.600106e-02   1.000000e+00   0.000000e+00   6.005451e-01   1.999287e-01   2.000718e-01   1.995388e-01
   9.473631e-01   9.274738e-01   9.748452e-01   1.000000e+00   9.387460e-01   9.357345e-01   9.268024e-01   5.585351e-02   9.888190e-01   0.000000e+00   6.010550e-01   1.998586e-01   1.982567e-01   1.994242e-01
   9.055367e-01   9.836902e-01   6.519691e-01   1.000000e+00   8.937062e-01   6.883075e-01   7.489713e-01   5.603776e-02   9.856993e-01   0.000000e+00   6.004393e-01   2.003398e-01   1.997744e-01   1.997921e-01
   8.493589e-01   8.685715e-01   7.978332e-01   1.000000e+00   6.485253e-01   7.260887e-01   6.390699e-01   5.613891e-02   9.985620e-01   0.000000e+00   6.005312e-01   2.009817e-01   2.009531e-01   1.992550e-01
   7.950518e-01   9.050039e-01   8.907983e-01   1.000000e+00   8.952830e-01   5.371118e-01   4.545000e-01   5.509158e-02   9.555611e-01   0.000000e+00   5.998185e-01   2.003514e-01   1.997575e-01   1.990440e-01
   9.827152e-01   6.164587e-01   5.627311e-01   1.000000e+00   8.932237e-01   6.999394e-01   8.216400e-01   5.610661e-02   9.112800e-01   0.000000e+00   6.002311e-01   1.999919e-01   2.003344e-01   1.995778e-01
   9.249988e-01   8.989476e-01   9.538891e-01   1.000000e+00   6.101635e-01   5.765954e-01   6.563373e-01   5.582492e-02   9.998675e-01   0.000000e+00   5.994332e-01   1.994485e-01   1.998482e-01   1.997216e-01
   8.714853e-01   8.850748e-01   5.899191e-01   1.000000e+00   6.500372e-01   5.432409e-01   7.829167e-01   5.593095e-02   9.979861e-01   0.000000e+00   6.001623e-01   1.997311e-01   1.978393e-01   2.000137e-01
   9.323532e-01   9.136307e-01   7.620849e-01   1.000000e+00   8.905401e-01   8.135139e-01   1.820769e-01   5.620342e-02   1.000000e+00   0.000000e+00   6.004186e-01   1.995060e-01   1.986341e-01   1.988394e-01
   9.886944e-01   9.914448e-01   9.065014e-01   1.000000e+00   1.556769e-06   3.556092e-01   8.972025e-01   5.598917e-02   9.399623e-01   0.000000e+00   6.003656e-01   1.997115e-01   2.001079e-01   1.995263e-01
   7.357812e-01   8.645622e-01   8.825362e-01   1.000000e+00   5.357787e-01   6.691546e-01   5.947138e-01   5.611443e-02   9.651202e-01   0.000000e+00   6.004473e-01   2.001823e-01   2.014039e-01   1.992246e-01
   9.142525e-01   5.436182e-01   8.670223e-01   1.000000e+00   9.141129e-01   0.000000e+00   9.615137e-01   5.545430e-02   1.000000e+00   0.000000e+00   5.994333e-01   2.001412e-01   2.002992e-01   1.990221e-01
   9.153768e-01   5.722214e-01   8.794048e-01   1.000000e+00   7.686388e-01   5.420491e-01   8.840655e-01   5.582782e-02   1.000000e+00   0.000000e+00   6.001937e-01   2.000302e-01   2.005014e-01   1.996178e-01
   4.668801e-01   9.210736e-01   8.549895e-01   1.000000e+00   9.278701e-01   6.782373e-01   8.315803e-01   5.589946e-02   7.020488e-01   0.000000e+00   6.004625e-01   1.994140e-01   2.000787e-01   1.987224e-01
   9.942983e-01   9.945228e-01   1.000000e+00   1.000000e+00   9.992424e-01   9.979513e-01   5.065279e-03   5.570160e-02   9.707168e-01   0.000000e+00   6.002115e-01   1.997882e-01   2.002429e-01   1.988571e-01
   9.384341e-01   4.298810e-01   9.403896e-01   1.000000e+00   1.000000e+00   3.219774e-01   3.868835e-01   5.607453e-02   9.618249e-01   0.000000e+00   5.996808e-01   1.998207e-01   2.001078e-01   1.993559e-01
   5.964905e-01   8.800492e-01   8.830634e-01   1.000000e+00   7.053280e-01   5.702928e-01   6.055170e-01   5.618994e-02   9.037514e-01   0.000000e+00   5.994729e-01   2.002674e-01   1.996256e-01   2.002772e-01
   7.532223e-01   7.166740e-01   7.736587e-01   1.000000e+00   3.698368e-01   3.490598e-01   9.229493e-01   5.622610e-02   8.080334e-01   0.000000e+00   6.000923e-01   1.992718e-01   2.002009e-01   1.994351e-01
   9.260978e-01   9.217737e-01   8.654640e-01   1.000000e+00   8.476298e-01   7.493152e-01   6.599511e-02   5.614605e-02   9.507914e-01   0.000000e+00   5.999080e-01   1.997209e-01   1.986445e-01   1.991849e-01
   9.725607e-01   9.332145e-01   9.592418e-01   1.000000e+00   9.387229e-01   9.334594e-01   4.682788e-01   5.582872e-02   9.878190e-01   0.000000e+00   6.014085e-01   1.998398e-01   1.994334e-01   1.988230e-01
   8.553898e-01   9.223730e-01   8.867157e-01   1.000000e+00   7.964710e-01   7.501596e-01   5.891095e-01   5.613882e-02   9.227327e-01   0.000000e+00   6.007119e-01   2.003737e-01   2.008595e-01   1.999644e-01
   2.395316e-01   8.542191e-01   9.080574e-01   1.000000e+00   7.370799e-01   8.906094e-01   7.736323e-01   5.601012e-02   9.977721e-01   0.000000e+00   6.002640e-01   2.001059e-01   1.995959e-01   1.997562e-01
   9.678614e-01   9.320042e-01   9.537759e-01   1.000000e+00   9.378417e-01   9.361784e-01   4.784606e-01   5.571473e-02   9.992252e-01   0.000000e+00   6.013379e-01   1.995415e-01   1.993962e-01   1.986850e-01
   8.927575e-01   8.457121e-01   8.542764e-01   1.000000e+00   8.110161e-01   5.433537e-01   8.368832e-01   5.620700e-02   9.108880e-01   0.000000e+00   6.013773e-01   1.997915e-01   2.001299e-01   1.999204e-01
   7.927087e-01   7.639147e-01   7.694190e-01   1.000000e+00   7.589154e-01   7.368978e-01   3.288891e-01   5.572842e-02   9.691732e-01   0.000000e+00   5.987533e-01   2.004255e-01   2.003133e-01   1.996672e-01
   9.938299e-01   7.634591e-02   8.709811e-01   1.000000e+00   8.952773e-02   3.810346e-01   9.279852e-01   5.606734e-02   8.962945e-01   0.000000e+00   6.000981e-01   1.997949e-01   2.003139e-01   1.994761e-01
   8.946796e-01   8.366793e-01   7.442061e-01   1.000000e+00   7.256905e-01   6.947242e-01   3.689345e-01   5.566633e-02   9.888743e-01   0.000000e+00   6.004337e-01   2.001663e-01   2.000572e-01   1.998097e-01
   9.876615e-01   9.577425e-01   1.000000e+00   1.000000e+00   1.000000e+00   9.779150e-01   9.905293e-01   5.609967e-02   8.637946e-01   0.000000e+00   6.015052e-01   1.988580e-01   1.996306e-01   1.987641e-01
   9.378365e-01   4.693770e-01   8.279998e-01   1.000000e+00   4.569826e-01   3.763123e-01   8.495312e-01   5.596852e-02   9.594769e-01   0.000000e+00   5.994602e-01   1.994757e-01   2.007714e-01   1.991199e-01
   9.617121e-01   2.799818e-01   5.301552e-01   1.000000e+00   8.757301e-01   8.370668e-01   8.374398e-01   5.592887e-02   9.395608e-01   0.000000e+00   6.005137e-01   1.997631e-01   2.012130e-01   1.995107e-01
   9.224320e-01   8.296657e-01   8.651612e-01   1.000000e+00   8.702953e-01   8.277143e-01   3.796743e-01   5.601815e-02   9.647339e-01   0.000000e+00   6.014564e-01   1.997667e-01   2.000900e-01   1.990214e-01
   3.816946e-01   1.000000e+00   6.344557e-01   1.000000e+00   0.000000e+00   4.196182e-01   7.847186e-01   5.599437e-02   9.358726e-01   0.000000e+00   5.991442e-01   1.995815e-01   2.006539e-01   1.993710e-01
   9.110375e-01   9.524823e-01   9.683917e-01   1.000000e+00   6.373493e-01   2.020961e-01   8.466257e-01   5.598744e-02   1.000000e+00   0.000000e+00   5.996876e-01   1.991523e-01   1.997797e-01   1.989219e-01
   9.613909e-01   9.264066e-01   5.000022e-01   1.000000e+00   7.659543e-01   6.969059e-01   0.000000e+00   5.597187e-02   9.490782e-01   0.000000e+00   5.996643e-01   2.002835e-01   2.000349e-01   1.991382e-01
   7.471555e-01   8.895217e-01   8.768398e-01   1.000000e+00   4.347708e-01   3.947077e-01   8.585637e-01   5.630011e-02   8.300088e-01   0.000000e+00   5.996134e-01   2.005380e-01   2.001609e-01   1.990923e-01
   9.420103e-01   1.290239e-01   9.079891e-01   1.000000e+00   8.067186e-01   3.358539e-01   7.989669e-01   5.584264e-02   7.731155e-01   0.000000e+00   6.005585e-01   2.000691e-01   2.015579e-01   1.990439e-01
   8.763142e-01   9.534005e-01   9.190447e-01   1.000000e+00   5.899993e-01   2.666421e-01   5.953382e-01   5.600687e-02   1.000000e+00   0.000000e+00   5.999437e-01   1.999240e-01   2.001066e-01   1.985416e-01
   9.173306e-01   9.375961e-01   9.891226e-01   1.000000e+00   6.600510e-01   8.709022e-02   6.371042e-01   5.610176e-02   1.000000e+00   0.000000e+00   5.998369e-01   1.988187e-01   2.021900e-01   1.984755e-01
   9.913230e-01   9.515885e-01   9.934135e-01   1.000000e+00   1.000000e+00   1.000000e+00   0.000000e+00   5.570995e-02   9.635069e-01   0.000000e+00   6.000580e-01   1.996373e-01   2.019384e-01   1.992542e-01
   8.318061e-01   4.035455e-01   8.170497e-01   1.000000e+00   5.326098e-01   9.769493e-01   7.433947e-01   5.587071e-02   8.532154e-01   0.000000e+00   6.000138e-01   1.995285e-01   1.995437e-01   2.009348e-01
   9.366039e-01   9.351206e-01   9.573679e-01   1.000000e+00   8.947800e-01   7.418974e-01   1.000000e+00   5.605559e-02   9.529145e-01   0.000000e+00   6.005403e-01   1.992831e-01   1.998654e-01   1.995448e-01
   9.842465e-01   7.641116e-01   3.723224e-01   1.000000e+00   2.926252e-02   3.575703e-01   8.476792e-01   5.546268e-02   9.024808e-01   0.000000e+00   6.005941e-01   1.998946e-01   2.002585e-01   1.987867e-01
   2.245178e-01   7.081748e-01   7.482067e-01   1.000000e+00   7.483677e-01   4.140205e-01   7.757451e-01   5.611452e-02   1.000000e+00   0.000000e+00   6.009009e-01   2.001630e-01   2.000790e-01   1.995841e-01
   8.804101e-01   8.672869e-01   9.119807e-01   1.000000e+00   6.713810e-01   8.781002e-01   4.561768e-01   5.608938e-02   9.970246e-01   0.000000e+00   6.002722e-01   1.999728e-01   1.997357e-01   1.999042e-01
   7.493563e-01   8.652167e-01   3.780598e-01   1.000000e+00   8.765844e-01   7.514799e-01   5.702499e-01   5.592311e-02   9.775902e-01   0.000000e+00   6.010119e-01   1.992772e-01   2.005825e-01   1.984763e-01
   9.224324e-01   8.300744e-01   8.640044e-01   1.000000e+00   8.698800e-01   8.287530e-01   6.347059e-01   5.601817e-02   9.650800e-01   0.000000e+00   6.014490e-01   1.996614e-01   2.000828e-01   1.990611e-01
   9.296231e-01   9.690880e-01   9.821528e-01   1.000000e+00   9.828402e-01   1.000000e+00   4.882529e-02   5.607307e-02   9.976884e-01   0.000000e+00   6.002982e-01   1.997436e-01   1.998261e-01   1.994110e-01
   9.746119e-01   9.932724e-01   1.515884e-01   1.000000e+00   9.915614e-01   0.000000e+00   3.390712e-01   5.596627e-02   8.693803e-01   0.000000e+00   6.009653e-01   1.997190e-01   1.995491e-01   1.995648e-01
   1.000000e+00   9.634897e-01   3.011344e-01   1.000000e+00   8.031511e-01   7.623544e-01   8.132445e-01   5.614591e-02   9.277202e-01   0.000000e+00   5.999302e-01   1.999261e-01   1.998255e-01   1.993902e-01
   9.872490e-01   9.794668e-01   1.000000e+00   1.000000e+00   9.957113e-01   1.000000e+00   9.910090e-01   5.596890e-02   9.040383e-01   0.000000e+00   6.010227e-01   1.998550e-01   2.004741e-01   1.987766e-01
   5.299337e-01   8.960739e-01   1.000000e+00   1.000000e+00   8.058505e-01   9.975680e-01   1.523231e-01   5.593102e-02   9.729260e-01   0.000000e+00   6.003731e-01   1.999023e-01   2.002749e-01   1.992290e-01
   9.839875e-01   9.274283e-01   9.800942e-01   1.000000e+00   9.224783e-01   9.365984e-01   1.000000e+00   5.623589e-02   8.290745e-01   0.000000e+00   5.999564e-01   1.986656e-01   1.997146e-01   1.999140e-01
   9.433226e-01   6.193390e-01   8.659978e-01   1.000000e+00   9.068879e-01   7.839625e-01   1.630120e-01   5.607817e-02   9.618571e-01   0.000000e+00   6.003113e-01   2.003507e-01   1.998866e-01   2.009086e-01
   9.247697e-01   9.033541e-01   7.401839e-01   1.000000e+00   8.512531e-01   5.249695e-01   3.560672e-01   5.600243e-02   1.000000e+00   0.000000e+00   6.007806e-01   1.999273e-01   2.000725e-01   1.995170e-01
   8.090832e-01   9.079319e-01   8.923006e-01   1.000000e+00   9.018059e-01   6.354397e-01   3.473617e-01   5.536516e-02   9.592319e-01   0.000000e+00   5.998350e-01   1.999930e-01   1.996750e-01   1.991959e-01
   9.921125e-01   1.000000e+00   9.862258e-01   1.000000e+00   1.000000e+00   0.000000e+00   1.726619e-01   5.607198e-02   9.460172e-01   0.000000e+00   6.000951e-01   2.000640e-01   2.000787e-01   1.986024e-01
   9.078075e-01   8.935556e-01   9.390552e-01   1.000000e+00   7.928577e-01   8.984380e-01   2.599643e-01   5.598703e-02   9.589881e-01   0.000000e+00   6.018627e-01   1.998370e-01   2.001501e-01   1.995743e-01
   9.052550e-01   8.556002e-01   6.513942e-01   1.000000e+00   7.832080e-01   6.799424e-01   4.635857e-01   5.599090e-02   1.000000e+00   0.000000e+00   6.004543e-01   2.003325e-01   2.000321e-01   1.997605e-01
   8.904939e-01   9.640429e-01   9.863975e-01   1.000000e+00   1.000000e+00   4.583585e-02   5.151555e-01   5.598275e-02   7.691143e-01   0.000000e+00   5.997612e-01   1.999313e-01   1.999366e-01   1.986924e-01
   8.779488e-01   8.179465e-01   6.574537e-01   1.000000e+00   6.662006e-01   6.944137e-01   6.059464e-01   5.599014e-02   8.881984e-01   0.000000e+00   6.010398e-01   2.003307e-01   2.000928e-01   1.997592e-01
   9.086342e-01   8.480417e-01   8.564355e-01   1.000000e+00   8.101532e-01   5.458518e-01   8.683934e-01   5.594495e-02   9.130208e-01   0.000000e+00   6.018365e-01   2.000711e-01   2.001339e-01   1.999157e-01
   8.825455e-01   9.417341e-01   3.733101e-01   1.000000e+00   2.148031e-01   3.804294e-01   7.803065e-01   5.546580e-02   8.971728e-01   0.000000e+00   6.000204e-01   1.999639e-01   2.001539e-01   1.988102e-01
   8.555624e-01   7.487146e-01   8.346676e-01   1.000000e+00   7.876607e-01   8.011447e-01   2.950782e-01   5.580979e-02   8.620627e-01   0.000000e+00   5.996191e-01   2.007148e-01   2.005941e-01   2.001525e-01
   9.321025e-01   9.295676e-01   9.137337e-01   1.000000e+00   9.402544e-01   9.134358e-01   8.679737e-01   5.590478e-02   9.933742e-01   0.000000e+00   5.997955e-01   1.997450e-01   1.999933e-01   1.987893e-01
   8.777307e-01   8.872061e-01   7.134755e-01   1.000000e+00   8.178011e-01   7.870461e-01   7.397860e-01   5.599316e-02   9.752168e-01   0.000000e+00   6.006437e-01   2.004303e-01   2.005232e-01   1.989158e-01
   9.291710e-01   8.902784e-01   9.358952e-01   1.000000e+00   7.603609e-01   9.256321e-01   8.412564e-01   5.591883e-02   9.462444e-01   0.000000e+00   6.005824e-01   1.998062e-01   2.006418e-01   2.000507e-01
   9.988015e-01   6.322632e-01   6.186509e-01   1.000000e+00   6.807195e-01   6.701781e-01   6.538943e-01   5.598560e-02   8.955051e-01   0.000000e+00   6.004394e-01   2.003912e-01   2.007518e-01   1.995381e-01
   9.358506e-01   4.379347e-01   9.324871e-01   1.000000e+00   9.493596e-01   8.846989e-01   1.345381e-01   5.614597e-02   9.426674e-01   0.000000e+00   6.007966e-01   2.000193e-01   1.998621e-01   1.986339e-01
   7.593096e-01   7.833368e-01   7.815856e-01   1.000000e+00   4.439268e-01   3.806478e-01   9.020680e-01   5.581734e-02   9.760174e-01   0.000000e+00   5.994236e-01   1.990052e-01   2.005259e-01   2.002645e-01
   7.871521e-01   8.890922e-01   9.502556e-01   1.000000e+00   9.195887e-01   7.645019e-01   1.172893e-01   5.573678e-02   9.859040e-01   0.000000e+00   6.004222e-01   1.991064e-01   1.997387e-01   1.996957e-01
   5.088987e-01   8.539343e-01   8.585037e-01   1.000000e+00   7.917209e-01   5.379089e-01   6.572124e-01   5.637868e-02   9.371573e-01   0.000000e+00   5.997477e-01   2.003275e-01   1.998428e-01   1.998673e-01
   8.263964e-01   8.914579e-01   7.689021e-01   1.000000e+00   7.576933e-01   8.044832e-01   7.350516e-01   5.601094e-02   9.980266e-01   0.000000e+00   6.007343e-01   2.000233e-01   2.001112e-01   1.996423e-01
   9.884098e-01   9.641047e-01   1.609196e-01   1.000000e+00   8.434813e-01   8.414594e-01   7.931860e-01   5.585399e-02   9.067482e-01   0.000000e+00   5.999212e-01   1.998002e-01   2.003441e-01   1.982934e-01
   8.253621e-01   6.403112e-01   8.003734e-01   1.000000e+00   7.681061e-01   6.740599e-01   3.950875e-01   5.578820e-02   8.945781e-01   0.000000e+00   5.996371e-01   2.007173e-01   2.003405e-01   2.001639e-01
   7.009585e-01   8.602840e-01   8.138270e-01   1.000000e+00   7.589700e-01   6.140232e-01   6.016249e-01   5.608208e-02   9.647933e-01   0.000000e+00   6.002989e-01   1.990133e-01   2.012075e-01   1.996341e-01
   9.565037e-01   4.095560e-01   8.776297e-01   1.000000e+00   9.195685e-01   2.402120e-01   8.689437e-01   5.601914e-02   9.618830e-01   0.000000e+00   6.009688e-01   1.994498e-01   2.000723e-01   1.996063e-01
   8.326491e-01   8.123547e-01   9.139245e-01   1.000000e+00   8.446502e-01   8.771257e-01   8.037080e-02   5.606878e-02   9.403864e-01   0.000000e+00   6.000750e-01   1.997499e-01   1.991406e-01   1.993463e-01
   9.502301e-01   5.519071e-01   9.017816e-01   1.000000e+00   1.663374e-01   3.696178e-01   8.949402e-01   5.603924e-02   9.331963e-01   0.000000e+00   6.015252e-01   1.991944e-01   2.007303e-01   1.986677e-01
   9.661768e-01   5.368535e-01   9.112075e-01   1.000000e+00   7.678734e-01   9.457162e-01   9.421274e-03   5.579656e-02   9.843509e-01   0.000000e+00   6.010006e-01   1.999637e-01   1.989851e-01   1.993930e-01
   7.104886e-01   8.651625e-01   8.816393e-01   1.000000e+00   7.555650e-01   6.146238e-01   3.327952e-01   5.607964e-02   9.881343e-01   0.000000e+00   6.002665e-01   1.996447e-01   1.999060e-01   1.995965e-01
   1.000000e+00   9.571614e-02   7.742244e-01   1.000000e+00   7.991482e-01   6.769789e-01   8.048672e-01   5.593392e-02   9.388096e-01   0.000000e+00   6.000784e-01   1.999754e-01   2.006629e-01   1.991433e-01
   9.078485e-01   8.808995e-01   9.154327e-01   1.000000e+00   9.011063e-01   2.421877e-01   4.985547e-01   5.598172e-02   7.666614e-01   0.000000e+00   6.016838e-01   2.002230e-01   1.999340e-01   1.992702e-01
   9.521034e-01   8.882159e-01   5.817893e-01   1.000000e+00   7.898441e-01   7.336703e-01   4.210133e-01   5.611213e-02   1.000000e+00   0.000000e+00   6.000024e-01   1.989992e-01   1.999049e-01   1.992679e-01
   4.892987e-01   8.247147e-01   7.851222e-01   1.000000e+00   4.142588e-01   3.933657e-01   9.419329e-01   5.607624e-02   9.083191e-01   0.000000e+00   5.996424e-01   1.994397e-01   1.999574e-01   1.994569e-01
   9.108341e-01   7.859693e-01   8.421401e-01   1.000000e+00   7.874124e-01   7.622731e-01   6.481378e-01   5.598928e-02   8.700887e-01   0.000000e+00   5.995945e-01   2.006366e-01   2.005644e-01   2.000091e-01
   9.789793e-01   1.000000e+00   9.901287e-01   1.000000e+00   4.951661e-01   3.494257e-01   0.000000e+00   5.569836e-02   8.790034e-01   0.000000e+00   5.997805e-01   1.999325e-01   2.002446e-01   2.010085e-01
   8.690821e-01   8.166257e-01   9.220426e-01   1.000000e+00   3.407370e-01   6.964730e-01   0.000000e+00   5.601831e-02   9.376523e-01   0.000000e+00   6.004306e-01   2.002282e-01   1.991995e-01   1.993608e-01
   2.565478e-01   8.971265e-01   6.921738e-01   1.000000e+00   9.736968e-01   8.057432e-01   5.770216e-01   5.614057e-02   9.308164e-01   0.000000e+00   6.001337e-01   1.995375e-01   1.995833e-01   1.991631e-01
   4.042890e-01   9.049816e-01   8.902542e-01   1.000000e+00   8.788877e-01   7.258217e-01   2.201397e-01   5.598952e-02   9.081945e-01   0.000000e+00   6.009312e-01   1.997917e-01   2.002999e-01   1.990776e-01
   7.348737e-01   8.406049e-01   7.660148e-01   1.000000e+00   7.930478e-01   7.625076e-01   4.219073e-01   5.602865e-02   9.312988e-01   0.000000e+00   6.006376e-01   2.010540e-01   2.007775e-01   1.987063e-01
   9.401090e-01   5.958657e-01   8.065854e-01   1.000000e+00   8.725977e-01   7.926284e-01   6.468578e-01   5.611320e-02   7.874640e-01   0.000000e+00   6.003683e-01   1.996728e-01   1.999138e-01   1.997008e-01
   9.967174e-01   9.927651e-01   9.888268e-01   1.000000e+00   8.703141e-01   1.000000e+00   9.906070e-01   5.595367e-02   9.301479e-01   0.000000e+00   6.021217e-01   2.006857e-01   1.994332e-01   1.986311e-01
   9.128988e-01   7.850930e-01   8.461636e-01   1.000000e+00   7.178462e-01   7.690877e-01   7.367220e-01   5.595766e-02   9.241473e-01   0.000000e+00   6.003528e-01   1.996614e-01   2.009431e-01   1.987657e-01
   7.848723e-01   6.356506e-01   6.681495e-01   1.000000e+00   8.952216e-01   8.065923e-01   8.201836e-01   5.607679e-02   8.148326e-01   0.000000e+00   6.001723e-01   1.996160e-01   1.999418e-01   1.999193e-01
   8.750849e-01   8.358717e-01   9.799552e-01   1.000000e+00   1.222220e-01   5.845913e-01   0.000000e+00   5.602889e-02   9.676616e-01   0.000000e+00   6.000825e-01   1.997740e-01   2.005968e-01   1.988468e-01
   8.434556e-01   7.589080e-01   6.368909e-01   1.000000e+00   6.806076e-01   5.334066e-01   4.174413e-01   5.620567e-02   7.936879e-01   0.000000e+00   6.002250e-01   2.003222e-01   1.996749e-01   1.994520e-01
   9.548359e-01   3.049396e-01   7.496333e-01   1.000000e+00   7.309853e-01   3.649366e-01   8.571593e-01   5.597477e-02   9.964802e-01   0.000000e+00   6.002550e-01   2.000360e-01   2.005330e-01   1.990589e-01
   9.379853e-01   7.714706e-01   8.038890e-01   1.000000e+00   9.226164e-01   7.147940e-01   8.648211e-01   5.589520e-02   9.969065e-01   0.000000e+00   6.002375e-01   2.000263e-01   2.003429e-01   1.990775e-01
   8.928642e-01   1.000000e+00   9.398190e-01   1.000000e+00   1.220190e-01   7.665969e-01   8.235988e-01   5.601026e-02   9.454460e-01   0.000000e+00   5.994499e-01   2.003417e-01   2.003074e-01   1.991647e-01
   9.036507e-01   8.312877e-01   8.430590e-01   1.000000e+00   8.134003e-01   5.349913e-01   5.956470e-01   5.602034e-02   9.202742e-01   0.000000e+00   6.001825e-01   2.000152e-01   2.001329e-01   1.999168e-01
   8.985579e-01   8.834878e-01   9.152182e-01   1.000000e+00   6.220865e-01   4.099342e-01   4.232266e-01   5.595518e-02   8.825778e-01   0.000000e+00   6.011683e-01   2.002470e-01   2.000698e-01   2.003418e-01
   8.783039e-01   8.826388e-01   8.503422e-01   1.000000e+00   7.511990e-01   7.926832e-01   3.743971e-01   5.595787e-02   8.931287e-01   0.000000e+00   6.018061e-01   1.998560e-01   1.999036e-01   1.998850e-01
   8.105137e-01   9.495694e-01   9.706643e-01   1.000000e+00   8.792215e-01   6.564556e-01   9.119635e-01   5.616856e-02   9.432273e-01   0.000000e+00   6.003378e-01   1.995183e-01   2.003307e-01   2.001379e-01
   8.501657e-01   6.612623e-01   8.846904e-01   1.000000e+00   8.525835e-01   8.347722e-01   6.589848e-01   5.611386e-02   8.030088e-01   0.000000e+00   6.008107e-01   1.999051e-01   1.995342e-01   1.996247e-01
   9.137244e-01   8.184254e-01   7.387703e-01   1.000000e+00   6.483365e-01   6.577712e-01   5.597512e-01   5.593089e-02   9.598468e-01   0.000000e+00   6.003951e-01   2.002041e-01   2.000554e-01   1.999213e-01
   9.003818e-01   7.786585e-01   9.034755e-01   1.000000e+00   4.029897e-01   5.403154e-01   6.572694e-01   5.627473e-02   9.406476e-01   0.000000e+00   6.005701e-01   1.998956e-01   1.999236e-01   1.995415e-01
   9.869478e-01   9.309767e-01   9.251732e-01   1.000000e+00   9.520106e-01   6.828071e-01   9.116419e-01   5.612369e-02   9.693653e-01   0.000000e+00   5.998213e-01   1.996934e-01   1.995589e-01   1.986994e-01
   8.374321e-01   8.560211e-01   6.492017e-01   1.000000e+00   7.741492e-01   6.641286e-01   5.492206e-01   5.598983e-02   1.000000e+00   0.000000e+00   6.005132e-01   2.003254e-01   2.001198e-01   1.997858e-01
   9.976606e-01   9.707449e-01   9.908462e-01   1.000000e+00   9.873880e-01   0.000000e+00   1.573066e-01   5.616689e-02   8.896269e-01   0.000000e+00   6.032365e-01   1.997347e-01   1.999686e-01   1.996905e-01
   9.207755e-01   7.696045e-01   6.684710e-01   1.000000e+00   8.730835e-01   7.983013e-01   2.852620e-01   5.626971e-02   8.919443e-01   0.000000e+00   6.004664e-01   1.999299e-01   2.000656e-01   1.991825e-01
   9.632828e-01   8.962296e-01   9.199730e-01   1.000000e+00   9.115295e-01   2.243765e-01   5.724122e-01   5.597268e-02   7.901161e-01   0.000000e+00   6.005328e-01   2.002220e-01   1.998743e-01   2.000950e-01
   7.548039e-01   8.887513e-01   8.820286e-01   1.000000e+00   5.707733e-01   6.254041e-01   4.967200e-01   5.618058e-02   9.062762e-01   0.000000e+00   6.004829e-01   2.002272e-01   2.008212e-01   2.000045e-01
   7.845819e-01   8.642410e-01   8.190337e-01   1.000000e+00   7.876612e-01   7.286515e-01   6.542697e-01   5.617654e-02   8.939202e-01   0.000000e+00   5.998349e-01   2.011521e-01   2.000783e-01   1.993918e-01
   9.905203e-01   1.000000e+00   9.602484e-01   1.000000e+00   1.000000e+00   6.206290e-01   2.235953e-02   5.607369e-02   9.491661e-01   0.000000e+00   6.001296e-01   2.004824e-01   1.997794e-01   2.017020e-01
   9.047475e-01   8.783185e-01   8.586162e-01   1.000000e+00   9.257454e-01   6.829627e-01   1.762406e-01   5.584219e-02   9.778942e-01   0.000000e+00   6.002898e-01   2.004394e-01   2.002115e-01   2.001439e-01
   9.645651e-01   2.840780e-01   6.360094e-01   1.000000e+00   2.624232e-01   3.578735e-01   8.315010e-01   5.592239e-02   9.366780e-01   0.000000e+00   6.005464e-01   1.997918e-01   1.995167e-01   1.996479e-01
   9.230460e-01   9.384454e-01   8.709984e-01   1.000000e+00   8.920227e-01   9.454045e-01   6.193556e-01   5.588944e-02   9.974359e-01   0.000000e+00   6.001080e-01   1.997242e-01   1.994568e-01   1.988714e-01
   8.059674e-01   6.141935e-01   8.541021e-01   1.000000e+00   7.933166e-01   7.571627e-01   3.333277e-01   5.602795e-02   8.999130e-01   0.000000e+00   5.998827e-01   2.006417e-01   2.003171e-01   2.002132e-01
   9.629141e-01   4.447529e-01   8.975530e-01   1.000000e+00   9.162108e-01   9.297356e-01   0.000000e+00   5.519375e-02   9.749031e-01   0.000000e+00   6.013100e-01   1.996453e-01   1.995687e-01   2.004626e-01
   8.841776e-01   4.978018e-01   8.020112e-01   1.000000e+00   7.353243e-01   7.196650e-01   5.545584e-01   5.564848e-02   8.321307e-01   0.000000e+00   5.999115e-01   1.984411e-01   2.003663e-01   1.991544e-01
   9.444982e-01   9.410662e-01   9.852099e-01   1.000000e+00   9.847984e-01   1.281542e-01   1.063645e-01   5.608478e-02   7.882038e-01   0.000000e+00   6.021932e-01   2.003827e-01   2.006805e-01   1.981354e-01
   7.493784e-01   9.088384e-01   3.780658e-01   1.000000e+00   8.823311e-01   3.530025e-01   9.442250e-01   5.602836e-02   9.168175e-01   0.000000e+00   5.999668e-01   1.995173e-01   2.008813e-01   1.984504e-01
   8.246185e-01   8.924462e-01   7.988105e-01   1.000000e+00   6.455107e-01   5.868642e-01   6.844140e-01   5.581854e-02   9.984877e-01   0.000000e+00   6.005143e-01   1.996213e-01   2.009082e-01   2.000696e-01
   8.803005e-01   8.120262e-01   8.547510e-01   1.000000e+00   8.401899e-01   5.629319e-01   5.624048e-01   5.615202e-02   8.109007e-01   0.000000e+00   6.007815e-01   2.005521e-01   1.995979e-01   2.000129e-01
   9.661355e-01   1.724639e-01   7.390746e-01   1.000000e+00   4.072036e-01   3.578625e-01   8.562918e-01   5.590059e-02   9.404625e-01   0.000000e+00   6.007536e-01   1.998812e-01   2.005530e-01   1.991581e-01
   9.002092e-01   1.833617e-01   8.651995e-01   1.000000e+00   5.571566e-01   3.701358e-01   6.545297e-01   5.595129e-02   1.000000e+00   0.000000e+00   6.007472e-01   1.999036e-01   2.003896e-01   1.989857e-01
   8.395940e-01   2.797612e-01   8.115944e-01   1.000000e+00   8.030860e-01   6.572356e-01   5.564791e-01   5.612621e-02   9.205209e-01   0.000000e+00   6.006470e-01   1.999614e-01   2.014783e-01   1.982462e-01
   9.301389e-01   9.473168e-01   8.408490e-01   1.000000e+00   8.968793e-01   6.955896e-01   8.353993e-01   5.608662e-02   9.439727e-01   0.000000e+00   6.002484e-01   1.980565e-01   2.004792e-01   1.994942e-01
   9.970351e-01   9.596874e-01   9.926778e-01   1.000000e+00   1.000000e+00   1.000000e+00   6.966318e-01   5.583012e-02   6.394408e-01   0.000000e+00   6.001569e-01   2.008658e-01   2.001924e-01   1.994568e-01
   9.812761e-01   9.836894e-01   7.769158e-01   1.000000e+00   0.000000e+00   3.471053e-01   9.019978e-01   5.593531e-02   9.840696e-01   0.000000e+00   6.004755e-01   1.997168e-01   2.001019e-01   1.995564e-01
   8.707954e-01   8.785708e-01   8.464544e-01   1.000000e+00   7.787413e-01   6.981105e-01   6.030732e-01   5.605059e-02   9.468664e-01   0.000000e+00   6.019942e-01   2.004766e-01   2.000260e-01   1.997353e-01
   5.449964e-01   8.886242e-01   8.196048e-01   1.000000e+00   7.661991e-01   7.081593e-01   5.776246e-01   5.601022e-02   8.339228e-01   0.000000e+00   5.992951e-01   2.005360e-01   2.000233e-01   1.999292e-01
   8.800319e-01   7.383275e-01   8.496184e-01   1.000000e+00   7.926000e-01   7.303261e-01   6.048135e-01   5.599357e-02   9.110907e-01   0.000000e+00   5.998531e-01   2.005682e-01   2.005535e-01   1.999420e-01
   1.000000e+00   9.753893e-01   8.462671e-01   1.000000e+00   7.512957e-01   9.500949e-01   4.687861e-01   5.601750e-02   9.205523e-01   0.000000e+00   5.990182e-01   2.024500e-01   1.999527e-01   1.991931e-01
   7.095322e-01   7.689306e-01   5.110653e-01   1.000000e+00   6.807293e-01   7.281235e-01   6.177029e-01   5.616816e-02   1.000000e+00   0.000000e+00   6.004181e-01   1.998916e-01   2.000620e-01   1.991036e-01
   8.863500e-01   6.013358e-01   8.941457e-01   1.000000e+00   7.729802e-01   5.985291e-01   5.694755e-01   5.593267e-02   9.801269e-01   0.000000e+00   6.002139e-01   1.998350e-01   2.004906e-01   1.993458e-01
   9.337616e-01   9.503339e-01   9.147635e-01   1.000000e+00   9.281326e-01   8.896644e-01   1.375489e-01   5.602192e-02   1.000000e+00   0.000000e+00   6.003774e-01   1.997636e-01   2.000100e-01   1.986732e-01
   9.760449e-01   9.209369e-01   9.291634e-01   1.000000e+00   9.725864e-01   9.397820e-01   1.523065e-01   5.605574e-02   9.957777e-01   0.000000e+00   6.013493e-01   1.996691e-01   1.990664e-01   1.987975e-01
   9.442903e-01   9.617499e-01   9.875125e-01   1.000000e+00   9.827008e-01   1.000000e+00   1.489391e-01   5.609449e-02   1.000000e+00   0.000000e+00   6.005902e-01   1.997608e-01   1.994814e-01   1.988056e-01
   6.344785e-02   8.104375e-01   9.290414e-01   1.000000e+00   4.371269e-01   1.000000e+00   8.616391e-01   5.604795e-02   7.311910e-01   0.000000e+00   5.999961e-01   1.990771e-01   2.000731e-01   1.997181e-01
   2.370957e-01   9.529802e-01   9.203552e-01   1.000000e+00   8.735876e-01   9.535054e-01   8.519438e-01   5.604161e-02   5.045101e-01   0.000000e+00   5.993739e-01   2.007397e-01   1.999572e-01   1.997865e-01
   9.987200e-01   9.340158e-01   9.802754e-01   1.000000e+00   9.224880e-01   9.393873e-01   1.000000e+00   5.621843e-02   8.119610e-01   0.000000e+00   5.999396e-01   1.984641e-01   1.997399e-01   1.995570e-01
   8.998078e-01   9.126125e-01   8.329910e-01   1.000000e+00   7.954025e-01   4.856208e-01   6.901531e-01   5.618932e-02   9.496781e-01   0.000000e+00   5.999688e-01   2.002943e-01   2.006330e-01   1.997296e-01
   6.398300e-01   9.156841e-01   4.427161e-01   1.000000e+00   3.446552e-01   3.548296e-01   8.823188e-01   5.626519e-02   8.208811e-01   0.000000e+00   6.010282e-01   2.005819e-01   1.999160e-01   1.985293e-01
   4.668823e-01   4.760097e-01   8.500418e-01   1.000000e+00   7.973499e-01   5.737601e-01   6.613811e-01   5.631646e-02   9.484051e-01   0.000000e+00   6.003297e-01   2.001903e-01   2.000626e-01   1.992559e-01
   7.597337e-01   6.628047e-01   7.550006e-01   1.000000e+00   4.428828e-01   3.828179e-01   8.911433e-01   5.574311e-02   9.750979e-01   0.000000e+00   5.994407e-01   1.989453e-01   2.000188e-01   2.002456e-01
   6.489284e-01   9.085594e-01   9.379508e-01   1.000000e+00   8.356400e-01   5.111011e-01   5.564977e-01   5.615231e-02   9.658568e-01   0.000000e+00   6.002074e-01   2.006206e-01   2.009121e-01   1.999955e-01
   9.464079e-01   4.438981e-01   9.125427e-01   1.000000e+00   8.741004e-01   9.169784e-01   1.222622e-01   5.626887e-02   9.977110e-01   0.000000e+00   6.007162e-01   1.999581e-01   1.991889e-01   1.996764e-01
   8.931702e-01   7.212924e-01   7.760514e-01   1.000000e+00   8.403153e-01   3.873415e-01   7.924308e-01   5.603319e-02   8.748587e-01   0.000000e+00   6.000153e-01   1.998013e-01   2.005327e-01   2.011603e-01
   9.065604e-01   9.144901e-01   5.804611e-01   1.000000e+00   7.478368e-01   7.483337e-01   4.176757e-01   5.613077e-02   9.785962e-01   0.000000e+00   6.006302e-01   2.000585e-01   2.000298e-01   1.994371e-01
   7.079332e-01   8.826708e-01   9.358518e-01   1.000000e+00   8.735813e-01   4.979751e-01   8.986215e-01   5.626386e-02   9.441769e-01   0.000000e+00   5.995363e-01   1.995007e-01   2.006902e-01   1.987315e-01
   1.000000e+00   9.394696e-01   9.709874e-01   1.000000e+00   9.610966e-01   8.892550e-01   8.873264e-01   5.582198e-02   6.354831e-01   0.000000e+00   6.010852e-01   1.997032e-01   1.994563e-01   1.994515e-01
   8.977043e-01   3.711524e-01   9.610123e-01   1.000000e+00   1.000000e+00   0.000000e+00   5.562162e-01   5.551127e-02   9.030163e-01   0.000000e+00   5.995844e-01   1.985382e-01   2.003626e-01   1.990782e-01
   9.093050e-01   9.385831e-01   5.038922e-01   1.000000e+00   8.710925e-01   6.297012e-01   7.962722e-01   5.595542e-02   9.499769e-01   0.000000e+00   6.004799e-01   1.994999e-01   1.999000e-01   1.994941e-01
   9.820937e-01   9.135820e-01   8.438051e-01   1.000000e+00   1.421722e-01   3.574864e-01   9.209390e-01   5.582370e-02   7.380029e-01   0.000000e+00   5.999842e-01   1.994296e-01   2.003893e-01   1.992152e-01
   8.609110e-01   8.792061e-01   8.705663e-01   1.000000e+00   8.329748e-01   3.124324e-01   5.733339e-01   5.610152e-02   9.745190e-01   0.000000e+00   6.005851e-01   2.002188e-01   2.003995e-01   2.003344e-01
   9.904658e-01   9.943232e-01   1.000000e+00   1.000000e+00   9.873912e-01   9.979954e-01   1.065351e-02   5.574079e-02   9.720285e-01   0.000000e+00   6.001995e-01   1.997882e-01   2.001957e-01   1.988563e-01
   9.452093e-01   9.633547e-01   9.648234e-01   1.000000e+00   9.246392e-01   1.694270e-01   8.266686e-01   5.601767e-02   5.685744e-01   0.000000e+00   6.000776e-01   1.999080e-01   2.000678e-01   1.995964e-01
   9.137882e-01   9.335357e-01   4.574216e-01   1.000000e+00   8.829497e-01   7.027458e-01   5.911629e-01   5.608350e-02   9.696656e-01   0.000000e+00   6.001150e-01   2.007936e-01   2.000187e-01   1.995100e-01
   9.774288e-01   9.745710e-01   9.171136e-01   1.000000e+00   9.356902e-01   8.295753e-01   0.000000e+00   5.602963e-02   9.818568e-01   0.000000e+00   6.004068e-01   2.007894e-01   1.998870e-01   1.987934e-01
   8.994710e-01   8.668118e-01   4.225547e-01   1.000000e+00   7.246732e-01   7.382894e-01   5.638388e-01   5.621285e-02   9.768992e-01   0.000000e+00   6.013697e-01   1.998312e-01   1.998937e-01   1.996507e-01
   9.446574e-01   9.308711e-01   7.413243e-01   1.000000e+00   5.095776e-01   5.492172e-01   5.424252e-01   5.615508e-02   9.422149e-01   0.000000e+00   5.994132e-01   2.000381e-01   1.996230e-01   1.997418e-01
   1.000000e+00   9.061230e-01   1.000000e+00   1.000000e+00   1.000000e+00   1.000000e+00   0.000000e+00   5.577375e-02   9.721635e-01   0.000000e+00   6.002725e-01   1.997870e-01   1.998452e-01   1.984435e-01
   9.895732e-01   9.795495e-01   9.888989e-01   1.000000e+00   0.000000e+00   4.609911e-01   1.711219e-02   5.599325e-02   8.423447e-01   0.000000e+00   6.011622e-01   2.000424e-01   2.008537e-01   1.992354e-01
   9.065906e-01   7.393544e-01   6.742852e-01   1.000000e+00   8.708978e-01   7.907210e-01   2.826734e-01   5.622991e-02   8.941635e-01   0.000000e+00   6.004706e-01   2.000459e-01   2.000437e-01   1.991975e-01
   5.701317e-01   0.000000e+00   6.926961e-01   1.000000e+00   7.286096e-01   3.637252e-01   8.987233e-01   5.599609e-02   7.466491e-01   0.000000e+00   6.003091e-01   1.997950e-01   2.007855e-01   2.010101e-01
   9.954526e-01   9.898125e-01   9.988960e-01   1.000000e+00   1.000000e+00   9.940548e-01   1.000000e+00   5.573069e-02   3.796090e-01   0.000000e+00   6.000064e-01   1.997852e-01   2.002187e-01   1.994503e-01
   5.846774e-01   9.328656e-01   6.276991e-01   1.000000e+00   8.852022e-01   6.002822e-01   7.442529e-01   5.610654e-02   9.744676e-01   0.000000e+00   5.992068e-01   1.997776e-01   1.994163e-01   1.992630e-01
   5.264515e-01   8.876307e-01   8.833722e-01   1.000000e+00   7.796028e-01   6.931076e-01   5.748307e-01   5.592092e-02   8.034311e-01   0.000000e+00   5.994867e-01   2.003054e-01   2.000912e-01   1.999856e-01
   9.289967e-01   9.642039e-01   9.006856e-01   1.000000e+00   6.815111e-01   8.911165e-01   2.480218e-01   5.605580e-02   9.752531e-01   0.000000e+00   6.004670e-01   2.003012e-01   1.997366e-01   1.990575e-01
   8.617677e-01   9.601030e-01   9.580667e-01   1.000000e+00   1.306951e-01   6.234158e-01   8.575876e-01   5.604951e-02   8.459143e-01   0.000000e+00   6.000060e-01   1.997876e-01   2.005508e-01   1.992069e-01
   9.108302e-01   7.593226e-01   6.133766e-01   1.000000e+00   7.510834e-01   6.561080e-01   3.751391e-01   5.587564e-02   9.635369e-01   0.000000e+00   6.007344e-01   1.999301e-01   2.000663e-01   1.994563e-01
   9.500210e-01   9.054520e-01   7.534361e-01   1.000000e+00   8.536611e-01   9.173135e-01   4.490928e-01   5.600052e-02   8.690321e-01   0.000000e+00   6.006786e-01   1.999139e-01   2.001746e-01   1.991965e-01
   8.941745e-01   9.655085e-01   9.551048e-01   1.000000e+00   8.133889e-01   8.876769e-01   7.049737e-01   5.589794e-02   6.195112e-01   0.000000e+00   5.993426e-01   2.008325e-01   2.000994e-01   1.995222e-01
   9.798191e-01   8.912090e-01   1.000000e+00   1.000000e+00   2.435851e-01   3.308494e-01   6.986137e-01   5.597200e-02   8.504855e-01   0.000000e+00   5.980752e-01   1.999082e-01   2.002439e-01   2.001022e-01
   9.957467e-01   9.945524e-01   1.000000e+00   1.000000e+00   1.000000e+00   9.979772e-01   3.015743e-03   5.567646e-02   9.720386e-01   0.000000e+00   6.002186e-01   1.997879e-01   2.004492e-01   1.988567e-01
   9.358404e-01   6.005204e-01   9.140900e-01   1.000000e+00   7.656787e-01   5.878317e-01   8.362548e-01   5.578800e-02   6.953284e-01   0.000000e+00   6.010367e-01   2.003130e-01   2.003981e-01   1.996246e-01
   9.337645e-01   9.518565e-01   9.148151e-01   1.000000e+00   8.686058e-01   8.886821e-01   1.372640e-01   5.602402e-02   1.000000e+00   0.000000e+00   6.001542e-01   1.997527e-01   1.999955e-01   1.985531e-01
   1.000000e+00   9.374641e-01   9.032479e-01   1.000000e+00   9.018287e-01   6.710731e-02   4.805852e-01   5.565572e-02   8.819267e-01   0.000000e+00   6.009430e-01   2.001817e-01   2.000638e-01   1.987567e-01
   9.146862e-01   9.394267e-01   9.707938e-01   1.000000e+00   9.347158e-01   9.498563e-01   9.376728e-01   5.579090e-02   5.808538e-01   0.000000e+00   6.012769e-01   2.021751e-01   1.994550e-01   1.994534e-01
   9.901296e-01   1.000000e+00   9.989502e-01   1.000000e+00   0.000000e+00   3.452482e-01   0.000000e+00   5.600418e-02   9.165918e-01   0.000000e+00   6.002966e-01   1.999733e-01   2.012111e-01   2.000616e-01
   9.259402e-01   9.035099e-01   7.508669e-01   1.000000e+00   8.638387e-01   6.327921e-01   5.440954e-01   5.601034e-02   9.888227e-01   0.000000e+00   6.004650e-01   1.999201e-01   2.000690e-01   1.995375e-01
   9.209996e-01   9.041888e-01   8.710089e-01   1.000000e+00   4.113937e-01   3.566908e-01   8.509186e-01   5.578284e-02   8.522881e-01   0.000000e+00   5.997374e-01   1.998634e-01   1.998553e-01   1.991707e-01
   9.008530e-01   6.368030e-01   2.528340e-01   1.000000e+00   4.612894e-01   8.508947e-01   7.955812e-01   5.594503e-02   9.656903e-01   0.000000e+00   6.006318e-01   1.994564e-01   2.001084e-01   1.992995e-01
   8.869015e-01   8.662938e-01   8.641063e-01   1.000000e+00   8.031542e-01   7.908673e-01   6.045294e-01   5.593924e-02   9.782181e-01   0.000000e+00   5.997558e-01   2.007765e-01   1.999092e-01   1.999893e-01
   7.797947e-01   9.046070e-01   8.897031e-01   1.000000e+00   8.980844e-01   6.623810e-01   2.329277e-01   5.582546e-02   9.708118e-01   0.000000e+00   6.006647e-01   1.998264e-01   1.998919e-01   1.990426e-01
   9.154251e-01   8.800168e-01   9.117549e-01   1.000000e+00   6.110233e-01   8.026179e-01   6.105427e-01   5.578564e-02   8.680325e-01   0.000000e+00   6.006489e-01   2.002556e-01   2.005980e-01   2.001017e-01
   6.233569e-01   9.404393e-01   1.554459e-01   1.000000e+00   7.991790e-01   3.552184e-01   7.790507e-01   5.610369e-02   4.793220e-01   0.000000e+00   6.003229e-01   1.994634e-01   2.002271e-01   1.983163e-01
   9.520946e-01   3.799139e-01   8.730136e-01   1.000000e+00   8.622845e-01   6.446363e-01   9.221828e-01   5.604713e-02   9.632107e-01   0.000000e+00   6.006143e-01   1.998273e-01   2.000203e-01   1.995080e-01
   3.883068e-01   9.233883e-01   8.285753e-01   1.000000e+00   1.000000e+00   3.512430e-01   8.214176e-01   5.596256e-02   8.409500e-01   0.000000e+00   6.009789e-01   1.993967e-01   2.000132e-01   1.990029e-01
   9.331361e-01   8.129233e-01   8.465792e-01   1.000000e+00   9.152722e-01   9.346281e-01   8.529182e-01   5.589770e-02   9.983998e-01   0.000000e+00   6.000113e-01   1.995011e-01   1.994878e-01   1.986647e-01
   8.471339e-01   8.895807e-01   8.842198e-01   1.000000e+00   8.270029e-01   3.998160e-01   5.761330e-01   5.606327e-02   9.772688e-01   0.000000e+00   6.005776e-01   2.000675e-01   1.993043e-01   2.003538e-01
   9.380933e-01   8.904494e-01   9.041483e-01   1.000000e+00   9.459805e-01   9.191598e-01   9.433642e-01   5.604576e-02   7.974847e-01   0.000000e+00   6.036102e-01   1.994861e-01   1.989794e-01   1.990667e-01
   8.960844e-01   9.526168e-01   9.226284e-01   1.000000e+00   1.419791e-01   2.543911e-01   8.782170e-01   5.601684e-02   1.000000e+00   0.000000e+00   5.993893e-01   1.994429e-01   2.000099e-01   1.991918e-01
   9.933264e-01   9.934511e-01   1.000000e+00   1.000000e+00   9.641025e-01   9.980504e-01   1.185279e-02   5.572529e-02   9.643495e-01   0.000000e+00   6.001643e-01   1.997890e-01   1.999029e-01   1.988563e-01
   9.715625e-01   9.412326e-01   7.328333e-01   1.000000e+00   9.604080e-01   8.774374e-01   6.023386e-02   5.608773e-02   1.000000e+00   0.000000e+00   6.008834e-01   1.998832e-01   1.992952e-01   1.987547e-01
   8.657648e-01   8.866279e-01   8.951328e-01   1.000000e+00   7.611117e-01   8.440597e-01   8.091891e-01   5.579442e-02   9.147321e-01   0.000000e+00   6.001458e-01   2.002479e-01   1.998421e-01   1.991811e-01
   6.406173e-01   8.713961e-01   3.277429e-01   1.000000e+00   7.260387e-01   3.510973e-01   8.821750e-01   5.619610e-02   1.000000e+00   0.000000e+00   6.003335e-01   1.988612e-01   1.997588e-01   1.987297e-01
   8.802429e-01   8.422399e-01   8.673943e-01   1.000000e+00   6.881096e-01   5.591675e-01   4.189029e-01   5.612107e-02   8.410621e-01   0.000000e+00   6.014259e-01   2.005288e-01   1.992395e-01   1.992934e-01
   5.399036e-01   9.610087e-01   9.685524e-01   1.000000e+00   9.623574e-01   9.095685e-01   9.125884e-01   5.599781e-02   6.694056e-01   0.000000e+00   6.001419e-01   1.999254e-01   2.000579e-01   1.998653e-01
   9.683610e-01   9.360806e-01   9.316417e-01   1.000000e+00   8.701313e-01   9.483270e-01   3.555241e-01   5.603012e-02   1.000000e+00   0.000000e+00   6.027969e-01   1.999191e-01   1.999832e-01   1.988306e-01
   9.859466e-01   1.000000e+00   9.819140e-01   1.000000e+00   6.342198e-01   4.707620e-01   0.000000e+00   5.599969e-02   9.084006e-01   0.000000e+00   6.000518e-01   1.999603e-01   2.010606e-01   2.010642e-01
   9.403658e-01   5.471561e-01   9.024646e-01   1.000000e+00   1.274262e-01   4.863601e-01   7.020945e-01   5.604640e-02   9.288636e-01   0.000000e+00   6.003611e-01   1.997739e-01   2.007381e-01   1.988885e-01
   8.328626e-01   9.448756e-01   2.745354e-01   1.000000e+00   6.955755e-01   6.966218e-01   8.399575e-01   5.599685e-02   9.847690e-01   0.000000e+00   6.004411e-01   1.993003e-01   2.003049e-01   1.994232e-01
   9.810655e-01   6.497064e-01   9.609916e-01   1.000000e+00   9.531187e-01   9.438306e-01   9.190740e-01   5.591919e-02   1.000000e+00   0.000000e+00   6.003901e-01   1.983428e-01   2.003572e-01   1.988735e-01
   9.426407e-01   8.425872e-01   9.123848e-01   1.000000e+00   9.464877e-01   9.397511e-01   8.431852e-02   5.557539e-02   9.760756e-01   0.000000e+00   6.016248e-01   2.002664e-01   2.000695e-01   1.985382e-01
   8.040962e-01   8.785669e-01   8.842458e-01   1.000000e+00   8.971416e-01   5.541560e-01   1.874404e-01   5.580189e-02   9.499943e-01   0.000000e+00   6.003859e-01   1.997445e-01   1.996642e-01   1.991912e-01
   8.997429e-01   8.829663e-01   8.643554e-01   1.000000e+00   6.879705e-01   6.228519e-01   4.144149e-01   5.610935e-02   8.417973e-01   0.000000e+00   6.013994e-01   2.004116e-01   1.998399e-01   1.995243e-01
   6.160400e-01   6.816699e-01   6.536024e-01   1.000000e+00   7.499162e-01   6.581323e-01   8.845120e-01   5.601518e-02   5.496157e-01   0.000000e+00   5.997361e-01   1.995559e-01   2.011059e-01   1.983769e-01
   6.664043e-01   9.437577e-01   1.000000e+00   1.000000e+00   3.523352e-01   7.341907e-01   8.910077e-01   5.604341e-02   8.611767e-01   0.000000e+00   6.006040e-01   1.983797e-01   2.011828e-01   1.994337e-01
   3.529678e-01   9.378729e-01   8.541542e-01   1.000000e+00   8.304555e-01   8.042798e-01   7.812044e-01   5.599570e-02   8.217651e-01   0.000000e+00   6.003715e-01   2.007636e-01   2.005583e-01   1.989692e-01
   9.126200e-01   9.525020e-01   9.685924e-01   1.000000e+00   1.856945e-01   2.438642e-01   8.575588e-01   5.601738e-02   9.582535e-01   0.000000e+00   5.996540e-01   1.988976e-01   1.998396e-01   1.991189e-01
   9.099532e-01   9.311069e-01   9.295732e-01   1.000000e+00   4.671813e-01   1.507624e-01   4.395735e-01   5.592582e-02   9.952718e-01   0.000000e+00   6.015729e-01   2.003051e-01   1.998653e-01   1.999228e-01
   8.817198e-01   7.241758e-01   9.008354e-01   1.000000e+00   1.000000e+00   4.458530e-01   8.959283e-01   5.619014e-02   9.516703e-01   0.000000e+00   5.999428e-01   1.993417e-01   2.003474e-01   1.994045e-01
   9.394457e-01   7.642907e-01   9.069076e-01   1.000000e+00   9.027626e-01   3.745276e-01   7.646025e-01   5.594331e-02   9.990417e-01   0.000000e+00   6.000467e-01   1.999498e-01   2.002144e-01   1.997922e-01
   8.732292e-01   8.552343e-01   7.438118e-01   1.000000e+00   8.035151e-01   7.562748e-01   6.675188e-01   5.592381e-02   7.483737e-01   0.000000e+00   6.012863e-01   2.002513e-01   1.999026e-01   1.997772e-01
   9.275975e-01   7.818325e-01   8.739569e-01   1.000000e+00   9.220516e-01   9.069870e-01   8.900935e-01   5.586916e-02   1.000000e+00   0.000000e+00   5.997497e-01   1.997810e-01   1.996371e-01   1.987476e-01
   8.837876e-01   9.128657e-01   2.739200e-01   1.000000e+00   7.899695e-01   7.552374e-01   5.209677e-01   5.600805e-02   9.896336e-01   0.000000e+00   6.002952e-01   1.990545e-01   1.994854e-01   2.000379e-01
   1.000000e+00   9.669985e-01   1.000000e+00   1.000000e+00   9.937199e-01   1.477313e-01   8.379178e-01   5.601201e-02   6.164601e-01   0.000000e+00   5.995765e-01   1.993339e-01   2.000924e-01   1.995721e-01
   9.346099e-01   4.120692e-01   7.034642e-01   1.000000e+00   7.925586e-01   3.729623e-01   8.478041e-01   5.597239e-02   1.000000e+00   0.000000e+00   6.003092e-01   1.991999e-01   2.003821e-01   1.992773e-01
   9.517092e-01   8.181433e-01   3.060758e-01   1.000000e+00   7.158567e-01   6.717511e-01   6.831375e-01   5.604035e-02   9.659622e-01   0.000000e+00   6.003673e-01   1.990866e-01   2.005098e-01   2.006182e-01
   9.432254e-01   7.824425e-01   9.199118e-01   1.000000e+00   9.070105e-01   6.678878e-01   1.922267e-01   5.595134e-02   9.999232e-01   0.000000e+00   5.999479e-01   1.999732e-01   1.995955e-01   2.004226e-01
   9.208544e-01   6.169605e-01   8.687636e-01   1.000000e+00   8.357804e-01   6.842213e-01   1.563776e-01   5.609410e-02   9.405602e-01   0.000000e+00   6.003837e-01   2.004987e-01   2.000594e-01   2.007286e-01
   9.129459e-01   8.663254e-01   8.222110e-01   1.000000e+00   8.019078e-01   6.995415e-01   5.949264e-01   5.625501e-02   1.000000e+00   0.000000e+00   5.999392e-01   1.999044e-01   1.999451e-01   1.998787e-01
   9.674292e-01   9.224083e-01   4.511134e-01   1.000000e+00   8.218353e-01   9.093610e-01   4.370665e-01   5.607978e-02   9.410316e-01   0.000000e+00   5.999814e-01   1.997483e-01   2.005452e-01   1.985880e-01
   7.090668e-01   9.450065e-01   9.786327e-01   1.000000e+00   1.000000e+00   9.418135e-02   8.799054e-01   5.628299e-02   9.489414e-01   0.000000e+00   5.999273e-01   1.991859e-01   2.010545e-01   1.987518e-01
   9.249215e-01   8.645744e-01   8.126438e-01   1.000000e+00   7.843729e-01   7.133652e-01   5.785704e-01   5.620822e-02   9.751398e-01   0.000000e+00   6.003098e-01   2.002510e-01   2.003735e-01   1.995990e-01
   7.748641e-01   9.795738e-01   6.107258e-01   1.000000e+00   6.795373e-01   2.156778e-01   8.700453e-01   5.601123e-02   9.663279e-01   0.000000e+00   6.006200e-01   1.998418e-01   1.997937e-01   1.999298e-01
   9.406693e-01   9.526060e-01   9.136817e-01   1.000000e+00   2.224454e-01   8.167357e-01   2.435186e-01   5.601668e-02   1.000000e+00   0.000000e+00   6.000478e-01   1.996675e-01   2.007809e-01   2.002701e-01
   7.867578e-01   9.015908e-01   8.825280e-01   1.000000e+00   8.675802e-01   7.878426e-01   2.616013e-01   5.587095e-02   9.198626e-01   0.000000e+00   5.995963e-01   2.003752e-01   2.002765e-01   1.990941e-01
   9.392788e-01   9.638970e-01   9.847636e-01   1.000000e+00   9.826846e-01   1.000000e+00   1.458233e-01   5.607615e-02   1.000000e+00   0.000000e+00   6.003457e-01   1.997492e-01   1.993675e-01   1.985956e-01
   8.081663e-01   8.913917e-01   7.224987e-01   1.000000e+00   8.801555e-01   3.635714e-01   6.101737e-01   5.606664e-02   9.634057e-01   0.000000e+00   5.990277e-01   2.013304e-01   2.002817e-01   1.985436e-01
   9.135096e-01   7.366434e-01   8.432338e-01   1.000000e+00   8.116911e-01   4.388014e-01   5.778172e-01   5.597559e-02   9.171457e-01   0.000000e+00   6.001320e-01   1.998672e-01   1.999411e-01   1.997691e-01
   8.533202e-01   8.186025e-01   9.164404e-01   1.000000e+00   8.701637e-01   9.044353e-01   6.646358e-02   5.597619e-02   9.792857e-01   0.000000e+00   5.996646e-01   1.999031e-01   2.011179e-01   1.990621e-01
   9.504231e-01   9.436641e-01   9.624256e-01   1.000000e+00   8.796927e-01   9.098710e-01   7.379248e-02   5.609816e-02   9.981668e-01   0.000000e+00   6.008848e-01   1.998535e-01   2.000400e-01   1.994096e-01
   5.888083e-02   8.457630e-01   8.741515e-01   1.000000e+00   1.000000e+00   3.550171e-01   8.986691e-01   5.603666e-02   9.247905e-01   0.000000e+00   6.007635e-01   1.993068e-01   2.000821e-01   2.005322e-01
   6.840002e-01   9.254802e-01   7.308808e-01   1.000000e+00   2.778666e-01   3.346067e-01   8.855971e-01   5.611395e-02   9.383242e-01   0.000000e+00   6.002595e-01   1.999526e-01   1.998750e-01   1.994764e-01
   8.177840e-01   8.657234e-01   6.956370e-01   1.000000e+00   7.731926e-01   6.889999e-01   5.763730e-01   5.601696e-02   9.973816e-01   0.000000e+00   6.005213e-01   2.000312e-01   2.001037e-01   1.998281e-01
   9.782701e-01   9.596302e-01   1.000000e+00   1.000000e+00   9.852398e-01   1.000000e+00   1.000000e+00   5.602314e-02   8.335357e-01   0.000000e+00   6.012686e-01   1.986749e-01   2.002678e-01   1.993461e-01
   8.902506e-01   8.688699e-01   8.192219e-01   1.000000e+00   5.893166e-01   6.368906e-01   5.952105e-01   5.619073e-02   9.998912e-01   0.000000e+00   6.002152e-01   2.005346e-01   1.997704e-01   1.994519e-01
   2.432615e-01   7.884091e-01   5.830516e-01   1.000000e+00   8.241492e-01   1.854057e-01   5.342416e-01   5.611796e-02   1.000000e+00   0.000000e+00   6.002026e-01   1.995650e-01   2.000833e-01   1.994802e-01
   8.170487e-01   9.092915e-01   9.046102e-01   1.000000e+00   9.069719e-01   6.269336e-01   3.500362e-01   5.550103e-02   8.963587e-01   0.000000e+00   5.991180e-01   1.999646e-01   1.996779e-01   1.991498e-01
   9.654807e-01   8.807595e-01   9.419267e-01   1.000000e+00   8.922908e-01   1.855392e-01   2.078114e-01   5.613807e-02   1.000000e+00   0.000000e+00   5.999003e-01   2.001089e-01   2.004309e-01   1.989625e-01
   9.072390e-01   9.620457e-01   9.037803e-01   1.000000e+00   5.281692e-01   8.856009e-01   4.707730e-01   5.604830e-02   9.742081e-01   0.000000e+00   6.012519e-01   2.002067e-01   1.997600e-01   1.988216e-01
   9.481844e-01   9.013646e-01   8.601253e-01   1.000000e+00   3.675364e-01   3.823043e-01   8.655963e-01   5.577741e-02   9.510838e-01   0.000000e+00   6.000453e-01   1.998542e-01   2.000532e-01   1.994045e-01
   9.531048e-01   8.088615e-01   5.360768e-01   1.000000e+00   7.775317e-01   8.439927e-01   4.730770e-01   5.612851e-02   8.956562e-01   0.000000e+00   6.000015e-01   1.991765e-01   2.007998e-01   1.989685e-01
   9.507905e-01   9.055459e-01   9.289212e-01   1.000000e+00   9.178708e-01   9.102074e-01   5.379626e-02   5.607988e-02   9.974537e-01   0.000000e+00   6.004328e-01   1.999955e-01   1.998124e-01   1.994959e-01
   9.436304e-01   1.000000e+00   9.666623e-01   1.000000e+00   9.726256e-01   4.686617e-01   9.861025e-01   5.593783e-02   1.000000e+00   0.000000e+00   6.002071e-01   1.998170e-01   1.994276e-01   1.991651e-01
   9.254655e-01   8.384261e-01   9.067277e-01   1.000000e+00   4.176105e-01   9.253893e-01   8.547884e-01   5.590778e-02   9.532143e-01   0.000000e+00   5.997253e-01   2.000797e-01   1.992848e-01   2.002117e-01
   8.732146e-01   8.552064e-01   7.444273e-01   1.000000e+00   7.985869e-01   7.281289e-01   7.769758e-01   5.595719e-02   7.337764e-01   0.000000e+00   6.012724e-01   2.002466e-01   2.000584e-01   1.997825e-01
   9.025774e-01   8.306023e-01   7.384190e-01   1.000000e+00   7.249116e-01   6.451517e-01   3.914658e-01   5.596916e-02   9.726627e-01   0.000000e+00   6.004494e-01   2.001639e-01   2.000548e-01   1.998379e-01
   9.627698e-01   9.602830e-02   7.518886e-01   1.000000e+00   7.250402e-01   5.342542e-01   2.024867e-01   5.592302e-02   9.167845e-01   0.000000e+00   5.998952e-01   1.997618e-01   2.004624e-01   1.990447e-01
   9.364748e-01   8.701004e-01   9.766028e-01   1.000000e+00   1.222975e-01   5.838878e-01   5.888330e-01   5.604453e-02   9.108368e-01   0.000000e+00   6.000041e-01   1.997747e-01   2.005937e-01   1.988538e-01
   9.440844e-01   8.576266e-01   9.125618e-01   1.000000e+00   9.290106e-01   9.506959e-01   8.066993e-02   5.554781e-02   9.897785e-01   0.000000e+00   6.005135e-01   2.001105e-01   1.996175e-01   1.996564e-01
   9.496425e-01   8.403786e-02   7.904293e-01   1.000000e+00   3.544616e-01   3.500614e-01   9.326376e-01   5.600698e-02   9.606092e-01   0.000000e+00   6.009906e-01   2.010251e-01   2.008056e-01   1.980908e-01
   9.734425e-01   9.953667e-01   9.941181e-01   1.000000e+00   9.877032e-01   7.263005e-01   1.795132e-02   5.622949e-02   8.806410e-01   0.000000e+00   6.033097e-01   1.997736e-01   2.005752e-01   1.995049e-01
   9.915084e-01   2.636719e-01   8.273335e-01   1.000000e+00   1.956998e-01   3.819835e-01   9.468821e-01   5.606648e-02   8.965385e-01   0.000000e+00   6.000415e-01   1.998558e-01   2.010256e-01   1.993189e-01
   1.000000e+00   9.568670e-01   9.539091e-01   1.000000e+00   9.330755e-01   7.591011e-01   4.394804e-01   5.573779e-02   9.572204e-01   0.000000e+00   6.010275e-01   1.992761e-01   1.996521e-01   1.991734e-01
   9.004829e-01   8.757068e-01   9.391711e-01   1.000000e+00   8.035826e-01   8.689124e-01   1.991139e-01   5.599032e-02   9.256832e-01   0.000000e+00   6.008196e-01   1.997317e-01   2.001741e-01   1.997988e-01
   9.472138e-01   7.204452e-01   9.001853e-01   1.000000e+00   9.036007e-01   8.071620e-01   3.834552e-01   5.610917e-02   1.000000e+00   0.000000e+00   6.001967e-01   2.000280e-01   1.995333e-01   1.993063e-01
   9.309132e-01   5.594777e-01   7.220308e-01   1.000000e+00   8.764287e-01   9.104359e-01   2.059769e-01   5.596373e-02   9.954152e-01   0.000000e+00   6.007162e-01   1.997652e-01   2.006130e-01   1.996976e-01
   9.751440e-01   4.458692e-01   3.096501e-01   1.000000e+00   2.344568e-01   3.525899e-01   8.018009e-01   5.592607e-02   9.579484e-01   0.000000e+00   6.004942e-01   1.994111e-01   1.998238e-01   1.996793e-01
   8.999634e-01   6.500647e-01   8.805314e-01   1.000000e+00   3.236095e-01   7.680882e-01   2.090498e-01   5.608708e-02   9.319040e-01   0.000000e+00   6.002903e-01   2.004073e-01   1.992407e-01   2.009201e-01
   7.904084e-01   6.136509e-01   9.844371e-01   1.000000e+00   1.612625e-01   3.826552e-01   9.762538e-01   5.608913e-02   8.396830e-01   0.000000e+00   6.002061e-01   1.996071e-01   1.993592e-01   1.984469e-01
   9.716170e-01   9.670821e-01   9.080484e-01   1.000000e+00   9.839535e-01   1.000000e+00   5.289395e-02   5.605207e-02   8.953871e-01   0.000000e+00   6.025460e-01   1.997939e-01   1.989460e-01   1.988047e-01
   9.967256e-01   9.523018e-01   9.974703e-01   1.000000e+00   9.734099e-01   2.853767e-01   8.780456e-01   5.599445e-02   7.858858e-01   0.000000e+00   6.025389e-01   1.991385e-01   2.000896e-01   1.994845e-01
   9.702219e-01   4.447714e-01   9.026472e-01   1.000000e+00   9.415878e-01   9.718544e-01   0.000000e+00   5.617938e-02   9.729597e-01   0.000000e+00   6.012757e-01   1.996453e-01   1.993328e-01   1.998465e-01
   8.844197e-01   9.224097e-01   8.804933e-01   1.000000e+00   7.010489e-01   7.841943e-01   8.209830e-01   5.592959e-02   9.201518e-01   0.000000e+00   6.006867e-01   2.003462e-01   2.008816e-01   1.998192e-01
   9.195723e-01   8.829529e-01   8.587629e-01   1.000000e+00   8.998406e-01   6.257980e-01   4.892581e-01   5.611345e-02   8.640899e-01   0.000000e+00   6.016176e-01   1.995372e-01   1.998804e-01   1.998493e-01
