   7.536608e-01   7.005032e-01   8.439645e-01   9.942971e-01   8.590867e-01   5.964472e-01   2.960085e-01   1.000000e+00   6.086069e-01   5.076585e-01   4.741197e-01   4.858479e-01   4.957723e-01   5.071960e-01   4.925907e-01   5.061476e-01   4.791350e-01   5.031316e-01   5.127818e-01
   5.586775e-01   9.847345e-01   7.684867e-01   9.940930e-01   8.354244e-01   3.636492e-01   8.969650e-01   5.791362e-01   7.724682e-01   5.384143e-01   4.826815e-01   5.016799e-01   5.145037e-01   4.670534e-01   4.946000e-01   5.297304e-01   4.858538e-01   5.129246e-01   4.896798e-01
   3.862983e-01   9.881982e-01   5.011730e-01   6.707738e-01   9.937298e-01   3.656659e-01   3.938389e-01   1.000000e+00   7.986159e-01   5.054017e-01   5.009765e-01   4.588506e-01   4.937385e-01   4.881955e-01   4.711891e-01   5.029650e-01   4.856114e-01   5.133340e-01   5.022878e-01
   4.213950e-01   8.722556e-01   4.901437e-01   9.965296e-01   1.000000e+00   3.594250e-01   6.441678e-01   6.941270e-01   7.943493e-01   5.240728e-01   4.948279e-01   5.044370e-01   5.024615e-01   5.120132e-01   4.959317e-01   5.269312e-01   4.877889e-01   5.325197e-01   4.701954e-01
   9.839706e-01   9.935121e-01   4.881845e-01   9.986121e-01   7.849197e-01   5.001344e-01   3.006594e-01   9.241242e-01   6.104212e-01   5.344926e-01   5.031542e-01   4.292662e-01   5.268106e-01   4.911923e-01   4.901556e-01   4.907744e-01   5.078709e-01   5.474081e-01   4.807891e-01
   5.367260e-01   0.000000e+00   4.231207e-01   9.666108e-02   8.556667e-01   4.626794e-01   9.909322e-01   5.807166e-01   1.000000e+00   4.916979e-01   4.188092e-01   4.725354e-01   4.725296e-01   4.713790e-01   5.084049e-01   4.991069e-01   4.797910e-01   5.037430e-01   4.853341e-01
   3.772530e-01   9.830546e-01   5.532940e-01   9.917290e-01   8.964529e-01   3.514421e-01   1.000000e+00   7.237727e-01   7.924957e-01   5.232499e-01   4.441228e-01   5.047817e-01   5.010643e-01   4.799649e-01   5.012151e-01   4.992181e-01   4.823732e-01   5.299056e-01   4.920842e-01
   1.000000e+00   1.000000e+00   8.413915e-01   1.000000e+00   8.099219e-01   4.808886e-01   8.048287e-01   6.534051e-01   6.597398e-01   5.154911e-01   5.002037e-01   4.939174e-01   5.063625e-01   4.982004e-01   4.982453e-01   5.065507e-01   5.078273e-01   5.023741e-01   5.053710e-01
   3.576945e-01   9.439275e-01   5.753881e-01   9.886276e-01   1.000000e+00   4.099333e-01   9.451089e-01   8.332012e-01   6.170692e-01   5.044491e-01   4.770852e-01   4.737512e-01   5.002751e-01   5.007040e-01   4.987920e-01   5.416145e-01   4.949088e-01   5.086405e-01   4.732423e-01
   7.406413e-01   8.237210e-01   4.611800e-01   9.930969e-01   8.425183e-01   7.340586e-01   9.892792e-01   7.259174e-01   1.000000e+00   4.932243e-01   4.552624e-01   4.280801e-01   4.894585e-01   4.849616e-01   5.023984e-01   4.943490e-01   4.920848e-01   5.258470e-01   5.117407e-01
   9.779980e-01   6.633814e-01   6.082987e-01   9.990423e-01   6.452846e-01   4.440583e-01   5.064326e-01   8.752187e-01   5.935458e-01   5.146222e-01   5.041013e-01   4.408573e-01   5.233948e-01   4.912127e-01   4.900970e-01   4.898526e-01   5.075457e-01   5.493336e-01   4.672731e-01
   4.906951e-01   9.812497e-01   9.881338e-01   9.998526e-01   6.768888e-01   5.033453e-01   0.000000e+00   6.778548e-01   6.092887e-01   5.428688e-01   4.876600e-01   4.748336e-01   5.007069e-01   4.759629e-01   4.904706e-01   5.244956e-01   5.369646e-01   5.257126e-01   4.789810e-01
   5.903878e-01   4.850544e-01   5.959249e-01   5.825320e-01   9.975119e-01   6.324176e-01   0.000000e+00   4.481931e-01   8.205130e-01   4.719803e-01   5.065946e-01   4.708474e-01   5.292456e-01   4.800796e-01   5.459469e-01   5.443880e-01   4.959410e-01   4.947022e-01   4.812888e-01
   5.440955e-01   9.849300e-01   9.878196e-01   9.745534e-01   6.266139e-01   3.260330e-01   0.000000e+00   5.810440e-01   9.540902e-01   5.213323e-01   4.990611e-01   4.865688e-01   5.161910e-01   4.746942e-01   4.919552e-01   5.317044e-01   5.432750e-01   5.240875e-01   4.779706e-01
   9.923229e-01   6.897634e-01   5.543576e-01   2.996730e-01   7.804738e-01   8.062545e-01   9.923966e-01   4.817530e-01   5.850169e-01   5.007503e-01   4.864842e-01   4.926297e-01   4.786909e-01   4.967912e-01   5.204457e-01   4.638260e-01   4.714629e-01   5.347415e-01   4.884268e-01
   4.024383e-01   7.724255e-01   7.085144e-01   8.984584e-01   1.000000e+00   6.021578e-01   6.381264e-01   1.000000e+00   4.965581e-01   5.026268e-01   5.000628e-01   4.995542e-01   4.990616e-01   4.967121e-01   4.959029e-01   5.007526e-01   5.002997e-01   4.943084e-01   4.984286e-01
   6.288556e-01   9.338052e-01   5.510223e-01   9.943983e-01   8.283010e-01   7.064121e-01   0.000000e+00   7.570527e-01   1.000000e+00   4.939895e-01   4.980223e-01   4.791439e-01   5.313293e-01   4.999536e-01   4.928990e-01   4.755656e-01   4.663845e-01   5.185792e-01   4.813244e-01
   2.177368e-01   9.951340e-01   4.233737e-01   6.444884e-01   7.927168e-01   3.823155e-01   9.984252e-01   5.416716e-01   6.086118e-01   4.797180e-01   4.921310e-01   4.967732e-01   4.880992e-01   5.015123e-01   4.993314e-01   5.145644e-01   4.955759e-01   4.889240e-01   4.875186e-01
   3.960248e-01   7.665316e-01   9.307419e-01   9.089436e-01   9.509379e-01   6.198186e-01   6.511588e-01   1.000000e+00   4.989077e-01   5.033679e-01   5.000622e-01   4.995528e-01   4.986802e-01   4.966597e-01   4.961006e-01   5.007496e-01   5.009718e-01   5.004903e-01   4.984553e-01
   4.773395e-01   9.642691e-01   1.000000e+00   7.709175e-01   8.331983e-01   2.318982e-01   9.305349e-01   7.402447e-01   9.298758e-01   5.015863e-01   4.922040e-01   4.919557e-01   5.166422e-01   4.924563e-01   4.868273e-01   5.055150e-01   4.956006e-01   5.081082e-01   5.118343e-01
   5.785448e-01   9.309977e-01   6.996025e-01   1.612852e-01   9.990028e-01   2.469198e-01   2.156954e-01   6.138777e-01   7.352435e-01   5.016822e-01   4.997164e-01   4.767172e-01   5.037701e-01   4.800797e-01   4.938973e-01   5.040233e-01   4.885743e-01   4.958773e-01   4.959718e-01
   9.976162e-01   7.526001e-01   4.299654e-01   1.000000e+00   9.577411e-01   7.788755e-01   9.404712e-01   6.075274e-01   6.096890e-01   4.759395e-01   4.904622e-01   4.857521e-01   4.965508e-01   4.781748e-01   5.037544e-01   5.090611e-01   5.387898e-01   4.721782e-01   5.000068e-01
   5.380780e-01   8.315146e-01   9.962697e-01   9.295661e-01   9.703628e-01   4.778240e-01   1.000000e+00   1.000000e+00   7.867712e-01   5.465264e-01   5.060562e-01   4.721754e-01   5.083396e-01   4.905880e-01   4.968917e-01   5.039627e-01   5.001391e-01   4.880373e-01   4.923929e-01
   2.181198e-01   9.970014e-01   5.467025e-01   4.277099e-03   6.718340e-01   5.954660e-01   9.963046e-01   3.969688e-01   6.155975e-01   4.737397e-01   4.910741e-01   4.878545e-01   4.842620e-01   5.652024e-01   4.900487e-01   4.897092e-01   4.879152e-01   5.114454e-01   4.984697e-01
   4.633013e-01   9.367281e-01   9.986836e-01   4.686458e-01   8.643206e-01   6.285830e-01   7.389437e-01   1.000000e+00   1.000000e+00   4.969568e-01   4.411772e-01   4.918071e-01   5.086508e-01   4.960187e-01   4.704058e-01   5.072581e-01   5.000530e-01   5.251904e-01   4.941344e-01
   0.000000e+00   9.967596e-01   3.692678e-01   1.890859e-01   7.766230e-01   1.000000e+00   7.395775e-01   6.265177e-01   7.945808e-01   4.758201e-01   5.031128e-01   4.843693e-01   4.767923e-01   4.940639e-01   4.920870e-01   5.103408e-01   5.001181e-01   5.114720e-01   4.786690e-01
   4.321449e-01   8.512068e-01   9.987456e-01   9.666197e-01   9.351535e-01   6.271770e-01   6.490883e-01   1.000000e+00   4.509074e-01   4.986885e-01   5.053830e-01   4.894160e-01   5.063085e-01   4.964187e-01   5.078023e-01   4.996263e-01   5.006935e-01   5.034810e-01   4.988659e-01
   3.703952e-01   9.918120e-01   4.591048e-01   6.150725e-01   9.938006e-01   3.616031e-01   6.168060e-01   1.000000e+00   7.772116e-01   5.053667e-01   4.955943e-01   4.584368e-01   4.933059e-01   4.668641e-01   4.712167e-01   5.034788e-01   4.855862e-01   5.108347e-01   5.057678e-01
   9.169957e-02   9.982965e-01   5.186144e-01   0.000000e+00   4.975119e-01   2.993860e-01   8.172443e-01   4.813826e-01   1.000000e+00   4.577701e-01   4.898846e-01   4.819268e-01   4.870615e-01   4.932652e-01   4.929236e-01   5.065983e-01   4.903519e-01   5.106649e-01   4.986924e-01
   4.922908e-01   8.081043e-01   5.819633e-01   8.658515e-01   9.436211e-01   4.401989e-01   6.139462e-01   8.793532e-01   4.946590e-01   5.056055e-01   5.001263e-01   4.970509e-01   4.995998e-01   4.956119e-01   4.994760e-01   5.007875e-01   5.034138e-01   5.041548e-01   4.987993e-01
   4.679604e-01   1.598205e-01   5.101574e-02   1.652899e-01   9.986140e-01   3.235534e-01   1.356016e-01   1.000000e+00   7.150197e-01   5.013916e-01   4.968962e-01   4.928299e-01   5.167469e-01   4.850478e-01   5.031623e-01   5.072361e-01   5.109243e-01   5.029729e-01   5.027027e-01
   5.877340e-01   8.372740e-01   4.343603e-01   1.454940e-01   8.431192e-01   7.895997e-01   4.208988e-01   9.836854e-01   1.000000e+00   4.946360e-01   4.711670e-01   4.770746e-01   5.191256e-01   5.163974e-01   4.807223e-01   5.054613e-01   5.129201e-01   5.155858e-01   4.889256e-01
   3.522469e-01   9.897148e-01   5.279865e-01   4.109409e-01   9.888233e-01   9.100621e-01   6.696798e-01   6.925963e-01   1.000000e+00   5.107899e-01   5.185768e-01   5.136362e-01   4.901980e-01   4.759753e-01   4.587016e-01   5.284121e-01   4.807717e-01   5.252670e-01   4.894460e-01
   3.741214e-01   9.842915e-01   5.479902e-01   9.921721e-01   8.963901e-01   3.457340e-01   1.000000e+00   6.221993e-01   7.079650e-01   5.311806e-01   4.470250e-01   4.940853e-01   5.317059e-01   4.908407e-01   5.014934e-01   4.896076e-01   4.817402e-01   5.299762e-01   4.910224e-01
   3.007733e-01   5.823121e-01   3.401638e-01   5.990491e-01   9.713500e-01   8.385341e-01   9.758907e-01   4.715160e-01   1.000000e+00   5.016833e-01   4.961140e-01   4.949812e-01   4.962898e-01   5.217094e-01   4.973231e-01   5.210294e-01   5.024226e-01   5.101191e-01   4.988047e-01
   4.808558e-01   9.911184e-01   5.931981e-01   9.945224e-01   8.364429e-01   1.000000e+00   2.818737e-01   7.357010e-01   6.446420e-01   5.401772e-01   5.067188e-01   4.672863e-01   5.335032e-01   5.173417e-01   4.966120e-01   4.957977e-01   5.082965e-01   5.569132e-01   4.759048e-01
   4.593284e-01   6.336526e-01   9.453013e-01   9.995628e-01   7.135819e-01   4.405824e-01   8.144920e-01   6.917136e-01   1.000000e+00   5.001602e-01   4.966695e-01   4.870499e-01   5.040475e-01   4.768770e-01   4.980278e-01   4.909362e-01   5.045757e-01   5.183980e-01   5.177694e-01
   5.676488e-01   7.541677e-01   5.110507e-01   1.178674e-01   7.453590e-01   1.000000e+00   5.234897e-01   3.465245e-01   7.636669e-01   4.852922e-01   4.967645e-01   4.955471e-01   5.029303e-01   5.036204e-01   5.067767e-01   5.011177e-01   5.028758e-01   4.944451e-01   4.870813e-01
   4.918920e-01   5.396290e-01   5.316200e-01   4.052547e-01   9.968623e-01   8.727071e-02   6.922316e-01   6.766350e-01   1.000000e+00   5.073407e-01   5.200415e-01   5.170566e-01   4.866589e-01   4.858925e-01   4.949590e-01   5.208873e-01   4.786050e-01   4.963640e-01   4.891339e-01
   6.361149e-01   9.263238e-01   6.343550e-01   5.326293e-01   7.952494e-01   6.032169e-01   3.275310e-01   9.798788e-01   8.684808e-01   4.978365e-01   5.483532e-01   4.788462e-01   4.944884e-01   5.053363e-01   5.218502e-01   5.049377e-01   4.759206e-01   4.952297e-01   4.947205e-01
   3.088410e-01   9.775699e-01   9.887723e-01   3.365829e-01   8.455046e-01   5.435169e-01   5.901553e-01   5.048440e-01   9.819149e-01   4.248745e-01   4.995401e-01   4.864105e-01   4.876947e-01   4.942850e-01   4.956396e-01   5.113933e-01   4.780693e-01   5.357165e-01   4.900904e-01
   9.969627e-01   6.652191e-01   8.150774e-01   3.822659e-01   9.924802e-01   6.735275e-01   8.306594e-01   3.411092e-01   5.436883e-01   5.323464e-01   4.886948e-01   4.987558e-01   5.097391e-01   5.129036e-01   5.003499e-01   5.481035e-01   5.120632e-01   5.132180e-01   4.896752e-01
   1.000000e+00   1.000000e+00   6.572641e-01   6.561906e-01   9.570982e-01   2.178141e-01   5.185531e-01   8.877706e-01   1.000000e+00   5.035698e-01   5.039484e-01   4.924732e-01   5.034645e-01   5.024501e-01   5.075655e-01   4.959772e-01   4.999474e-01   5.028962e-01   4.886780e-01
   8.931171e-01   9.954852e-01   5.639679e-01   9.434517e-01   7.554500e-01   4.726373e-01   0.000000e+00   6.661378e-01   1.000000e+00   5.625290e-01   4.900548e-01   5.136814e-01   4.968097e-01   4.897154e-01   4.766461e-01   5.156684e-01   4.960794e-01   5.332028e-01   4.795476e-01
   2.861453e-01   9.849652e-01   3.823339e-01   3.083494e-01   9.990502e-01   4.216392e-01   7.801020e-01   1.000000e+00   7.065787e-01   5.524902e-01   5.006818e-01   4.492293e-01   5.013935e-01   5.345857e-01   5.185202e-01   5.064726e-01   4.857991e-01   5.371331e-01   5.070469e-01
   3.660649e-01   9.806595e-01   5.389293e-01   3.106943e-01   9.849773e-01   4.106116e-01   1.000000e+00   7.482010e-01   8.362631e-01   5.103591e-01   4.450415e-01   4.695101e-01   5.524992e-01   5.034006e-01   5.048445e-01   4.813125e-01   4.899724e-01   4.965192e-01   4.862143e-01
   2.385232e-01   5.844342e-01   3.487226e-01   6.978725e-02   9.968911e-01   5.590958e-01   1.000000e+00   5.735551e-01   9.505915e-01   5.000164e-01   4.992430e-01   4.612466e-01   4.900284e-01   5.269660e-01   5.219010e-01   4.621017e-01   4.577563e-01   5.110124e-01   4.824754e-01
   9.933426e-01   8.613397e-01   1.000000e+00   7.097088e-01   6.135764e-01   4.212919e-01   7.913847e-01   1.000000e+00   7.473683e-01   4.959177e-01   4.506187e-01   4.795950e-01   4.842750e-01   5.442705e-01   5.375150e-01   4.873479e-01   5.281271e-01   5.252677e-01   5.175438e-01
   5.739500e-01   1.037758e-01   9.583621e-01   3.027424e-01   9.899574e-01   4.220677e-01   3.256734e-01   1.000000e+00   1.000000e+00   4.968731e-01   4.919433e-01   4.936057e-01   4.894963e-01   4.724349e-01   4.953413e-01   4.867274e-01   5.395336e-01   5.329884e-01   4.965770e-01
   4.149834e-01   9.946070e-01   4.097381e-01   1.612826e-01   8.010787e-01   1.000000e+00   4.359145e-01   6.140781e-01   7.486932e-01   5.285082e-01   5.148348e-01   4.735173e-01   4.886435e-01   4.948414e-01   5.065381e-01   5.114758e-01   4.867606e-01   5.192550e-01   5.005919e-01
   6.626828e-01   9.981990e-01   6.878002e-01   3.420388e-01   8.665099e-01   3.682099e-01   1.000000e+00   3.140870e-01   1.000000e+00   5.058323e-01   4.884751e-01   4.845015e-01   4.957160e-01   4.685553e-01   4.916093e-01   5.010549e-01   4.916124e-01   5.293148e-01   4.997892e-01
   3.810222e-01   9.778085e-01   5.293090e-01   9.917569e-01   8.958038e-01   3.314827e-01   1.000000e+00   7.010521e-01   7.821920e-01   5.323877e-01   4.479604e-01   4.401462e-01   4.955762e-01   4.790476e-01   5.010635e-01   4.951684e-01   4.825264e-01   5.315931e-01   4.926049e-01
   4.512201e-01   9.978430e-01   8.000338e-01   5.937952e-01   6.727285e-01   4.744238e-01   2.771899e-01   1.000000e+00   7.467606e-01   5.201193e-01   4.972404e-01   4.562126e-01   4.911597e-01   5.058685e-01   4.893529e-01   5.121354e-01   4.265532e-01   5.205977e-01   4.986754e-01
   8.901910e-01   7.705692e-01   9.900608e-01   9.897681e-01   8.391161e-01   3.867011e-01   6.462137e-01   7.385145e-01   1.000000e+00   5.028167e-01   4.977345e-01   4.965129e-01   4.984344e-01   4.785935e-01   5.083295e-01   5.004109e-01   4.721109e-01   5.211973e-01   4.865341e-01
   6.086551e-01   2.377699e-01   4.201276e-01   4.780520e-01   9.912196e-01   8.063196e-01   5.096247e-02   6.075237e-01   9.927955e-01   4.942432e-01   5.188177e-01   4.824745e-01   5.578521e-01   5.185665e-01   5.106833e-01   5.190053e-01   4.963021e-01   5.199848e-01   4.858298e-01
   4.111472e-01   7.615216e-01   8.153494e-01   1.000000e+00   9.176411e-01   6.372675e-01   6.651570e-01   1.000000e+00   4.980646e-01   5.031897e-01   4.994729e-01   5.002098e-01   5.002463e-01   4.965239e-01   4.968895e-01   4.966234e-01   5.018528e-01   4.989217e-01   5.003560e-01
   7.414263e-01   7.502561e-01   5.459025e-01   0.000000e+00   9.184627e-01   3.636859e-01   9.888652e-01   1.000000e+00   9.432786e-01   4.946095e-01   5.029981e-01   5.193792e-01   5.059407e-01   5.201664e-01   5.047641e-01   5.011327e-01   4.886588e-01   5.179196e-01   5.018957e-01
   3.689145e-01   6.711378e-01   4.904116e-01   9.969339e-01   1.000000e+00   3.557553e-01   7.405603e-01   7.991026e-01   7.353003e-01   5.106425e-01   5.019754e-01   4.874785e-01   5.040008e-01   5.115183e-01   4.986252e-01   5.452883e-01   5.003368e-01   5.051941e-01   4.556156e-01
   1.651896e-01   9.965210e-01   5.477834e-01   5.589455e-01   6.673105e-01   6.047785e-01   9.949115e-01   9.371688e-01   6.237398e-01   4.742977e-01   4.949423e-01   4.854007e-01   4.961602e-01   5.636692e-01   4.846921e-01   5.009499e-01   4.810935e-01   5.113972e-01   4.984100e-01
   5.820116e-01   8.697680e-01   9.783737e-01   8.564745e-01   7.842689e-01   5.988874e-01   1.000000e+00   5.439574e-01   8.004254e-01   5.036478e-01   4.833210e-01   4.898672e-01   5.126214e-01   5.060739e-01   4.433473e-01   5.012225e-01   4.862079e-01   4.954789e-01   4.949088e-01
   9.936859e-01   7.993948e-01   5.629928e-01   7.809674e-01   9.148892e-01   5.545548e-01   7.065526e-01   6.985961e-01   1.000000e+00   4.951978e-01   5.186136e-01   4.822725e-01   4.725113e-01   4.930465e-01   5.313238e-01   5.103600e-01   4.997438e-01   5.184716e-01   5.010160e-01
   1.697025e-02   9.824117e-01   5.446618e-01   6.285010e-01   9.443119e-01   4.903590e-01   9.984332e-01   7.806253e-01   8.318376e-01   5.008544e-01   4.843147e-01   5.003960e-01   5.090489e-01   4.580246e-01   5.160831e-01   5.105529e-01   4.937841e-01   4.927815e-01   5.001602e-01
   9.839506e-01   9.241182e-01   4.746608e-01   9.974931e-01   8.089860e-01   4.998568e-01   2.983604e-01   7.618959e-01   5.415807e-01   5.354654e-01   5.022921e-01   5.082644e-01   5.314488e-01   4.913761e-01   4.896697e-01   4.773409e-01   5.086575e-01   5.493808e-01   5.096516e-01
   5.166635e-01   4.850898e-01   7.234242e-01   7.730903e-01   9.956385e-01   8.512941e-01   7.052144e-01   9.016708e-01   7.969673e-01   4.587645e-01   4.953465e-01   4.793736e-01   5.258855e-01   4.794837e-01   4.866394e-01   5.239145e-01   4.973385e-01   4.897743e-01   4.759084e-01
   1.877237e-02   9.962978e-01   9.963664e-01   2.373962e-01   8.813439e-01   6.851653e-01   3.482392e-01   7.526630e-01   8.787907e-01   5.113582e-01   5.289883e-01   5.362591e-01   4.417504e-01   5.379161e-01   4.701891e-01   5.121539e-01   5.200764e-01   5.157918e-01   4.808140e-01
   4.103046e-01   6.965262e-01   7.837816e-01   4.972710e-01   9.821811e-01   1.000000e+00   6.744014e-01   5.089923e-01   8.673689e-01   5.098693e-01   4.770234e-01   4.860118e-01   4.832473e-01   4.654421e-01   4.780448e-01   5.129910e-01   4.908181e-01   5.099636e-01   4.959247e-01
   6.342259e-01   7.967310e-01   4.101024e-01   8.617884e-01   9.971112e-01   8.010712e-01   1.000000e+00   5.427895e-01   7.967757e-01   5.019898e-01   4.998684e-01   4.668033e-01   4.898260e-01   5.228751e-01   5.042597e-01   4.904453e-01   5.012501e-01   5.182521e-01   4.736650e-01
   4.859659e-01   9.897339e-01   1.000000e+00   3.374592e-01   6.264197e-01   9.142819e-01   4.297698e-01   7.612393e-01   8.231659e-01   5.479120e-01   4.820850e-01   4.933600e-01   4.858872e-01   5.178878e-01   4.280483e-01   5.093388e-01   4.892468e-01   5.048491e-01   5.146626e-01
   4.282584e-01   9.117664e-01   8.542109e-01   7.001688e-01   8.043859e-01   6.812882e-01   9.699091e-01   6.213658e-01   9.506678e-01   4.977445e-01   4.920125e-01   4.809050e-01   4.957051e-01   4.879830e-01   5.352390e-01   4.995217e-01   4.992371e-01   5.134875e-01   5.044807e-01
   6.620876e-01   9.985821e-01   1.000000e+00   5.173310e-01   9.253304e-01   1.300530e-02   6.507081e-01   7.988250e-01   1.000000e+00   4.934198e-01   5.134682e-01   4.898834e-01   4.965420e-01   5.002172e-01   4.700622e-01   5.115408e-01   4.948022e-01   5.095104e-01   5.246389e-01
   6.457343e-01   9.239071e-01   4.169377e-01   9.921767e-01   8.779593e-01   9.211713e-01   2.504883e-01   7.796203e-01   7.890011e-01   4.972044e-01   4.797191e-01   4.817400e-01   4.974463e-01   5.163702e-01   5.040411e-01   4.881834e-01   5.171757e-01   5.051103e-01   4.872098e-01
   8.850081e-01   8.430960e-01   4.129570e-01   3.447870e-01   9.815633e-01   2.266099e-01   5.128054e-01   7.689246e-01   8.671230e-01   4.773544e-01   4.782986e-01   5.002345e-01   5.173271e-01   4.941601e-01   5.047206e-01   5.039436e-01   5.018200e-01   5.084407e-01   4.968875e-01
   6.638290e-02   9.962648e-01   4.108125e-01   9.999991e-01   6.415658e-01   6.934531e-01   7.307196e-01   4.919348e-01   5.281541e-01   5.266108e-01   4.951940e-01   4.822448e-01   4.734220e-01   4.858761e-01   4.908696e-01   5.236574e-01   5.240526e-01   5.093118e-01   4.763267e-01
   9.182927e-01   9.304013e-01   7.239870e-01   3.862135e-01   9.840559e-01   2.578399e-01   6.663318e-01   9.825544e-01   8.447864e-01   4.711294e-01   4.810704e-01   5.067153e-01   5.178859e-01   4.954195e-01   5.005330e-01   5.042050e-01   5.021143e-01   5.142043e-01   4.992790e-01
   9.889603e-01   9.233729e-01   5.397738e-01   3.998848e-01   9.920747e-01   1.000000e+00   1.028777e-01   6.397470e-01   7.029026e-01   5.116208e-01   5.055490e-01   4.879892e-01   5.579565e-01   4.961369e-01   4.714843e-01   5.072842e-01   4.748050e-01   5.144561e-01   4.805252e-01
   9.875310e-01   5.763551e-01   6.086682e-01   5.200239e-01   9.937246e-01   5.063535e-01   0.000000e+00   5.366077e-01   7.698377e-01   4.982648e-01   4.808491e-01   4.389986e-01   4.687616e-01   5.010472e-01   4.630531e-01   5.810087e-01   4.836731e-01   4.625363e-01   4.877341e-01
   4.366714e-01   9.751144e-01   9.969460e-01   9.430831e-01   7.320120e-01   5.038545e-01   5.608801e-01   5.946619e-01   4.344230e-01   4.749981e-01   5.020182e-01   4.966094e-01   4.890892e-01   4.807093e-01   4.917746e-01   5.107565e-01   4.728015e-01   5.386561e-01   4.904076e-01
   9.807716e-01   9.940913e-01   5.199674e-01   8.036177e-01   7.259997e-01   2.186301e-01   1.777624e-01   7.880275e-01   8.886173e-01   4.971407e-01   4.906182e-01   4.839590e-01   5.193143e-01   4.477568e-01   5.560361e-01   5.646723e-01   4.535713e-01   5.198910e-01   4.894359e-01
   9.555765e-01   9.297147e-01   3.200873e-01   4.508271e-01   9.442329e-01   9.844116e-01   7.291850e-01   4.371608e-01   1.000000e+00   5.010168e-01   5.056361e-01   4.868441e-01   4.912825e-01   5.070034e-01   5.324946e-01   5.052567e-01   4.910374e-01   5.265248e-01   5.310638e-01
   9.886463e-01   9.562219e-01   5.556522e-01   4.948842e-01   9.986200e-01   6.206734e-01   0.000000e+00   5.005687e-01   7.031952e-01   5.075935e-01   5.068633e-01   4.892691e-01   4.704031e-01   4.979672e-01   4.708640e-01   5.137208e-01   4.762573e-01   5.292467e-01   4.813327e-01
   9.996831e-01   8.867194e-01   5.432315e-01   3.827280e-01   1.000000e+00   1.560459e-01   8.596606e-01   5.733046e-01   6.556059e-01   5.067679e-01   5.072646e-01   4.937762e-01   5.137399e-01   5.004716e-01   4.813760e-01   5.059145e-01   4.965030e-01   4.978185e-01   4.805225e-01
   5.057964e-01   7.983845e-01   4.721690e-01   9.107728e-01   9.527129e-01   6.163793e-01   6.458486e-01   8.371305e-01   4.982826e-01   5.036034e-01   5.000733e-01   4.986669e-01   4.992346e-01   4.956885e-01   4.982281e-01   5.007444e-01   5.026682e-01   5.014188e-01   4.988019e-01
   3.069669e-01   9.758770e-01   4.776305e-01   9.913586e-01   8.402678e-01   5.481131e-01   5.847169e-01   7.152266e-01   4.496732e-01   5.176532e-01   4.347167e-01   4.357891e-01   5.116885e-01   4.821215e-01   4.941392e-01   5.003321e-01   5.399548e-01   5.115555e-01   4.892478e-01
   9.925777e-01   8.741718e-01   6.033576e-01   5.894646e-01   8.575285e-01   3.561376e-01   1.000000e+00   6.144681e-01   6.219435e-01   5.034089e-01   4.827611e-01   4.958150e-01   5.577400e-01   4.399654e-01   4.985394e-01   5.737101e-01   5.220862e-01   5.460700e-01   5.109372e-01
   4.484231e-01   9.958865e-01   6.522383e-01   6.880253e-01   7.833668e-01   4.192535e-01   4.325266e-01   7.624464e-01   1.000000e+00   4.802207e-01   5.200783e-01   5.653418e-01   4.669917e-01   5.211886e-01   5.080838e-01   5.190724e-01   4.949910e-01   5.106492e-01   4.819105e-01
   9.033210e-01   6.913051e-01   6.186039e-01   2.629592e-01   9.716063e-01   6.468549e-01   4.410671e-01   9.228541e-01   5.962932e-01   4.983579e-01   5.048131e-01   4.929486e-01   4.887091e-01   4.919602e-01   5.067809e-01   5.064161e-01   5.086480e-01   5.019032e-01   5.022926e-01
   3.143969e-01   7.516170e-01   8.986488e-01   9.516600e-01   9.390445e-01   6.041575e-01   6.726937e-01   1.000000e+00   4.973881e-01   5.027442e-01   4.998496e-01   5.001920e-01   4.996413e-01   4.967539e-01   4.959068e-01   5.007532e-01   5.007738e-01   5.016589e-01   4.963105e-01
   4.214374e-01   9.779100e-01   4.698190e-01   4.863391e-01   9.612384e-01   1.000000e+00   7.430941e-01   9.884052e-01   5.809004e-01   5.029098e-01   5.210162e-01   4.911304e-01   4.866656e-01   4.846170e-01   5.062013e-01   5.033301e-01   4.950423e-01   5.214807e-01   5.254751e-01
   3.016582e-01   9.933194e-01   5.438051e-01   4.622243e-01   7.930462e-01   2.902890e-01   5.720609e-01   7.702510e-01   6.874571e-01   5.052185e-01   4.593433e-01   4.759431e-01   5.088370e-01   5.319444e-01   5.292612e-01   4.991432e-01   4.888081e-01   5.007130e-01   4.911524e-01
   4.210326e-01   6.320553e-01   4.416782e-01   2.977170e-01   8.151967e-01   9.735004e-01   3.514866e-01   8.224779e-01   1.000000e+00   5.043681e-01   4.595856e-01   4.806300e-01   5.178843e-01   4.917329e-01   4.722256e-01   5.050724e-01   5.064096e-01   5.154676e-01   4.889916e-01
   3.105435e-01   7.488894e-01   1.000000e+00   9.534167e-01   9.475181e-01   6.070393e-01   6.724579e-01   1.000000e+00   4.962518e-01   5.027382e-01   5.001455e-01   4.995825e-01   4.992196e-01   4.967109e-01   4.960346e-01   5.007515e-01   5.007751e-01   5.017122e-01   4.977438e-01
   8.353172e-01   8.084516e-01   9.828544e-01   3.358660e-01   8.291937e-01   1.000000e+00   8.788488e-01   5.505508e-01   1.000000e+00   4.450182e-01   4.757242e-01   4.942631e-01   4.888391e-01   4.846120e-01   5.015608e-01   5.214027e-01   4.740714e-01   5.021934e-01   4.839745e-01
   1.643732e-01   9.877164e-01   7.783315e-01   6.750713e-01   7.674055e-01   4.812043e-01   8.635754e-01   8.451370e-01   6.951209e-01   5.040304e-01   5.265564e-01   5.214898e-01   4.507115e-01   4.858714e-01   5.124420e-01   5.824590e-01   5.006143e-01   5.102656e-01   5.310690e-01
   5.111533e-01   9.854737e-01   4.450816e-01   9.997460e-01   1.000000e+00   5.054388e-01   2.661350e-01   6.870632e-01   7.290158e-01   5.226265e-01   4.976389e-01   4.704468e-01   4.947011e-01   4.802213e-01   4.739093e-01   5.261999e-01   5.476173e-01   5.249769e-01   4.777534e-01
   6.958664e-01   6.583783e-01   2.593220e-01   6.512072e-01   8.211865e-01   2.454859e-01   2.803592e-01   5.180347e-01   9.866138e-01   4.759525e-01   5.008801e-01   4.767560e-01   4.980377e-01   5.021837e-01   5.140499e-01   5.060695e-01   5.626898e-01   5.294252e-01   4.871279e-01
   6.056082e-01   4.580099e-01   1.464926e-01   3.251494e-01   9.897780e-01   3.305868e-01   2.789619e-01   6.489560e-01   9.996894e-01   4.914109e-01   5.061452e-01   4.746507e-01   4.920006e-01   4.832504e-01   5.143817e-01   5.213343e-01   4.917097e-01   5.075551e-01   4.876812e-01
   2.401930e-01   9.780673e-01   9.993612e-01   1.000000e+00   6.183268e-01   4.821805e-01   9.391211e-02   6.632872e-01   6.834008e-01   4.886200e-01   4.813525e-01   4.743261e-01   4.882879e-01   4.814880e-01   5.116464e-01   5.304162e-01   5.158976e-01   5.060877e-01   4.788350e-01
   7.411114e-01   6.866242e-01   4.241325e-01   8.073304e-01   8.078142e-01   7.493148e-01   9.896639e-01   8.533029e-01   1.000000e+00   4.981922e-01   4.493883e-01   4.689336e-01   5.099745e-01   4.978147e-01   5.375145e-01   4.929564e-01   4.929137e-01   5.283570e-01   5.141469e-01
   8.161189e-01   8.362796e-01   9.852638e-01   3.887236e-01   8.059633e-01   6.829364e-01   6.217559e-01   5.656557e-01   1.000000e+00   4.439650e-01   4.894836e-01   4.950999e-01   4.888040e-01   4.973121e-01   5.083031e-01   5.100177e-01   4.845721e-01   5.004258e-01   5.001088e-01
   9.143382e-01   9.406777e-01   6.528461e-01   0.000000e+00   9.706494e-01   3.756188e-01   9.897938e-01   1.000000e+00   4.677670e-01   4.945788e-01   4.966909e-01   5.277127e-01   5.097809e-01   5.157589e-01   5.054396e-01   5.112785e-01   4.930769e-01   5.108860e-01   5.006224e-01
   6.325856e-01   5.691231e-01   3.659378e-01   8.669648e-01   9.970412e-01   5.571169e-01   1.000000e+00   5.957102e-01   8.492202e-01   4.992672e-01   5.104289e-01   4.629450e-01   4.914481e-01   5.273639e-01   5.204304e-01   4.889818e-01   4.914838e-01   5.190811e-01   4.817342e-01
   9.940392e-01   7.952515e-01   7.122724e-01   4.911274e-01   9.533199e-01   8.439289e-01   1.000000e+00   6.432301e-01   8.473458e-01   4.924649e-01   4.506342e-01   5.026672e-01   4.972306e-01   5.104526e-01   5.140177e-01   4.692708e-01   5.217505e-01   5.362038e-01   4.919397e-01
   5.104062e-01   9.895336e-01   4.306537e-01   9.997136e-01   5.557534e-01   5.563275e-01   5.192053e-01   6.501473e-01   6.683408e-01   5.109969e-01   4.969711e-01   4.874719e-01   4.997333e-01   4.769041e-01   5.348857e-01   5.147232e-01   5.026827e-01   5.161289e-01   4.764594e-01
   3.694104e-01   9.721404e-01   6.940683e-01   1.000000e+00   7.732661e-01   5.047661e-02   7.249414e-01   4.195812e-01   5.185763e-01   5.092005e-01   5.043367e-01   4.865168e-01   4.820446e-01   4.857499e-01   4.997755e-01   4.999447e-01   5.096577e-01   5.048159e-01   4.948497e-01
   9.867890e-01   7.368978e-01   5.971929e-01   5.236655e-01   1.000000e+00   6.842529e-01   5.532703e-01   7.482516e-01   6.701327e-01   5.030433e-01   4.938333e-01   4.862132e-01   4.813967e-01   5.046957e-01   4.949086e-01   5.074365e-01   5.278237e-01   5.060970e-01   4.908663e-01
   3.104509e-01   8.375476e-01   6.932738e-01   9.818977e-01   8.525659e-01   3.280524e-01   1.000000e+00   6.189958e-01   7.126876e-01   5.278575e-01   4.827852e-01   4.786833e-01   4.934371e-01   5.149852e-01   4.922199e-01   5.259521e-01   4.891630e-01   5.273853e-01   4.937180e-01
   5.455592e-01   9.860120e-01   9.921808e-01   1.000000e+00   8.009357e-01   4.257011e-01   0.000000e+00   5.744615e-01   8.039748e-01   5.047501e-01   4.876672e-01   4.889676e-01   5.204583e-01   4.741145e-01   4.921699e-01   5.287345e-01   5.163089e-01   5.290334e-01   4.763592e-01
   5.432669e-01   7.508969e-01   4.137234e-01   4.910459e-01   9.824133e-01   1.000000e+00   7.496081e-01   6.253250e-01   1.000000e+00   4.924682e-01   4.779008e-01   4.968666e-01   4.854050e-01   4.753106e-01   4.799756e-01   5.119255e-01   4.751226e-01   5.173938e-01   5.055396e-01
   9.719180e-01   7.863450e-01   7.034598e-01   0.000000e+00   7.926582e-01   8.222318e-01   6.308153e-01   5.025693e-01   9.865272e-01   4.937847e-01   5.098121e-01   4.856045e-01   4.995208e-01   4.940290e-01   5.320830e-01   5.103876e-01   5.016777e-01   5.130469e-01   4.917162e-01
   5.043411e-01   4.648467e-01   4.993372e-01   3.083751e-01   9.937762e-01   1.000000e+00   2.238616e-01   1.000000e+00   7.726063e-01   5.011950e-01   4.943585e-01   4.821860e-01   5.070266e-01   4.875333e-01   5.158584e-01   5.014136e-01   5.037878e-01   5.114595e-01   4.785920e-01
   2.303714e-01   4.261465e-01   9.073329e-01   9.321146e-01   8.170861e-01   1.000000e+00   9.150615e-01   1.000000e+00   5.125488e-01   4.978165e-01   4.980849e-01   4.920798e-01   4.964609e-01   4.943131e-01   5.024966e-01   4.940615e-01   4.975761e-01   4.995033e-01   5.034838e-01
   6.573993e-01   8.618864e-01   5.150927e-01   2.479781e-02   8.866934e-01   4.326048e-01   9.858504e-01   1.000000e+00   8.011093e-01   4.900675e-01   4.781425e-01   4.593860e-01   4.816940e-01   5.035609e-01   4.995744e-01   4.950951e-01   5.364670e-01   5.326209e-01   4.884414e-01
   2.556380e-01   9.811844e-01   4.189765e-01   8.381953e-02   9.961503e-01   1.000000e+00   5.285753e-01   8.182288e-01   1.000000e+00   5.291548e-01   5.131654e-01   4.366748e-01   4.842859e-01   5.090418e-01   5.360868e-01   5.155315e-01   5.017353e-01   5.182396e-01   4.890050e-01
   4.333838e-01   8.526517e-01   7.337748e-01   0.000000e+00   8.840619e-01   5.120310e-01   8.577110e-01   7.131064e-01   1.000000e+00   4.988380e-01   4.987723e-01   4.938113e-01   4.936914e-01   4.933625e-01   5.002700e-01   5.028823e-01   5.073728e-01   5.055963e-01   4.978623e-01
   3.140439e-01   4.270921e-01   6.503128e-01   3.700332e-01   8.583465e-01   1.657087e-01   5.674385e-01   9.932237e-01   3.011216e-01   4.704485e-01   4.992566e-01   5.033896e-01   5.009881e-01   4.938738e-01   4.909117e-01   5.056403e-01   5.070581e-01   5.420379e-01   4.872993e-01
   7.776334e-01   5.431005e-01   5.263163e-01   4.596471e-01   8.355638e-01   6.041952e-01   5.351802e-02   9.773686e-01   1.000000e+00   5.038757e-01   4.915467e-01   4.648062e-01   5.053751e-01   4.926409e-01   5.038688e-01   5.020815e-01   5.014544e-01   4.931449e-01   4.853625e-01
   6.120352e-01   2.159577e-01   4.967159e-01   4.784609e-01   9.832399e-01   8.375120e-01   7.635832e-02   7.905834e-01   9.928496e-01   5.183703e-01   5.409617e-01   4.822079e-01   5.534210e-01   5.185568e-01   5.068667e-01   5.178356e-01   4.955919e-01   5.275560e-01   5.377752e-01
   6.112937e-01   8.077988e-01   4.523636e-01   9.852656e-01   8.139224e-01   4.708116e-01   1.062093e-01   9.975931e-01   9.003162e-01   5.047752e-01   4.939317e-01   4.770168e-01   5.286969e-01   5.186195e-01   5.035913e-01   4.992212e-01   5.205461e-01   4.990411e-01   4.992236e-01
   9.882987e-01   6.665045e-01   1.841361e-01   1.259875e-01   8.213352e-01   8.644612e-01   5.492880e-01   7.129418e-01   1.000000e+00   5.035459e-01   4.872185e-01   4.891088e-01   4.859315e-01   4.902066e-01   5.065673e-01   4.732487e-01   4.917956e-01   5.076964e-01   4.892345e-01
   1.582568e-01   9.932141e-01   1.000000e+00   8.051693e-01   8.043057e-01   2.949058e-01   7.728972e-01   5.862791e-01   6.581449e-01   5.174307e-01   5.114268e-01   4.815699e-01   5.068108e-01   4.875710e-01   4.791303e-01   5.146913e-01   4.973109e-01   5.244825e-01   4.985964e-01
   6.283541e-01   8.882942e-01   4.977844e-01   9.967266e-01   8.463641e-01   4.520290e-01   3.713165e-01   7.321493e-01   2.623584e-01   5.250078e-01   5.022031e-01   4.907798e-01   5.203507e-01   4.874982e-01   4.928746e-01   4.916949e-01   4.942718e-01   5.505871e-01   5.072046e-01
   5.220095e-01   1.005907e-01   5.557540e-01   2.110611e-01   9.959174e-01   4.125246e-01   3.277915e-01   1.000000e+00   9.822837e-01   4.971267e-01   4.940817e-01   4.917698e-01   4.861284e-01   4.536782e-01   5.046173e-01   5.059729e-01   4.789043e-01   4.959121e-01   5.034536e-01
   9.834458e-01   7.006060e-01   5.385026e-01   3.322915e-01   1.000000e+00   4.466559e-01   6.725449e-01   1.000000e+00   9.739173e-01   4.966807e-01   5.024314e-01   4.774792e-01   4.775569e-01   5.043529e-01   5.029489e-01   5.001597e-01   5.097140e-01   5.038946e-01   5.078025e-01
   6.900142e-01   5.880619e-01   7.001630e-01   7.291685e-01   9.754591e-01   1.000000e+00   7.706347e-01   9.512810e-01   5.466498e-01   5.007258e-01   5.248474e-01   4.880141e-01   4.996718e-01   5.223763e-01   4.922271e-01   5.006042e-01   4.989930e-01   5.221973e-01   4.990035e-01
   9.907442e-01   7.707008e-01   7.104113e-01   3.900675e-01   8.990120e-01   3.737497e-01   5.388846e-01   1.000000e+00   1.000000e+00   4.890454e-01   4.645482e-01   4.880328e-01   4.744008e-01   4.883782e-01   5.276354e-01   5.135301e-01   5.262663e-01   5.106620e-01   4.991104e-01
   6.634178e-01   9.595928e-01   4.395045e-01   5.507812e-01   9.609832e-01   9.961800e-01   3.131017e-01   8.071674e-01   8.175023e-01   5.053140e-01   4.808733e-01   4.984142e-01   4.941509e-01   4.678413e-01   5.536625e-01   5.143767e-01   4.958359e-01   5.053353e-01   4.687069e-01
   1.468961e-01   3.724522e-01   6.275926e-01   9.783766e-01   8.958041e-01   1.000000e+00   7.314392e-01   7.750574e-01   4.000716e-01   5.021849e-01   4.978356e-01   4.960851e-01   4.975559e-01   4.913613e-01   4.977020e-01   5.010425e-01   4.963590e-01   5.023426e-01   5.050640e-01
   9.905493e-01   6.003978e-01   6.429405e-01   4.771990e-01   9.850429e-01   3.607882e-01   8.892389e-01   1.000000e+00   1.000000e+00   4.883685e-01   4.713195e-01   4.844516e-01   4.704001e-01   4.992141e-01   5.249590e-01   5.189574e-01   4.615251e-01   5.248959e-01   4.957149e-01
   9.934856e-01   6.679265e-01   6.328932e-01   4.645369e-01   9.896778e-01   8.255881e-01   9.291756e-01   4.492607e-01   6.789726e-01   4.932905e-01   4.839669e-01   4.815865e-01   4.789656e-01   4.980349e-01   5.200163e-01   4.902681e-01   4.486571e-01   5.302976e-01   4.971171e-01
   5.454265e-01   0.000000e+00   4.654261e-01   4.403527e-01   9.276222e-01   3.767619e-01   9.939253e-01   7.518335e-01   9.983107e-01   4.959384e-01   4.812111e-01   4.903987e-01   4.814554e-01   5.113845e-01   5.133771e-01   5.463015e-01   5.077982e-01   5.190510e-01   5.058685e-01
   9.930123e-01   8.310549e-01   9.240523e-01   7.067830e-01   9.015553e-01   4.417544e-01   7.178750e-01   1.000000e+00   6.431871e-01   4.912436e-01   4.508320e-01   4.797504e-01   4.891878e-01   4.666414e-01   5.322379e-01   4.868690e-01   5.224751e-01   5.306809e-01   5.174807e-01
   7.125302e-01   9.957016e-01   6.211741e-01   9.946384e-01   8.888911e-01   7.524680e-01   3.196103e-01   6.649123e-01   6.532940e-01   5.543985e-01   5.147760e-01   4.767807e-01   5.331685e-01   5.435535e-01   4.964966e-01   5.178830e-01   5.160212e-01   5.156322e-01   4.796216e-01
   9.984962e-01   3.580273e-01   4.278494e-01   5.822229e-01   9.901007e-01   2.337718e-01   5.795940e-01   8.366402e-01   1.000000e+00   4.984729e-01   5.033181e-01   4.927456e-01   5.212185e-01   5.000149e-01   5.113599e-01   4.917277e-01   5.067029e-01   5.120174e-01   4.834913e-01
   4.169572e-01   9.926215e-01   6.962360e-01   7.197180e-01   9.967758e-01   5.561580e-01   3.323480e-01   4.628825e-01   7.095930e-01   4.937003e-01   4.928896e-01   5.075621e-01   5.078825e-01   4.948388e-01   5.163640e-01   4.918485e-01   5.002155e-01   5.060266e-01   4.868323e-01
   6.611831e-01   8.310285e-01   6.116376e-01   9.714454e-02   9.186430e-01   3.042458e-01   9.967626e-01   8.229582e-01   8.464949e-01   4.730974e-01   4.643873e-01   5.248134e-01   5.013611e-01   4.527675e-01   5.524770e-01   5.088943e-01   4.875433e-01   5.325923e-01   4.751805e-01
   4.716979e-01   7.958890e-01   9.867034e-01   9.732804e-01   8.983666e-01   5.893110e-01   7.563098e-01   1.000000e+00   6.095790e-01   5.025064e-01   4.967680e-01   5.044293e-01   4.995474e-01   5.016867e-01   5.086473e-01   5.022104e-01   5.026831e-01   4.990973e-01   4.910397e-01
   1.830047e-01   8.659663e-01   0.000000e+00   1.796152e-01   7.660608e-01   9.951212e-01   6.303566e-01   1.000000e+00   9.326678e-01   4.861981e-01   5.109083e-01   4.787019e-01   4.811735e-01   5.429450e-01   4.943765e-01   5.238134e-01   5.013990e-01   5.094757e-01   4.677423e-01
   9.936168e-01   1.000000e+00   1.000000e+00   4.102366e-01   8.530117e-01   6.374178e-01   7.421167e-01   7.562522e-01   7.184341e-01   5.019416e-01   5.103266e-01   5.052364e-01   5.246802e-01   5.508692e-01   4.943020e-01   5.157673e-01   5.146172e-01   5.396360e-01   4.813282e-01
   4.400110e-01   9.914644e-01   8.008937e-01   9.988604e-01   6.948284e-01   4.257961e-01   1.731665e-01   6.236340e-01   7.225988e-01   5.100589e-01   4.972759e-01   4.647628e-01   4.909860e-01   5.238041e-01   4.937015e-01   5.330003e-01   4.479970e-01   5.239810e-01   5.042876e-01
   6.441682e-01   5.400683e-01   4.905155e-01   4.830486e-01   8.355638e-01   3.978075e-01   5.549779e-02   9.929521e-01   1.000000e+00   5.048205e-01   4.969142e-01   4.648200e-01   4.967486e-01   5.058848e-01   5.063079e-01   5.028649e-01   4.972794e-01   5.113788e-01   4.842740e-01
   3.718270e-01   9.746022e-01   7.326649e-01   4.598243e-01   8.638987e-01   6.838744e-01   2.788474e-01   7.925504e-01   1.000000e+00   4.998831e-01   4.979152e-01   4.958003e-01   5.402075e-01   4.852776e-01   4.707695e-01   5.056040e-01   5.095004e-01   5.134903e-01   4.671769e-01
   4.302779e-01   8.713281e-01   9.382806e-01   6.013372e-01   8.137313e-01   8.984503e-01   1.000000e+00   8.264642e-01   8.472212e-01   4.846545e-01   4.864507e-01   4.894132e-01   5.061363e-01   4.966792e-01   4.975622e-01   4.918710e-01   4.922375e-01   5.106861e-01   5.054193e-01
   7.601662e-01   8.826001e-01   9.977232e-01   1.000000e+00   5.681506e-01   4.118794e-01   5.466670e-01   7.448375e-01   1.000000e+00   5.060508e-01   5.121520e-01   5.008919e-01   5.066854e-01   4.620025e-01   4.942737e-01   5.048015e-01   4.915705e-01   5.294675e-01   4.889461e-01
   9.974028e-01   8.513393e-01   2.292232e-01   3.665815e-01   9.925363e-01   1.543375e-03   4.739129e-01   1.000000e+00   6.827753e-01   5.097286e-01   5.612544e-01   4.890929e-01   5.032584e-01   4.739553e-01   4.945158e-01   4.838109e-01   4.779451e-01   5.200249e-01   4.984833e-01
   7.425612e-01   8.841271e-01   9.974115e-01   9.566491e-01   7.607279e-01   7.502743e-01   1.000000e+00   6.969720e-01   1.000000e+00   5.129036e-01   4.991483e-01   5.047985e-01   5.059766e-01   4.837783e-01   4.895587e-01   5.037141e-01   5.012088e-01   5.009489e-01   4.912318e-01
   4.570996e-01   9.331936e-01   5.026744e-01   8.595710e-01   7.130273e-01   9.924658e-01   0.000000e+00   1.000000e+00   6.921042e-01   5.496026e-01   5.033713e-01   4.882077e-01   5.436770e-01   5.834553e-01   5.077899e-01   5.037018e-01   5.090445e-01   6.196638e-01   4.854508e-01
   1.534035e-01   9.966360e-01   5.482562e-01   6.651151e-01   6.722712e-01   6.027548e-01   9.949965e-01   3.019212e-01   6.125661e-01   4.740831e-01   4.961924e-01   4.877465e-01   4.930813e-01   5.631051e-01   4.883786e-01   4.910956e-01   4.840829e-01   5.114661e-01   4.984907e-01
   3.751061e-01   9.888214e-01   4.993077e-01   2.363337e-01   9.243321e-01   4.946756e-01   3.980140e-01   1.000000e+00   7.948183e-01   4.795601e-01   5.014680e-01   4.632702e-01   4.778933e-01   4.884726e-01   4.659056e-01   5.019461e-01   4.804094e-01   5.133139e-01   4.960455e-01
   5.804765e-01   7.912276e-01   5.228413e-01   1.023299e-01   6.693785e-01   2.160280e-01   4.439303e-01   9.981938e-01   9.617078e-01   4.948523e-01   4.875427e-01   4.636011e-01   5.225381e-01   4.908184e-01   4.807246e-01   5.013921e-01   5.150195e-01   5.067740e-01   4.866394e-01
   7.406413e-01   8.237210e-01   4.611800e-01   9.930969e-01   8.425183e-01   7.340586e-01   9.892792e-01   7.259174e-01   1.000000e+00   4.932243e-01   4.552624e-01   4.280801e-01   4.894585e-01   4.849616e-01   5.023984e-01   4.943490e-01   4.920848e-01   5.258470e-01   5.117407e-01
   9.873687e-01   5.874114e-01   5.655193e-01   5.338708e-01   9.997331e-01   8.368336e-01   0.000000e+00   5.198415e-01   7.665280e-01   4.982933e-01   5.068513e-01   4.675071e-01   4.704239e-01   4.995926e-01   4.532174e-01   5.196480e-01   4.899938e-01   4.858541e-01   4.818201e-01
   4.398746e-01   7.735995e-01   6.683335e-01   8.985456e-01   1.000000e+00   6.039016e-01   6.443364e-01   1.000000e+00   4.965494e-01   5.029578e-01   5.000563e-01   4.995300e-01   4.990237e-01   4.973673e-01   4.976639e-01   5.007524e-01   4.990039e-01   4.969295e-01   4.985357e-01
   6.977959e-01   9.875769e-01   4.075626e-01   6.619877e-01   7.947575e-01   6.079794e-01   4.457966e-01   7.191696e-01   9.948891e-01   4.969093e-01   4.786781e-01   4.502885e-01   5.045275e-01   5.014905e-01   5.283272e-01   5.106964e-01   5.295459e-01   5.270303e-01   4.954916e-01
   5.730672e-01   4.679053e-01   1.467212e-01   5.668469e-01   9.894994e-01   3.433771e-01   2.789789e-01   6.633385e-01   9.997743e-01   4.922297e-01   5.062863e-01   4.736799e-01   4.902039e-01   5.183006e-01   5.143465e-01   5.213573e-01   4.916602e-01   4.996488e-01   4.862720e-01
   9.895892e-01   6.583097e-01   5.528430e-01   8.835075e-01   9.873513e-01   1.335377e-01   9.939157e-01   4.255517e-01   9.497092e-01   5.225568e-01   5.335528e-01   4.412154e-01   5.191440e-01   5.293655e-01   4.839896e-01   5.103384e-01   4.773134e-01   4.748172e-01   5.067306e-01
   4.401861e-01   9.199348e-01   5.380367e-01   9.717294e-01   8.981751e-01   9.148365e-01   5.499072e-01   8.525113e-01   7.342500e-01   4.852933e-01   4.904989e-01   4.909625e-01   5.106662e-01   4.994725e-01   5.008536e-01   4.920090e-01   4.996723e-01   4.833478e-01   5.043716e-01
   3.686609e-01   9.800823e-01   5.623093e-01   9.925326e-01   8.936705e-01   3.354905e-01   1.000000e+00   6.006654e-01   7.932802e-01   5.178079e-01   4.491082e-01   4.468596e-01   4.889337e-01   4.854011e-01   5.018192e-01   4.889719e-01   4.877113e-01   5.209176e-01   4.940739e-01
   5.717572e-01   9.181943e-01   9.962956e-01   8.622453e-01   7.529348e-01   7.226041e-01   5.027430e-01   6.120023e-01   1.000000e+00   5.142793e-01   4.993585e-01   5.004467e-01   5.041607e-01   4.956817e-01   4.860906e-01   5.037035e-01   5.061480e-01   4.890076e-01   4.964848e-01
   4.581104e-01   9.492234e-01   4.111605e-01   9.939133e-01   8.053591e-01   9.974455e-01   5.040603e-02   9.693771e-01   8.248263e-01   5.105363e-01   4.735966e-01   4.776418e-01   4.871120e-01   5.230835e-01   5.248481e-01   5.371009e-01   5.502491e-01   5.192429e-01   4.839595e-01
   4.806861e-01   9.898989e-01   2.664039e-01   4.355893e-01   9.951045e-01   1.000000e+00   5.529884e-01   7.691865e-01   8.996824e-01   5.655302e-01   5.269943e-01   4.837702e-01   4.876898e-01   4.999611e-01   4.744349e-01   5.077120e-01   5.006671e-01   5.378832e-01   5.328073e-01
   5.591549e-01   9.865848e-01   4.237727e-01   9.924606e-01   8.738736e-01   1.000000e+00   2.843944e-01   7.826641e-01   6.116692e-01   5.083244e-01   4.774592e-01   4.736247e-01   4.979957e-01   4.928439e-01   5.058709e-01   4.885898e-01   5.103915e-01   4.957087e-01   4.865859e-01
   1.354333e-01   9.993234e-01   4.319643e-01   1.357065e-01   7.819264e-01   3.107094e-02   7.924736e-01   5.009061e-01   6.488826e-01   5.191721e-01   4.957417e-01   4.883893e-01   4.783519e-01   4.947008e-01   5.006707e-01   5.142525e-01   4.898610e-01   5.004193e-01   5.055591e-01
   9.950827e-01   4.841086e-01   6.916843e-01   3.630000e-01   9.902564e-01   1.000000e+00   8.679454e-01   4.903773e-01   9.722580e-01   4.851401e-01   5.066496e-01   4.920079e-01   5.196175e-01   5.148974e-01   5.116565e-01   4.937965e-01   4.758953e-01   5.066125e-01   4.881680e-01
   9.881572e-01   9.748601e-01   9.367501e-01   3.613575e-01   9.811764e-01   2.190492e-01   9.980092e-01   4.230820e-01   8.164226e-01   5.030612e-01   5.032125e-01   4.468804e-01   5.013970e-01   5.140295e-01   4.856617e-01   4.373609e-01   4.540977e-01   4.671983e-01   5.066375e-01
   3.009534e-01   9.896131e-01   1.000000e+00   2.974464e-01   8.461858e-01   4.813851e-01   5.070851e-01   7.519782e-01   8.598808e-01   5.147455e-01   4.915794e-01   4.933700e-01   4.742582e-01   4.892291e-01   4.527016e-01   5.093188e-01   4.849689e-01   4.893139e-01   5.192095e-01
   9.938012e-01   7.375472e-01   6.194640e-01   1.000000e+00   6.369447e-01   3.743477e-01   4.773415e-01   5.269071e-01   4.758986e-01   5.033066e-01   5.051245e-01   4.562945e-01   5.252375e-01   4.911072e-01   4.955487e-01   4.976624e-01   4.975403e-01   5.244186e-01   4.804954e-01
   6.058625e-01   7.155241e-01   6.556317e-01   9.985043e-01   8.612359e-01   6.457071e-01   4.159664e-01   1.000000e+00   3.879322e-01   5.003705e-01   4.919806e-01   4.943681e-01   5.028797e-01   5.102830e-01   4.934035e-01   5.061566e-01   5.002190e-01   5.031766e-01   4.883055e-01
   4.153743e-01   9.949330e-01   7.211786e-01   5.427057e-01   9.986673e-01   4.746849e-01   8.116624e-01   6.103570e-01   5.260291e-01   4.928160e-01   5.160275e-01   4.710357e-01   5.127064e-01   5.288990e-01   5.057973e-01   4.863227e-01   4.923719e-01   5.429631e-01   4.399912e-01
   9.816381e-01   9.940232e-01   4.806024e-01   9.075619e-01   7.670389e-01   6.200051e-01   1.648106e-01   8.380250e-01   6.799562e-01   5.091774e-01   4.863877e-01   4.624718e-01   5.226912e-01   4.615567e-01   5.524080e-01   4.562283e-01   4.954703e-01   5.272500e-01   4.864284e-01
   4.864794e-01   8.316176e-01   8.183241e-01   5.202175e-01   9.779015e-01   4.653183e-01   5.618799e-01   5.895629e-01   1.000000e+00   4.854367e-01   4.983171e-01   4.911576e-01   4.935096e-01   4.925598e-01   5.005409e-01   5.010580e-01   5.059407e-01   5.068580e-01   4.964368e-01
   1.598509e-03   9.856595e-01   5.617855e-01   6.754610e-02   9.324107e-01   2.068573e-01   9.913209e-01   7.130618e-01   5.791947e-01   4.948766e-01   4.361004e-01   5.003794e-01   4.622147e-01   4.780184e-01   5.139902e-01   4.995392e-01   4.945414e-01   4.977879e-01   5.001140e-01
   5.646716e-01   7.260423e-01   4.417382e-02   8.817920e-02   8.307751e-01   9.839072e-01   6.167991e-01   2.936974e-01   1.000000e+00   5.034265e-01   5.002358e-01   4.827812e-01   4.787922e-01   5.208355e-01   4.980649e-01   4.935725e-01   5.059013e-01   5.099197e-01   4.611602e-01
   0.000000e+00   9.993894e-01   5.566709e-01   4.961207e-01   7.963552e-01   3.882029e-01   9.974934e-01   6.336035e-01   9.476603e-01   4.931563e-01   4.776183e-01   5.019964e-01   4.950592e-01   4.936744e-01   5.067446e-01   5.149552e-01   4.891902e-01   4.975249e-01   4.824241e-01
   9.905920e-01   7.605163e-01   6.730593e-01   3.633284e-01   8.739290e-01   3.648138e-01   5.204160e-01   1.000000e+00   1.000000e+00   4.883226e-01   4.671492e-01   4.857510e-01   4.718569e-01   4.973501e-01   5.269999e-01   5.198924e-01   4.738026e-01   5.089180e-01   4.989783e-01
   9.840450e-01   7.898717e-01   4.880646e-01   0.000000e+00   8.604025e-01   5.552867e-01   1.000000e+00   6.836868e-01   1.000000e+00   4.937345e-01   4.991573e-01   4.676817e-01   5.125955e-01   4.894516e-01   4.974756e-01   4.475829e-01   4.515849e-01   5.097667e-01   4.823850e-01
   7.084941e-01   9.903512e-01   3.656591e-01   9.922562e-01   8.692165e-01   2.760922e-01   3.525692e-01   1.000000e+00   6.666810e-01   5.379806e-01   4.857932e-01   4.626413e-01   4.693999e-01   5.683209e-01   5.186405e-01   5.234870e-01   5.170380e-01   5.177809e-01   5.002699e-01
   9.800634e-01   9.525208e-01   4.997513e-01   5.405870e-01   9.361047e-01   4.077565e-01   9.954844e-01   9.067772e-01   8.168386e-01   4.943362e-01   5.206986e-01   4.690395e-01   4.952396e-01   5.097734e-01   5.358405e-01   5.173322e-01   4.788101e-01   5.548855e-01   4.822844e-01
   4.989548e-01   9.581291e-01   5.145328e-01   2.419955e-01   9.290303e-01   9.982376e-01   6.023760e-01   6.185955e-01   9.448286e-01   4.493408e-01   5.197853e-01   5.003648e-01   4.741968e-01   4.971898e-01   4.465970e-01   5.015464e-01   4.886029e-01   5.199046e-01   5.218373e-01
   6.484829e-01   9.861964e-01   1.000000e+00   9.988655e-01   8.643122e-01   4.006293e-01   6.849582e-01   6.793545e-01   6.868902e-01   5.292480e-01   5.008333e-01   4.833661e-01   4.929800e-01   5.283620e-01   4.913315e-01   5.214047e-01   5.072531e-01   5.253865e-01   4.964031e-01
   3.699722e-01   9.749161e-01   1.000000e+00   3.492518e-01   7.760829e-01   7.295596e-01   6.365759e-01   4.893779e-01   9.971443e-01   4.993575e-01   5.056456e-01   4.864072e-01   4.861847e-01   4.976121e-01   4.992052e-01   5.071486e-01   5.018490e-01   5.226101e-01   4.894220e-01
   5.077292e-01   8.854751e-01   9.976283e-01   1.000000e+00   8.772259e-01   5.121813e-01   8.378760e-01   7.138182e-01   4.551201e-01   4.997096e-01   5.103720e-01   4.863817e-01   4.947647e-01   5.271227e-01   4.684681e-01   4.753241e-01   5.011538e-01   5.020328e-01   4.990953e-01
   9.820463e-01   1.000000e+00   3.108963e-01   5.319855e-01   9.289015e-01   8.553165e-02   9.073478e-01   7.239789e-01   7.731214e-01   4.923276e-01   4.816469e-01   4.303222e-01   5.140057e-01   5.100742e-01   4.915512e-01   5.007574e-01   4.944647e-01   5.401772e-01   4.856942e-01
   2.097662e-01   9.961686e-01   1.000000e+00   4.575843e-01   9.271028e-01   7.193626e-01   3.522493e-01   5.543282e-01   6.347817e-01   4.982314e-01   5.300885e-01   5.090247e-01   5.222196e-01   5.058752e-01   5.409459e-01   5.182546e-01   5.185941e-01   5.119371e-01   4.818893e-01
   9.904735e-01   8.086714e-01   7.084781e-01   7.339075e-01   7.917739e-01   1.165738e-01   7.058803e-01   9.974949e-01   1.000000e+00   4.953906e-01   4.650864e-01   4.811151e-01   4.725778e-01   4.906535e-01   5.468918e-01   5.189492e-01   5.110469e-01   5.153879e-01   5.011273e-01
   3.200802e-01   9.776044e-01   9.834572e-01   3.734010e-01   7.222597e-01   5.439469e-01   5.915142e-01   5.145470e-01   7.186768e-01   5.132063e-01   4.641808e-01   4.871337e-01   4.766742e-01   4.850844e-01   4.935438e-01   5.125612e-01   4.859712e-01   4.961776e-01   4.720217e-01
   5.457031e-01   9.850666e-01   4.887398e-01   9.988797e-01   9.157634e-01   3.819398e-01   2.258199e-01   5.816004e-01   8.136621e-01   5.392085e-01   4.927365e-01   5.055520e-01   5.223627e-01   4.928104e-01   4.919145e-01   5.248160e-01   5.402256e-01   5.261088e-01   4.793581e-01
   4.596436e-01   8.540772e-01   8.138354e-01   9.969519e-01   8.640658e-01   6.015042e-01   7.922315e-01   1.000000e+00   1.000000e+00   4.960796e-01   4.457893e-01   5.020693e-01   4.959943e-01   4.967595e-01   4.947783e-01   4.932999e-01   5.006446e-01   5.259432e-01   4.982868e-01
   3.894020e-01   9.422619e-01   8.413119e-01   8.735451e-01   3.216252e-01   4.237947e-01   4.153946e-01   5.911974e-01   9.938212e-01   4.796417e-01   4.898444e-01   4.759642e-01   4.907847e-01   5.237462e-01   5.010489e-01   4.784298e-01   5.084816e-01   5.159492e-01   4.900943e-01
   4.216892e-01   9.978580e-01   7.090696e-01   7.281263e-01   7.151617e-01   4.757438e-01   2.558650e-01   1.000000e+00   7.026414e-01   4.895245e-01   4.985361e-01   4.527846e-01   5.114336e-01   4.945940e-01   5.193817e-01   5.138221e-01   4.950707e-01   5.001922e-01   4.987053e-01
   6.050276e-01   6.310449e-01   3.705822e-01   2.155281e-01   9.934191e-01   6.239864e-01   1.000000e+00   4.380579e-01   7.070502e-01   5.072164e-01   4.992627e-01   4.743885e-01   4.922416e-01   5.015340e-01   5.177437e-01   5.063195e-01   5.026084e-01   4.993060e-01   4.930192e-01
   9.922917e-01   5.911026e-01   6.377712e-01   2.903476e-01   8.445583e-01   1.245197e-01   5.843981e-01   1.000000e+00   1.000000e+00   4.925849e-01   4.481598e-01   4.877551e-01   4.609429e-01   4.885563e-01   5.096514e-01   4.903073e-01   4.966798e-01   5.170982e-01   5.090427e-01
   4.685752e-01   9.048486e-01   7.161029e-01   7.884517e-01   9.716083e-01   5.238836e-01   4.891501e-01   1.000000e+00   6.154510e-01   4.967025e-01   5.000705e-01   4.775678e-01   4.992795e-01   4.950543e-01   4.980658e-01   5.029034e-01   5.031639e-01   4.979899e-01   5.033145e-01
   4.424765e-01   8.575299e-01   8.763693e-01   1.000000e+00   8.244083e-01   6.332598e-01   7.202163e-01   7.524430e-01   3.930218e-01   4.993516e-01   4.970050e-01   4.929932e-01   5.039112e-01   4.944260e-01   4.982780e-01   4.967680e-01   5.062978e-01   5.013734e-01   4.987688e-01
   2.531183e-01   9.965805e-01   3.730177e-01   1.000000e+00   7.394315e-01   7.512236e-01   7.353988e-01   5.483425e-01   9.219057e-01   4.776716e-01   5.041489e-01   4.845914e-01   4.760235e-01   4.935093e-01   4.930270e-01   5.250564e-01   5.073674e-01   5.114764e-01   4.782233e-01
   2.500268e-01   7.195981e-01   7.221392e-01   2.831642e-01   7.480937e-01   6.649091e-01   8.569702e-01   9.964355e-01   9.740123e-01   5.098573e-01   4.961691e-01   4.998574e-01   4.747988e-01   4.722178e-01   5.000551e-01   5.024440e-01   5.176590e-01   5.066455e-01   5.019836e-01
   3.781102e-01   9.624043e-01   5.297637e-01   9.940090e-01   9.766959e-01   3.272535e-01   1.000000e+00   6.180726e-01   7.784178e-01   5.309112e-01   4.765701e-01   4.990811e-01   5.832036e-01   4.840126e-01   4.951863e-01   4.826643e-01   4.870527e-01   5.292641e-01   4.873093e-01
   6.402064e-02   9.842103e-01   4.812866e-01   5.080372e-01   9.908556e-01   5.490482e-01   5.396665e-01   8.319002e-01   8.774516e-01   4.983892e-01   4.611779e-01   4.949782e-01   4.780770e-01   4.690146e-01   5.062974e-01   5.084624e-01   4.817903e-01   4.942217e-01   4.988493e-01
   5.399402e-01   7.690750e-01   9.921728e-01   9.911596e-01   4.446958e-01   3.708507e-01   5.862769e-01   7.442129e-01   1.000000e+00   5.028496e-01   4.977470e-01   4.966252e-01   4.933289e-01   4.896507e-01   5.110226e-01   5.035462e-01   5.121196e-01   5.201053e-01   4.830422e-01
   2.879156e-01   9.894435e-01   4.980716e-01   2.409785e-01   9.649061e-01   4.764154e-01   3.293863e-01   1.000000e+00   7.000002e-01   4.470384e-01   5.010685e-01   4.631728e-01   5.062558e-01   4.960617e-01   5.103738e-01   5.029353e-01   4.851279e-01   5.069721e-01   4.988960e-01
   3.701838e-01   9.917675e-01   4.452408e-01   1.619713e-01   9.936954e-01   3.655786e-01   5.611826e-01   1.000000e+00   7.861476e-01   4.851437e-01   4.991789e-01   4.577019e-01   4.754253e-01   4.793264e-01   4.692601e-01   5.033515e-01   4.783795e-01   5.129952e-01   5.043169e-01
   5.908988e-01   7.686454e-01   6.822968e-01   1.738032e-01   9.900882e-01   5.622817e-01   6.346740e-01   9.990142e-01   8.264272e-01   5.032755e-01   4.761904e-01   5.033039e-01   5.052107e-01   5.023769e-01   4.927672e-01   5.023015e-01   5.004193e-01   4.979285e-01   4.970680e-01
   5.666629e-01   8.561940e-01   9.970479e-01   9.292354e-01   1.000000e+00   6.491300e-01   8.141622e-01   5.508359e-01   5.166432e-01   5.220393e-01   4.765347e-01   5.087210e-01   5.081482e-01   4.695219e-01   4.875261e-01   5.113269e-01   5.132821e-01   5.096800e-01   4.863218e-01
   5.273408e-01   9.742750e-01   9.920879e-01   1.000000e+00   8.220618e-01   4.317789e-01   1.509349e-01   5.739885e-01   7.630364e-01   5.018434e-01   4.897706e-01   4.882494e-01   5.390309e-01   4.741436e-01   4.921919e-01   5.175513e-01   5.143443e-01   5.300179e-01   4.761935e-01
   9.979979e-01   1.000000e+00   7.057028e-01   4.752634e-01   9.253360e-01   2.826811e-01   7.940413e-01   6.328138e-01   6.766102e-01   4.967469e-01   5.091589e-01   4.923704e-01   5.069810e-01   4.978711e-01   5.271117e-01   4.977969e-01   5.086749e-01   5.217269e-01   5.137306e-01
   9.946737e-01   9.164285e-01   9.965383e-01   3.499709e-01   7.815717e-01   2.748580e-01   1.000000e+00   3.530943e-01   7.750683e-01   5.005227e-01   4.872015e-01   5.672115e-01   4.816354e-01   5.456626e-01   4.801584e-01   4.561078e-01   4.698402e-01   5.293992e-01   5.019609e-01
   4.698471e-01   7.722290e-01   4.245533e-01   9.959441e-01   8.677946e-01   5.733438e-01   3.663716e-01   9.521546e-01   6.191229e-01   5.023778e-01   4.987118e-01   4.851231e-01   4.955228e-01   5.307281e-01   5.107505e-01   5.053728e-01   4.762903e-01   5.007371e-01   5.145792e-01
   6.797315e-01   6.076079e-01   4.075104e-01   9.921524e-01   8.844010e-01   8.925645e-01   3.069117e-01   8.428342e-01   5.820700e-01   4.987774e-01   4.819071e-01   4.876885e-01   4.963258e-01   5.189459e-01   5.032718e-01   5.111240e-01   5.106329e-01   5.042503e-01   5.128230e-01
   4.971943e-01   8.569653e-01   3.784380e-01   3.023209e-01   9.000191e-01   2.673833e-01   9.739552e-01   5.072076e-01   1.000000e+00   4.991025e-01   4.705172e-01   5.335941e-01   5.062367e-01   4.824653e-01   5.006625e-01   5.027498e-01   5.031322e-01   4.916494e-01   5.143835e-01
   6.446597e-01   2.511122e-01   4.993774e-01   4.865845e-01   7.954796e-01   8.449943e-01   8.044061e-02   9.936168e-01   9.946792e-01   4.991261e-01   4.563325e-01   4.565403e-01   5.679747e-01   5.219229e-01   5.061022e-01   5.019150e-01   5.092434e-01   5.245551e-01   5.138343e-01
   7.274010e-01   6.456102e-01   5.672928e-01   2.552584e-01   8.889658e-01   1.492641e-01   8.327176e-01   9.778089e-01   9.631363e-01   5.029905e-01   4.898259e-01   4.962331e-01   5.246412e-01   4.882690e-01   5.027758e-01   5.019712e-01   5.140307e-01   5.053229e-01   4.750861e-01
   9.911282e-01   9.089192e-01   9.966598e-01   3.550881e-01   7.834183e-01   3.031370e-01   9.232819e-01   2.850303e-01   7.581547e-01   5.003199e-01   4.878808e-01   5.396362e-01   4.685743e-01   5.428026e-01   4.946451e-01   4.603213e-01   4.744049e-01   5.280002e-01   5.034299e-01
   7.389453e-01   9.950690e-01   6.050080e-01   3.011954e-01   7.388114e-01   1.000000e+00   6.453954e-01   6.200974e-01   7.381053e-01   4.927380e-01   5.292571e-01   4.885640e-01   4.785131e-01   4.616347e-01   4.921225e-01   4.994903e-01   4.982865e-01   5.371096e-01   4.702659e-01
   3.535164e-01   9.886377e-01   5.348381e-01   4.151322e-01   9.885829e-01   9.093984e-01   6.815170e-01   6.928779e-01   1.000000e+00   5.107626e-01   5.135331e-01   5.541534e-01   4.903200e-01   4.857242e-01   4.598728e-01   5.299960e-01   4.794856e-01   5.252359e-01   4.896179e-01
   9.948348e-01   8.533155e-01   5.955399e-01   3.031209e-01   9.895329e-01   1.000000e+00   6.114891e-02   5.557156e-01   6.713527e-01   5.002852e-01   5.056760e-01   4.903517e-01   5.322565e-01   5.093487e-01   4.805899e-01   5.014919e-01   4.740842e-01   5.130225e-01   4.868669e-01
   6.868611e-01   9.870415e-01   5.010615e-01   5.175007e-01   9.802153e-01   6.918304e-01   4.946018e-01   7.343665e-01   1.000000e+00   5.543920e-01   5.181978e-01   4.963645e-01   4.850124e-01   4.755953e-01   4.922313e-01   5.077104e-01   4.766701e-01   5.248770e-01   5.152424e-01
   3.344446e-01   9.981100e-01   5.643626e-01   4.938389e-01   5.735215e-01   6.532201e-01   6.793192e-01   6.614944e-01   5.716201e-01   4.992741e-01   5.010655e-01   4.772658e-01   4.995947e-01   4.201899e-01   5.168829e-01   4.761827e-01   5.113405e-01   5.248339e-01   4.654981e-01
   9.957878e-01   8.446984e-01   9.120289e-01   8.443246e-01   6.065132e-01   7.781398e-01   6.383599e-01   1.000000e+00   8.683065e-01   4.216894e-01   4.549073e-01   4.467611e-01   5.196797e-01   4.687297e-01   5.224213e-01   5.986996e-01   5.350160e-01   5.106565e-01   5.089153e-01
   3.525106e-01   9.681664e-01   5.392188e-01   9.928218e-01   1.000000e+00   3.411843e-01   1.000000e+00   5.723724e-01   7.098923e-01   5.277285e-01   4.651082e-01   4.914213e-01   5.355422e-01   4.917439e-01   4.885040e-01   4.783395e-01   4.817980e-01   5.300101e-01   4.913781e-01
   3.610506e-01   9.896191e-01   4.978084e-01   2.423730e-01   9.674207e-01   4.744060e-01   3.550132e-01   1.000000e+00   6.648536e-01   4.909692e-01   5.013791e-01   4.632650e-01   4.666868e-01   4.860800e-01   5.201234e-01   5.018626e-01   4.815957e-01   5.119704e-01   4.986670e-01
   4.575088e-01   9.116989e-01   9.903831e-01   3.408065e-01   3.390297e-01   3.815528e-01   7.727384e-01   7.527688e-01   1.000000e+00   5.027938e-01   4.937098e-01   4.949585e-01   4.829504e-01   4.985236e-01   4.680149e-01   4.967621e-01   5.216878e-01   5.172238e-01   5.039951e-01
   8.482283e-01   9.432535e-01   5.241000e-01   1.977825e-02   8.451800e-01   4.589817e-01   9.859497e-01   1.000000e+00   6.692379e-01   4.893690e-01   4.771522e-01   4.723703e-01   4.984529e-01   5.111509e-01   5.007874e-01   5.155383e-01   5.206565e-01   5.100646e-01   4.862151e-01
   6.661299e-01   6.413920e-01   1.846404e-01   3.476113e-01   7.471605e-01   1.235955e-01   3.856817e-01   9.910291e-01   7.408578e-01   4.904615e-01   4.904038e-01   5.268145e-01   5.435792e-01   4.483150e-01   5.336724e-01   4.979773e-01   5.087278e-01   5.262419e-01   5.020704e-01
   3.390591e-01   9.811930e-01   5.070053e-01   1.253045e-01   1.000000e+00   4.323216e-01   1.000000e+00   5.694363e-01   7.964240e-01   4.881725e-01   4.988730e-01   4.605327e-01   5.156829e-01   4.994525e-01   5.031972e-01   5.154387e-01   4.894730e-01   5.027926e-01   5.048916e-01
   4.709960e-01   7.355456e-01   4.062133e-01   2.098881e-01   9.892778e-01   9.315824e-01   1.000000e+00   6.063156e-01   1.000000e+00   5.132564e-01   5.118311e-01   4.778705e-01   4.615295e-01   5.054864e-01   4.768809e-01   5.149646e-01   4.724660e-01   4.883605e-01   5.048572e-01
   8.127362e-01   8.733523e-01   8.228952e-01   1.801008e-01   8.102175e-01   5.284744e-01   9.975681e-01   7.839798e-01   8.254201e-01   4.731408e-01   4.797998e-01   4.698946e-01   5.193000e-01   4.819304e-01   5.493739e-01   4.587984e-01   4.805102e-01   5.266223e-01   4.770969e-01
   3.430910e-01   9.597631e-01   9.974281e-01   3.733321e-01   8.342493e-01   5.341511e-01   6.124008e-01   5.843447e-01   9.361844e-01   4.972734e-01   5.045727e-01   4.925289e-01   5.147667e-01   4.852808e-01   4.842676e-01   5.097611e-01   4.949960e-01   5.063954e-01   4.867510e-01
   3.762422e-01   9.984135e-01   7.549590e-01   1.000000e+00   7.990123e-01   2.468993e-01   8.699604e-01   6.624568e-01   6.584560e-01   5.151063e-01   5.044105e-01   4.815588e-01   4.947154e-01   4.674961e-01   4.899030e-01   4.990392e-01   5.188480e-01   5.098607e-01   4.935413e-01
   9.907065e-01   4.652642e-01   5.869233e-01   2.637074e-01   9.847682e-01   5.474849e-01   8.379552e-01   1.000000e+00   8.112121e-01   4.886855e-01   4.920677e-01   4.955847e-01   5.345378e-01   4.969488e-01   5.022860e-01   5.212974e-01   5.172296e-01   5.203280e-01   4.907811e-01
   1.818813e-01   9.935638e-01   5.655346e-01   4.962112e-01   9.978424e-01   4.984031e-01   1.000000e+00   6.709203e-01   8.847744e-01   4.887195e-01   5.678750e-01   4.825059e-01   5.067724e-01   5.283891e-01   4.981430e-01   5.490259e-01   4.690740e-01   5.090707e-01   4.800139e-01
   9.412669e-01   9.920239e-01   3.790261e-01   9.978130e-01   6.989340e-01   4.012370e-01   1.281223e-01   6.332689e-01   6.104059e-01   5.432389e-01   4.969509e-01   4.732115e-01   4.821203e-01   4.747672e-01   5.244375e-01   4.973561e-01   5.200719e-01   5.249260e-01   4.865574e-01
   9.187454e-01   5.866684e-01   8.105754e-01   2.743458e-01   9.986935e-01   5.598890e-01   1.000000e+00   5.329152e-01   4.057691e-01   4.726498e-01   5.132098e-01   4.538957e-01   4.979592e-01   5.283636e-01   5.211097e-01   5.111771e-01   5.136884e-01   5.025609e-01   4.843025e-01
   4.246823e-01   8.309244e-01   8.154052e-01   4.781405e-01   9.940472e-01   4.623738e-01   5.731964e-01   6.034727e-01   8.657368e-01   4.781400e-01   4.995623e-01   4.915047e-01   4.933229e-01   4.933666e-01   4.949753e-01   5.005064e-01   5.024614e-01   5.083975e-01   4.964081e-01
   3.206468e-01   9.897865e-01   2.147639e-01   4.364955e-01   9.951002e-01   1.000000e+00   5.540860e-01   7.732143e-01   6.010810e-01   5.628966e-01   5.337796e-01   4.361459e-01   4.887768e-01   4.995601e-01   4.864110e-01   5.085617e-01   5.007905e-01   5.384459e-01   5.337742e-01
   9.633457e-01   8.230606e-01   9.980990e-01   5.467805e-01   8.189210e-01   1.000000e+00   9.421064e-01   5.912104e-01   4.753557e-01   5.014346e-01   4.836368e-01   4.952065e-01   4.992103e-01   5.166301e-01   4.621294e-01   4.869311e-01   4.981852e-01   5.077337e-01   4.944966e-01
   9.962326e-01   8.650378e-01   9.907275e-01   2.356275e-01   9.022540e-01   4.447478e-01   9.727616e-01   3.802473e-01   7.758235e-01   5.006972e-01   4.874857e-01   4.965745e-01   4.802600e-01   4.911288e-01   4.932526e-01   5.033671e-01   4.660426e-01   4.972605e-01   5.050788e-01
   2.879394e-01   9.879928e-01   5.371283e-01   5.016419e-01   9.887713e-01   1.000000e+00   4.055110e-01   6.364560e-01   8.203312e-01   5.405150e-01   5.147537e-01   5.354643e-01   4.934835e-01   4.799500e-01   5.516159e-01   5.073273e-01   4.806624e-01   5.253925e-01   5.118177e-01
   7.012658e-01   8.514663e-01   5.044561e-01   5.188020e-01   9.276329e-01   3.764319e-01   9.812370e-01   1.000000e+00   6.426161e-01   5.181354e-01   4.849848e-01   4.904606e-01   5.131994e-01   4.657490e-01   4.980956e-01   5.029783e-01   5.007910e-01   4.946287e-01   5.060562e-01
   9.920419e-01   9.971829e-01   8.852150e-01   5.045820e-01   6.740324e-01   5.571067e-01   3.047487e-01   9.024014e-01   6.661084e-01   5.328605e-01   4.861502e-01   4.270322e-01   5.514997e-01   5.223176e-01   4.864901e-01   4.838354e-01   5.009479e-01   5.302829e-01   4.809778e-01
   1.658618e-01   9.964823e-01   5.465034e-01   6.161068e-01   6.479160e-01   5.533013e-01   9.946105e-01   3.116778e-01   6.766501e-01   4.701911e-01   4.806679e-01   4.865526e-01   4.950797e-01   5.193638e-01   4.958937e-01   4.680911e-01   4.853928e-01   5.102184e-01   4.710273e-01
   3.768160e-01   9.941197e-01   1.000000e+00   9.911437e-01   8.343864e-01   7.391848e-01   9.428432e-01   7.319579e-01   9.979933e-01   4.993457e-01   4.994488e-01   5.015143e-01   5.010101e-01   4.871907e-01   4.890229e-01   5.051456e-01   4.979560e-01   5.074341e-01   4.839752e-01
   7.381290e-01   6.185730e-01   6.038109e-01   1.927382e-01   9.769437e-01   1.926438e-01   6.334157e-01   9.868526e-01   7.418733e-01   4.979287e-01   4.654582e-01   4.885142e-01   4.673191e-01   4.848486e-01   5.139097e-01   5.183394e-01   5.035136e-01   5.003811e-01   4.973103e-01
   9.933444e-01   8.938840e-01   2.794832e-01   3.589859e-02   9.716913e-01   5.394253e-01   5.347207e-01   5.789814e-01   8.207012e-01   4.998337e-01   4.849424e-01   4.861702e-01   5.025641e-01   5.105238e-01   5.115195e-01   5.143517e-01   5.160056e-01   4.592388e-01   4.747733e-01
   6.782501e-01   6.412830e-01   4.070589e-01   8.312472e-01   9.929494e-01   3.214072e-01   9.942016e-01   5.650921e-01   1.000000e+00   4.814077e-01   5.345853e-01   4.375974e-01   5.404798e-01   5.341281e-01   5.728087e-01   5.452274e-01   4.646406e-01   4.961755e-01   5.067500e-01
   1.122023e-01   7.611763e-01   4.125476e-01   9.992530e-01   8.624700e-01   4.940010e-01   6.589345e-01   1.000000e+00   2.794495e-01   5.025076e-01   5.019378e-01   4.918369e-01   4.992238e-01   4.881316e-01   4.957506e-01   5.059171e-01   5.056342e-01   5.057454e-01   4.900590e-01
   9.920243e-01   9.365191e-01   6.525009e-01   4.096894e-01   9.984256e-01   3.096137e-01   7.939147e-01   7.747435e-01   6.795271e-01   5.028464e-01   5.053456e-01   4.823417e-01   5.077695e-01   4.997247e-01   5.167146e-01   5.199581e-01   5.002315e-01   5.504402e-01   4.803557e-01
   1.468856e-01   4.109182e-01   6.890704e-01   9.561164e-01   8.853876e-01   1.000000e+00   6.585020e-01   8.911948e-01   4.818984e-01   5.012179e-01   4.982010e-01   4.962341e-01   4.976029e-01   4.922161e-01   5.001699e-01   4.987629e-01   4.962402e-01   5.003350e-01   5.054364e-01
   9.829958e-01   8.285242e-01   5.130052e-01   3.320710e-01   1.000000e+00   3.225922e-01   5.550901e-01   4.931120e-01   1.000000e+00   4.957559e-01   5.022479e-01   4.758905e-01   4.908354e-01   5.140306e-01   5.054823e-01   5.006193e-01   5.113103e-01   5.034221e-01   4.886990e-01
   7.407930e-01   8.633413e-01   5.393105e-01   2.025444e-01   7.691226e-01   9.889657e-01   1.000000e+00   3.706331e-01   5.645819e-01   4.745927e-01   4.965249e-01   4.796040e-01   5.051713e-01   4.887953e-01   4.553798e-01   5.003748e-01   5.059978e-01   5.169434e-01   5.161181e-01
   6.847391e-01   9.895456e-01   4.944413e-01   7.733373e-01   3.550505e-01   3.914265e-01   4.453498e-01   6.290915e-01   9.945595e-01   4.927869e-01   4.826943e-01   4.737862e-01   5.101570e-01   4.999845e-01   5.033617e-01   4.783418e-01   5.282858e-01   5.215603e-01   4.766290e-01
   3.657111e-01   9.950479e-01   9.933496e-01   1.000000e+00   7.653670e-01   6.848515e-01   6.646795e-02   6.380518e-01   5.710064e-01   5.563798e-01   4.901554e-01   5.400555e-01   4.949116e-01   4.797917e-01   4.788534e-01   5.118016e-01   5.279281e-01   5.273675e-01   4.814612e-01
   1.779709e-01   4.929497e-01   6.475046e-01   5.405080e-01   9.966641e-01   5.317797e-01   1.000000e+00   6.717342e-01   8.658136e-01   4.896598e-01   4.870485e-01   4.823736e-01   5.092387e-01   4.808168e-01   5.021347e-01   5.156638e-01   4.877036e-01   5.082391e-01   4.886596e-01
   6.987592e-01   8.627476e-01   5.052952e-01   6.608966e-01   9.295356e-01   3.796065e-01   9.803289e-01   1.000000e+00   6.422939e-01   5.135545e-01   4.850535e-01   4.862119e-01   5.128792e-01   4.678634e-01   4.980967e-01   5.029921e-01   5.016539e-01   4.926229e-01   5.060607e-01
   9.872774e-01   6.882309e-01   6.145114e-01   3.220420e-01   9.716606e-01   4.186778e-01   6.537614e-01   1.000000e+00   9.803021e-01   4.950584e-01   5.017839e-01   4.807255e-01   4.685433e-01   4.882286e-01   5.040285e-01   5.042078e-01   5.099629e-01   5.156871e-01   5.021594e-01
   7.347999e-01   8.676154e-01   5.150147e-01   7.622812e-02   8.868012e-01   4.320304e-01   9.867799e-01   1.000000e+00   7.142263e-01   4.889344e-01   4.832329e-01   4.594450e-01   4.768182e-01   5.079270e-01   4.993635e-01   4.951191e-01   5.366138e-01   5.316564e-01   4.862451e-01
   6.302284e-01   7.289376e-01   2.657309e-02   1.602019e-01   8.927683e-01   6.233249e-01   5.386249e-01   9.987841e-01   1.000000e+00   5.000099e-01   4.651962e-01   4.824021e-01   5.064671e-01   5.218103e-01   4.813739e-01   5.046222e-01   5.203647e-01   5.137143e-01   4.905359e-01
   5.297519e-01   9.408871e-01   9.989767e-01   3.691506e-01   8.979860e-01   8.515732e-02   6.025479e-01   7.857694e-01   1.000000e+00   5.025224e-01   5.065636e-01   4.914663e-01   5.106676e-01   5.025949e-01   4.740701e-01   5.177805e-01   5.336084e-01   5.095091e-01   4.955572e-01
   8.594899e-02   8.534388e-01   0.000000e+00   1.910740e-01   7.505285e-01   9.933698e-01   8.710096e-02   1.000000e+00   9.429473e-01   5.252415e-01   5.056406e-01   4.827350e-01   4.667049e-01   5.417067e-01   4.946901e-01   5.081244e-01   5.135906e-01   5.714737e-01   4.919093e-01
   5.848203e-01   9.955618e-01   6.334261e-01   9.956478e-01   7.963296e-01   6.333940e-01   2.207349e-01   6.823817e-01   5.967331e-01   5.544428e-01   4.942707e-01   4.764403e-01   5.100705e-01   5.223343e-01   4.967816e-01   5.165983e-01   5.366008e-01   5.260266e-01   4.792196e-01
   5.309061e-01   9.916333e-01   7.261299e-01   2.013573e-01   9.915003e-01   1.901250e-01   1.793298e-01   7.382929e-01   7.303653e-01   5.051166e-01   4.546939e-01   4.696015e-01   5.490517e-01   4.751255e-01   4.978339e-01   5.024391e-01   4.886088e-01   4.995151e-01   4.973840e-01
   1.000000e+00   5.746671e-01   1.207841e-01   8.389010e-01   8.517895e-01   6.157759e-01   6.592913e-01   3.603998e-01   8.471570e-01   5.031800e-01   4.984336e-01   5.005689e-01   5.039916e-01   4.931136e-01   4.980856e-01   5.043265e-01   5.008769e-01   4.923579e-01   4.904466e-01
   3.520562e-01   9.892570e-01   5.337157e-01   4.170598e-01   9.886928e-01   9.103406e-01   6.748732e-01   6.929711e-01   1.000000e+00   5.108013e-01   5.190394e-01   5.393056e-01   4.901446e-01   4.877936e-01   4.596634e-01   5.292493e-01   4.806978e-01   5.252705e-01   4.895724e-01
   4.777951e-01   1.579909e-01   4.743270e-01   3.973338e-01   9.966997e-01   2.872980e-01   4.674192e-01   6.880845e-01   9.992654e-01   5.030704e-01   5.201480e-01   4.712076e-01   4.666212e-01   4.985236e-01   4.971280e-01   5.183761e-01   4.939367e-01   5.270528e-01   4.890031e-01
   9.994132e-01   3.275980e-01   6.049805e-01   3.336181e-01   9.901661e-01   1.000000e+00   1.000000e+00   3.406323e-01   7.721628e-01   5.005938e-01   5.048076e-01   4.939847e-01   5.182309e-01   5.113135e-01   5.080960e-01   4.942117e-01   5.026143e-01   5.111828e-01   4.849878e-01
   9.922124e-01   6.271992e-01   4.789161e-01   3.341318e-01   9.895224e-01   1.000000e+00   5.500521e-01   5.004922e-01   8.992040e-01   4.848761e-01   4.994207e-01   4.921048e-01   5.337328e-01   5.150185e-01   4.852730e-01   5.046400e-01   5.070477e-01   5.006469e-01   4.864277e-01
   7.283775e-01   6.454974e-01   7.903920e-01   4.527634e-01   8.549870e-01   6.075648e-01   0.000000e+00   9.674204e-01   5.691256e-01   5.050713e-01   4.911421e-01   4.796762e-01   5.050961e-01   4.921443e-01   4.944460e-01   5.020733e-01   5.062126e-01   5.043032e-01   4.904911e-01
   5.609047e-01   8.578645e-01   4.785091e-01   6.645853e-01   8.911169e-01   3.668152e-01   8.446364e-01   9.713533e-01   1.000000e+00   4.956265e-01   5.085700e-01   4.962701e-01   4.863326e-01   4.949267e-01   5.186518e-01   5.068988e-01   4.849292e-01   5.313729e-01   4.934236e-01
   9.785055e-01   8.646282e-01   7.130531e-01   9.136707e-01   8.605488e-01   7.620275e-01   4.703839e-01   9.950704e-01   1.000000e+00   4.930105e-01   4.699222e-01   4.805536e-01   4.807572e-01   4.948134e-01   5.271610e-01   5.094524e-01   5.221938e-01   5.135081e-01   5.018786e-01
   4.821684e-01   9.006694e-01   9.985653e-01   3.206690e-01   8.460140e-01   2.641245e-01   8.963088e-01   7.848054e-01   9.804667e-01   5.027212e-01   4.926266e-01   4.913631e-01   5.161692e-01   5.022495e-01   4.741654e-01   5.180821e-01   4.821060e-01   5.180843e-01   4.974377e-01
   4.423801e-01   7.519560e-01   8.862992e-01   9.573279e-01   9.095167e-01   6.368138e-01   6.652525e-01   1.000000e+00   6.348744e-01   5.041696e-01   5.002046e-01   5.002768e-01   5.003509e-01   4.951700e-01   4.975425e-01   4.953387e-01   5.028972e-01   4.990848e-01   5.003179e-01
   5.915020e-01   6.867840e-01   3.668291e-01   3.989498e-01   8.109525e-01   4.843361e-01   2.504240e-01   9.798788e-01   8.012347e-01   5.046652e-01   5.158764e-01   4.778810e-01   4.954625e-01   5.015655e-01   4.958807e-01   5.048877e-01   4.789722e-01   4.908842e-01   4.945581e-01
   5.544285e-01   9.986255e-01   5.533483e-01   6.808867e-01   8.461603e-01   6.105968e-01   7.917945e-01   4.236568e-01   6.587094e-01   5.259182e-01   5.095571e-01   4.527702e-01   5.005130e-01   5.284776e-01   4.988168e-01   5.002763e-01   4.886540e-01   5.383943e-01   4.993334e-01
   5.365141e-01   0.000000e+00   4.543828e-01   4.100722e-01   9.261861e-01   3.586452e-01   9.950817e-01   1.000000e+00   1.000000e+00   4.958536e-01   5.092218e-01   4.897028e-01   4.767431e-01   5.125833e-01   5.134001e-01   4.994753e-01   5.083029e-01   5.174088e-01   4.836596e-01
   3.871516e-01   1.488533e-01   5.014630e-01   4.544601e-01   9.935473e-01   3.830196e-01   3.925796e-01   1.000000e+00   1.000000e+00   5.016491e-01   5.047782e-01   5.141500e-01   4.950482e-01   4.928014e-01   4.749231e-01   5.031082e-01   4.747531e-01   5.090762e-01   5.021986e-01
   9.934814e-01   6.607522e-02   6.488415e-01   4.152217e-01   9.906519e-01   9.067059e-01   9.298288e-01   7.672304e-01   7.447143e-01   5.004076e-01   5.045487e-01   4.906859e-01   5.111769e-01   4.995766e-01   5.111484e-01   5.255873e-01   5.037256e-01   5.603399e-01   4.833741e-01
   9.072777e-01   9.043618e-01   5.000391e-01   9.915896e-01   8.916608e-01   9.122823e-01   9.904652e-01   7.304200e-01   1.000000e+00   5.019443e-01   4.447625e-01   4.363669e-01   4.893621e-01   4.796466e-01   5.030371e-01   4.951284e-01   4.960383e-01   5.240705e-01   5.080718e-01
   2.742584e-01   9.863584e-01   5.272171e-01   3.158280e-01   9.918891e-01   3.694729e-01   1.936878e-01   1.000000e+00   7.222042e-01   5.710790e-01   5.008111e-01   4.522770e-01   5.025930e-01   5.243402e-01   5.184401e-01   5.091724e-01   4.857057e-01   5.336916e-01   5.091583e-01
