   8.396215e-03   2.833082e-01   1.000000e+00   5.076931e-01   4.922821e-01   5.179803e-01   4.611918e-01   5.707103e-01   5.066212e-01   5.089023e-01   4.912512e-01   5.070771e-01   5.024163e-01
   3.206361e-01   9.743718e-01   3.193055e-01   4.959712e-01   4.923984e-01   5.150145e-01   4.483759e-01   4.570272e-01   5.092422e-01   5.151203e-01   5.286729e-01   5.268417e-01   5.158739e-01
   1.521113e-01   3.243900e-02   4.138781e-01   4.886610e-01   4.563814e-01   5.259105e-01   4.467337e-01   5.062370e-01   5.556620e-01   5.283924e-01   5.209690e-01   5.206704e-01   4.421563e-01
   1.568575e-01   4.947934e-01   6.469605e-01   4.972852e-01   5.123060e-01   5.620977e-01   4.284967e-01   4.967264e-01   5.049538e-01   5.209344e-01   4.672143e-01   5.059049e-01   4.664764e-01
   7.670623e-01   3.751659e-01   4.984153e-01   4.810254e-01   5.035152e-01   5.018636e-01   5.029943e-01   5.190282e-01   4.459156e-01   5.095099e-01   5.235320e-01   5.170525e-01   5.384846e-01
   7.591385e-02   5.837648e-03   9.956885e-01   4.993236e-01   4.876992e-01   5.092297e-01   4.903188e-01   5.290079e-01   5.088087e-01   5.413296e-01   5.029150e-01   5.079427e-01   4.837720e-01
   9.262541e-01   2.150281e-02   5.370740e-02   4.707242e-01   5.107731e-01   5.096756e-01   4.975377e-01   4.929914e-01   4.833857e-01   5.077581e-01   5.033583e-01   5.051295e-01   4.848181e-01
   7.495362e-01   3.805193e-01   1.981426e-01   4.785625e-01   4.497551e-01   5.038317e-01   5.064958e-01   5.311754e-01   4.577276e-01   5.133870e-01   5.204667e-01   5.180738e-01   5.237938e-01
   5.208873e-02   8.315048e-01   3.337621e-01   4.897731e-01   4.651419e-01   4.809135e-01   4.467556e-01   5.162992e-01   4.813364e-01   5.372229e-01   4.893224e-01   4.997835e-01   4.871749e-01
   2.643179e-01   8.412389e-01   3.890965e-01   4.588285e-01   4.713651e-01   5.180380e-01   4.550121e-01   5.032471e-01   4.741132e-01   5.152489e-01   4.914617e-01   4.972876e-01   4.966053e-01
   3.139004e-02   0.000000e+00   0.000000e+00   5.133813e-01   5.179396e-01   4.845147e-01   4.954430e-01   5.190308e-01   4.863773e-01   5.204977e-01   5.020735e-01   5.078764e-01   4.849996e-01
   1.514295e-01   2.788488e-01   1.190229e-01   4.932515e-01   4.892592e-01   5.417616e-01   5.170696e-01   5.347172e-01   4.693704e-01   5.698633e-01   4.949168e-01   4.862077e-01   5.349168e-01
   3.379515e-01   5.007332e-01   5.694494e-01   4.963547e-01   4.924451e-01   5.231857e-01   5.000600e-01   4.961064e-01   5.104412e-01   5.509999e-01   5.050172e-01   5.106538e-01   5.174022e-01
   2.605486e-01   2.756563e-01   3.761478e-01   4.591394e-01   4.967662e-01   5.411749e-01   4.611792e-01   5.837939e-01   5.614344e-01   5.797291e-01   4.980212e-01   4.973136e-01   5.250090e-01
   6.934203e-01   1.699908e-01   1.808513e-01   4.663004e-01   4.584766e-01   4.846536e-01   4.984406e-01   5.249634e-01   4.653356e-01   5.127845e-01   5.189420e-01   5.230716e-01   5.304633e-01
   1.476345e-01   1.837802e-01   8.156511e-01   4.979612e-01   4.654933e-01   5.177594e-01   4.619267e-01   5.389024e-01   5.215217e-01   5.582370e-01   5.125233e-01   5.067228e-01   4.869990e-01
   0.000000e+00   6.419288e-04   1.000000e+00   5.076529e-01   4.798706e-01   5.090603e-01   4.911004e-01   5.074932e-01   5.129437e-01   5.300970e-01   5.113173e-01   5.097673e-01   4.882158e-01
   1.726407e-01   8.054977e-02   9.065562e-01   4.983368e-01   4.649494e-01   5.036745e-01   4.612845e-01   5.455979e-01   5.323138e-01   5.531641e-01   5.027677e-01   5.098792e-01   4.879749e-01
   8.610796e-01   3.625551e-02   1.547057e-01   4.947049e-01   4.687917e-01   5.022542e-01   4.884984e-01   4.940124e-01   4.845784e-01   5.347703e-01   5.142247e-01   5.133526e-01   4.886989e-01
   1.393327e-01   8.305197e-01   5.901524e-01   5.188633e-01   4.916455e-01   5.174226e-01   4.731869e-01   5.060169e-01   4.994849e-01   5.137827e-01   4.994480e-01   5.003466e-01   4.890395e-01
   3.870319e-01   4.156211e-01   3.638329e-01   4.976864e-01   4.697923e-01   5.136660e-01   4.478870e-01   5.281475e-01   4.370362e-01   5.426671e-01   5.090701e-01   4.824949e-01   5.067254e-01
   2.118396e-01   6.971093e-01   1.452439e-01   4.744610e-01   4.404356e-01   5.451581e-01   5.140009e-01   5.405919e-01   5.039142e-01   4.965592e-01   5.536203e-01   4.803002e-01   5.499134e-01
   1.891446e-01   1.837906e-01   8.340737e-01   4.644987e-01   4.673498e-01   5.125368e-01   4.620064e-01   5.400221e-01   5.348613e-01   5.578517e-01   5.095241e-01   5.061814e-01   4.877916e-01
   0.000000e+00   9.675863e-01   5.525892e-01   5.128273e-01   4.836231e-01   5.202209e-01   4.739345e-01   4.968695e-01   5.035185e-01   5.032244e-01   4.985589e-01   4.956242e-01   4.986224e-01
   1.232459e-01   6.465795e-01   4.604313e-01   4.673976e-01   4.520136e-01   5.468101e-01   4.424754e-01   5.436056e-01   5.071475e-01   5.542145e-01   4.975634e-01   4.886213e-01   5.361768e-01
   7.827127e-01   5.071813e-01   5.714405e-01   5.177546e-01   4.970668e-01   4.887557e-01   4.968308e-01   5.164569e-01   4.861148e-01   5.300380e-01   5.194322e-01   5.164721e-01   4.847659e-01
   1.483635e-01   2.281513e-01   6.237657e-01   4.869610e-01   4.851718e-01   5.358627e-01   5.251620e-01   5.319389e-01   5.364172e-01   5.505100e-01   5.105757e-01   5.146303e-01   5.054967e-01
   1.207047e-02   1.481857e-01   7.191725e-02   4.603614e-01   4.541115e-01   5.580984e-01   4.217392e-01   6.008336e-01   4.933963e-01   4.884063e-01   4.798539e-01   5.197104e-01   5.379390e-01
   1.743842e-01   3.530691e-01   7.167140e-01   4.934575e-01   4.292427e-01   5.205556e-01   4.283729e-01   5.034969e-01   4.190012e-01   5.207283e-01   4.509789e-01   5.184137e-01   5.054473e-01
   8.262139e-01   2.237978e-01   2.332648e-01   5.167891e-01   5.044054e-01   5.096374e-01   4.971274e-01   5.275506e-01   5.146962e-01   5.291021e-01   4.462951e-01   5.223121e-01   4.933719e-01
   9.236093e-02   5.535576e-03   3.546706e-01   5.027458e-01   5.048312e-01   5.027246e-01   4.737090e-01   5.211607e-01   4.960235e-01   5.606855e-01   5.029001e-01   5.034356e-01   4.816530e-01
   6.505283e-02   8.753846e-04   2.137672e-01   4.973863e-01   4.772247e-01   5.116338e-01   4.771347e-01   5.204917e-01   4.921517e-01   5.377413e-01   5.042255e-01   5.056034e-01   4.868563e-01
   9.506642e-01   4.173611e-01   1.160164e-01   4.946054e-01   4.754815e-01   4.965540e-01   5.121138e-01   4.836725e-01   4.757324e-01   4.904844e-01   5.002290e-01   5.035642e-01   5.203746e-01
   6.496997e-01   5.348917e-01   4.197582e-01   4.864464e-01   5.057766e-01   5.012611e-01   4.694333e-01   5.205722e-01   4.876994e-01   5.177721e-01   5.251166e-01   5.118536e-01   5.004858e-01
   8.166970e-01   2.139438e-03   9.876253e-01   5.131474e-01   4.670565e-01   5.072267e-01   4.860236e-01   5.438562e-01   5.454935e-01   5.508141e-01   5.114886e-01   5.231565e-01   4.871511e-01
   1.479582e-01   1.968937e-02   1.952888e-02   4.949711e-01   4.823996e-01   4.917378e-01   4.999944e-01   5.161243e-01   4.884683e-01   5.361817e-01   4.956440e-01   5.124291e-01   4.886886e-01
   4.473898e-01   8.408359e-01   4.109554e-01   4.956626e-01   4.636082e-01   5.111762e-01   4.624213e-01   5.099102e-01   4.900068e-01   5.231961e-01   4.904418e-01   4.919154e-01   4.839518e-01
   3.034035e-02   2.279544e-01   1.000000e+00   5.071462e-01   4.923353e-01   5.150493e-01   4.816521e-01   5.868828e-01   4.957321e-01   5.081360e-01   4.902487e-01   4.847427e-01   5.074550e-01
   6.374330e-01   1.328004e-01   8.799090e-02   4.889499e-01   5.039566e-01   5.041331e-01   4.955720e-01   5.279358e-01   5.012031e-01   5.239690e-01   4.233830e-01   5.304346e-01   4.919604e-01
   6.602588e-02   9.083506e-01   5.085844e-01   5.214460e-01   4.702086e-01   5.200075e-01   4.742854e-01   4.992642e-01   4.980668e-01   5.031606e-01   4.840483e-01   5.182643e-01   4.911276e-01
   0.000000e+00   2.580212e-02   3.039461e-01   4.950794e-01   4.679638e-01   5.072528e-01   4.878183e-01   5.025849e-01   4.938676e-01   5.393111e-01   5.127764e-01   5.155410e-01   4.904494e-01
   1.757117e-01   3.928988e-01   3.396968e-01   4.582718e-01   4.755612e-01   5.580985e-01   4.528580e-01   5.496621e-01   4.974623e-01   5.747676e-01   5.201371e-01   4.827018e-01   5.280201e-01
   5.955432e-01   2.646561e-01   4.734630e-01   4.925484e-01   4.831675e-01   4.954650e-01   5.189889e-01   5.088524e-01   4.766914e-01   5.478364e-01   4.846160e-01   5.088036e-01   4.975757e-01
   7.823659e-01   2.420446e-02   8.840772e-02   5.018128e-01   5.167900e-01   4.945346e-01   4.945839e-01   5.228632e-01   4.854579e-01   5.312384e-01   5.210949e-01   5.094017e-01   4.836781e-01
   2.641808e-01   7.153144e-01   4.170021e-01   4.651353e-01   4.712472e-01   5.172691e-01   4.553872e-01   5.032427e-01   4.746675e-01   5.156571e-01   4.914137e-01   4.977545e-01   4.964790e-01
   8.093061e-01   6.777356e-01   5.886578e-01   4.813028e-01   5.156172e-01   4.986140e-01   4.910084e-01   5.144944e-01   4.857226e-01   5.264965e-01   5.247288e-01   5.120546e-01   4.889668e-01
   5.819138e-01   0.000000e+00   1.000000e+00   5.026663e-01   4.804761e-01   5.096175e-01   4.844212e-01   5.060615e-01   5.102955e-01   5.317231e-01   5.095404e-01   5.043584e-01   5.238057e-01
   3.492284e-01   9.074753e-02   1.302227e-01   4.782107e-01   4.824620e-01   4.874009e-01   5.034840e-01   5.255801e-01   4.875754e-01   5.141998e-01   5.085841e-01   5.274227e-01   5.450128e-01
   1.988172e-01   1.931685e-01   5.335136e-01   4.885305e-01   4.858483e-01   5.364865e-01   4.378019e-01   5.063861e-01   4.843792e-01   5.210657e-01   5.062811e-01   5.200736e-01   4.413155e-01
   8.054067e-02   4.950926e-01   3.974258e-01   4.735111e-01   4.687073e-01   5.467182e-01   4.572861e-01   4.873931e-01   5.099747e-01   5.597030e-01   4.914665e-01   4.918037e-01   5.294819e-01
   2.617109e-01   4.476222e-01   1.751420e-01   5.016169e-01   4.826408e-01   5.481335e-01   5.133608e-01   5.463533e-01   4.619233e-01   5.628047e-01   5.179354e-01   4.904657e-01   5.364591e-01
   3.634660e-01   3.197187e-01   5.599774e-01   4.959484e-01   5.164368e-01   5.218705e-01   4.856684e-01   4.949668e-01   4.806410e-01   5.529723e-01   5.001411e-01   5.375484e-01   4.584834e-01
   6.223454e-01   2.907758e-01   5.704897e-01   4.904908e-01   5.151437e-01   4.983307e-01   4.429634e-01   5.449178e-01   4.869619e-01   5.531323e-01   4.598667e-01   5.271766e-01   5.063887e-01
   1.266360e-01   4.971448e-01   3.861300e-01   4.744453e-01   4.690322e-01   5.423835e-01   4.552975e-01   4.871001e-01   5.152871e-01   5.534450e-01   5.011495e-01   4.914849e-01   5.376051e-01
   1.795742e-01   1.388544e-01   8.329370e-01   4.697825e-01   4.804582e-01   5.030470e-01   4.626252e-01   5.442544e-01   5.331248e-01   5.574102e-01   5.092453e-01   5.120085e-01   4.880665e-01
   2.698923e-01   7.511775e-01   6.722086e-01   4.951403e-01   4.875463e-01   5.175614e-01   4.718166e-01   5.060049e-01   5.073008e-01   5.296736e-01   5.076401e-01   5.082048e-01   5.087592e-01
   5.515334e-01   6.981809e-01   2.725034e-01   5.071259e-01   5.063493e-01   5.299705e-01   4.381312e-01   4.871030e-01   5.177037e-01   5.264537e-01   5.298028e-01   5.390939e-01   5.014690e-01
   4.627336e-01   4.311854e-01   1.000000e+00   5.197168e-01   5.058738e-01   5.131709e-01   4.769567e-01   5.103738e-01   5.074252e-01   5.491663e-01   5.309518e-01   5.045280e-01   5.260105e-01
   6.770827e-02   8.875465e-01   4.650886e-01   5.219288e-01   4.810293e-01   5.213194e-01   4.732941e-01   4.934870e-01   4.978342e-01   5.018071e-01   4.910317e-01   5.181779e-01   5.006172e-01
   1.450447e-01   5.201091e-01   7.281918e-01   4.867053e-01   4.538633e-01   4.856936e-01   4.061785e-01   5.189508e-01   5.157258e-01   5.186816e-01   4.958654e-01   5.212480e-01   5.235255e-01
   2.450185e-01   4.879218e-01   3.116305e-01   4.827052e-01   4.635920e-01   5.535087e-01   4.499534e-01   5.377469e-01   4.653191e-01   5.589779e-01   5.153003e-01   5.116352e-01   5.285875e-01
   8.510457e-01   3.625544e-02   1.273808e-01   4.944234e-01   4.694559e-01   5.022295e-01   4.884362e-01   4.938242e-01   4.846306e-01   5.346164e-01   5.133537e-01   5.133684e-01   4.877065e-01
   5.527689e-01   7.930074e-01   5.197104e-01   5.008580e-01   5.031073e-01   5.098205e-01   4.700417e-01   4.726059e-01   4.857978e-01   5.202248e-01   5.254312e-01   4.774281e-01   5.028581e-01
   2.098103e-01   3.371717e-01   1.886468e-01   4.951076e-01   4.850886e-01   5.462173e-01   5.211459e-01   5.518951e-01   4.676380e-01   5.695244e-01   5.013641e-01   4.810370e-01   5.338426e-01
   2.590058e-01   1.701351e-01   2.410233e-01   5.229163e-01   4.628442e-01   5.267958e-01   4.262910e-01   5.360537e-01   4.370561e-01   5.407987e-01   5.172372e-01   4.930487e-01   5.143660e-01
   4.997969e-01   5.850400e-01   5.989017e-01   5.150331e-01   4.828768e-01   5.126830e-01   4.663075e-01   4.676492e-01   5.148403e-01   4.764617e-01   5.426178e-01   5.031144e-01   4.923851e-01
   5.024107e-01   7.405260e-01   4.804269e-01   5.136800e-01   5.053477e-01   5.240055e-01   4.509664e-01   4.636273e-01   5.010540e-01   4.897896e-01   5.349179e-01   4.713098e-01   4.976812e-01
   7.489180e-01   4.200553e-01   7.565962e-02   5.149646e-01   5.023832e-01   4.885329e-01   4.966678e-01   5.194339e-01   4.978192e-01   5.228832e-01   4.950605e-01   5.173003e-01   4.845182e-01
   8.764189e-01   3.569879e-01   9.451992e-02   5.007688e-01   4.644634e-01   4.969210e-01   5.041635e-01   4.664896e-01   4.893225e-01   4.990459e-01   5.310988e-01   5.012672e-01   5.128115e-01
   2.326805e-01   1.373896e-01   8.424785e-01   4.549519e-01   4.286824e-01   5.030988e-01   4.649556e-01   5.449147e-01   5.351331e-01   5.551466e-01   5.066128e-01   5.148757e-01   4.880168e-01
   6.055996e-01   7.196966e-01   6.269327e-01   4.870448e-01   4.999466e-01   5.053424e-01   4.950033e-01   5.210717e-01   4.866785e-01   5.309731e-01   5.243690e-01   4.800123e-01   4.930541e-01
   4.928902e-02   9.166084e-01   5.556045e-01   5.172598e-01   4.788334e-01   5.207401e-01   4.741897e-01   5.005375e-01   4.978791e-01   5.038753e-01   4.843867e-01   4.969727e-01   4.919969e-01
   1.644199e-01   3.263960e-01   6.459640e-01   4.970326e-01   4.231836e-01   5.664485e-01   4.412584e-01   5.022847e-01   5.025783e-01   5.266008e-01   4.772513e-01   5.051774e-01   4.715146e-01
   1.437424e-01   5.085830e-01   6.481960e-01   4.873949e-01   4.743781e-01   5.333750e-01   4.525821e-01   5.108466e-01   5.079949e-01   5.006095e-01   5.087790e-01   5.096513e-01   4.718804e-01
   5.517325e-01   7.238868e-01   1.693416e-01   5.111814e-01   4.903319e-01   5.171634e-01   4.426984e-01   4.845188e-01   5.152121e-01   5.330094e-01   5.288613e-01   5.342651e-01   5.087937e-01
   1.285714e-01   4.942027e-01   5.701618e-01   4.766488e-01   4.759226e-01   5.425883e-01   4.698231e-01   5.002492e-01   5.349087e-01   5.490358e-01   4.988048e-01   5.047587e-01   5.543341e-01
   3.109047e-01   3.819572e-01   6.306397e-01   4.945176e-01   4.803923e-01   5.168229e-01   4.145923e-01   5.041284e-01   4.398768e-01   5.203765e-01   4.994301e-01   4.964674e-01   4.965864e-01
   1.855142e-01   4.490378e-01   2.257406e-01   4.418496e-01   4.661630e-01   5.695880e-01   4.267703e-01   5.520657e-01   4.672876e-01   5.750380e-01   5.294990e-01   4.951959e-01   5.276243e-01
   9.135512e-01   4.103802e-01   2.110546e-01   4.939887e-01   4.819091e-01   4.943326e-01   5.050547e-01   5.127066e-01   4.749772e-01   5.111638e-01   5.084543e-01   5.138690e-01   4.933580e-01
   4.940206e-01   7.471257e-01   4.785230e-01   4.755027e-01   5.021741e-01   5.094717e-01   4.576712e-01   5.327172e-01   4.804187e-01   4.995629e-01   5.229729e-01   4.694645e-01   4.976093e-01
   5.625773e-01   7.785868e-01   5.197028e-01   5.008542e-01   5.032199e-01   5.041174e-01   4.709078e-01   5.204245e-01   4.858826e-01   5.207552e-01   5.216620e-01   4.708538e-01   5.089591e-01
   3.697679e-01   3.842806e-02   5.871326e-01   4.490803e-01   4.614344e-01   4.896406e-01   4.829797e-01   5.277274e-01   4.777631e-01   5.502254e-01   5.302116e-01   5.085614e-01   4.952648e-01
   1.112971e-01   1.477259e-01   6.387774e-02   4.849406e-01   4.936298e-01   5.733546e-01   3.835258e-01   4.991740e-01   5.007792e-01   5.663596e-01   3.763740e-01   4.887003e-01   5.412108e-01
   3.543038e-01   4.196038e-02   1.000000e+00   4.824487e-01   4.933304e-01   4.970985e-01   5.109898e-01   4.920043e-01   4.844452e-01   5.353951e-01   5.136922e-01   5.307702e-01   4.818575e-01
   5.649154e-02   1.782760e-03   9.422219e-01   4.967073e-01   4.795919e-01   5.090963e-01   4.902957e-01   5.192787e-01   5.045652e-01   5.386710e-01   4.986662e-01   5.052044e-01   4.871482e-01
   1.103008e-01   2.179519e-01   4.099860e-01   4.865453e-01   4.845297e-01   5.336333e-01   4.686743e-01   5.338639e-01   4.644424e-01   5.527460e-01   5.070510e-01   5.380953e-01   4.477469e-01
   0.000000e+00   6.471198e-04   9.951792e-01   5.074174e-01   4.802493e-01   5.090592e-01   4.911893e-01   5.070691e-01   5.138582e-01   5.298491e-01   5.112972e-01   5.099131e-01   4.883612e-01
   4.248047e-01   5.844384e-01   6.272961e-01   4.976973e-01   4.741651e-01   5.148387e-01   4.720640e-01   5.081607e-01   4.635071e-01   5.298802e-01   5.053329e-01   5.153101e-01   4.829799e-01
   2.513958e-01   5.295781e-01   2.020784e-01   5.017025e-01   4.958284e-01   5.598199e-01   5.381708e-01   5.373918e-01   5.394078e-01   5.567666e-01   5.237072e-01   4.926266e-01   5.324066e-01
   4.869216e-01   2.892509e-01   5.810727e-01   4.933481e-01   5.301110e-01   4.939540e-01   4.085097e-01   5.384728e-01   4.824228e-01   5.536753e-01   4.866477e-01   5.357879e-01   5.153712e-01
   6.714256e-02   5.046031e-02   6.886619e-01   4.946974e-01   4.674666e-01   5.120534e-01   4.675141e-01   5.162599e-01   4.823394e-01   5.332899e-01   5.107388e-01   5.178804e-01   5.546619e-01
   2.076443e-01   7.484399e-01   4.198311e-01   4.645492e-01   4.705179e-01   5.273620e-01   4.555529e-01   5.027960e-01   4.844193e-01   5.116575e-01   5.488647e-01   4.966190e-01   4.919658e-01
   1.544488e-01   3.678957e-02   2.461505e-01   4.923742e-01   4.829904e-01   5.052705e-01   4.898470e-01   5.080206e-01   4.806724e-01   5.305386e-01   5.050273e-01   5.093770e-01   4.599461e-01
   2.555728e-02   1.771852e-01   6.506443e-01   4.853642e-01   4.820134e-01   5.310236e-01   4.674982e-01   5.170421e-01   4.984333e-01   5.666840e-01   5.052589e-01   5.094500e-01   5.903620e-01
   1.555499e-01   5.727433e-02   4.150435e-01   4.878861e-01   4.865641e-01   5.345873e-01   4.676282e-01   5.073245e-01   4.746584e-01   5.290166e-01   5.021196e-01   5.311668e-01   4.485372e-01
   1.771058e-01   0.000000e+00   7.933976e-01   4.935796e-01   4.625614e-01   5.114113e-01   4.742840e-01   5.434170e-01   5.341425e-01   5.347113e-01   5.097473e-01   5.142041e-01   4.902381e-01
   1.113939e-01   2.733270e-01   3.374888e-01   4.600669e-01   4.537537e-01   5.462374e-01   4.629197e-01   5.770432e-01   5.140054e-01   5.068252e-01   4.982054e-01   4.978194e-01   5.384009e-01
   2.538779e-01   4.227433e-01   3.111245e-01   5.201469e-01   4.626832e-01   5.422175e-01   4.354179e-01   5.362635e-01   4.647166e-01   5.508325e-01   5.159224e-01   5.008043e-01   5.202648e-01
   7.890330e-01   1.407272e-01   9.816414e-01   5.095823e-01   4.685781e-01   5.029285e-01   4.853396e-01   5.418133e-01   5.429202e-01   5.512144e-01   5.136296e-01   5.174947e-01   4.866573e-01
   2.697308e-01   4.707605e-01   6.390697e-01   4.985043e-01   4.853459e-01   5.202501e-01   4.227060e-01   4.976236e-01   4.601838e-01   5.511434e-01   4.930894e-01   5.211555e-01   4.940073e-01
   2.168021e-01   1.578639e-01   2.464634e-01   4.852850e-01   4.927576e-01   5.283497e-01   4.542390e-01   5.568813e-01   5.802091e-01   5.594854e-01   5.164654e-01   4.998061e-01   5.152102e-01
   3.239935e-01   4.501318e-01   2.866360e-01   5.147029e-01   5.074092e-01   5.569278e-01   5.076164e-01   4.934350e-01   4.745600e-01   5.386118e-01   5.193181e-01   4.988587e-01   5.170622e-01
   7.363616e-02   7.917742e-01   7.308408e-01   5.049584e-01   5.105013e-01   5.249262e-01   4.669780e-01   4.950533e-01   5.015174e-01   5.101815e-01   4.870054e-01   4.999081e-01   4.913879e-01
   2.697292e-01   4.719694e-01   6.678664e-01   4.985043e-01   4.851788e-01   5.202498e-01   4.223252e-01   4.975801e-01   4.685139e-01   5.513531e-01   4.927958e-01   5.211562e-01   4.940627e-01
   5.986827e-01   2.544107e-01   5.096871e-02   4.812566e-01   4.768028e-01   5.002169e-01   5.036471e-01   5.222558e-01   4.938492e-01   5.102994e-01   5.279800e-01   5.138320e-01   5.465964e-01
   3.005352e-01   3.398502e-01   3.481218e-01   5.168134e-01   4.909190e-01   5.106695e-01   4.749515e-01   5.003422e-01   4.506301e-01   5.528142e-01   5.137112e-01   5.338099e-01   4.646796e-01
   2.944922e-01   3.130591e-01   4.437189e-01   5.122334e-01   4.817956e-01   5.330071e-01   4.870216e-01   5.070438e-01   4.748565e-01   5.520511e-01   5.025190e-01   4.673361e-01   4.653800e-01
   1.143587e-01   2.891796e-01   4.685722e-01   4.726323e-01   4.571819e-01   5.458457e-01   4.494172e-01   5.346027e-01   5.164831e-01   5.281590e-01   4.968175e-01   4.950973e-01   5.382848e-01
   2.094213e-01   3.371687e-01   1.329824e-01   4.904395e-01   4.850888e-01   5.484864e-01   5.069078e-01   5.536417e-01   4.676095e-01   5.695571e-01   5.013658e-01   4.809978e-01   5.340225e-01
   6.806552e-01   2.649305e-01   4.845567e-01   4.759891e-01   4.885507e-01   5.001260e-01   5.314075e-01   5.243407e-01   4.823436e-01   5.473697e-01   4.438351e-01   5.254060e-01   5.018976e-01
   9.185025e-02   8.193841e-01   4.395039e-01   4.965436e-01   4.569986e-01   4.978285e-01   4.673325e-01   4.729203e-01   5.048893e-01   5.024658e-01   4.603411e-01   5.106194e-01   4.745682e-01
   3.094129e-01   6.455214e-01   6.311910e-01   4.985926e-01   4.892389e-01   5.176129e-01   3.978829e-01   5.093187e-01   5.043964e-01   5.328433e-01   4.822826e-01   4.962489e-01   4.895743e-01
   3.542458e-01   2.169661e-02   1.822528e-02   4.790067e-01   5.005488e-01   5.079892e-01   4.980159e-01   4.972495e-01   4.910542e-01   5.689025e-01   5.066375e-01   5.235571e-01   4.704794e-01
   4.561484e-01   3.984435e-01   7.445654e-01   4.908760e-01   4.964417e-01   5.124512e-01   4.725021e-01   5.074741e-01   4.927172e-01   5.419225e-01   5.388602e-01   5.011142e-01   5.099766e-01
   1.814584e-01   1.501218e-01   6.789622e-01   4.806779e-01   5.051284e-01   5.355005e-01   4.662646e-01   5.383259e-01   5.342509e-01   5.281903e-01   5.117144e-01   5.131138e-01   5.129571e-01
   2.363926e-03   9.690095e-01   5.526159e-01   5.127540e-01   4.823349e-01   5.138941e-01   4.739139e-01   4.969027e-01   5.035034e-01   5.032347e-01   4.986565e-01   4.956358e-01   4.982244e-01
   1.999094e-01   5.340200e-02   1.000000e+00   4.788142e-01   4.877611e-01   4.914778e-01   5.206451e-01   5.016189e-01   5.169627e-01   5.434679e-01   5.043067e-01   5.017038e-01   4.893175e-01
   1.453922e-02   9.612414e-01   5.525226e-01   5.142604e-01   4.892283e-01   5.157911e-01   4.737650e-01   4.969150e-01   5.036096e-01   5.031887e-01   4.981255e-01   4.957244e-01   4.983241e-01
   3.546274e-02   1.000000e+00   1.981379e-01   4.985212e-01   4.881202e-01   5.178533e-01   5.184687e-01   4.999287e-01   4.815292e-01   5.191379e-01   4.978510e-01   4.976870e-01   5.052334e-01
   8.555931e-01   1.692051e-01   1.498949e-01   5.149165e-01   4.992125e-01   5.096320e-01   4.878525e-01   5.386306e-01   5.229786e-01   5.362352e-01   4.801920e-01   5.115256e-01   4.902547e-01
