   2.104610e-01   1.000000e+00   1.404734e-04   8.166820e-01   6.171759e-01   4.804753e-01   2.189082e-02   3.242774e-01   5.078675e-01   5.684904e-01   6.200117e-01   5.845435e-01   5.025676e-01   4.912135e-01   4.230689e-01   5.622584e-01   4.878418e-01
   4.343853e-01   6.101879e-02   9.157777e-01   8.420092e-01   1.000000e+00   3.084452e-01   5.170538e-01   4.954131e-01   5.074539e-01   4.931123e-01   5.024443e-01   5.082716e-01   5.206684e-01   4.919737e-01   4.994777e-01   5.103339e-01   5.106815e-01
   7.599461e-01   1.585835e-01   7.641482e-01   8.051743e-01   1.000000e+00   3.093292e-01   5.317554e-01   5.017737e-01   4.933839e-01   4.988581e-01   5.133269e-01   5.146533e-01   5.096706e-01   4.850336e-01   4.823926e-01   5.131029e-01   5.154811e-01
   4.001311e-01   3.531009e-02   9.977898e-01   7.203118e-01   6.265648e-01   5.947055e-01   4.695022e-01   5.083531e-01   5.032573e-01   5.120956e-01   5.045184e-01   4.983242e-01   5.068792e-01   4.982379e-01   4.960283e-01   5.067022e-01   5.026487e-01
   3.067155e-01   5.374242e-03   4.189863e-01   7.621994e-01   7.912899e-01   5.605551e-01   5.177169e-01   5.102483e-01   4.994450e-01   4.998295e-01   5.055908e-01   5.130207e-01   5.157735e-01   5.000151e-01   4.966033e-01   5.021257e-01   5.044405e-01
   2.732013e-01   1.000000e+00   0.000000e+00   8.190459e-01   8.857522e-01   5.240336e-01   4.949428e-01   8.080492e-01   5.155308e-01   5.300980e-01   5.817073e-01   5.841818e-01   4.962257e-01   4.868199e-01   5.136860e-01   5.093739e-01   4.880970e-01
   5.974249e-01   0.000000e+00   5.718857e-01   8.233152e-01   3.045706e-01   6.335233e-01   4.536028e-01   4.903784e-01   5.070040e-01   4.960114e-01   5.015424e-01   5.043168e-01   5.138073e-01   4.990226e-01   4.881315e-01   5.048190e-01   5.062814e-01
   4.055903e-01   4.867896e-02   8.526415e-01   8.943647e-01   5.768153e-01   6.764559e-01   4.126334e-01   5.062398e-01   5.026097e-01   4.960416e-01   5.128220e-01   5.032105e-01   4.991375e-01   4.996934e-01   4.948101e-01   5.109065e-01   4.916928e-01
   6.259414e-01   2.332523e-02   6.581527e-01   7.162473e-01   1.000000e+00   3.338829e-01   5.352710e-01   4.964386e-01   4.968852e-01   5.042483e-01   5.062171e-01   5.114213e-01   5.046679e-01   4.985144e-01   5.032897e-01   4.989867e-01   5.043011e-01
   5.930829e-01   1.227547e-04   8.868914e-01   8.426761e-01   7.178634e-01   7.135904e-01   5.343274e-01   5.084638e-01   4.860995e-01   4.956503e-01   5.029257e-01   5.040399e-01   5.055247e-01   4.928156e-01   4.993136e-01   5.043634e-01   5.064129e-01
   7.360570e-01   7.882689e-02   6.962970e-01   8.675629e-01   6.197630e-01   8.556217e-01   9.037630e-01   4.824978e-01   4.984914e-01   5.072912e-01   5.054127e-01   5.023457e-01   5.075037e-01   4.877765e-01   4.850237e-01   5.004183e-01   5.058864e-01
   4.263917e-01   1.652635e-01   6.840371e-01   8.130310e-01   3.405677e-01   0.000000e+00   4.706696e-01   5.045261e-01   5.064144e-01   5.090284e-01   5.058355e-01   4.950406e-01   5.125291e-01   4.877405e-01   4.999006e-01   5.025110e-01   5.117525e-01
   5.818393e-01   2.675478e-02   8.814199e-01   8.450079e-01   7.935608e-01   6.292517e-01   5.631343e-01   5.065556e-01   4.823489e-01   5.067544e-01   5.103421e-01   5.050546e-01   5.099145e-01   4.951076e-01   4.990127e-01   5.036109e-01   5.084565e-01
   2.519118e-01   0.000000e+00   8.918991e-01   7.735577e-01   8.440641e-01   2.872725e-01   3.801273e-01   5.155224e-01   4.996234e-01   4.986639e-01   5.128618e-01   5.002225e-01   5.144539e-01   5.091978e-01   4.991812e-01   5.095053e-01   5.108558e-01
   4.224951e-01   1.104417e-01   8.522905e-01   8.349817e-01   1.625936e-01   7.980945e-01   4.308092e-01   4.851495e-01   5.103981e-01   4.955231e-01   5.149479e-01   5.220001e-01   5.133973e-01   4.675477e-01   5.068151e-01   4.998066e-01   5.105046e-01
   7.115603e-01   1.562301e-01   6.998451e-01   7.873257e-01   3.434396e-01   2.023142e-01   6.324175e-01   5.055251e-01   4.901336e-01   5.002920e-01   5.027842e-01   4.989061e-01   5.190432e-01   4.872991e-01   5.010988e-01   5.070187e-01   5.078835e-01
   7.802971e-01   1.326444e-01   6.358850e-01   7.991135e-01   4.426946e-01   2.730614e-01   4.528395e-01   4.997376e-01   4.928854e-01   4.921096e-01   5.069424e-01   5.070393e-01   5.045779e-01   4.835264e-01   4.965958e-01   5.089425e-01   5.112242e-01
   5.448032e-01   1.013022e-01   8.770281e-01   7.911737e-01   7.471873e-01   7.564141e-01   4.911839e-01   4.849573e-01   4.929970e-01   4.962746e-01   5.107570e-01   5.067751e-01   5.051734e-01   4.966631e-01   4.993991e-01   5.087132e-01   5.060579e-01
   3.509258e-01   4.962123e-02   8.190054e-01   7.262591e-01   7.318348e-01   6.032945e-01   4.990680e-01   4.933844e-01   5.151014e-01   5.067244e-01   5.006621e-01   5.077326e-01   5.042077e-01   4.950751e-01   4.952765e-01   5.043155e-01   5.141869e-01
   2.975665e-01   8.796572e-03   8.365487e-01   7.448846e-01   5.488046e-01   8.070099e-01   5.895725e-01   5.011675e-01   4.998038e-01   4.983451e-01   4.992964e-01   5.085994e-01   5.087569e-01   4.985136e-01   4.918895e-01   5.018712e-01   5.010341e-01
   7.397042e-02   9.925942e-01   1.000000e+00   7.609632e-01   4.503421e-01   4.255882e-01   7.842626e-01   8.456882e-01   6.830218e-01   1.304043e-01   4.540898e-01   6.584761e-01   3.885211e-01   6.095531e-01   6.732538e-01   6.359249e-01   4.060609e-01
   4.054699e-01   0.000000e+00   8.643311e-01   7.190403e-01   5.816602e-01   6.394941e-01   4.722933e-01   5.104410e-01   4.949463e-01   5.017930e-01   4.981071e-01   4.964631e-01   4.937134e-01   5.007131e-01   4.991586e-01   5.029754e-01   5.075017e-01
   3.531426e-01   1.000000e+00   0.000000e+00   8.554999e-01   4.972067e-01   5.494057e-01   5.423501e-01   4.861429e-01   5.278095e-01   5.398585e-01   7.529245e-01   5.755639e-01   5.038359e-01   4.971131e-01   9.288540e-01   5.656579e-01   4.314165e-01
   1.284556e-01   1.000000e+00   0.000000e+00   9.246963e-01   6.599858e-01   5.288523e-01   1.123555e-01   3.782588e-01   6.125916e-01   5.017593e-01   2.385773e-01   5.426191e-01   4.993734e-01   7.011120e-01   4.512938e-01   6.357416e-01   5.057331e-01
   6.572010e-01   2.523889e-02   7.534807e-01   6.945175e-01   5.590754e-01   4.670492e-01   5.302643e-01   4.955982e-01   5.004104e-01   5.042500e-01   5.056407e-01   4.984756e-01   5.045312e-01   4.933987e-01   4.962350e-01   5.054790e-01   5.043784e-01
   4.180639e-01   2.858646e-02   8.416147e-01   7.566010e-01   5.736081e-01   5.602887e-01   4.867084e-01   4.977514e-01   4.994272e-01   5.089220e-01   5.047388e-01   4.983489e-01   5.264866e-01   4.982255e-01   4.960303e-01   5.132084e-01   4.952556e-01
   8.176964e-01   0.000000e+00   6.915325e-01   8.001854e-01   6.085131e-01   5.920983e-01   4.595456e-01   4.966800e-01   5.165361e-01   4.881034e-01   5.047664e-01   4.991830e-01   5.043258e-01   5.005555e-01   5.070096e-01   5.040986e-01   5.006300e-01
   6.339271e-01   0.000000e+00   7.717588e-01   8.232502e-01   7.869310e-01   7.862875e-01   5.150541e-01   4.995852e-01   4.888930e-01   4.893805e-01   5.045836e-01   4.932321e-01   5.080975e-01   4.909584e-01   4.947753e-01   5.006985e-01   5.017343e-01
   6.295049e-01   1.795298e-01   9.023111e-01   8.242396e-01   4.157555e-01   2.920380e-01   5.475491e-01   5.081592e-01   5.040001e-01   5.066514e-01   5.059651e-01   4.961533e-01   5.115935e-01   4.904556e-01   4.928517e-01   4.984682e-01   5.031224e-01
   3.179135e-01   7.002665e-04   8.500920e-01   7.524467e-01   7.145780e-01   7.174459e-01   4.010254e-01   5.091493e-01   5.013802e-01   5.021148e-01   5.051309e-01   5.019758e-01   4.931493e-01   5.044205e-01   4.973780e-01   5.030833e-01   5.051685e-01
   0.000000e+00   9.883403e-01   1.000000e+00   7.513999e-01   6.436653e-01   5.322877e-01   5.185438e-01   4.782764e-01   1.000000e+00   1.000000e+00   2.604630e-01   4.668606e-01   3.553747e-01   5.573062e-01   9.680919e-01   1.000000e+00   5.051619e-01
   3.127740e-01   1.772866e-02   1.000000e+00   7.874522e-01   6.446066e-01   5.829019e-01   4.710239e-01   5.014602e-01   5.027866e-01   4.993371e-01   5.008660e-01   5.115450e-01   5.178928e-01   4.912912e-01   5.015989e-01   4.933943e-01   5.146719e-01
   1.891545e-01   1.000000e+00   1.000000e+00   1.000000e+00   2.954755e-01   5.272452e-01   4.967725e-01   3.999257e-01   4.691409e-01   4.972249e-01   5.038713e-01   6.317276e-01   5.193695e-01   4.980643e-01   3.967177e-01   5.278581e-01   5.126277e-01
   6.690383e-01   2.272518e-02   7.833156e-01   7.355927e-01   6.761407e-01   3.414828e-01   5.559493e-01   5.133824e-01   5.030766e-01   4.913654e-01   5.050448e-01   4.977914e-01   5.098061e-01   5.108829e-01   4.967109e-01   5.014364e-01   5.088410e-01
   1.072105e-01   1.000000e+00   0.000000e+00   8.364048e-01   6.620335e-01   5.305415e-01   4.955389e-01   2.619756e-01   8.009366e-01   1.000000e+00   0.000000e+00   6.084498e-01   3.960288e-01   6.147195e-01   9.961871e-01   9.720750e-01   6.714953e-01
   6.774921e-01   1.956756e-02   8.756006e-01   8.247110e-01   4.190148e-01   1.000000e+00   4.110840e-01   5.053049e-01   5.180410e-01   4.957114e-01   5.020660e-01   5.034913e-01   5.026067e-01   4.944691e-01   4.998943e-01   5.016597e-01   5.099028e-01
   9.037875e-01   4.373626e-02   5.619128e-01   7.740271e-01   4.692367e-01   8.232381e-01   5.123736e-01   5.070892e-01   4.986223e-01   4.967837e-01   4.961612e-01   5.066969e-01   5.076696e-01   4.777015e-01   4.956011e-01   5.010793e-01   5.063016e-01
   5.128074e-01   1.329070e-01   5.984781e-01   7.976531e-01   7.261969e-01   6.135775e-01   4.783136e-01   4.932788e-01   5.129834e-01   4.947662e-01   5.112279e-01   4.862191e-01   5.072821e-01   4.977992e-01   4.963187e-01   5.045737e-01   5.027892e-01
   8.204039e-01   4.098190e-02   8.546961e-01   9.098852e-01   4.336501e-01   2.981269e-01   5.908928e-01   5.066387e-01   4.942094e-01   5.008987e-01   5.005833e-01   5.121880e-01   5.005642e-01   4.996552e-01   4.885128e-01   5.086384e-01   4.977110e-01
   2.753071e-01   3.419980e-03   4.753959e-01   8.837217e-01   4.897938e-01   5.779928e-01   4.011340e-01   4.926632e-01   5.056055e-01   5.107121e-01   5.005910e-01   5.034208e-01   5.069612e-01   4.972573e-01   4.976093e-01   5.033282e-01   5.053249e-01
   1.000000e+00   7.467813e-05   8.363374e-01   8.315672e-01   7.597821e-01   6.014480e-01   5.397958e-01   4.968675e-01   4.946599e-01   4.972150e-01   5.027045e-01   5.051087e-01   5.049780e-01   4.981136e-01   4.917718e-01   5.044996e-01   5.061535e-01
   8.303943e-01   1.274482e-01   8.497227e-01   7.986582e-01   6.128706e-01   8.122415e-01   4.969506e-01   5.122014e-01   4.943936e-01   5.012795e-01   5.098453e-01   5.045537e-01   5.003503e-01   4.955305e-01   5.025290e-01   5.086135e-01   4.949435e-01
   3.525708e-01   9.285485e-01   0.000000e+00   6.984230e-01   4.026455e-01   5.292961e-01   6.432676e-01   4.705198e-01   5.069502e-01   5.348322e-01   5.058381e-01   6.160656e-01   4.995084e-01   4.867107e-01   5.174805e-01   5.162123e-01   4.921227e-01
   7.031835e-01   1.283448e-01   8.098082e-01   7.933460e-01   5.495403e-01   7.561075e-01   6.136271e-01   4.967626e-01   4.986545e-01   4.859561e-01   5.023457e-01   4.995108e-01   4.951819e-01   4.857332e-01   4.937096e-01   5.063984e-01   5.106130e-01
   4.458029e-01   0.000000e+00   7.560937e-01   8.372473e-01   4.513035e-01   7.773669e-01   5.284944e-01   4.944400e-01   4.947177e-01   5.001669e-01   4.965866e-01   5.096910e-01   4.937353e-01   5.040398e-01   4.935985e-01   4.974284e-01   5.051067e-01
   4.169497e-02   1.000000e+00   0.000000e+00   7.671411e-01   6.572841e-01   5.363195e-01   4.680754e-01   5.581981e-03   1.000000e+00   1.000000e+00   0.000000e+00   7.764608e-01   3.938976e-01   5.810474e-01   9.813175e-01   9.542435e-01   6.463356e-01
   2.758338e-01   6.201997e-02   8.180079e-01   7.441837e-01   4.651659e-01   6.737400e-01   5.906235e-01   4.903641e-01   4.939838e-01   5.073949e-01   5.009245e-01   5.074037e-01   5.065701e-01   4.980379e-01   4.949054e-01   5.026284e-01   5.076263e-01
   9.407838e-01   4.018715e-01   7.902062e-01   7.180315e-01   4.852346e-01   7.235111e-01   4.848073e-01   5.057630e-01   5.026851e-01   4.919108e-01   5.073363e-01   4.998214e-01   5.095989e-01   4.956806e-01   4.793236e-01   5.111700e-01   5.059403e-01
   8.117907e-01   5.760164e-03   7.313354e-01   8.181016e-01   7.584445e-01   7.878223e-01   5.269032e-01   4.935045e-01   4.855107e-01   4.986634e-01   5.061553e-01   5.025251e-01   5.023878e-01   4.814441e-01   4.963919e-01   4.904925e-01   5.066579e-01
   4.090396e-01   0.000000e+00   8.811124e-01   9.849737e-01   7.620815e-01   7.288325e-01   3.872732e-01   4.929278e-01   5.051229e-01   5.053894e-01   5.061632e-01   5.035130e-01   4.926675e-01   5.000688e-01   4.999600e-01   5.038087e-01   4.963382e-01
   2.872817e-01   4.507307e-03   8.445363e-01   8.027453e-01   3.759570e-01   9.572194e-01   5.633621e-01   4.970186e-01   4.963459e-01   5.024533e-01   4.989449e-01   4.985776e-01   5.116176e-01   5.016713e-01   4.927666e-01   4.953760e-01   4.979558e-01
   4.739820e-01   5.195845e-02   6.835045e-01   7.978526e-01   3.015015e-01   2.500178e-01   5.481164e-01   4.875162e-01   4.853058e-01   4.896553e-01   5.058301e-01   5.064684e-01   5.129032e-01   5.057639e-01   4.971661e-01   5.049810e-01   5.064569e-01
   5.051647e-01   1.686416e-02   8.836614e-01   7.850237e-01   8.038917e-01   1.128324e-01   5.780129e-01   4.974351e-01   5.135937e-01   4.972259e-01   5.026561e-01   4.971361e-01   5.140903e-01   5.045386e-01   4.909318e-01   5.053965e-01   5.036488e-01
   1.838190e-01   9.974812e-01   1.000000e+00   8.180214e-01   6.397953e-01   7.398274e-01   5.391620e-01   5.362221e-01   5.608540e-01   3.576140e-01   0.000000e+00   4.849204e-01   4.639082e-01   6.255021e-01   8.174102e-01   8.000950e-01   5.439503e-01
   2.846149e-01   1.110422e-02   8.425625e-01   7.992564e-01   6.029707e-01   5.997005e-01   6.089040e-01   4.993619e-01   5.016456e-01   5.039094e-01   5.008329e-01   5.070167e-01   5.163378e-01   5.051893e-01   4.950122e-01   5.018420e-01   5.152721e-01
   9.736785e-01   1.258754e-02   8.053612e-01   7.269583e-01   5.539259e-01   6.890469e-01   5.452711e-01   4.977048e-01   5.006797e-01   4.881470e-01   4.999046e-01   5.041801e-01   5.034453e-01   5.009087e-01   5.006946e-01   5.031119e-01   5.048308e-01
   5.925886e-01   1.313433e-01   7.197298e-01   8.231856e-01   2.324155e-01   7.733411e-01   4.701830e-01   5.064563e-01   4.850704e-01   4.991297e-01   5.085993e-01   5.014684e-01   5.114130e-01   4.958889e-01   4.964133e-01   5.053264e-01   5.093996e-01
   7.918976e-01   0.000000e+00   6.646534e-01   8.002569e-01   6.655212e-01   7.825837e-01   6.596199e-01   5.019881e-01   5.161671e-01   4.924991e-01   4.961947e-01   5.029149e-01   5.127596e-01   4.950658e-01   4.890483e-01   5.019345e-01   5.011637e-01
   4.418034e-01   0.000000e+00   9.034957e-01   8.390749e-01   5.201326e-01   8.757548e-01   5.152958e-01   5.097760e-01   5.035624e-01   4.991428e-01   4.978527e-01   5.080585e-01   5.154173e-01   5.010839e-01   5.007723e-01   4.990866e-01   5.044864e-01
   7.777295e-01   1.573200e-01   6.431702e-01   7.800681e-01   3.372404e-01   3.306414e-01   6.259760e-01   4.987052e-01   4.969224e-01   5.034352e-01   5.059424e-01   4.982862e-01   5.065208e-01   4.829399e-01   5.109835e-01   5.073629e-01   5.120328e-01
   1.000000e+00   3.201332e-02   8.147993e-01   9.002373e-01   7.348359e-01   5.815143e-01   5.465304e-01   4.967955e-01   5.004341e-01   5.028722e-01   4.998273e-01   5.012062e-01   5.110262e-01   4.989659e-01   4.936089e-01   5.029542e-01   5.046671e-01
   1.633445e-01   1.000000e+00   2.122707e-05   7.845207e-01   9.961885e-01   7.272129e-01   7.030706e-01   3.454688e-01   5.097897e-01   8.530944e-01   6.485985e-01   5.800166e-01   5.050141e-01   7.728697e-01   3.974353e-01   5.191657e-01   5.136258e-01
   8.983624e-01   9.765072e-02   6.806369e-01   8.599255e-01   6.463621e-01   7.315541e-01   0.000000e+00   5.056265e-01   4.964504e-01   5.044762e-01   5.097154e-01   5.036670e-01   5.081457e-01   4.895807e-01   4.834610e-01   4.985297e-01   4.951196e-01
   8.441034e-01   0.000000e+00   6.756025e-01   8.398319e-01   3.960435e-01   8.086837e-01   4.845653e-01   4.884969e-01   4.969426e-01   4.854927e-01   5.059784e-01   5.013593e-01   5.074218e-01   4.874085e-01   4.920614e-01   4.938076e-01   5.049682e-01
   1.182717e-01   9.995937e-01   1.000000e+00   7.519734e-01   7.734488e-01   7.242990e-01   3.814754e-01   5.761454e-01   9.333085e-01   3.106121e-01   2.008372e-01   5.537000e-01   5.397334e-01   7.954875e-01   6.866197e-01   6.251670e-01   6.305867e-01
   7.360854e-01   8.416403e-02   6.891407e-01   7.520733e-01   6.538177e-01   4.625020e-01   3.736819e-01   4.897406e-01   4.986753e-01   5.068723e-01   4.949683e-01   5.017140e-01   5.085256e-01   4.881247e-01   4.841625e-01   5.008641e-01   5.014078e-01
   4.176227e-01   1.000000e+00   1.000000e+00   6.992455e-01   4.622338e-01   5.911638e-01   5.661648e-01   5.110113e-01   4.925705e-01   4.435208e-01   4.998411e-01   5.076661e-01   4.452728e-01   5.057600e-01   5.002903e-01   5.192923e-01   4.812842e-01
   4.440224e-02   1.000000e+00   0.000000e+00   7.659293e-01   6.555241e-01   5.391573e-01   4.565112e-01   4.448294e-01   1.000000e+00   1.000000e+00   0.000000e+00   7.863167e-01   3.980433e-01   5.705708e-01   9.610722e-01   9.614519e-01   6.464494e-01
   5.332468e-02   1.000000e+00   9.748283e-01   7.572898e-01   4.909039e-01   6.549602e-01   4.380234e-01   4.108123e-01   4.449735e-01   1.000000e+00   9.796618e-01   6.789411e-01   4.223943e-01   5.876982e-01   1.000000e+00   8.987457e-01   5.154243e-01
   8.867485e-01   0.000000e+00   7.750523e-01   8.238363e-01   8.648891e-01   7.190983e-01   0.000000e+00   5.039317e-01   4.982189e-01   5.010904e-01   5.183984e-01   5.113773e-01   5.081860e-01   4.922545e-01   5.046397e-01   4.978660e-01   4.989221e-01
   5.408886e-01   1.893517e-02   5.500587e-01   8.107199e-01   5.400297e-01   8.917029e-01   5.146139e-01   4.944688e-01   5.196304e-01   5.058100e-01   5.005160e-01   5.131604e-01   5.098215e-01   4.942148e-01   4.884534e-01   4.956313e-01   4.985642e-01
   4.223196e-01   5.767139e-02   6.571021e-01   8.387396e-01   7.087709e-01   6.790775e-01   4.684111e-01   4.852868e-01   5.103024e-01   4.985701e-01   5.159289e-01   5.228089e-01   5.093069e-01   4.872038e-01   5.064057e-01   5.007166e-01   5.113852e-01
   7.221522e-01   0.000000e+00   7.403806e-01   7.760718e-01   7.125565e-01   5.107409e-01   5.520288e-01   4.828356e-01   5.033731e-01   5.050448e-01   5.061118e-01   4.967318e-01   5.175354e-01   5.128431e-01   4.958827e-01   5.031639e-01   4.894704e-01
   9.686018e-01   1.656220e-01   7.429459e-01   7.158044e-01   4.935131e-01   7.536498e-01   6.231869e-01   4.970437e-01   4.938172e-01   4.892382e-01   4.978785e-01   5.150074e-01   5.067350e-01   5.051639e-01   5.003018e-01   5.022844e-01   5.021304e-01
   6.282932e-01   0.000000e+00   7.184303e-01   8.080972e-01   3.491180e-01   8.086527e-01   5.370822e-01   5.045874e-01   4.902744e-01   4.986645e-01   5.024094e-01   4.835707e-01   5.067433e-01   4.943702e-01   4.954101e-01   5.097305e-01   5.021708e-01
   3.343421e-01   5.158901e-03   7.402069e-01   7.492177e-01   5.781030e-01   4.408830e-01   6.083630e-01   4.999223e-01   5.036670e-01   4.912343e-01   5.024754e-01   4.975071e-01   5.123814e-01   4.987699e-01   4.967591e-01   5.030439e-01   5.116372e-01
   1.914322e-01   1.000000e+00   0.000000e+00   7.967731e-01   6.766150e-01   4.694245e-01   5.374422e-01   8.176295e-01   5.256659e-01   4.983834e-01   5.770174e-01   5.887694e-01   5.096710e-01   4.912339e-01   4.656535e-01   5.175830e-01   4.876968e-01
   2.765042e-01   1.555142e-03   8.845503e-01   7.869206e-01   5.002311e-01   5.446323e-01   6.109595e-01   4.987841e-01   5.015150e-01   5.104866e-01   5.009372e-01   4.978593e-01   5.197333e-01   5.022498e-01   4.955966e-01   4.976392e-01   5.047028e-01
   3.208780e-01   3.038072e-02   8.414798e-01   8.099769e-01   5.650129e-01   4.407428e-01   4.380527e-01   4.975008e-01   4.993383e-01   5.089241e-01   5.026036e-01   5.009469e-01   5.281073e-01   4.980710e-01   4.951308e-01   4.986828e-01   5.043991e-01
   2.836012e-01   5.650676e-03   7.880906e-01   8.087927e-01   5.183859e-01   1.000000e+00   5.902414e-01   5.005743e-01   4.972007e-01   5.007008e-01   4.999242e-01   4.973707e-01   5.104510e-01   5.033507e-01   4.943402e-01   5.023422e-01   5.004076e-01
   6.350554e-01   0.000000e+00   6.385981e-01   7.937138e-01   5.393737e-01   7.373134e-01   4.052135e-01   5.043998e-01   4.883536e-01   5.083822e-01   5.045382e-01   5.050515e-01   5.068338e-01   4.822020e-01   4.974281e-01   5.055364e-01   5.139282e-01
   7.772796e-01   3.046486e-01   7.194802e-01   7.597234e-01   3.696205e-01   6.921044e-01   5.343749e-01   4.993053e-01   4.979024e-01   5.047807e-01   5.066065e-01   4.978967e-01   5.096164e-01   4.966785e-01   4.826882e-01   5.117737e-01   5.089479e-01
   2.727659e-01   1.000000e+00   0.000000e+00   8.364206e-01   7.875183e-01   4.991096e-01   3.969681e-01   8.715086e-01   6.118996e-01   6.440211e-01   5.967457e-01   5.739251e-01   4.999650e-01   4.906003e-01   4.572433e-01   5.787019e-01   4.996820e-01
   7.756042e-01   1.573398e-01   6.428497e-01   7.800020e-01   3.530918e-01   3.259527e-01   6.314824e-01   4.999735e-01   4.970376e-01   5.034368e-01   5.059243e-01   4.980793e-01   5.039713e-01   4.826875e-01   4.958438e-01   5.001677e-01   5.118942e-01
   1.003486e-01   9.735439e-01   3.768457e-01   7.947100e-01   1.000000e+00   4.584417e-01   6.358044e-01   7.372890e-01   5.274333e-01   5.306962e-01   5.734122e-01   6.475626e-01   5.036739e-01   4.186459e-01   5.101559e-01   6.699052e-01   4.259160e-01
   1.255774e-01   9.952871e-01   1.018667e-02   7.999242e-01   7.281287e-01   5.353076e-01   5.188247e-01   5.182287e-01   5.965460e-01   5.318875e-01   1.944416e-01   5.436848e-01   5.187342e-01   6.890695e-01   4.000858e-01   6.523152e-01   5.119047e-01
   7.097413e-01   1.889151e-01   7.345657e-01   7.690764e-01   4.994370e-01   5.455716e-01   5.610850e-01   5.079887e-01   4.962617e-01   5.005316e-01   4.964961e-01   5.005868e-01   5.016437e-01   5.007294e-01   4.980432e-01   5.186621e-01   5.044926e-01
   2.970469e-01   0.000000e+00   8.111244e-01   7.393409e-01   7.712170e-01   7.157702e-01   3.649963e-01   4.960115e-01   5.001619e-01   5.007908e-01   5.044114e-01   4.999173e-01   5.093106e-01   5.021166e-01   5.008314e-01   5.039017e-01   4.937399e-01
   2.846403e-01   1.022106e-02   8.497257e-01   7.969536e-01   5.438276e-01   3.501222e-01   5.424886e-01   5.023190e-01   5.030876e-01   5.010000e-01   5.013640e-01   4.871495e-01   5.166739e-01   5.022087e-01   4.946523e-01   5.017434e-01   5.058680e-01
   3.754466e-01   5.428360e-06   2.708294e-01   8.114952e-01   1.000000e+00   2.762359e-01   4.982883e-01   4.962503e-01   5.046707e-01   4.967779e-01   5.207737e-01   5.167476e-01   5.187343e-01   4.982861e-01   4.961463e-01   5.114978e-01   5.134318e-01
   3.585880e-01   2.171849e-03   5.685856e-01   7.632773e-01   3.703353e-01   7.545219e-01   5.272503e-01   5.067575e-01   5.017421e-01   4.998022e-01   5.064394e-01   5.112674e-01   5.154295e-01   4.989422e-01   4.962445e-01   5.014350e-01   5.081019e-01
   2.917411e-01   7.429856e-03   8.681910e-01   7.877605e-01   6.170220e-01   4.263285e-01   5.886119e-01   5.028420e-01   4.997118e-01   5.013903e-01   5.026715e-01   5.008365e-01   5.084729e-01   4.952236e-01   4.895162e-01   5.029103e-01   5.140318e-01
   1.513415e-01   1.000000e+00   0.000000e+00   7.835546e-01   5.717348e-01   8.655006e-01   5.422561e-01   4.927184e-01   6.643655e-01   1.000000e+00   7.230099e-01   5.750903e-01   4.684985e-01   6.605139e-01   3.016014e-01   7.674968e-01   5.237559e-01
   3.913266e-01   2.406704e-02   1.000000e+00   7.357548e-01   1.537183e-01   6.030965e-01   4.240598e-01   4.912474e-01   5.040375e-01   5.226897e-01   5.017603e-01   5.024973e-01   5.174082e-01   4.929824e-01   5.020518e-01   4.951815e-01   4.981100e-01
   2.964190e-01   0.000000e+00   8.129512e-01   7.398930e-01   7.556914e-01   7.158096e-01   3.766918e-01   4.947785e-01   5.007743e-01   5.019581e-01   5.052145e-01   4.974984e-01   5.123061e-01   5.037070e-01   4.996683e-01   5.032558e-01   4.988397e-01
   5.037433e-01   6.663578e-02   7.297934e-01   8.216183e-01   9.041373e-01   5.668736e-01   4.567398e-01   4.977137e-01   5.199584e-01   5.104226e-01   5.096030e-01   5.040391e-01   5.240704e-01   5.101413e-01   4.986346e-01   5.199602e-01   5.098541e-01
   7.340791e-01   5.901787e-02   7.449612e-01   7.785027e-01   5.338037e-01   1.000000e+00   5.255826e-01   4.963555e-01   4.990397e-01   4.989318e-01   4.942704e-01   5.013425e-01   5.046185e-01   4.955810e-01   4.946123e-01   5.013112e-01   5.011335e-01
   4.252894e-01   5.286289e-02   8.065400e-01   7.680385e-01   4.896558e-01   1.720245e-01   5.157423e-01   5.030603e-01   4.954948e-01   4.985328e-01   5.005227e-01   5.025171e-01   5.056724e-01   4.820364e-01   4.937136e-01   5.044764e-01   5.028339e-01
   2.545932e-01   3.931339e-02   9.099097e-01   8.211413e-01   7.736590e-01   7.318204e-01   4.860301e-01   5.209177e-01   5.066075e-01   4.936589e-01   5.057069e-01   5.100974e-01   5.033522e-01   4.950966e-01   4.993949e-01   5.048409e-01   5.041847e-01
   5.486715e-01   6.780537e-02   9.121602e-01   7.950138e-01   6.309230e-01   1.000000e+00   4.739914e-01   4.862946e-01   4.987734e-01   5.074211e-01   5.037455e-01   4.989135e-01   5.101422e-01   4.916019e-01   5.000599e-01   5.044554e-01   4.941028e-01
   7.576755e-01   2.253672e-01   6.658856e-01   7.467918e-01   2.686519e-01   6.282000e-01   4.745553e-01   4.987192e-01   4.953835e-01   4.931109e-01   5.016049e-01   5.245080e-01   5.185970e-01   5.100516e-01   5.038956e-01   5.154944e-01   5.061748e-01
   4.824476e-01   0.000000e+00   9.385094e-01   8.592200e-01   4.237894e-01   3.327383e-01   5.282423e-01   4.968298e-01   5.044191e-01   5.096334e-01   4.989178e-01   5.100261e-01   5.179340e-01   4.935865e-01   4.850537e-01   4.981959e-01   5.016238e-01
   4.679720e-01   2.163359e-02   7.658865e-01   7.941591e-01   3.721967e-01   7.028802e-01   8.022876e-01   4.956314e-01   5.022388e-01   5.061768e-01   5.005543e-01   5.099357e-01   5.013988e-01   4.959683e-01   4.839947e-01   5.056306e-01   5.051544e-01
   1.285787e-01   9.934843e-01   2.387870e-04   8.627810e-01   7.579356e-01   5.375317e-01   6.559133e-01   3.555198e-01   5.946461e-01   4.989709e-01   2.347685e-01   5.431244e-01   4.984741e-01   6.887499e-01   4.576429e-01   6.588429e-01   5.060585e-01
   3.627438e-01   7.916314e-03   8.853618e-01   6.949053e-01   5.020383e-01   7.050717e-01   4.260630e-01   5.065409e-01   5.093956e-01   5.099642e-01   5.064131e-01   5.067716e-01   4.970967e-01   5.005480e-01   4.886233e-01   5.049326e-01   5.037780e-01
   2.224302e-01   1.000000e+00   0.000000e+00   7.379428e-01   6.581109e-01   5.363656e-01   1.036401e-01   4.152379e-01   5.976464e-01   5.282965e-01   2.677516e-01   5.837953e-01   4.391880e-01   6.759986e-01   4.723504e-01   5.496483e-01   4.610900e-01
   7.329916e-01   2.263747e-02   6.644988e-01   8.018916e-01   6.681215e-01   5.721495e-01   5.375698e-01   4.909200e-01   5.018321e-01   5.052596e-01   4.958818e-01   4.959140e-01   5.179974e-01   5.029784e-01   4.973195e-01   5.034863e-01   4.968741e-01
   1.331575e-01   8.071206e-01   3.207172e-01   9.414003e-01   0.000000e+00   1.000000e+00   1.165635e-01   5.166820e-01   5.300074e-01   5.820655e-01   5.247643e-01   5.936206e-01   5.221510e-01   7.253824e-01   5.326375e-01   5.083934e-01   4.953101e-01
   1.484014e-01   1.000000e+00   7.746904e-03   7.527404e-01   7.442920e-01   6.627168e-01   3.881409e-01   3.888449e-01   9.489369e-01   5.169306e-01   5.902713e-01   5.972465e-01   5.228013e-01   5.114144e-01   6.418234e-01   6.118883e-01   4.468376e-01
   7.886465e-01   1.053853e-01   7.614498e-01   8.281482e-01   7.173647e-01   8.432330e-01   5.199526e-01   5.019245e-01   5.174211e-01   5.062642e-01   4.923542e-01   5.009763e-01   5.091750e-01   5.058610e-01   4.992943e-01   5.044603e-01   5.002329e-01
   7.476192e-01   6.639257e-02   7.644802e-01   7.688480e-01   5.621412e-01   2.666300e-01   5.183856e-01   4.982742e-01   4.964330e-01   4.989655e-01   4.993010e-01   5.015945e-01   4.982834e-01   4.870912e-01   4.933327e-01   5.027279e-01   5.036847e-01
   6.288610e-01   5.350101e-02   8.651853e-01   8.151318e-01   4.179596e-01   1.204409e-01   5.558993e-01   4.922906e-01   4.978172e-01   5.007522e-01   5.064809e-01   4.978268e-01   5.048445e-01   4.958994e-01   4.966732e-01   5.072330e-01   5.045911e-01
   1.149749e-01   1.000000e+00   1.005204e-01   9.084853e-01   0.000000e+00   2.399594e-01   0.000000e+00   7.302595e-01   6.180048e-01   5.202444e-01   5.117025e-01   5.920774e-01   5.000934e-01   6.217830e-01   5.774829e-01   5.566139e-01   4.364688e-01
   3.475530e-01   9.179525e-03   8.640296e-01   7.239084e-01   5.979003e-01   7.741902e-01   4.598489e-01   4.999872e-01   5.015365e-01   5.138542e-01   5.050210e-01   5.077229e-01   5.075811e-01   4.985338e-01   4.962238e-01   4.995445e-01   5.006930e-01
   6.294649e-01   6.816837e-02   9.402650e-01   8.199750e-01   3.281762e-01   1.920325e-01   5.505287e-01   5.059290e-01   4.920287e-01   5.002132e-01   5.064954e-01   5.024231e-01   5.105512e-01   4.962067e-01   4.929522e-01   4.983785e-01   5.023065e-01
   3.337182e-01   4.205923e-02   8.365893e-01   7.737142e-01   7.188495e-01   7.430111e-01   3.899161e-01   5.082095e-01   4.981579e-01   4.948687e-01   4.970194e-01   5.095646e-01   5.132663e-01   5.062699e-01   4.919003e-01   4.993697e-01   5.013532e-01
   4.464871e-01   0.000000e+00   6.998272e-01   8.028891e-01   5.066562e-01   8.678688e-01   5.004319e-01   5.072839e-01   4.950359e-01   5.006642e-01   4.945462e-01   5.107328e-01   5.088832e-01   5.013534e-01   4.962762e-01   5.003523e-01   5.053640e-01
   3.359016e-01   9.652843e-01   9.763067e-01   8.505720e-01   4.021391e-01   7.437882e-01   4.941366e-01   5.050795e-01   4.874751e-01   5.326446e-01   0.000000e+00   5.112879e-01   5.350572e-01   5.503613e-01   5.077227e-01   7.105408e-01   5.441386e-01
   6.708297e-01   1.599223e-02   6.934114e-01   7.969495e-01   8.786811e-01   6.667808e-01   7.449624e-01   5.073964e-01   5.132826e-01   5.201339e-01   5.038111e-01   5.000984e-01   5.010407e-01   4.968445e-01   4.865189e-01   4.992626e-01   5.034668e-01
   7.964428e-01   7.091189e-02   7.492610e-01   8.446598e-01   6.474783e-01   7.866186e-01   7.934547e-01   5.115658e-01   5.018075e-01   4.938947e-01   5.109524e-01   5.032784e-01   5.037826e-01   4.775286e-01   4.944060e-01   4.946666e-01   5.029148e-01
   5.921179e-01   8.558304e-02   8.999212e-01   7.732899e-01   5.083116e-01   3.541798e-01   5.771990e-01   5.026899e-01   4.951126e-01   5.033739e-01   4.985521e-01   5.136525e-01   5.056651e-01   4.994419e-01   5.093388e-01   4.988626e-01   5.221768e-01
   2.652742e-01   1.354377e-02   1.000000e+00   7.604242e-01   5.332002e-01   6.209731e-01   3.974262e-01   4.923382e-01   4.984985e-01   5.297434e-01   4.990563e-01   5.027142e-01   5.195420e-01   5.025417e-01   4.918227e-01   5.021449e-01   4.966368e-01
   2.061652e-01   9.999949e-01   2.459621e-04   7.348818e-01   7.070413e-01   4.943681e-01   4.947439e-01   3.958390e-01   6.332251e-01   7.506181e-01   1.748520e-01   7.260618e-01   4.732731e-01   5.502857e-01   1.903083e-01   6.371474e-01   4.307752e-01
   3.309934e-01   2.172076e-02   1.000000e+00   6.903281e-01   5.111561e-01   5.700483e-01   5.502448e-01   4.991049e-01   5.028418e-01   5.120735e-01   4.994063e-01   5.008335e-01   5.190331e-01   4.998909e-01   4.956431e-01   5.034654e-01   5.048458e-01
   8.823105e-01   1.174107e-01   8.278908e-01   7.390716e-01   4.853273e-01   8.112039e-01   5.362776e-01   5.045524e-01   4.995747e-01   4.971273e-01   5.021192e-01   4.891916e-01   5.086880e-01   5.022264e-01   4.943081e-01   5.092095e-01   5.108330e-01
   8.218349e-01   1.464958e-01   7.862194e-01   7.767587e-01   3.950486e-01   7.262465e-01   6.331178e-01   4.995484e-01   4.899081e-01   5.025065e-01   5.028804e-01   5.022527e-01   5.040445e-01   5.096683e-01   5.089101e-01   4.970554e-01   4.910450e-01
   8.715893e-01   1.043096e-01   6.018397e-01   7.711417e-01   3.381912e-01   1.000000e+00   6.388208e-01   4.973976e-01   4.958749e-01   5.021120e-01   5.064674e-01   4.968820e-01   5.059296e-01   5.027403e-01   5.132179e-01   5.146065e-01   5.095726e-01
   4.540237e-01   6.085309e-03   7.801906e-01   7.393370e-01   3.921715e-01   6.916201e-01   5.042268e-01   4.957647e-01   5.014254e-01   5.063533e-01   5.004255e-01   5.032231e-01   5.013031e-01   4.936283e-01   4.834287e-01   5.039572e-01   5.048173e-01
   8.220200e-01   1.142448e-01   8.113859e-01   7.261994e-01   5.869951e-01   7.045305e-01   5.952559e-01   5.033837e-01   4.995206e-01   4.924111e-01   5.021986e-01   5.227957e-01   5.115604e-01   5.200429e-01   5.008274e-01   5.075532e-01   5.165490e-01
   6.074604e-01   2.556958e-02   7.115477e-01   7.951192e-01   5.172161e-01   7.264286e-01   6.422555e-01   5.047208e-01   4.944307e-01   4.989303e-01   4.993834e-01   4.982097e-01   5.115317e-01   4.808178e-01   4.976831e-01   5.060761e-01   5.079943e-01
   6.742269e-01   1.412122e-02   8.337796e-01   7.324587e-01   7.181984e-01   9.223327e-01   3.512607e-01   4.976967e-01   4.945717e-01   4.982024e-01   5.035234e-01   5.009004e-01   5.121781e-01   5.035586e-01   4.974418e-01   5.050283e-01   4.975095e-01
   9.338818e-01   8.645291e-02   8.545355e-01   8.626143e-01   4.442061e-01   4.894697e-01   6.429333e-01   4.925494e-01   4.938117e-01   5.011453e-01   4.985420e-01   5.136331e-01   5.016747e-01   5.019049e-01   5.032515e-01   4.984675e-01   4.879734e-01
   5.552068e-01   3.044599e-02   8.915784e-01   8.194341e-01   7.205131e-01   9.052580e-01   4.946285e-01   5.065934e-01   4.942781e-01   4.972098e-01   5.024805e-01   5.030391e-01   5.068427e-01   5.034486e-01   4.974697e-01   5.051599e-01   5.062283e-01
   9.402268e-01   2.197844e-01   7.210039e-01   7.798762e-01   3.444701e-01   5.143346e-01   5.432523e-01   4.989878e-01   4.953611e-01   5.017921e-01   4.994610e-01   4.997211e-01   5.119222e-01   4.943347e-01   4.785699e-01   5.072493e-01   5.057165e-01
   1.624035e-01   9.968983e-01   1.000000e+00   8.105895e-01   4.434483e-01   5.696554e-01   4.466097e-01   7.746194e-01   9.112777e-01   3.201588e-01   4.609520e-01   5.856986e-01   3.756412e-01   4.731408e-01   6.280858e-01   5.461255e-01   4.755113e-01
   1.912253e-01   9.999965e-01   4.335196e-04   7.224468e-01   8.865918e-01   4.901188e-01   7.017166e-01   3.210392e-01   1.000000e+00   2.287640e-01   4.636888e-01   5.651103e-01   4.798773e-01   6.272496e-01   1.000000e+00   6.933899e-01   5.876827e-01
   6.866657e-01   4.961356e-01   9.580149e-01   7.009775e-01   5.169709e-01   6.032159e-01   5.604443e-01   5.072544e-01   5.027254e-01   5.047250e-01   4.990598e-01   4.994281e-01   5.119700e-01   4.976280e-01   4.947283e-01   5.100598e-01   5.044133e-01
   5.279456e-01   0.000000e+00   7.492318e-01   8.325469e-01   4.508114e-01   5.799710e-01   2.689766e-01   4.977800e-01   5.104810e-01   5.108512e-01   5.122935e-01   5.229187e-01   5.105567e-01   5.100167e-01   4.961952e-01   5.165288e-01   5.141383e-01
   1.447440e-01   1.000000e+00   0.000000e+00   8.342805e-01   1.373477e-01   6.616971e-01   4.972853e-01   5.681323e-01   5.102708e-01   6.394084e-01   5.392882e-01   4.328733e-01   5.700869e-01   5.703211e-01   3.690774e-01   5.195220e-01   5.143954e-01
   6.408896e-01   1.158892e-01   7.563148e-01   7.642639e-01   3.345117e-01   7.994016e-01   9.831022e-01   5.231209e-01   5.025491e-01   4.985388e-01   5.068541e-01   5.015647e-01   5.125467e-01   4.956842e-01   4.960816e-01   5.060943e-01   5.019980e-01
   5.632674e-01   6.949138e-02   5.980600e-01   8.545272e-01   7.856571e-01   6.104461e-01   5.132549e-01   4.821560e-01   4.973566e-01   4.987114e-01   5.040181e-01   5.045380e-01   5.087203e-01   5.036350e-01   5.009614e-01   4.999432e-01   5.078037e-01
   5.301480e-01   1.976393e-02   1.000000e+00   8.285946e-01   1.000000e+00   2.662790e-01   4.298153e-01   5.089395e-01   5.088575e-01   4.977102e-01   5.039087e-01   4.995686e-01   5.113506e-01   4.899017e-01   5.033971e-01   5.188397e-01   5.040127e-01
   3.714135e-01   1.000000e+00   0.000000e+00   7.841197e-01   3.609543e-01   1.711817e-01   5.533325e-01   4.878411e-01   5.260960e-01   4.948885e-01   4.169702e-01   5.136326e-01   5.109139e-01   5.051677e-01   6.705099e-01   5.056514e-01   5.115623e-01
   5.403846e-01   1.684389e-01   4.994386e-01   8.074272e-01   6.127885e-01   4.346618e-01   5.537115e-01   4.958855e-01   4.790652e-01   5.018668e-01   5.020168e-01   4.924773e-01   5.089527e-01   4.903259e-01   4.985246e-01   5.080629e-01   4.979607e-01
   7.574509e-01   7.297468e-02   7.485294e-01   8.180370e-01   5.819904e-01   7.575090e-01   5.202174e-01   4.941793e-01   4.856309e-01   4.975430e-01   4.948703e-01   5.017236e-01   5.033666e-01   4.857148e-01   4.938848e-01   4.929344e-01   5.038919e-01
   3.120236e-01   2.247640e-02   1.000000e+00   7.205888e-01   6.653480e-01   6.500309e-01   4.695396e-01   5.002386e-01   4.967662e-01   4.907148e-01   5.016070e-01   5.038548e-01   4.948640e-01   5.005472e-01   5.000210e-01   5.008940e-01   5.066217e-01
   1.995542e-01   1.000000e+00   0.000000e+00   7.642398e-01   1.000000e+00   8.147941e-01   5.400685e-01   4.949456e-01   5.328833e-01   9.100850e-01   5.336328e-01   5.471380e-01   4.971078e-01   9.294076e-01   4.842664e-01   5.367940e-01   5.083115e-01
   7.464763e-01   0.000000e+00   7.477166e-01   8.282846e-01   4.203865e-01   1.000000e+00   5.361213e-01   5.049564e-01   5.081768e-01   5.023648e-01   4.937742e-01   4.830514e-01   5.124781e-01   5.026218e-01   4.946547e-01   5.095729e-01   5.019084e-01
   4.002920e-01   9.547463e-02   0.000000e+00   8.922846e-01   3.916028e-01   7.287018e-01   4.900847e-01   5.098641e-01   5.003859e-01   5.236115e-01   5.141443e-01   5.032612e-01   5.170476e-01   4.991721e-01   4.958854e-01   5.105844e-01   4.973863e-01
   8.808932e-01   9.980161e-02   8.385700e-01   7.744465e-01   4.042592e-01   8.640760e-01   5.116139e-01   4.870492e-01   5.025466e-01   4.947879e-01   5.034914e-01   4.830534e-01   5.005773e-01   4.997139e-01   4.939624e-01   5.068370e-01   5.112514e-01
   2.934837e-01   0.000000e+00   7.851801e-01   7.965181e-01   6.976920e-01   1.000000e+00   4.477356e-01   5.003364e-01   4.961539e-01   5.023747e-01   5.023827e-01   4.974415e-01   5.101487e-01   5.034458e-01   4.932575e-01   5.026609e-01   4.986409e-01
   1.811747e-01   1.000000e+00   1.000000e+00   8.255930e-01   1.150565e-01   6.864349e-01   3.786933e-01   6.572078e-01   5.326365e-01   4.849648e-01   0.000000e+00   5.449110e-01   4.058813e-01   4.707609e-01   5.341163e-01   5.461882e-01   4.749342e-01
   3.366526e-01   4.628281e-03   7.686552e-01   7.004747e-01   5.909075e-01   2.976064e-01   6.096160e-01   4.998625e-01   5.026582e-01   4.934076e-01   4.976535e-01   4.952085e-01   5.124163e-01   4.981980e-01   4.949162e-01   5.028716e-01   5.111790e-01
   7.822752e-02   1.000000e+00   0.000000e+00   7.604700e-01   6.532673e-01   4.841536e-01   4.574981e-01   5.146796e-01   6.092871e-01   6.860168e-01   0.000000e+00   8.378718e-01   4.276906e-01   5.697242e-01   9.612476e-01   9.269904e-01   6.345405e-01
   9.174233e-01   1.522076e-01   8.728365e-01   7.886850e-01   6.029916e-01   7.267048e-01   4.921737e-01   5.134108e-01   4.918959e-01   4.938679e-01   5.034080e-01   5.044847e-01   4.989651e-01   4.939014e-01   4.980290e-01   5.096399e-01   4.994690e-01
   3.818314e-01   1.191589e-06   0.000000e+00   8.214444e-01   9.615475e-01   3.390999e-02   4.271962e-01   5.070430e-01   5.295762e-01   4.937312e-01   5.161937e-01   4.825855e-01   5.147704e-01   5.007560e-01   5.060602e-01   5.107741e-01   5.086026e-01
