   3.146706e-02   4.708413e-02   0.000000e+00   3.967736e-02   3.737869e-01   2.956351e-01   9.133068e-01   5.997613e-01   3.993615e-01   4.999179e-01   8.995659e-01   3.999505e-01   7.001952e-01   7.995482e-01   5.005801e-01   3.003625e-01   0.000000e+00
   1.803155e-01   2.772971e-01   1.037715e-01   4.952224e-01   3.053704e-01   3.398601e-01   8.953359e-01   5.999954e-01   3.997749e-01   5.005140e-01   8.995718e-01   3.999547e-01   7.005602e-01   7.999186e-01   5.005546e-01   3.014304e-01   0.000000e+00
   1.233848e-01   5.312998e-02   2.164113e-01   8.016911e-03   3.683513e-01   5.760080e-01   8.178686e-01   5.997400e-01   3.993194e-01   5.002273e-01   8.999622e-01   3.991481e-01   7.003302e-01   8.001892e-01   4.993103e-01   3.003517e-01   0.000000e+00
   2.388631e-01   6.350353e-03   3.368039e-01   1.431131e-01   1.904209e-02   9.058112e-01   9.173770e-01   6.002579e-01   3.994623e-01   5.002474e-01   9.002743e-01   3.996818e-01   7.005242e-01   7.998507e-01   5.001296e-01   3.001209e-01   0.000000e+00
   8.579381e-02   6.733237e-01   5.449954e-01   2.105384e-01   7.470577e-01   6.376966e-02   9.433949e-01   6.001028e-01   3.994863e-01   5.003018e-01   8.998173e-01   3.995681e-01   6.999976e-01   7.996720e-01   5.001021e-01   3.001860e-01   0.000000e+00
   5.346115e-01   1.748763e-01   1.347218e-01   2.874234e-01   1.557137e-01   3.143109e-01   8.976633e-01   6.004771e-01   4.004618e-01   5.005868e-01   8.997180e-01   4.003522e-01   7.001639e-01   8.000220e-01   4.995412e-01   2.999602e-01   0.000000e+00
   3.973362e-01   3.475953e-01   6.019704e-01   1.303462e-01   4.624096e-01   9.735884e-01   8.830333e-01   5.996634e-01   3.999654e-01   4.999227e-01   9.003757e-01   3.988472e-01   6.985620e-01   7.999014e-01   4.998093e-01   3.005451e-01   0.000000e+00
   1.315936e-02   8.123905e-03   3.883487e-03   5.301282e-02   6.531264e-02   4.867185e-02   4.869633e-02   6.002811e-01   3.995515e-01   5.002569e-01   8.997810e-01   3.994580e-01   7.006482e-01   8.000406e-01   4.994655e-01   3.006164e-01   0.000000e+00
   5.493111e-02   3.994042e-02   0.000000e+00   0.000000e+00   6.436106e-02   4.675896e-02   1.774754e-01   6.000456e-01   3.991108e-01   5.006444e-01   8.994382e-01   4.005521e-01   7.008302e-01   8.000855e-01   5.004450e-01   2.997856e-01   0.000000e+00
   7.565753e-02   5.397034e-02   8.649999e-01   4.886079e-01   2.622468e-01   9.637175e-01   9.963496e-01   6.000731e-01   3.993434e-01   5.003625e-01   8.997766e-01   3.995157e-01   7.005957e-01   8.001939e-01   4.993372e-01   3.002865e-01   0.000000e+00
   2.585443e-02   3.510156e-02   5.757073e-02   0.000000e+00   0.000000e+00   4.292114e-02   4.260245e-02   6.001720e-01   3.995696e-01   5.003287e-01   8.996660e-01   3.994661e-01   7.011625e-01   8.000632e-01   4.990406e-01   3.004589e-01   0.000000e+00
   0.000000e+00   8.956840e-07   8.385042e-05   1.198423e-03   1.000000e+00   1.589698e-01   9.161048e-01   5.972438e-01   3.980578e-01   4.998191e-01   8.995179e-01   3.999301e-01   6.992894e-01   8.001568e-01   5.002373e-01   3.002231e-01   0.000000e+00
   5.317845e-02   2.686341e-01   6.540008e-01   2.570862e-01   6.422094e-01   1.065340e-01   9.266866e-01   6.000929e-01   3.998891e-01   5.008417e-01   9.001036e-01   3.995599e-01   7.000022e-01   7.998979e-01   4.998326e-01   3.003745e-01   0.000000e+00
   2.858688e-02   1.309472e-01   6.588808e-01   0.000000e+00   7.290577e-01   1.159023e-01   9.267433e-01   6.000881e-01   4.001141e-01   5.006821e-01   9.000112e-01   3.990500e-01   7.005462e-01   8.003359e-01   4.998930e-01   3.003710e-01   0.000000e+00
   0.000000e+00   1.048624e-03   4.820798e-02   0.000000e+00   3.543743e-02   1.000000e+00   1.000000e+00   6.002594e-01   3.998175e-01   5.003817e-01   8.999411e-01   4.004628e-01   6.999898e-01   8.003200e-01   4.999901e-01   3.006033e-01   0.000000e+00
   2.092933e-03   7.887585e-01   3.198027e-01   6.271114e-01   4.149026e-01   1.011570e-01   1.000000e+00   5.999087e-01   4.000235e-01   5.001243e-01   8.996297e-01   4.000249e-01   7.001827e-01   7.997607e-01   5.001514e-01   3.000019e-01   0.000000e+00
   1.139532e-01   1.229060e-01   0.000000e+00   1.484792e-01   8.538993e-01   1.851475e-01   8.579773e-01   5.999728e-01   3.993661e-01   5.006937e-01   9.003932e-01   3.993350e-01   6.995572e-01   7.999716e-01   5.006013e-01   2.995349e-01   0.000000e+00
   2.050725e-01   1.438757e-01   3.259770e-01   4.920433e-01   3.121330e-01   4.459965e-01   8.978598e-01   5.997603e-01   3.994803e-01   5.003799e-01   8.994958e-01   4.000214e-01   7.005265e-01   8.001881e-01   4.992647e-01   2.999345e-01   0.000000e+00
   1.855867e-03   9.818064e-01   3.741310e-01   4.142803e-01   4.303440e-01   9.121595e-02   8.038646e-01   5.999073e-01   4.000121e-01   5.001183e-01   8.996145e-01   4.000276e-01   6.999672e-01   7.997794e-01   5.000424e-01   3.000701e-01   0.000000e+00
   7.801756e-02   4.819395e-02   3.947051e-02   1.787559e-02   0.000000e+00   6.237496e-03   2.312792e-01   5.998666e-01   3.992240e-01   4.998624e-01   8.997478e-01   4.020991e-01   7.003260e-01   8.000307e-01   5.004329e-01   3.006041e-01   0.000000e+00
   2.600158e-01   6.264766e-03   8.816539e-04   1.409187e-01   1.626914e-02   9.707507e-01   9.519200e-01   6.002066e-01   3.989367e-01   4.993924e-01   9.003057e-01   3.998003e-01   7.003961e-01   7.998534e-01   5.001449e-01   3.002365e-01   0.000000e+00
   5.755407e-02   8.856100e-02   2.237356e-01   1.255944e-01   0.000000e+00   0.000000e+00   0.000000e+00   6.000745e-01   4.000123e-01   4.998024e-01   9.000846e-01   3.993591e-01   7.004824e-01   7.999654e-01   4.997156e-01   3.003777e-01   0.000000e+00
   2.596246e-02   4.742997e-02   4.176622e-02   3.293059e-02   2.147228e-01   2.170149e-01   9.314152e-01   6.001175e-01   3.993689e-01   5.000263e-01   8.996325e-01   3.999459e-01   7.001581e-01   7.995741e-01   5.001791e-01   3.003657e-01   0.000000e+00
   6.050736e-04   1.582202e-02   7.835253e-02   0.000000e+00   1.973156e-02   0.000000e+00   9.997144e-01   6.001851e-01   3.996119e-01   5.000822e-01   8.997907e-01   3.997666e-01   7.000017e-01   8.001683e-01   4.998981e-01   3.007074e-01   0.000000e+00
   1.371601e-01   1.429265e-01   0.000000e+00   4.564239e-01   6.968982e-02   1.573565e-01   0.000000e+00   5.997819e-01   3.991725e-01   4.996691e-01   8.996925e-01   4.004304e-01   7.007303e-01   8.002196e-01   4.997536e-01   3.032259e-01   0.000000e+00
   0.000000e+00   0.000000e+00   0.000000e+00   0.000000e+00   1.000000e+00   3.277671e-01   8.299036e-01   7.005370e-01   3.997937e-01   4.991557e-01   8.997393e-01   3.992708e-01   6.992771e-01   7.997981e-01   5.000961e-01   3.000932e-01   0.000000e+00
   2.364564e-01   2.540948e-01   1.375368e-01   2.037127e-02   9.582404e-02   3.317410e-01   8.598384e-01   5.996845e-01   3.994860e-01   4.999971e-01   8.997048e-01   3.998229e-01   7.003414e-01   8.002956e-01   5.009194e-01   3.004541e-01   0.000000e+00
   5.016694e-02   7.344749e-02   5.625574e-02   7.528322e-02   6.687200e-02   9.641896e-01   8.616609e-01   6.001343e-01   3.990647e-01   4.999759e-01   8.998192e-01   3.994092e-01   7.001337e-01   8.001257e-01   5.000495e-01   3.001069e-01   0.000000e+00
   0.000000e+00   7.012985e-01   4.526024e-01   4.500262e-01   4.108487e-01   1.638267e-01   8.324759e-01   5.996115e-01   3.997000e-01   5.000677e-01   8.996769e-01   3.996174e-01   7.003482e-01   7.997981e-01   4.995193e-01   3.001904e-01   0.000000e+00
   2.138053e-01   4.299667e-01   2.931591e-01   3.015749e-01   3.869679e-01   5.760459e-01   8.887449e-01   6.007350e-01   3.996400e-01   5.003280e-01   8.996958e-01   4.002828e-01   7.009232e-01   7.999235e-01   5.003589e-01   3.010371e-01   0.000000e+00
   3.944568e-02   7.875177e-02   3.128392e-02   0.000000e+00   0.000000e+00   1.318839e-03   6.135419e-02   5.998795e-01   3.991877e-01   4.996436e-01   8.997692e-01   3.997811e-01   7.000407e-01   7.996548e-01   5.002438e-01   3.001185e-01   0.000000e+00
   1.000000e+00   8.479080e-01   3.671218e-01   7.159776e-01   8.303259e-01   1.339459e-01   8.453916e-01   5.999906e-01   4.000476e-01   5.001142e-01   8.996347e-01   4.000760e-01   6.999676e-01   7.997503e-01   5.000613e-01   2.999097e-01   0.000000e+00
   8.907636e-02   4.563199e-02   1.109326e-01   6.381779e-02   8.685683e-01   5.750175e-01   9.190801e-01   5.999580e-01   3.987599e-01   5.011783e-01   8.997593e-01   3.988457e-01   6.999605e-01   8.001124e-01   4.992820e-01   3.003439e-01   0.000000e+00
   1.786813e-02   7.760670e-03   1.027313e-02   5.272268e-01   6.137090e-02   1.323720e-02   5.138399e-02   6.001994e-01   3.989920e-01   5.002730e-01   8.996004e-01   3.995053e-01   7.008925e-01   8.000512e-01   4.999118e-01   3.006170e-01   0.000000e+00
   1.790320e-01   3.210849e-01   2.025597e-01   5.319492e-01   3.017442e-01   3.146712e-01   8.966328e-01   5.998389e-01   3.996675e-01   5.003083e-01   8.994790e-01   3.995610e-01   7.004685e-01   8.000305e-01   5.005927e-01   3.005728e-01   0.000000e+00
   3.265906e-01   2.855029e-01   1.963253e-01   5.509537e-01   1.504102e-01   8.198761e-01   6.556335e-01   5.998261e-01   3.999810e-01   5.003858e-01   8.994800e-01   3.994059e-01   7.001372e-01   8.000591e-01   4.994955e-01   3.004321e-01   0.000000e+00
   3.612292e-02   4.911145e-02   0.000000e+00   1.774944e-02   3.411302e-01   5.732959e-02   4.955729e-05   6.000656e-01   4.000013e-01   5.012355e-01   8.994209e-01   3.995083e-01   7.005049e-01   7.995643e-01   5.003166e-01   3.001867e-01   0.000000e+00
   2.101960e-01   6.161935e-01   1.078629e-01   9.917672e-02   1.150630e-01   3.983218e-01   7.696279e-01   6.003655e-01   3.999875e-01   4.999974e-01   8.995458e-01   4.000791e-01   6.998653e-01   7.997831e-01   4.996958e-01   3.009298e-01   0.000000e+00
   1.252788e-01   4.395484e-02   1.374816e-01   1.614785e-01   2.427139e-01   1.584595e-03   9.022260e-01   5.998070e-01   3.999372e-01   5.002568e-01   8.996786e-01   4.001775e-01   7.001263e-01   8.003183e-01   4.995262e-01   2.998988e-01   0.000000e+00
   1.838195e-01   2.285217e-01   2.586182e-01   3.306529e-01   3.055306e-01   2.735545e-01   8.959314e-01   6.000538e-01   3.996161e-01   5.007464e-01   8.995836e-01   4.004239e-01   7.006559e-01   7.995016e-01   4.995750e-01   3.024801e-01   0.000000e+00
   1.045730e-01   2.453450e-01   2.149613e-01   8.346931e-01   3.603946e-01   1.685544e-01   9.026547e-01   5.997226e-01   3.995004e-01   4.996252e-01   8.995302e-01   3.997820e-01   7.005575e-01   8.005348e-01   5.001020e-01   3.004943e-01   0.000000e+00
   4.745199e-01   1.751692e-01   7.976283e-02   2.723489e-01   2.976922e-01   2.466042e-01   8.721955e-01   5.999094e-01   3.997199e-01   5.003105e-01   8.995467e-01   3.993122e-01   7.004318e-01   7.996821e-01   5.000809e-01   3.004884e-01   0.000000e+00
   4.049942e-02   1.088430e-01   1.181200e-01   2.177162e-01   6.943320e-02   5.563767e-01   2.495226e-02   5.999845e-01   3.992579e-01   4.996232e-01   8.997953e-01   3.992482e-01   7.008646e-01   8.000992e-01   4.997900e-01   3.002227e-01   0.000000e+00
   0.000000e+00   3.492259e-02   3.589944e-02   7.036876e-01   7.493844e-01   9.271053e-01   1.000000e+00   6.001709e-01   3.997526e-01   5.002839e-01   8.997819e-01   3.987293e-01   7.002472e-01   7.994630e-01   4.995019e-01   3.006903e-01   0.000000e+00
   1.989486e-01   6.936451e-01   7.030367e-01   4.159445e-01   3.919971e-01   3.198048e-01   8.853826e-01   5.998850e-01   3.994598e-01   5.003045e-01   8.995019e-01   3.991698e-01   7.010145e-01   7.997523e-01   4.998813e-01   2.997320e-01   0.000000e+00
   1.858984e-03   9.173631e-01   2.191942e-01   2.348287e-01   4.762955e-01   9.677926e-02   8.327722e-01   5.999655e-01   4.000435e-01   5.002095e-01   8.996400e-01   4.000645e-01   6.999617e-01   7.998006e-01   5.000948e-01   3.000832e-01   0.000000e+00
   7.231599e-01   3.193569e-01   0.000000e+00   2.024299e-01   0.000000e+00   7.713184e-01   8.879778e-01   5.999416e-01   4.000605e-01   4.995925e-01   9.000192e-01   4.003380e-01   6.998794e-01   7.998562e-01   5.000248e-01   3.007724e-01   0.000000e+00
   7.521149e-02   4.704050e-02   4.945490e-02   4.324717e-02   3.393028e-02   8.656162e-03   2.478351e-01   5.998265e-01   3.991868e-01   5.006028e-01   8.995936e-01   3.999181e-01   7.006496e-01   7.999237e-01   5.004434e-01   3.007644e-01   0.000000e+00
   2.755042e-02   3.139138e-02   3.151283e-02   2.213830e-02   1.134575e-02   3.351359e-02   9.205842e-01   6.001897e-01   4.000436e-01   5.001639e-01   8.996414e-01   4.002883e-01   7.000407e-01   8.002320e-01   4.994895e-01   3.009565e-01   0.000000e+00
   0.000000e+00   0.000000e+00   1.084883e-03   1.000000e+00   1.089760e-01   6.940632e-02   8.252945e-01   6.001182e-01   3.999307e-01   5.001569e-01   8.996337e-01   3.997939e-01   6.999177e-01   7.995445e-01   4.996344e-01   3.007400e-01   0.000000e+00
   2.566077e-02   4.832230e-01   2.438478e-01   2.940698e-03   8.498237e-01   6.988386e-02   8.635522e-01   6.000846e-01   4.001178e-01   5.004361e-01   8.999263e-01   3.999915e-01   6.997328e-01   7.998257e-01   4.993299e-01   3.003613e-01   0.000000e+00
   0.000000e+00   5.174012e-01   1.000000e+00   2.188678e-01   9.619903e-01   1.627040e-01   8.278771e-01   6.000524e-01   3.999520e-01   5.001425e-01   8.995650e-01   4.001157e-01   7.003309e-01   7.998115e-01   4.986381e-01   3.009811e-01   0.000000e+00
   4.968962e-02   9.724851e-03   2.544549e-02   1.159946e-02   3.564290e-03   2.552574e-02   0.000000e+00   6.000596e-01   3.994832e-01   5.007997e-01   9.000363e-01   4.001502e-01   6.998830e-01   7.999795e-01   5.000741e-01   3.001669e-01   0.000000e+00
   1.617066e-02   0.000000e+00   2.347276e-02   3.215973e-02   1.000000e+00   3.089844e-02   7.984731e-01   5.012256e-01   3.982317e-01   5.000460e-01   8.995945e-01   4.002632e-01   6.993337e-01   8.004199e-01   4.999102e-01   3.007974e-01   0.000000e+00
   8.985593e-04   0.000000e+00   0.000000e+00   1.000000e+00   1.595438e-01   1.330548e-01   7.925831e-01   5.999153e-01   4.000038e-01   5.001728e-01   8.994044e-01   4.000282e-01   6.998802e-01   8.004791e-01   4.993228e-01   3.000096e-01   0.000000e+00
   1.635491e-03   1.544712e-02   1.251817e-01   2.635031e-03   1.140917e-02   9.468536e-02   6.245547e-02   6.001467e-01   3.995584e-01   5.005854e-01   8.995095e-01   3.998625e-01   7.001763e-01   8.001206e-01   4.991777e-01   2.999893e-01   0.000000e+00
   4.929143e-02   3.031620e-02   0.000000e+00   1.000000e+00   4.697994e-01   0.000000e+00   8.571762e-01   6.002096e-01   4.002900e-01   4.999133e-01   8.998627e-01   3.996389e-01   7.010984e-01   7.998113e-01   4.996546e-01   3.009195e-01   0.000000e+00
   3.841698e-01   2.742417e-01   2.212726e-01   2.033883e-01   1.220624e-01   3.674412e-02   2.048900e-02   6.002263e-01   3.998579e-01   5.005748e-01   8.993116e-01   3.993631e-01   7.000077e-01   8.001316e-01   5.003241e-01   2.999804e-01   0.000000e+00
   7.027603e-03   3.114836e-02   7.615696e-02   5.765286e-01   0.000000e+00   9.274271e-02   2.063296e-02   6.000500e-01   3.999605e-01   5.011795e-01   8.997702e-01   3.995807e-01   7.007794e-01   8.001850e-01   4.995681e-01   3.002966e-01   0.000000e+00
   6.673000e-01   5.247879e-02   9.256890e-01   0.000000e+00   1.524328e-01   1.436266e-01   9.405102e-01   5.997011e-01   3.999794e-01   5.002603e-01   8.996266e-01   3.992944e-01   6.998916e-01   8.002884e-01   4.995152e-01   3.000851e-01   0.000000e+00
   1.058837e-01   2.560115e-01   1.986944e-01   9.198239e-02   1.515505e-01   1.000000e+00   8.739203e-01   5.998465e-01   3.996319e-01   5.001598e-01   8.995888e-01   3.992228e-01   7.002373e-01   8.002985e-01   4.997501e-01   3.002668e-01   0.000000e+00
   1.321132e-02   4.895803e-02   1.485370e-01   8.239940e-01   1.246720e-01   8.739338e-01   6.306024e-01   6.000673e-01   4.000586e-01   4.997079e-01   8.994989e-01   3.997487e-01   7.001056e-01   8.000693e-01   4.997200e-01   2.999391e-01   0.000000e+00
   1.019042e-01   5.047155e-02   6.153187e-02   1.421498e-01   4.037351e-01   0.000000e+00   3.522423e-01   5.998724e-01   3.991964e-01   5.000965e-01   8.995746e-01   4.007302e-01   6.993293e-01   8.000753e-01   5.004358e-01   3.006167e-01   0.000000e+00
   6.068416e-02   9.935441e-02   7.431293e-02   2.149607e-02   0.000000e+00   2.004009e-01   1.980601e-01   5.998996e-01   3.992178e-01   5.009312e-01   8.998010e-01   4.004142e-01   7.002881e-01   8.002835e-01   4.996785e-01   3.006079e-01   0.000000e+00
   2.528837e-01   3.538307e-02   6.841078e-02   6.100524e-02   2.421357e-01   8.120480e-01   9.202112e-01   6.004519e-01   3.995961e-01   5.007181e-01   8.996429e-01   4.003012e-01   6.997179e-01   8.006914e-01   4.995394e-01   2.999762e-01   0.000000e+00
   4.909093e-03   7.483699e-03   9.753328e-03   1.374489e-01   1.055324e-02   8.751564e-03   3.543886e-02   6.003593e-01   3.993438e-01   5.002153e-01   8.997402e-01   3.993982e-01   7.010287e-01   8.000703e-01   5.002606e-01   3.006511e-01   0.000000e+00
   1.882228e-01   4.417422e-02   1.924884e-02   6.156911e-02   8.084330e-01   1.933059e-01   9.181939e-01   5.999386e-01   3.988902e-01   5.006991e-01   9.000893e-01   3.988912e-01   6.999561e-01   8.001069e-01   4.998705e-01   3.003599e-01   0.000000e+00
   1.897686e-01   1.822726e-01   1.639179e-01   2.962484e-01   3.028963e-01   1.770365e-01   8.932069e-01   6.001995e-01   3.989317e-01   5.003413e-01   8.995728e-01   3.998186e-01   7.011787e-01   7.999729e-01   4.997250e-01   3.007488e-01   0.000000e+00
   0.000000e+00   1.250948e-06   6.227814e-05   0.000000e+00   1.000000e+00   1.775165e-01   9.235689e-01   1.000000e+00   4.000479e-01   4.999621e-01   8.995152e-01   3.999618e-01   6.993389e-01   7.998356e-01   5.000913e-01   2.999432e-01   0.000000e+00
   2.573002e-01   2.370506e-01   1.585193e-01   1.987280e-01   1.848242e-01   3.322401e-01   8.394136e-01   6.002699e-01   3.994487e-01   4.999066e-01   8.997032e-01   3.999166e-01   6.996328e-01   7.999364e-01   5.014328e-01   2.996240e-01   0.000000e+00
   1.726111e-02   0.000000e+00   4.075989e-02   2.375442e-02   6.824580e-02   7.416974e-02   1.000000e+00   6.004862e-01   3.994906e-01   4.999532e-01   8.998232e-01   4.000485e-01   6.999923e-01   8.002044e-01   4.994793e-01   3.008398e-01   0.000000e+00
   8.449143e-02   1.069294e-01   3.463550e-01   2.725853e-01   3.145941e-01   8.792947e-01   9.384759e-01   5.999587e-01   3.994890e-01   4.995855e-01   8.998911e-01   3.998980e-01   7.001801e-01   8.000716e-01   4.997873e-01   3.002165e-01   0.000000e+00
   6.776800e-02   7.755572e-01   5.798134e-01   2.640203e-01   6.301685e-02   1.061938e-01   7.952534e-01   5.996638e-01   3.995731e-01   5.002097e-01   8.998632e-01   3.997322e-01   7.001169e-01   7.998201e-01   5.001792e-01   3.001540e-01   0.000000e+00
   3.517599e-02   8.889462e-01   1.622512e-01   8.543565e-02   0.000000e+00   1.000000e+00   8.566880e-01   5.998474e-01   3.996633e-01   5.001128e-01   8.998476e-01   4.002386e-01   7.000220e-01   7.997433e-01   5.000437e-01   3.000967e-01   0.000000e+00
   2.696067e-01   3.601012e-02   5.220694e-01   1.000000e+00   1.603974e-02   8.974137e-01   9.412317e-01   5.999274e-01   3.994478e-01   4.996218e-01   8.997159e-01   3.994809e-01   7.009218e-01   8.000308e-01   5.002702e-01   3.004846e-01   0.000000e+00
   1.793503e-03   9.316048e-01   3.785613e-01   3.941584e-01   5.142633e-01   9.025751e-02   8.322133e-01   5.999442e-01   4.000160e-01   5.001180e-01   8.996119e-01   4.000129e-01   6.999975e-01   7.997466e-01   5.000493e-01   3.000779e-01   0.000000e+00
   1.538985e-01   9.659050e-01   3.596080e-01   6.517811e-01   6.960333e-01   3.204489e-02   9.140207e-01   5.999831e-01   4.000178e-01   5.001113e-01   8.996146e-01   4.000542e-01   7.004287e-01   7.999522e-01   5.000631e-01   2.997826e-01   0.000000e+00
   3.659970e-01   9.338330e-02   1.651924e-02   1.066024e-01   6.755243e-01   1.993615e-03   9.483389e-01   5.999517e-01   3.983515e-01   5.003978e-01   8.995294e-01   4.011453e-01   7.015856e-01   8.001867e-01   4.995359e-01   3.003104e-01   0.000000e+00
   1.328815e-02   2.551758e-02   3.431971e-03   2.635701e-02   4.252935e-02   6.886278e-02   0.000000e+00   6.000727e-01   4.000290e-01   5.012323e-01   8.994295e-01   3.997496e-01   7.006808e-01   8.000631e-01   4.989394e-01   3.001703e-01   0.000000e+00
   0.000000e+00   2.766438e-01   4.175748e-01   7.252608e-02   4.690401e-01   9.933288e-01   9.132730e-01   5.999745e-01   3.995068e-01   4.999356e-01   8.999752e-01   3.997233e-01   7.003955e-01   7.999742e-01   4.996823e-01   2.996160e-01   0.000000e+00
   3.173938e-01   2.764879e-02   1.398276e-01   1.436143e-01   3.452844e-01   3.760709e-01   3.035414e-02   6.000707e-01   4.001730e-01   5.003353e-01   8.992032e-01   4.002449e-01   7.004030e-01   8.001172e-01   5.002360e-01   2.999237e-01   0.000000e+00
   0.000000e+00   5.068337e-01   1.000000e+00   1.638837e-01   2.572831e-01   4.155544e-01   8.257415e-01   6.000406e-01   4.001197e-01   5.001000e-01   8.996314e-01   3.998798e-01   6.999955e-01   7.997369e-01   4.988506e-01   3.006866e-01   0.000000e+00
   0.000000e+00   8.929326e-01   2.741328e-01   4.979744e-01   4.737572e-01   1.601494e-01   9.073421e-01   5.998745e-01   3.998838e-01   5.001728e-01   8.995520e-01   3.997384e-01   7.000232e-01   7.999116e-01   5.000788e-01   3.001744e-01   0.000000e+00
   1.490945e-01   5.659122e-02   8.113813e-01   2.734661e-01   6.193630e-02   8.083343e-01   8.993729e-01   6.001554e-01   3.996874e-01   4.999700e-01   8.996957e-01   4.005502e-01   7.009643e-01   8.001104e-01   5.000065e-01   3.001156e-01   0.000000e+00
   1.320810e-01   9.658914e-01   3.597226e-01   3.529597e-01   6.960723e-01   3.205567e-02   9.129394e-01   5.999831e-01   4.000312e-01   5.001169e-01   8.996146e-01   4.000519e-01   7.004291e-01   7.999581e-01   5.000623e-01   2.997580e-01   0.000000e+00
   6.174829e-01   7.667193e-02   3.044026e-01   3.001803e-01   2.980206e-01   7.979082e-01   7.834894e-01   6.001426e-01   3.990929e-01   5.003479e-01   8.999471e-01   4.003650e-01   7.001769e-01   7.998461e-01   5.003993e-01   3.006161e-01   0.000000e+00
   3.194736e-02   0.000000e+00   1.761400e-01   2.233169e-01   0.000000e+00   9.602140e-01   9.640062e-01   6.000275e-01   3.994387e-01   4.999479e-01   8.997332e-01   3.992533e-01   7.001491e-01   8.000338e-01   4.997244e-01   3.001877e-01   0.000000e+00
   5.883959e-02   0.000000e+00   6.070343e-02   1.838116e-02   6.056724e-02   3.065475e-01   8.702023e-01   5.997867e-01   3.993647e-01   5.000502e-01   8.996964e-01   3.992143e-01   7.001393e-01   8.003203e-01   4.997884e-01   3.005629e-01   0.000000e+00
   3.255621e-01   2.901350e-01   2.209947e-01   0.000000e+00   6.679522e-02   1.022760e-01   0.000000e+00   5.996038e-01   3.997521e-01   5.003179e-01   9.001927e-01   3.999703e-01   6.999180e-01   8.000857e-01   5.002194e-01   2.999934e-01   0.000000e+00
   1.897749e-01   2.502903e-03   0.000000e+00   1.545933e-02   1.000000e+00   2.093659e-01   9.363156e-01   6.003251e-01   3.995196e-01   5.000402e-01   8.998300e-01   4.000904e-01   6.998455e-01   8.001987e-01   5.001134e-01   3.004457e-01   0.000000e+00
   2.401573e-04   4.916060e-01   2.293230e-02   0.000000e+00   1.368037e-01   3.210912e-02   1.000000e+00   5.999825e-01   3.993329e-01   5.002912e-01   8.993794e-01   3.988627e-01   7.001249e-01   7.997615e-01   5.003942e-01   3.001482e-01   0.000000e+00
   1.425324e-02   7.706867e-03   1.116125e-02   1.374401e-01   7.251760e-02   9.035512e-03   4.812630e-02   6.003594e-01   3.993844e-01   5.002156e-01   8.997376e-01   3.993587e-01   7.010258e-01   8.000705e-01   5.002611e-01   3.006325e-01   0.000000e+00
   5.469684e-01   7.434267e-02   2.941981e-01   5.713225e-01   9.710455e-02   6.975865e-01   8.661949e-01   6.000731e-01   3.991553e-01   5.003303e-01   9.000071e-01   4.005478e-01   7.002315e-01   7.999496e-01   4.998533e-01   3.011188e-01   0.000000e+00
   4.889145e-02   0.000000e+00   1.048135e-01   1.700912e-02   8.804279e-02   0.000000e+00   1.000000e+00   5.999973e-01   3.993675e-01   5.001978e-01   8.995868e-01   4.007401e-01   7.005375e-01   8.001031e-01   4.997395e-01   3.008509e-01   0.000000e+00
   8.465181e-02   1.179858e-01   2.579785e-01   1.256488e-01   0.000000e+00   3.442303e-02   1.422335e-01   6.001380e-01   3.995461e-01   5.002594e-01   8.992995e-01   3.993539e-01   7.006509e-01   8.001057e-01   4.991335e-01   3.003498e-01   0.000000e+00
   6.928051e-02   1.330285e-01   9.443418e-02   0.000000e+00   1.410731e-01   1.986737e-01   8.697922e-01   6.003998e-01   3.996381e-01   5.000071e-01   8.996998e-01   4.000072e-01   7.000225e-01   8.002277e-01   4.997912e-01   3.006155e-01   0.000000e+00
   2.244666e-03   8.167580e-01   2.543014e-01   5.510009e-01   1.380857e-01   1.419716e-01   1.000000e+00   5.998468e-01   3.996437e-01   5.000720e-01   8.996665e-01   3.996141e-01   7.001709e-01   7.998545e-01   5.001884e-01   3.004354e-01   0.000000e+00
   9.020659e-02   2.459733e-02   1.292166e-01   0.000000e+00   7.016965e-02   1.705595e-01   2.777977e-01   6.001354e-01   3.995141e-01   4.997851e-01   8.994198e-01   3.996968e-01   6.999546e-01   8.000361e-01   4.996317e-01   3.009926e-01   0.000000e+00
   5.224482e-02   5.496156e-02   4.693381e-02   7.276176e-03   3.531224e-03   2.470650e-01   6.044895e-02   6.000651e-01   3.995045e-01   5.008447e-01   8.999201e-01   4.002251e-01   6.998877e-01   7.998420e-01   5.000458e-01   3.001668e-01   0.000000e+00
   5.376710e-02   1.511303e-01   7.009133e-02   8.535848e-01   5.183112e-01   5.891370e-01   9.216557e-01   5.997421e-01   3.990514e-01   4.998248e-01   8.999289e-01   4.000449e-01   7.003444e-01   8.002940e-01   4.998655e-01   2.997275e-01   0.000000e+00
   4.229437e-02   0.000000e+00   1.000000e+00   5.737569e-01   5.878363e-01   2.074731e-01   9.439352e-01   5.998718e-01   4.001321e-01   5.000948e-01   8.997423e-01   4.006603e-01   7.001828e-01   7.996088e-01   5.000325e-01   3.001115e-01   0.000000e+00
   2.828265e-02   5.830607e-03   1.098043e-02   5.574198e-02   6.736949e-02   2.205536e-02   2.582201e-01   6.003663e-01   3.990142e-01   5.010578e-01   8.997277e-01   4.000183e-01   7.002126e-01   8.000644e-01   4.994986e-01   3.007148e-01   0.000000e+00
   3.757332e-01   8.813124e-04   2.200889e-01   2.116427e-01   1.304188e-01   3.792644e-01   3.481100e-02   6.000767e-01   3.993260e-01   5.008953e-01   8.994008e-01   3.995534e-01   7.005992e-01   8.001354e-01   5.004134e-01   2.999226e-01   0.000000e+00
   5.638937e-02   6.710226e-02   2.493519e-02   1.480275e-01   3.558946e-01   0.000000e+00   0.000000e+00   6.000604e-01   3.999738e-01   4.999680e-01   8.998922e-01   4.001479e-01   7.002729e-01   8.000745e-01   5.002172e-01   3.003029e-01   0.000000e+00
   7.410208e-02   4.602585e-02   4.673816e-02   2.812974e-01   5.289475e-01   1.266357e-01   9.405905e-01   6.003243e-01   3.997561e-01   4.996662e-01   8.999438e-01   3.992457e-01   7.002686e-01   7.995504e-01   4.999768e-01   3.006487e-01   0.000000e+00
   7.014669e-02   8.593279e-02   2.862390e-01   1.268743e-01   1.352879e-02   0.000000e+00   6.757490e-03   6.004181e-01   3.995587e-01   4.996441e-01   8.998115e-01   3.993462e-01   7.006464e-01   7.999783e-01   5.000768e-01   3.007650e-01   0.000000e+00
   6.655610e-02   5.931513e-01   5.773380e-01   2.868695e-01   7.453590e-01   1.612393e-01   9.402819e-01   6.001445e-01   3.993058e-01   5.006698e-01   8.998940e-01   3.996051e-01   6.999869e-01   7.996735e-01   4.999591e-01   3.001439e-01   0.000000e+00
   0.000000e+00   0.000000e+00   3.504905e-03   0.000000e+00   0.000000e+00   1.000000e+00   8.252576e-01   6.000330e-01   4.002198e-01   5.000183e-01   8.996377e-01   3.999576e-01   7.000493e-01   7.997120e-01   4.988370e-01   3.006872e-01   0.000000e+00
   0.000000e+00   7.110283e-01   3.569719e-02   5.404967e-02   2.231459e-02   3.498664e-02   1.000000e+00   5.999984e-01   3.994385e-01   5.004314e-01   8.995787e-01   3.993492e-01   7.000311e-01   7.997699e-01   4.994140e-01   3.000791e-01   0.000000e+00
   5.287580e-02   1.161381e-01   8.276891e-01   0.000000e+00   7.334226e-01   4.414430e-01   7.944131e-01   6.000798e-01   4.001799e-01   5.006193e-01   8.998517e-01   3.995413e-01   7.008229e-01   8.001802e-01   4.994722e-01   3.003455e-01   0.000000e+00
   6.525275e-02   4.210022e-02   2.156217e-01   5.960683e-02   8.512126e-01   9.660672e-02   9.180518e-01   5.999457e-01   3.991436e-01   5.011642e-01   8.999340e-01   3.989070e-01   6.999614e-01   7.994280e-01   4.999011e-01   3.004058e-01   0.000000e+00
   2.147635e-02   5.422122e-02   3.187251e-03   3.858207e-02   2.923586e-02   2.139146e-02   8.053436e-02   6.001455e-01   3.994171e-01   5.004574e-01   8.995739e-01   3.993476e-01   7.007177e-01   7.998323e-01   5.005508e-01   3.007626e-01   0.000000e+00
   7.764299e-01   3.494320e-01   4.389292e-02   5.079784e-01   8.574143e-01   1.068530e-01   8.861842e-01   5.997734e-01   3.993755e-01   5.006272e-01   8.995292e-01   3.996816e-01   7.005165e-01   8.002024e-01   4.990878e-01   3.002562e-01   0.000000e+00
   3.879290e-02   8.785416e-03   2.958156e-02   0.000000e+00   2.420169e-03   1.402069e-02   1.086856e-02   6.000987e-01   3.995122e-01   5.005676e-01   8.998251e-01   3.994285e-01   7.005382e-01   8.000539e-01   5.000726e-01   3.001614e-01   0.000000e+00
   5.258607e-01   2.873884e-01   4.087295e-01   3.242955e-01   3.809578e-01   5.397392e-01   9.011870e-01   6.000993e-01   3.998740e-01   4.999211e-01   8.999571e-01   3.999179e-01   7.001316e-01   7.997695e-01   5.004997e-01   3.008251e-01   0.000000e+00
   6.145756e-02   1.709055e-01   8.996545e-02   8.500679e-01   4.716750e-01   5.631809e-01   9.215278e-01   5.997412e-01   3.990644e-01   4.998771e-01   8.999285e-01   4.000476e-01   7.003832e-01   8.003513e-01   4.998919e-01   2.997253e-01   0.000000e+00
   0.000000e+00   0.000000e+00   1.141418e-02   1.241151e-01   0.000000e+00   1.000000e+00   8.252654e-01   6.000254e-01   3.992169e-01   5.001978e-01   8.996054e-01   4.002199e-01   7.000528e-01   7.997848e-01   4.999713e-01   3.009535e-01   0.000000e+00
   1.062507e-02   3.123692e-02   1.690911e-02   4.970903e-02   0.000000e+00   8.577664e-02   2.813441e-02   6.000734e-01   4.001116e-01   5.011453e-01   8.995965e-01   3.997150e-01   7.009026e-01   7.999185e-01   4.993786e-01   3.004794e-01   0.000000e+00
   1.000000e+00   9.456486e-01   3.297414e-01   5.459123e-01   5.929567e-01   7.635358e-03   8.175332e-01   5.999439e-01   4.000170e-01   5.001090e-01   8.996367e-01   4.000712e-01   6.999995e-01   7.997536e-01   5.000458e-01   3.001049e-01   0.000000e+00
   0.000000e+00   2.778755e-02   0.000000e+00   7.389583e-03   8.911089e-01   7.454242e-01   8.255011e-01   5.997706e-01   3.995578e-01   5.002195e-01   8.999167e-01   3.998036e-01   7.007736e-01   8.001172e-01   4.999683e-01   3.002553e-01   0.000000e+00
   3.897590e-02   8.153324e-01   2.846159e-02   1.585063e-04   0.000000e+00   0.000000e+00   6.707360e-03   6.002521e-01   3.996224e-01   5.004416e-01   8.998734e-01   3.994547e-01   6.998875e-01   8.000438e-01   5.001820e-01   3.006008e-01   0.000000e+00
   2.561954e-02   1.110207e-01   4.871690e-01   1.275030e-01   9.845898e-02   4.707117e-01   1.184411e-01   6.005340e-01   3.992483e-01   5.002365e-01   8.989045e-01   3.989633e-01   7.007655e-01   7.999168e-01   4.995498e-01   3.003986e-01   0.000000e+00
   9.473425e-02   1.732658e-01   3.846997e-02   3.882533e-01   8.696765e-01   1.141203e-01   9.865368e-01   5.991323e-01   3.993027e-01   4.996694e-01   9.001739e-01   3.991093e-01   7.003677e-01   7.993949e-01   5.002548e-01   3.003607e-01   0.000000e+00
   9.515635e-01   1.410203e-01   2.488475e-02   4.394303e-01   7.165022e-01   2.415327e-01   8.861299e-01   5.998897e-01   3.999833e-01   5.005639e-01   8.997208e-01   4.002785e-01   7.001726e-01   8.000448e-01   5.004214e-01   3.002441e-01   0.000000e+00
   5.066108e-03   3.115122e-02   3.873373e-02   2.651646e-01   7.063337e-01   9.864585e-02   9.994585e-01   6.004335e-01   3.995668e-01   5.002025e-01   8.995058e-01   3.997872e-01   6.998564e-01   7.997492e-01   4.996930e-01   3.005690e-01   0.000000e+00
   0.000000e+00   7.161011e-02   2.661298e-01   4.556305e-01   9.424018e-03   4.238971e-02   1.049641e-02   6.005401e-01   3.995463e-01   4.994778e-01   8.998303e-01   3.993567e-01   7.008049e-01   7.999173e-01   5.000398e-01   3.004408e-01   0.000000e+00
   1.600387e-01   1.403509e-02   1.133104e-01   1.056452e-01   1.476049e-01   7.668740e-02   2.261904e-01   6.001725e-01   3.991940e-01   5.007957e-01   8.992057e-01   3.995568e-01   7.008336e-01   8.000640e-01   5.003218e-01   3.002472e-01   0.000000e+00
   3.262386e-02   4.919445e-01   2.679595e-01   8.704823e-04   8.900617e-01   5.809795e-02   1.000000e+00   5.999751e-01   3.989420e-01   5.003579e-01   8.999752e-01   3.994899e-01   6.997255e-01   7.998566e-01   4.994585e-01   3.004660e-01   0.000000e+00
   2.355964e-02   5.679756e-01   1.958094e-02   4.083257e-02   1.154300e-01   1.944311e-01   8.506612e-01   6.003571e-01   3.999962e-01   5.009841e-01   8.997077e-01   4.001287e-01   6.998237e-01   8.002123e-01   4.995065e-01   3.009030e-01   0.000000e+00
   1.402105e-01   5.902493e-01   2.161387e-01   6.314277e-03   1.000000e+00   0.000000e+00   9.326200e-01   6.000484e-01   3.991185e-01   4.998593e-01   8.990412e-01   3.998582e-01   7.002810e-01   7.997377e-01   5.000670e-01   3.001006e-01   0.000000e+00
   5.871106e-02   9.219510e-02   1.445722e-02   0.000000e+00   0.000000e+00   1.316819e-03   5.421706e-02   5.999386e-01   3.995791e-01   4.997583e-01   8.999849e-01   3.994351e-01   7.002110e-01   7.997623e-01   5.000237e-01   3.000193e-01   0.000000e+00
   8.780834e-02   1.153216e-01   2.914093e-01   1.386256e-01   0.000000e+00   1.376710e-02   1.831021e-01   6.002014e-01   3.991707e-01   5.010419e-01   8.996074e-01   3.989023e-01   7.004780e-01   8.002953e-01   4.993268e-01   3.006722e-01   0.000000e+00
   4.028440e-02   1.345277e-02   1.061040e-02   7.618984e-02   0.000000e+00   4.288380e-02   5.575995e-01   6.001964e-01   3.995544e-01   5.010535e-01   8.997609e-01   3.998570e-01   6.998521e-01   8.000298e-01   4.991219e-01   3.007423e-01   0.000000e+00
   4.885541e-01   2.618995e-01   3.118664e-01   2.312892e-01   4.074207e-01   7.783158e-01   8.675065e-01   6.000380e-01   3.993721e-01   4.996095e-01   8.999694e-01   3.999288e-01   7.001379e-01   7.999154e-01   5.001655e-01   3.007675e-01   0.000000e+00
   0.000000e+00   2.058505e-02   2.433827e-02   3.706567e-01   9.737037e-01   2.166366e-01   8.942616e-01   5.997161e-01   4.000102e-01   5.003989e-01   8.994803e-01   4.002895e-01   6.988380e-01   7.999693e-01   4.987591e-01   3.001667e-01   0.000000e+00
   1.450268e-01   1.107913e-01   2.697807e-01   3.120202e-01   2.554799e-01   6.417698e-01   8.743795e-01   6.002205e-01   3.996149e-01   4.996880e-01   9.000784e-01   3.988123e-01   6.999996e-01   8.000534e-01   5.002866e-01   3.001541e-01   0.000000e+00
   1.303223e-02   0.000000e+00   5.524776e-02   1.246541e-01   5.409455e-02   1.672026e-01   5.012126e-04   6.003051e-01   3.993866e-01   5.002314e-01   8.996368e-01   3.991798e-01   7.010571e-01   8.000942e-01   5.006045e-01   3.007705e-01   0.000000e+00
   1.223077e-02   9.719656e-03   5.665166e-04   6.788684e-01   6.971465e-02   6.631385e-02   5.728115e-03   6.000862e-01   3.996530e-01   5.001353e-01   8.996409e-01   3.994785e-01   7.006522e-01   8.001309e-01   4.996838e-01   3.006393e-01   0.000000e+00
   7.059142e-04   1.691609e-02   1.308842e-01   0.000000e+00   1.940593e-02   1.408176e-01   9.997190e-01   6.001465e-01   3.996121e-01   5.001122e-01   8.996285e-01   3.996575e-01   7.000328e-01   8.001761e-01   4.993647e-01   3.012599e-01   0.000000e+00
   5.449711e-04   5.743261e-02   3.875786e-02   2.336553e-02   0.000000e+00   5.315914e-02   9.232144e-01   6.005207e-01   3.994783e-01   5.000568e-01   8.995987e-01   4.000939e-01   7.000301e-01   7.997809e-01   4.996884e-01   3.008091e-01   0.000000e+00
   6.555294e-02   4.579747e-01   9.557103e-01   3.068614e-01   0.000000e+00   9.832584e-02   8.593177e-01   6.002991e-01   3.999166e-01   4.997975e-01   8.990134e-01   3.986240e-01   7.003452e-01   7.994628e-01   5.002023e-01   3.004864e-01   0.000000e+00
   4.973651e-02   1.076160e-03   0.000000e+00   2.775141e-02   9.078145e-02   8.592435e-01   1.000000e+00   5.994300e-01   3.995748e-01   5.008873e-01   8.995130e-01   4.007793e-01   7.009455e-01   7.997449e-01   5.003046e-01   3.008492e-01   0.000000e+00
   7.218290e-02   9.802545e-02   3.142240e-01   0.000000e+00   2.217025e-01   8.644701e-01   7.286709e-01   5.998847e-01   3.997623e-01   5.008272e-01   8.992353e-01   3.989335e-01   7.004548e-01   8.003305e-01   4.996718e-01   3.009292e-01   0.000000e+00
   1.000000e+00   1.000000e+00   3.141297e-01   7.921251e-01   5.946737e-01   8.972547e-03   8.171651e-01   5.999375e-01   4.000166e-01   5.001090e-01   8.996368e-01   4.000686e-01   7.000018e-01   7.997535e-01   5.000517e-01   3.001332e-01   0.000000e+00
   1.864854e-03   9.762780e-01   2.713193e-01   2.403274e-01   4.293265e-01   9.181570e-02   7.830526e-01   5.999154e-01   4.000133e-01   5.001184e-01   8.996099e-01   4.000283e-01   6.999870e-01   7.997765e-01   5.000433e-01   3.000701e-01   0.000000e+00
   8.455927e-02   0.000000e+00   3.556964e-01   0.000000e+00   8.556474e-03   0.000000e+00   6.688480e-03   6.004086e-01   3.996338e-01   5.006255e-01   8.998318e-01   3.993534e-01   7.007457e-01   8.000203e-01   5.002083e-01   3.006515e-01   0.000000e+00
   8.756686e-01   2.597146e-01   5.296781e-01   0.000000e+00   3.521101e-01   6.533261e-01   9.099139e-01   5.994926e-01   3.998189e-01   4.999038e-01   8.998306e-01   3.999348e-01   7.001813e-01   7.996882e-01   5.006245e-01   2.994969e-01   0.000000e+00
   5.491982e-02   1.347369e-01   0.000000e+00   6.011124e-02   4.625397e-01   2.256904e-01   4.548851e-02   6.000874e-01   3.999877e-01   5.009137e-01   8.999108e-01   4.002620e-01   7.003879e-01   8.001295e-01   5.001962e-01   3.003471e-01   0.000000e+00
   6.370797e-01   3.187404e-01   4.382210e-01   6.885788e-01   5.374544e-01   9.007888e-02   9.241392e-01   6.001860e-01   4.002079e-01   4.994761e-01   8.990323e-01   3.995077e-01   6.988586e-01   7.994713e-01   4.995077e-01   3.004423e-01   0.000000e+00
   4.453933e-01   7.831895e-01   4.360521e-01   3.936543e-01   8.122787e-01   8.135766e-02   8.686055e-01   6.005675e-01   3.997537e-01   4.997010e-01   8.997619e-01   3.995166e-01   6.991453e-01   7.991936e-01   4.995135e-01   3.002126e-01   0.000000e+00
   7.964196e-03   1.003343e-02   1.001614e-02   1.372945e-01   2.044526e-02   1.744544e-02   3.293863e-02   6.003590e-01   3.993477e-01   5.002017e-01   8.997472e-01   3.994426e-01   7.007860e-01   8.000784e-01   5.002029e-01   3.006481e-01   0.000000e+00
   6.765441e-01   3.193860e-01   0.000000e+00   2.072277e-01   6.103185e-01   7.072880e-01   8.882371e-01   5.999502e-01   4.000606e-01   4.995860e-01   9.000293e-01   4.006013e-01   6.998754e-01   7.998670e-01   4.999602e-01   3.007710e-01   0.000000e+00
   1.026927e-01   3.041454e-02   4.573459e-01   5.915718e-01   4.658922e-01   9.246067e-01   1.000000e+00   5.998895e-01   3.995304e-01   5.002825e-01   8.995449e-01   3.986692e-01   7.001284e-01   7.994122e-01   4.994764e-01   3.006899e-01   0.000000e+00
   4.183914e-02   1.985725e-01   0.000000e+00   6.131844e-02   2.036788e-01   8.382608e-01   9.460381e-01   6.003651e-01   3.990676e-01   4.999527e-01   8.998176e-01   3.997209e-01   7.001194e-01   7.999627e-01   5.000880e-01   3.001056e-01   0.000000e+00
   0.000000e+00   0.000000e+00   9.711288e-01   0.000000e+00   1.000000e+00   1.392796e-01   9.832735e-01   5.998651e-01   3.996951e-01   5.003642e-01   8.997208e-01   4.000272e-01   6.997836e-01   7.997154e-01   4.998763e-01   3.004206e-01   0.000000e+00
   9.217327e-01   2.527426e-01   5.640478e-01   7.986550e-01   1.557506e-01   6.483216e-01   9.101486e-01   5.995988e-01   4.003810e-01   4.997959e-01   8.997513e-01   3.997538e-01   7.000028e-01   7.996143e-01   4.998551e-01   3.002302e-01   0.000000e+00
