   1.000000e+00   6.402564e-01   1.069825e-01   4.432693e-01   9.868599e-01   1.850494e-01   2.186034e-01   8.869961e-01   9.978698e-01   9.077701e-01   9.985471e-01   8.979509e-01   9.727801e-01   9.337258e-01   1.000000e+00   9.534536e-01   9.997205e-01
   1.000000e+00   6.402564e-01   1.069825e-01   4.432693e-01   9.868599e-01   1.850494e-01   2.186034e-01   8.869961e-01   9.978698e-01   9.077701e-01   9.985471e-01   8.979509e-01   9.727801e-01   9.337258e-01   1.000000e+00   9.534536e-01   9.997205e-01
   1.000000e+00   6.402564e-01   1.069825e-01   4.432693e-01   9.868599e-01   1.850494e-01   2.186034e-01   8.869961e-01   9.978698e-01   9.077701e-01   9.985471e-01   8.979509e-01   9.727801e-01   9.337258e-01   1.000000e+00   9.534536e-01   9.997205e-01
   1.000000e+00   6.402564e-01   1.069825e-01   4.432693e-01   9.868599e-01   1.850494e-01   2.186034e-01   8.869961e-01   9.978698e-01   9.077701e-01   9.985471e-01   8.979509e-01   9.727801e-01   9.337258e-01   1.000000e+00   9.534536e-01   9.997205e-01
   1.000000e+00   6.402564e-01   1.069825e-01   4.432693e-01   9.868599e-01   1.850494e-01   2.186034e-01   8.869961e-01   9.978698e-01   9.077701e-01   9.985471e-01   8.979509e-01   9.727801e-01   9.337258e-01   1.000000e+00   9.534536e-01   9.997205e-01
   1.000000e+00   6.402564e-01   1.069825e-01   4.432693e-01   9.868599e-01   1.850494e-01   2.186034e-01   8.869961e-01   9.978698e-01   9.077701e-01   9.985471e-01   8.979509e-01   9.727801e-01   9.337258e-01   1.000000e+00   9.534536e-01   9.997205e-01
   1.000000e+00   6.402564e-01   1.069825e-01   4.432693e-01   9.868599e-01   1.850494e-01   2.186034e-01   8.869961e-01   9.978698e-01   9.077701e-01   9.985471e-01   8.979509e-01   9.727801e-01   9.337258e-01   1.000000e+00   9.534536e-01   9.997205e-01
   9.115542e-01   0.000000e+00   1.057058e-01   3.950344e-01   9.864132e-01   4.130017e-02   2.240417e-01   9.064418e-01   9.972459e-01   9.067653e-01   9.979724e-01   8.968927e-01   9.742608e-01   9.347837e-01   1.000000e+00   9.532292e-01   9.997497e-01
   1.000000e+00   6.402564e-01   1.069825e-01   4.432693e-01   9.868599e-01   1.850494e-01   2.186034e-01   8.869961e-01   9.978698e-01   9.077701e-01   9.985471e-01   8.979509e-01   9.727801e-01   9.337258e-01   1.000000e+00   9.534536e-01   9.997205e-01
   8.078309e-01   0.000000e+00   7.134509e-02   5.153623e-01   9.948912e-01   1.134373e-01   4.390832e-01   8.533811e-01   9.799145e-01   7.982054e-01   9.530632e-01   8.942226e-01   9.663628e-01   3.500922e-01   4.475344e-01   9.455087e-01   1.000000e+00
   1.000000e+00   6.402564e-01   1.069825e-01   4.432693e-01   9.868599e-01   1.850494e-01   2.186034e-01   8.869961e-01   9.978698e-01   9.077701e-01   9.985471e-01   8.979509e-01   9.727801e-01   9.337258e-01   1.000000e+00   9.534536e-01   9.997205e-01
   5.454038e-01   0.000000e+00   1.024222e-01   2.371257e-01   9.787088e-01   3.009408e-02   4.134901e-01   9.053412e-01   9.972873e-01   9.404543e-01   1.000000e+00   8.780183e-01   8.880652e-01   9.080292e-01   7.924433e-01   9.288611e-01   9.994812e-01
   1.000000e+00   6.402564e-01   1.069825e-01   4.432693e-01   9.868599e-01   1.850494e-01   2.186034e-01   8.869961e-01   9.978698e-01   9.077701e-01   9.985471e-01   8.979509e-01   9.727801e-01   9.337258e-01   1.000000e+00   9.534536e-01   9.997205e-01
   1.000000e+00   6.402564e-01   1.069825e-01   4.432693e-01   9.868599e-01   1.850494e-01   2.186034e-01   8.869961e-01   9.978698e-01   9.077701e-01   9.985471e-01   8.979509e-01   9.727801e-01   9.337258e-01   1.000000e+00   9.534536e-01   9.997205e-01
   7.740776e-01   2.232261e-01   1.164010e-01   4.317714e-01   9.866243e-01   1.141348e-01   3.927453e-01   8.813435e-01   9.984382e-01   9.283021e-01   9.596349e-01   8.942977e-01   9.672077e-01   2.965234e-01   6.339259e-01   9.492947e-01   9.997162e-01
   1.497149e-01   4.593570e-01   9.013626e-02   3.636553e-01   9.842558e-01   4.349145e-02   2.635853e-01   8.920964e-01   9.945552e-01   9.054840e-01   9.982699e-01   8.971946e-01   9.736864e-01   6.969957e-01   9.054607e-01   9.527726e-01   9.995529e-01
   1.000000e+00   6.402564e-01   1.069825e-01   4.432693e-01   9.868599e-01   1.850494e-01   2.186034e-01   8.869961e-01   9.978698e-01   9.077701e-01   9.985471e-01   8.979509e-01   9.727801e-01   9.337258e-01   1.000000e+00   9.534536e-01   9.997205e-01
   1.000000e+00   6.402564e-01   1.069825e-01   4.432693e-01   9.868599e-01   1.850494e-01   2.186034e-01   8.869961e-01   9.978698e-01   9.077701e-01   9.985471e-01   8.979509e-01   9.727801e-01   9.337258e-01   1.000000e+00   9.534536e-01   9.997205e-01
   3.058355e-01   0.000000e+00   7.784493e-02   4.546244e-01   9.857542e-01   1.949867e-01   9.881077e-02   8.810496e-01   9.991313e-01   9.053515e-01   9.968078e-01   8.979929e-01   9.907833e-01   6.770869e-01   1.000000e+00   9.527047e-01   9.996878e-01
   1.000000e+00   6.402564e-01   1.069825e-01   4.432693e-01   9.868599e-01   1.850494e-01   2.186034e-01   8.869961e-01   9.978698e-01   9.077701e-01   9.985471e-01   8.979509e-01   9.727801e-01   9.337258e-01   1.000000e+00   9.534536e-01   9.997205e-01
   6.032875e-01   9.821866e-01   8.619234e-02   3.930991e-01   9.871693e-01   3.344510e-01   2.168741e-01   8.994300e-01   9.974471e-01   9.062091e-01   9.987741e-01   8.971737e-01   9.696103e-01   9.480041e-01   1.000000e+00   9.291236e-01   9.997459e-01
   1.000000e+00   6.402564e-01   1.069825e-01   4.432693e-01   9.868599e-01   1.850494e-01   2.186034e-01   8.869961e-01   9.978698e-01   9.077701e-01   9.985471e-01   8.979509e-01   9.727801e-01   9.337258e-01   1.000000e+00   9.534536e-01   9.997205e-01
   8.522401e-01   0.000000e+00   1.115317e-01   3.537363e-01   9.820104e-01   4.590704e-02   3.289071e-01   9.069695e-01   9.889214e-01   9.037806e-01   9.815334e-01   8.961241e-01   9.781397e-01   9.830455e-01   1.000000e+00   9.583744e-01   9.998696e-01
   1.000000e+00   6.402564e-01   1.069825e-01   4.432693e-01   9.868599e-01   1.850494e-01   2.186034e-01   8.869961e-01   9.978698e-01   9.077701e-01   9.985471e-01   8.979509e-01   9.727801e-01   9.337258e-01   1.000000e+00   9.534536e-01   9.997205e-01
   1.000000e+00   6.402564e-01   1.069825e-01   4.432693e-01   9.868599e-01   1.850494e-01   2.186034e-01   8.869961e-01   9.978698e-01   9.077701e-01   9.985471e-01   8.979509e-01   9.727801e-01   9.337258e-01   1.000000e+00   9.534536e-01   9.997205e-01
   6.895823e-01   0.000000e+00   7.909429e-02   2.092241e-01   9.953154e-01   7.268895e-02   3.046810e-01   9.059268e-01   9.860677e-01   9.229855e-01   9.701088e-01   8.945752e-01   9.642905e-01   1.000000e+00   1.000000e+00   9.392015e-01   9.847779e-01
   9.785984e-02   6.056916e-01   1.043644e-01   3.299172e-01   9.845542e-01   1.642046e-01   2.233326e-01   8.682775e-01   9.923630e-01   9.069479e-01   1.000000e+00   8.969704e-01   9.722629e-01   9.917431e-01   1.000000e+00   9.534899e-01   9.997269e-01
   9.802385e-01   6.336966e-01   1.073057e-01   0.000000e+00   9.870388e-01   1.776714e-01   2.183539e-01   9.171385e-01   9.976804e-01   9.078393e-01   9.979325e-01   8.978693e-01   9.751942e-01   9.336157e-01   9.996974e-01   9.537334e-01   9.997194e-01
   9.551849e-01   0.000000e+00   9.191656e-02   5.035481e-01   9.865423e-01   1.539602e-01   3.724176e-01   9.144050e-01   9.982346e-01   9.075168e-01   9.682813e-01   9.109542e-01   9.407030e-01   7.996156e-01   1.000000e+00   9.464368e-01   9.998046e-01
   1.000000e+00   6.402564e-01   1.069825e-01   4.432693e-01   9.868599e-01   1.850494e-01   2.186034e-01   8.869961e-01   9.978698e-01   9.077701e-01   9.985471e-01   8.979509e-01   9.727801e-01   9.337258e-01   1.000000e+00   9.534536e-01   9.997205e-01
   1.000000e+00   6.402564e-01   1.069825e-01   4.432693e-01   9.868599e-01   1.850494e-01   2.186034e-01   8.869961e-01   9.978698e-01   9.077701e-01   9.985471e-01   8.979509e-01   9.727801e-01   9.337258e-01   1.000000e+00   9.534536e-01   9.997205e-01
   5.239225e-01   0.000000e+00   1.046846e-01   1.448955e-01   9.912260e-01   1.533174e-01   3.456685e-01   8.926818e-01   9.976430e-01   9.212394e-01   9.991484e-01   8.978061e-01   9.717651e-01   9.270504e-01   1.000000e+00   9.537553e-01   9.997917e-01
   1.000000e+00   6.402564e-01   1.069825e-01   4.432693e-01   9.868599e-01   1.850494e-01   2.186034e-01   8.869961e-01   9.978698e-01   9.077701e-01   9.985471e-01   8.979509e-01   9.727801e-01   9.337258e-01   1.000000e+00   9.534536e-01   9.997205e-01
   8.917768e-01   0.000000e+00   1.055761e-01   3.950457e-01   9.863719e-01   3.952229e-02   2.156373e-01   9.061806e-01   9.972436e-01   9.066142e-01   9.983532e-01   8.968926e-01   9.741533e-01   9.344059e-01   1.000000e+00   9.538780e-01   9.997402e-01
   8.487532e-01   1.000000e+00   1.056335e-01   4.631922e-01   9.580475e-01   1.030331e-01   3.795777e-01   9.046983e-01   9.760178e-01   9.157440e-01   9.999589e-01   9.134569e-01   9.766915e-01   1.000000e+00   9.865111e-01   9.497544e-01   9.998535e-01
   4.867371e-01   1.000000e+00   9.220758e-02   4.263856e-01   9.835923e-01   0.000000e+00   5.639581e-02   9.603018e-01   9.673102e-01   9.071232e-01   9.618478e-01   8.863452e-01   9.772594e-01   7.172804e-01   8.227636e-01   9.387938e-01   1.000000e+00
   1.000000e+00   6.402564e-01   1.069825e-01   4.432693e-01   9.868599e-01   1.850494e-01   2.186034e-01   8.869961e-01   9.978698e-01   9.077701e-01   9.985471e-01   8.979509e-01   9.727801e-01   9.337258e-01   1.000000e+00   9.534536e-01   9.997205e-01
   5.398338e-01   0.000000e+00   1.050263e-01   1.806836e-01   9.931361e-01   3.172148e-02   3.935860e-01   8.872492e-01   9.943679e-01   9.212253e-01   9.987489e-01   8.977633e-01   9.742726e-01   1.000000e+00   6.787782e-01   9.559690e-01   9.995492e-01
   1.000000e+00   6.402564e-01   1.069825e-01   4.432693e-01   9.868599e-01   1.850494e-01   2.186034e-01   8.869961e-01   9.978698e-01   9.077701e-01   9.985471e-01   8.979509e-01   9.727801e-01   9.337258e-01   1.000000e+00   9.534536e-01   9.997205e-01
   1.000000e+00   6.402564e-01   1.069825e-01   4.432693e-01   9.868599e-01   1.850494e-01   2.186034e-01   8.869961e-01   9.978698e-01   9.077701e-01   9.985471e-01   8.979509e-01   9.727801e-01   9.337258e-01   1.000000e+00   9.534536e-01   9.997205e-01
   6.400140e-01   0.000000e+00   8.705869e-02   3.374495e-01   9.916065e-01   1.962276e-01   5.384958e-01   8.424048e-01   9.837681e-01   9.498003e-01   9.393701e-01   9.031212e-01   9.914922e-01   4.269403e-01   3.672819e-01   9.452307e-01   9.896087e-01
   7.810691e-01   0.000000e+00   9.181966e-02   3.261923e-01   1.000000e+00   1.021077e-01   3.880723e-01   9.348669e-01   9.848318e-01   7.381188e-01   9.483688e-01   9.011753e-01   9.864443e-01   4.191535e-01   3.897333e-01   9.512427e-01   9.869454e-01
   1.000000e+00   6.402564e-01   1.069825e-01   4.432693e-01   9.868599e-01   1.850494e-01   2.186034e-01   8.869961e-01   9.978698e-01   9.077701e-01   9.985471e-01   8.979509e-01   9.727801e-01   9.337258e-01   1.000000e+00   9.534536e-01   9.997205e-01
   3.692426e-01   0.000000e+00   8.865328e-02   4.028587e-01   9.866071e-01   6.066439e-02   1.310262e-01   8.983981e-01   9.827298e-01   9.086943e-01   1.000000e+00   8.725117e-01   9.793864e-01   8.499754e-01   9.945989e-01   9.532963e-01   9.999084e-01
   6.435018e-01   0.000000e+00   8.524155e-02   3.292538e-01   9.872263e-01   3.611761e-02   2.001192e-01   9.047627e-01   9.986392e-01   9.044718e-01   9.727565e-01   8.978465e-01   9.629676e-01   9.568079e-01   1.000000e+00   9.475929e-01   1.000000e+00
   1.000000e+00   6.402564e-01   1.069825e-01   4.432693e-01   9.868599e-01   1.850494e-01   2.186034e-01   8.869961e-01   9.978698e-01   9.077701e-01   9.985471e-01   8.979509e-01   9.727801e-01   9.337258e-01   1.000000e+00   9.534536e-01   9.997205e-01
   1.000000e+00   6.402564e-01   1.069825e-01   4.432693e-01   9.868599e-01   1.850494e-01   2.186034e-01   8.869961e-01   9.978698e-01   9.077701e-01   9.985471e-01   8.979509e-01   9.727801e-01   9.337258e-01   1.000000e+00   9.534536e-01   9.997205e-01
   4.867112e-01   0.000000e+00   9.214259e-02   4.039501e-01   9.866569e-01   0.000000e+00   9.243650e-02   9.642331e-01   9.755927e-01   9.085917e-01   9.577447e-01   8.767686e-01   9.813892e-01   8.044776e-01   1.000000e+00   9.532714e-01   1.000000e+00
   8.711282e-01   0.000000e+00   9.799057e-02   3.969869e-01   9.870353e-01   0.000000e+00   2.311161e-01   8.706949e-01   9.983503e-01   8.921128e-01   1.000000e+00   9.080913e-01   9.735036e-01   8.223668e-01   1.000000e+00   9.504348e-01   9.996483e-01
   7.867645e-01   8.287823e-01   4.188206e-02   5.510556e-01   1.000000e+00   1.241409e-01   5.711343e-01   9.281746e-01   9.952246e-01   8.498297e-01   9.562445e-01   8.971262e-01   9.744170e-01   9.704995e-01   8.703892e-01   9.449563e-01   9.998815e-01
   3.123404e-01   6.414497e-01   9.109247e-02   1.199350e-01   9.836605e-01   4.658442e-01   2.672918e-01   9.044942e-01   9.990562e-01   8.869378e-01   9.584149e-01   8.965026e-01   9.649079e-01   8.726766e-01   9.329769e-01   9.590839e-01   9.975500e-01
   1.000000e+00   6.402564e-01   1.069825e-01   4.432693e-01   9.868599e-01   1.850494e-01   2.186034e-01   8.869961e-01   9.978698e-01   9.077701e-01   9.985471e-01   8.979509e-01   9.727801e-01   9.337258e-01   1.000000e+00   9.534536e-01   9.997205e-01
   0.000000e+00   6.404561e-01   1.072650e-01   4.419490e-01   9.868581e-01   1.935550e-01   2.186029e-01   8.869961e-01   9.978698e-01   9.077667e-01   9.985450e-01   8.979453e-01   9.727764e-01   9.337253e-01   1.000000e+00   9.534937e-01   9.997205e-01
   7.981319e-02   5.989708e-01   1.079690e-01   3.555828e-01   9.868668e-01   1.636981e-01   2.172768e-01   9.083424e-01   9.977034e-01   9.076045e-01   9.985399e-01   8.972758e-01   9.720409e-01   9.337352e-01   1.000000e+00   9.535373e-01   9.997203e-01
   7.350907e-01   0.000000e+00   1.028159e-01   3.410294e-01   9.998601e-01   1.541392e-01   3.419231e-01   9.276112e-01   1.000000e+00   9.034330e-01   9.461702e-01   8.980706e-01   9.651617e-01   1.000000e+00   1.000000e+00   9.530511e-01   9.960334e-01
   1.000000e+00   6.402564e-01   1.069825e-01   4.432693e-01   9.868599e-01   1.850494e-01   2.186034e-01   8.869961e-01   9.978698e-01   9.077701e-01   9.985471e-01   8.979509e-01   9.727801e-01   9.337258e-01   1.000000e+00   9.534536e-01   9.997205e-01
