   3.119784e-01   1.664424e+00   5.340393e+00   1.733226e+00
   3.044995e-01   1.725075e+00   3.150226e+00   5.950262e+00
   3.767790e-01   2.111666e+00   3.874469e+00   4.482662e+00
   3.457472e-01   2.396643e+00   4.334989e+00   2.903441e+00
   3.279125e-01   1.804040e+00   3.311696e+00   5.673631e+00
   2.907214e-01   2.285471e+00   4.098562e+00   3.813640e+00
   4.460748e-01   2.359286e+00   4.534689e+00   2.223447e+00
   2.535883e-01   1.137001e+00   2.104937e+00   7.205664e+00
   8.999773e-02   3.260070e-01   7.592675e-01   7.982575e+00
   2.894890e-01   2.286855e+00   4.100566e+00   3.807593e+00
   1.998208e-01   9.674117e-01   5.738861e+00   1.733226e+00
   4.366487e-01   2.405431e+00   4.604251e+00   1.745625e+00
   4.525127e-01   2.259621e+00   4.212697e+00   3.412693e+00
   1.545994e-01   7.193268e-01   1.283210e+00   7.764075e+00
   8.053255e-02   2.450275e-01   4.106150e-01   8.026465e+00
   3.911193e-01   2.280373e+00   4.182982e+00   3.511182e+00
   1.791267e-01   9.021880e-01   1.623752e+00   7.570628e+00
   3.207320e-01   1.993237e+00   3.613107e+00   5.105777e+00
   3.433129e-01   1.851201e+00   4.743410e+00   3.396188e+00
   3.119784e-01   1.664424e+00   5.340393e+00   1.733226e+00
   3.808156e-01   2.351624e+00   4.294587e+00   3.066818e+00
   1.163584e-01   4.487979e-01   5.885399e+00   1.733210e+00
   2.865016e-01   1.736352e+00   3.152869e+00   5.959585e+00
   1.359873e-01   6.001465e-01   1.063191e+00   7.860287e+00
   4.138177e-01   2.296842e+00   4.733088e+00   1.733307e+00
   1.705211e-01   7.417762e-01   5.793167e+00   1.932391e+00
   1.001279e-01   3.475443e-01   5.900359e+00   1.733286e+00
   3.421609e-01   1.827940e+00   3.367339e+00   5.572985e+00
   3.802352e-01   2.191456e+00   4.016355e+00   4.076286e+00
   2.517389e-01   1.632001e+00   2.933800e+00   6.285045e+00
   2.875758e-01   1.450899e+00   2.669302e+00   6.619002e+00
   2.195310e-01   1.022520e+00   4.794783e+00   4.524268e+00
   2.404225e-01   1.319126e+00   5.430823e+00   2.445039e+00
   2.353087e-01   1.209844e+00   2.204213e+00   7.117557e+00
   2.689841e-01   1.919613e+00   3.441737e+00   5.459541e+00
   3.093461e-01   1.623471e+00   2.985966e+00   6.197676e+00
   2.038388e-01   9.923821e-01   5.728741e+00   1.733226e+00
   1.065485e-01   4.197764e-01   7.303198e-01   7.966327e+00
   3.182938e-01   1.651479e+00   4.670286e+00   3.912023e+00
   3.748718e-01   2.177199e+00   3.981376e+00   4.193484e+00
   1.284865e-01   5.198567e-01   9.238809e-01   7.906690e+00
   2.718432e-01   1.466180e+00   2.673518e+00   6.621358e+00
   4.521996e-01   2.424663e+00   4.491747e+00   2.025845e+00
   1.843850e-01   8.715034e-01   5.775045e+00   1.733232e+00
   3.962819e-01   2.324625e+00   4.260110e+00   3.221715e+00
   1.650761e-01   2.311750e+00   4.076081e+00   3.889249e+00
   3.576497e-01   2.367931e+00   4.294214e+00   3.089113e+00
   2.862510e-01   2.037464e+00   3.666417e+00   4.976135e+00
   2.490825e-01   1.195679e+00   2.198065e+00   7.119861e+00
   2.681687e-01   2.250215e+00   4.022247e+00   4.052138e+00
   9.559350e-02   2.472179e-01   6.576240e-01   8.017643e+00
   2.452577e-01   1.143250e+00   2.687107e+00   6.920989e+00
   3.779481e-01   2.066943e+00   3.811018e+00   4.621599e+00
   3.319624e-01   1.808618e+00   3.318184e+00   5.669242e+00
   1.302262e-01   5.246200e-01   5.855094e+00   1.845980e+00
   3.482236e-01   2.397608e+00   4.338859e+00   2.883760e+00
   2.253288e-01   1.143594e+00   2.080709e+00   7.229014e+00
   4.270520e-01   2.291046e+00   4.440335e+00   2.846010e+00
   3.628703e-01   1.937941e+00   3.572695e+00   5.178620e+00
   3.932324e-01   1.977337e+00   3.665174e+00   4.988034e+00
   3.100029e-01   1.618662e+00   2.977096e+00   6.212300e+00
   9.637771e-02   3.143191e-01   5.434249e-01   8.005886e+00
   3.640201e-01   2.405206e+00   4.370373e+00   2.717683e+00
   3.500813e-01   2.422421e+00   4.383894e+00   2.667569e+00
   4.225662e-01   2.206916e+00   4.774086e+00   1.972539e+00
   8.346383e-02   2.440920e-01   4.111494e-01   8.027019e+00
   3.240137e-01   1.799979e+00   3.296686e+00   5.716045e+00
   4.510019e-01   2.403107e+00   4.451162e+00   2.302690e+00
   3.072688e-01   2.230583e+00   4.014175e+00   4.085782e+00
   1.891687e-01   1.057837e+00   1.897644e+00   7.377427e+00
   3.010693e-01   2.263426e+00   4.068829e+00   3.910886e+00
   2.091036e-01   1.045356e+00   1.896192e+00   7.379157e+00
   1.652981e-01   7.322693e-01   1.317680e+00   7.747136e+00
   3.635668e-01   2.253553e+00   4.107134e+00   3.787407e+00
   3.707163e-01   2.225755e+00   4.063961e+00   3.933607e+00
   2.674373e-01   2.161780e+00   3.867899e+00   4.489883e+00
   2.158117e-01   1.015242e+00   5.184953e+00   3.674909e+00
   2.233674e-01   1.351912e+00   2.426516e+00   6.906238e+00
   2.301898e-01   2.189951e+00   3.892446e+00   4.426990e+00
   2.190401e-01   1.013269e+00   1.855688e+00   7.407583e+00
   1.228216e-01   5.198986e-01   9.138880e-01   7.913381e+00
   3.333347e-01   1.754081e+00   3.228852e+00   5.824658e+00
   1.889147e-01   8.993109e-01   5.765065e+00   1.733280e+00
   3.343680e-01   1.707779e+00   3.149668e+00   5.955218e+00
   4.363512e-01   2.317438e+00   4.289534e+00   3.110556e+00
   8.900739e-02   2.741456e-01   4.667390e-01   8.019570e+00
   1.084556e-01   4.037758e-01   7.080425e-01   7.969239e+00
   3.225769e-01   1.960330e+00   3.567310e+00   5.189483e+00
   2.400200e-01   1.194038e+00   2.182029e+00   7.138204e+00
   3.374514e-01   1.770996e+00   5.108217e+00   2.433859e+00
   2.857760e-01   2.277587e+00   4.081089e+00   3.872917e+00
   3.407773e-01   1.697132e+00   3.144396e+00   5.956470e+00
   2.322595e-01   1.311353e+00   4.523187e+00   4.717076e+00
   2.294781e-01   1.264089e+00   2.286253e+00   7.043765e+00
   2.937456e-01   1.543027e+00   5.430717e+00   1.734805e+00
   2.854958e-01   1.759095e+00   3.189304e+00   5.884290e+00
   3.182516e-01   1.867769e+00   3.404886e+00   5.507822e+00
   3.100221e-01   1.620438e+00   5.168496e+00   2.672118e+00
   2.202730e-01   1.347347e+00   2.412175e+00   6.928260e+00
   4.145199e-01   2.291212e+00   4.213842e+00   3.428582e+00
   4.552043e-01   2.395240e+00   4.441538e+00   2.360447e+00
   4.074158e-01   2.164297e+00   3.994102e+00   4.148984e+00
