   7.945648e-01   3.692623e-01   9.999233e-01   9.999934e-01   5.023522e-01   5.736417e-01   6.111258e-01   1.000000e+00   4.898927e-01   2.744732e-01   7.713781e-02   9.511076e-02   2.352745e-02   1.099938e-01   2.207733e-02   1.569071e-01   8.411120e-02   1.726266e-01   4.631628e-01   1.925149e-03
   3.734007e-01   0.000000e+00   1.000000e+00   1.000000e+00   5.110472e-01   1.000000e+00   6.418562e-01   2.430599e-01   5.278993e-01   2.470654e-01   0.000000e+00   1.055459e-01   5.868204e-02   6.496872e-02   8.628232e-02   2.804263e-02   8.911080e-02   1.304083e-01   2.635428e-01   7.510697e-03
   9.139764e-01   2.898089e-01   9.996889e-01   9.998773e-01   8.210123e-01   8.267492e-01   6.147969e-01   1.122443e-01   6.532684e-01   3.599324e-01   6.372352e-02   1.930843e-01   1.183590e-02   2.826048e-01   0.000000e+00   0.000000e+00   3.039324e-01   0.000000e+00   4.559088e-01   6.855247e-04
   4.307961e-02   2.483211e-01   9.984265e-01   1.000000e+00   4.476738e-01   1.523474e-02   6.654649e-01   9.330363e-01   5.560605e-01   3.515425e-01   5.218044e-02   2.096661e-02   8.031639e-02   8.404772e-02   2.096406e-02   2.372057e-02   1.664765e-02   0.000000e+00   4.471865e-01   1.150696e-04
   6.979864e-01   9.999984e-01   2.043251e-02   7.148530e-01   3.735036e-01   6.163520e-01   6.446494e-01   4.460814e-02   3.765979e-01   2.306303e-01   0.000000e+00   3.447912e-05   4.106317e-02   1.380475e-03   1.763555e-02   2.875511e-01   0.000000e+00   7.249909e-03   5.713756e-01   7.031428e-02
   0.000000e+00   1.329878e-01   9.989833e-01   9.999405e-01   5.355831e-01   8.264902e-02   6.132564e-01   6.334043e-01   6.007124e-01   3.091633e-01   0.000000e+00   7.044896e-02   0.000000e+00   6.813173e-02   2.881266e-02   6.954025e-02   1.072836e-03   1.333973e-02   3.932762e-01   3.201001e-03
   7.242163e-01   7.871642e-01   1.000000e+00   9.998394e-01   6.263228e-01   5.494935e-01   6.066582e-01   2.851673e-01   4.397196e-01   1.372143e-01   0.000000e+00   1.571471e-01   5.054222e-02   3.969727e-02   2.382801e-02   7.439114e-02   0.000000e+00   6.838753e-04   4.879563e-02   1.194484e-03
   7.144728e-01   8.445990e-01   9.998490e-01   9.998628e-01   6.016179e-01   5.605499e-01   6.071964e-01   3.854101e-01   5.384290e-01   4.042743e-01   0.000000e+00   1.418499e-01   9.457376e-03   3.304429e-02   2.313031e-02   7.505028e-02   3.916609e-02   4.888695e-02   0.000000e+00   1.201915e-03
   0.000000e+00   3.015563e-01   1.000000e+00   9.999962e-01   2.768582e-01   1.734225e-03   6.538917e-01   9.233308e-01   6.186937e-01   3.073758e-01   8.125605e-02   2.297972e-01   1.397847e-01   4.651355e-02   1.292186e-01   1.166622e-02   4.798794e-02   2.802719e-02   1.738893e-01   0.000000e+00
   5.451319e-01   7.592009e-01   9.668612e-01   6.760658e-01   1.000000e+00   9.714639e-01   4.146611e-01   9.607520e-01   4.222944e-01   1.487519e-01   1.356455e-01   1.653147e-01   5.087445e-02   8.177038e-03   2.918111e-01   9.752763e-02   5.157444e-01   6.724638e-01   5.877907e-01   2.510103e-01
   6.754789e-01   7.797610e-01   1.000000e+00   8.666291e-01   1.000000e+00   9.460943e-01   1.576870e-01   1.000000e+00   3.343345e-01   4.179152e-01   1.275167e-01   5.417524e-02   6.721265e-02   6.162563e-02   2.926500e-01   2.829844e-01   9.443278e-02   7.414961e-01   7.171369e-01   2.118405e-01
   3.473749e-01   3.485989e-01   9.973983e-01   9.999454e-01   1.309084e-01   5.698440e-01   6.918773e-01   7.880057e-01   4.079601e-01   3.139848e-01   2.344461e-02   2.318123e-01   5.144000e-02   6.985123e-02   4.268375e-02   3.274035e-02   2.357767e-02   2.640596e-02   6.914798e-02   0.000000e+00
   7.751768e-01   5.268228e-01   9.999958e-01   1.000000e+00   7.603598e-01   5.857406e-01   6.185545e-01   5.287430e-01   7.069500e-01   1.775535e-01   4.750347e-02   3.718999e-02   1.521076e-02   9.134249e-02   2.143866e-01   1.081517e-01   7.851049e-03   1.235360e-01   5.052463e-01   0.000000e+00
   7.348371e-01   5.661881e-01   9.999290e-01   9.998596e-01   7.188279e-01   6.712757e-01   6.239335e-01   8.281196e-01   8.512047e-01   3.282633e-01   4.209927e-02   2.674811e-02   1.555416e-02   5.643787e-02   5.487818e-03   1.047904e-01   3.866911e-02   1.244923e-01   4.616183e-01   1.889742e-01
   2.090692e-01   7.738764e-01   1.000000e+00   1.000000e+00   1.000000e+00   1.000000e+00   5.166607e-01   0.000000e+00   7.009116e-01   9.218796e-02   0.000000e+00   1.773306e-01   0.000000e+00   7.601022e-02   2.054386e-01   1.851942e-02   2.555645e-02   6.921238e-01   4.045296e-01   7.528289e-03
   6.645311e-01   7.941243e-01   6.914476e-01   1.000000e+00   1.000000e+00   1.000000e+00   6.536492e-01   5.839103e-02   5.415028e-01   1.873723e-01   4.751789e-02   0.000000e+00   2.248392e-02   2.813236e-02   0.000000e+00   1.201038e-01   0.000000e+00   0.000000e+00   5.836873e-01   8.741014e-02
   2.274413e-01   1.447675e-01   9.993576e-01   1.000000e+00   2.364517e-01   4.490890e-01   5.671825e-01   5.265582e-01   5.848213e-01   3.225501e-01   7.964509e-02   6.882917e-02   1.337743e-01   4.606080e-02   1.479668e-01   1.895230e-02   6.867119e-02   7.631411e-02   8.899960e-02   0.000000e+00
   5.760135e-02   4.343173e-01   3.553351e-01   8.606881e-01   1.758638e-01   1.090774e-01   6.102482e-01   3.823039e-02   8.394233e-01   1.391935e-01   3.379097e-01   2.304071e-01   9.801082e-01   5.684773e-01   6.778803e-01   8.228005e-01   7.030176e-01   2.196113e-01   5.509029e-01   9.039165e-03
   7.289104e-01   7.156421e-01   1.000000e+00   9.997205e-01   5.657683e-01   5.498943e-01   6.214256e-01   1.984691e-01   1.000000e+00   2.173602e-01   0.000000e+00   7.173405e-02   5.493146e-02   1.889466e-02   8.643711e-03   1.555749e-02   2.165054e-01   1.065807e-02   1.161621e-01   0.000000e+00
   8.096465e-01   9.797117e-01   1.271173e-01   0.000000e+00   4.164107e-01   5.739289e-01   6.766508e-01   3.058241e-02   6.280273e-01   2.429269e-01   0.000000e+00   1.000000e+00   0.000000e+00   4.093256e-02   8.232275e-02   3.514512e-01   5.718582e-01   1.104741e-03   3.000722e-01   1.305960e-02
   1.429338e-01   2.598745e-01   9.992495e-01   9.999457e-01   4.794662e-01   0.000000e+00   5.010633e-01   4.029567e-01   5.400148e-01   1.980197e-01   3.068523e-02   1.643713e-01   9.031440e-02   7.941309e-02   8.237979e-03   0.000000e+00   6.640257e-02   1.370432e-01   8.801917e-03   0.000000e+00
   0.000000e+00   0.000000e+00   1.000000e+00   9.999641e-01   6.791853e-01   4.758571e-01   5.712541e-01   5.693974e-01   4.857350e-01   2.500508e-01   0.000000e+00   8.958270e-02   9.485217e-02   4.918682e-02   7.743980e-02   0.000000e+00   0.000000e+00   1.961934e-02   9.642293e-02   1.373768e-02
   5.784812e-01   4.942430e-01   3.840268e-01   6.006506e-01   1.000000e+00   8.441651e-01   7.702057e-01   0.000000e+00   4.345705e-01   6.111845e-01   9.661794e-02   5.701993e-01   1.128267e-01   2.331320e-01   5.813219e-01   1.690407e-01   4.223693e-01   4.818433e-01   6.688269e-01   2.925850e-01
   2.461891e-01   6.984339e-01   9.987697e-01   9.974900e-01   3.904213e-01   7.610901e-01   7.035008e-01   0.000000e+00   0.000000e+00   0.000000e+00   6.703004e-01   1.246467e-01   8.058749e-02   3.030787e-01   9.154286e-01   4.337201e-02   3.232876e-01   8.497364e-02   3.942338e-01   2.171681e-01
   3.909950e-01   8.397073e-01   9.994795e-01   9.998376e-01   3.721203e-01   3.615688e-01   7.278367e-01   5.587976e-01   1.797993e-01   1.362924e-01   5.086671e-03   1.516200e-01   3.523718e-02   2.006744e-01   4.748009e-02   1.502441e-02   1.407194e-01   4.926919e-02   1.912356e-01   4.050138e-02
   3.075557e-01   3.625282e-01   9.993790e-01   9.999490e-01   6.736189e-01   5.430464e-01   6.520504e-01   5.437970e-01   4.058742e-01   3.190615e-01   2.165469e-02   2.960719e-01   2.271982e-02   5.540147e-02   0.000000e+00   5.005249e-02   3.836040e-02   3.611241e-02   0.000000e+00   0.000000e+00
   1.568912e-01   5.289340e-01   9.979102e-01   9.999547e-01   8.718687e-01   2.030832e-01   3.690306e-01   8.150424e-01   6.417376e-01   3.529599e-02   8.850894e-02   1.611866e-01   1.790117e-01   5.586141e-02   2.528761e-01   2.680886e-02   2.191389e-01   3.697094e-01   4.319407e-01   2.653488e-01
   3.509931e-01   8.152958e-01   9.978109e-01   1.000000e+00   1.330000e-01   1.000000e+00   6.160991e-01   6.523316e-01   4.699663e-01   3.648211e-01   1.953944e-02   2.233212e-01   1.378317e-01   4.334098e-02   8.032342e-02   5.471079e-02   0.000000e+00   2.784215e-02   2.326951e-02   0.000000e+00
   7.895751e-01   5.681609e-01   9.999554e-01   9.998848e-01   7.463932e-01   6.942127e-01   6.245310e-01   3.661578e-01   8.724601e-01   2.258680e-01   4.243443e-02   4.154573e-02   1.622637e-02   5.749739e-02   6.546681e-03   9.584036e-02   4.716587e-02   1.281504e-01   4.912268e-01   1.982459e-01
   1.884140e-01   1.874436e-02   9.984282e-01   9.998970e-01   3.520194e-01   2.997818e-03   6.453890e-01   3.416682e-01   8.215390e-01   2.900797e-01   2.601377e-02   1.240818e-01   1.104056e-01   4.902855e-02   0.000000e+00   1.007162e-02   1.714575e-01   1.121338e-01   9.528704e-02   5.422838e-03
   3.933976e-01   1.159308e-01   9.973901e-01   1.000000e+00   4.615374e-01   8.776131e-01   5.741026e-01   3.170308e-01   5.750071e-01   2.748654e-01   0.000000e+00   0.000000e+00   1.124009e-01   4.784044e-02   0.000000e+00   8.883560e-02   1.253521e-01   7.905476e-02   3.315106e-02   0.000000e+00
   6.955009e-01   6.916027e-01   2.276259e-01   1.000000e+00   1.000000e+00   8.094625e-01   6.726145e-01   9.200026e-01   4.105121e-01   2.840175e-01   2.301734e-01   3.087601e-01   1.694645e-02   2.003844e-01   3.188020e-01   2.540811e-01   0.000000e+00   2.001742e-01   1.675817e-01   3.246461e-01
   2.493229e-01   7.659669e-02   9.986456e-01   9.991520e-01   3.694979e-01   5.037123e-01   6.886847e-01   2.717916e-01   5.981689e-01   2.824747e-01   3.101601e-02   2.073031e-01   4.794850e-02   1.434273e-01   4.191351e-02   2.883614e-02   5.314269e-01   2.074984e-01   4.982573e-01   3.934417e-03
   7.739412e-01   1.000000e+00   8.158130e-01   9.742691e-01   9.702655e-01   1.000000e+00   4.595719e-01   1.351500e-01   1.000000e+00   7.428057e-02   1.792318e-03   7.697303e-02   1.776119e-02   4.317028e-03   1.913527e-01   1.626140e-01   2.541924e-02   9.575224e-02   2.108555e-01   3.316584e-03
   6.418849e-01   9.028498e-01   7.395012e-01   8.610633e-01   9.115681e-01   9.320549e-01   3.272453e-01   7.393449e-01   3.188400e-01   3.365052e-01   1.696775e-01   6.794088e-01   7.992760e-02   4.977398e-02   2.964144e-01   3.084447e-01   0.000000e+00   6.136397e-01   7.024964e-01   1.652400e-01
   3.247912e-01   0.000000e+00   9.998989e-01   9.986517e-01   5.864643e-01   3.818656e-01   8.140487e-01   2.972888e-01   9.671036e-01   2.541921e-01   0.000000e+00   2.100524e-01   6.290584e-02   1.469067e-01   9.465999e-02   1.457712e-02   5.983715e-03   1.994405e-01   4.194279e-01   5.930892e-03
   7.163329e-01   5.531155e-01   6.157150e-01   7.819391e-01   1.000000e+00   5.238796e-01   0.000000e+00   9.334448e-01   9.551352e-01   4.738785e-01   5.222919e-02   2.459446e-01   5.155563e-01   3.826692e-02   7.840380e-02   1.572509e-01   6.933252e-01   4.534182e-01   5.021172e-01   2.867845e-02
   6.979864e-01   9.999984e-01   6.104654e-01   8.176352e-01   3.756389e-01   6.160149e-01   6.447819e-01   4.453371e-02   3.776905e-01   2.289773e-01   0.000000e+00   9.912404e-05   4.099819e-02   1.378889e-03   1.686593e-02   2.875907e-01   0.000000e+00   5.113089e-03   5.729087e-01   7.592957e-02
   3.950168e-01   1.058164e-02   9.976772e-01   1.000000e+00   3.362251e-01   0.000000e+00   6.133672e-01   1.000000e+00   5.629525e-01   2.615886e-01   8.464457e-02   0.000000e+00   1.321207e-01   4.961894e-02   5.078316e-03   1.548580e-02   0.000000e+00   6.649555e-02   9.510874e-02   0.000000e+00
   2.401180e-01   6.602628e-01   9.980376e-01   1.000000e+00   4.759464e-01   7.035827e-01   7.730789e-01   4.997172e-01   9.975019e-01   1.892729e-02   2.895568e-01   0.000000e+00   1.126645e-01   2.182429e-01   7.952227e-03   3.480607e-01   0.000000e+00   1.818925e-01   2.990699e-01   1.312791e-01
   6.859390e-01   9.464937e-01   1.000000e+00   9.999423e-01   4.482495e-01   5.709886e-01   6.532556e-01   4.986723e-01   3.607000e-01   2.345636e-01   2.917053e-02   2.592824e-02   6.740867e-02   1.886711e-02   9.002838e-03   6.501703e-02   2.307237e-01   5.277433e-02   2.158312e-01   4.498419e-02
   8.196469e-01   3.216315e-01   9.999898e-01   9.998277e-01   1.000000e+00   5.745159e-01   6.108430e-01   9.608182e-01   8.341339e-01   2.143347e-01   3.252945e-02   7.232269e-02   1.868720e-02   1.612648e-01   3.666898e-03   1.177775e-01   6.955129e-02   1.787504e-01   5.028893e-01   4.507085e-02
   6.979864e-01   9.999985e-01   8.781401e-03   1.000000e+00   3.482348e-01   6.158199e-01   6.444395e-01   4.497832e-02   3.779818e-01   2.291935e-01   0.000000e+00   7.009001e-05   4.123462e-02   1.387008e-03   1.700549e-02   2.875765e-01   0.000000e+00   7.816820e-03   5.740588e-01   7.314503e-02
   8.012916e-01   7.727610e-01   8.255395e-01   9.999932e-01   9.466140e-01   1.000000e+00   4.716553e-01   3.268310e-02   8.750481e-01   2.058233e-01   1.618366e-03   1.772149e-01   1.530540e-02   1.409983e-02   1.880644e-01   7.724831e-02   2.469357e-03   9.896346e-02   5.676399e-01   4.539569e-03
   2.278353e-01   1.113135e-02   9.993961e-01   9.983350e-01   4.440940e-01   4.161093e-01   6.444165e-01   3.648482e-01   4.902187e-01   2.685282e-01   0.000000e+00   2.193186e-01   1.011106e-01   1.489495e-01   5.579907e-02   4.046734e-02   2.202235e-02   0.000000e+00   5.133581e-01   6.651153e-03
   6.979864e-01   9.999984e-01   1.984882e-02   6.474207e-01   3.666822e-01   6.155972e-01   6.450167e-01   4.463201e-02   3.719640e-01   2.310637e-01   0.000000e+00   1.952166e-05   4.105882e-02   1.380965e-03   1.636456e-02   2.875526e-01   0.000000e+00   7.249868e-03   5.719490e-01   7.049342e-02
   8.002661e-01   6.542124e-01   1.000000e+00   9.995606e-01   5.174346e-01   4.922541e-01   6.083393e-01   9.109920e-01   0.000000e+00   4.702835e-01   0.000000e+00   0.000000e+00   8.114797e-03   2.095228e-03   1.433312e-02   3.406933e-02   1.246304e-01   5.859683e-02   3.378766e-01   2.568921e-02
   6.968453e-01   9.999984e-01   7.849368e-01   1.000000e+00   2.147266e-01   5.816178e-01   5.936998e-01   4.517447e-02   3.497796e-01   2.146538e-01   4.556638e-01   3.887369e-03   4.709937e-02   2.168145e-03   1.108011e-01   2.721746e-01   5.190660e-03   7.538975e-02   3.817002e-01   6.272439e-02
   7.138557e-01   8.806099e-01   9.998200e-01   9.995240e-01   6.028407e-01   5.654424e-01   6.098803e-01   4.193838e-01   5.581977e-01   3.912626e-01   0.000000e+00   1.550808e-01   1.223931e-02   1.369974e-02   1.237362e-02   7.399815e-02   1.011498e-01   5.525728e-02   0.000000e+00   1.862731e-03
   4.460634e-01   5.613537e-03   9.981901e-01   1.000000e+00   6.178299e-01   5.065131e-01   5.819281e-01   9.413643e-01   5.171476e-01   2.346614e-01   4.088612e-02   1.430398e-01   1.011298e-01   6.073620e-02   1.487011e-02   3.972507e-02   1.712131e-03   3.116563e-02   9.815517e-02   8.625960e-03
   6.227177e-01   6.402811e-01   9.997097e-01   9.991512e-01   3.492679e-01   4.713178e-01   6.319832e-01   3.432425e-01   0.000000e+00   1.242657e-01   0.000000e+00   5.310003e-02   5.012893e-03   1.207345e-02   9.398638e-02   1.886106e-02   1.535202e-01   7.129493e-02   2.859015e-01   3.169577e-02
   6.751184e-01   3.233529e-01   9.994097e-01   1.000000e+00   5.186874e-01   6.281389e-01   6.683094e-01   6.852296e-01   6.551534e-01   3.119483e-01   3.067919e-02   7.874152e-02   0.000000e+00   4.459322e-02   1.380516e-02   8.794887e-02   1.055806e-01   2.750191e-02   3.479126e-01   0.000000e+00
   3.541395e-02   4.326494e-01   9.993657e-01   9.995696e-01   4.806824e-01   1.612796e-01   4.401114e-01   1.351530e-01   9.224412e-01   1.760935e-01   1.107083e-01   3.870031e-01   1.101237e-01   8.084149e-02   4.095784e-03   3.210763e-02   1.739182e-01   7.916316e-03   5.834095e-01   1.110455e-01
   7.150172e-01   5.597362e-01   9.999973e-01   9.994361e-01   3.332967e-01   6.579219e-01   6.969555e-01   4.750006e-01   9.425694e-01   2.780760e-01   5.051930e-03   2.630309e-02   8.345917e-03   7.541632e-02   9.890384e-04   1.550569e-01   1.321313e-01   1.448901e-01   4.574486e-01   0.000000e+00
   7.085862e-01   6.436604e-01   9.998624e-01   9.998330e-01   6.366915e-01   5.260877e-01   6.241860e-01   0.000000e+00   3.823178e-01   1.558776e-01   0.000000e+00   0.000000e+00   0.000000e+00   2.489427e-01   2.836795e-02   0.000000e+00   3.384111e-02   3.950726e-03   4.906112e-01   0.000000e+00
   6.739840e-01   9.999754e-01   0.000000e+00   8.676051e-01   1.000000e+00   8.097986e-01   6.460853e-01   0.000000e+00   5.904007e-02   2.232855e-01   0.000000e+00   0.000000e+00   7.554720e-02   5.762437e-02   1.379521e-01   2.835916e-01   9.255752e-02   6.357303e-01   7.398947e-01   2.126904e-01
   6.922445e-01   1.883917e-01   9.982898e-01   1.000000e+00   5.102739e-01   5.941584e-01   5.831015e-01   8.475530e-01   6.500346e-01   2.650465e-01   1.727982e-02   2.853621e-02   0.000000e+00   4.352004e-02   0.000000e+00   8.850269e-02   1.224654e-01   1.307520e-02   0.000000e+00   0.000000e+00
   2.030657e-01   1.144936e-01   0.000000e+00   7.937140e-01   9.965644e-01   7.240104e-01   6.739797e-01   4.257551e-01   6.470607e-01   2.178877e-01   0.000000e+00   6.472983e-01   7.443093e-01   0.000000e+00   8.202398e-01   9.320181e-02   7.696959e-01   0.000000e+00   8.174299e-01   3.588639e-01
   6.272105e-01   5.411605e-01   9.989044e-01   9.997636e-01   2.761327e-01   1.000000e+00   5.815603e-01   0.000000e+00   5.502663e-01   1.914591e-01   5.883972e-02   4.468317e-02   6.675616e-02   6.922647e-02   2.433735e-01   2.500536e-02   8.681041e-02   1.589508e-01   3.606760e-01   8.669274e-05
   8.456655e-01   5.477619e-01   1.000000e+00   9.996840e-01   2.175281e-01   2.987513e-01   7.049537e-01   5.752391e-01   1.000000e+00   2.595877e-01   2.271327e-02   1.017758e-02   8.931136e-02   7.982157e-02   0.000000e+00   8.146213e-02   1.689664e-01   0.000000e+00   3.140614e-01   0.000000e+00
   8.549111e-01   8.020847e-02   9.991664e-01   9.998216e-01   7.273049e-01   1.000000e+00   5.624402e-01   8.707326e-01   6.904201e-01   0.000000e+00   6.570564e-02   1.779181e-01   7.070087e-03   2.638574e-01   0.000000e+00   0.000000e+00   2.743404e-01   2.108213e-01   0.000000e+00   9.496508e-04
   4.067547e-01   0.000000e+00   1.000000e+00   9.999732e-01   5.122659e-01   1.000000e+00   7.109836e-01   2.297137e-01   6.440721e-01   3.937897e-01   2.544063e-03   1.068530e-01   1.012331e-01   7.093631e-02   1.116121e-01   1.564202e-01   8.810876e-02   1.114903e-01   9.458574e-02   4.334356e-03
   5.701235e-01   5.625124e-01   9.315479e-01   7.253445e-01   1.000000e+00   6.703912e-01   7.286890e-01   0.000000e+00   1.000000e+00   2.247380e-01   2.577564e-01   1.671049e-01   3.973436e-01   0.000000e+00   1.426925e-01   3.617455e-01   5.277514e-01   5.450024e-01   6.300484e-01   0.000000e+00
   7.620579e-01   4.487557e-01   1.000000e+00   1.000000e+00   7.826955e-01   9.966093e-01   7.053114e-01   7.039754e-01   6.779943e-01   1.834279e-01   2.038236e-02   1.236180e-01   0.000000e+00   9.118129e-02   1.794400e-01   5.918658e-02   1.942244e-02   9.689853e-02   4.163377e-01   1.826683e-03
   5.814502e-01   3.790364e-01   0.000000e+00   2.753325e-01   5.384590e-01   4.980779e-01   6.558726e-01   3.545131e-01   5.571143e-01   2.529467e-01   4.626371e-01   9.999603e-01   5.092388e-01   0.000000e+00   7.271682e-01   8.246073e-03   3.788988e-01   3.050313e-01   2.490592e-01   4.336308e-01
   5.839750e-01   3.805995e-03   9.993972e-01   9.999024e-01   5.020793e-01   6.832782e-01   6.354305e-01   2.695335e-01   8.597575e-01   3.172284e-01   7.539699e-02   2.585446e-01   0.000000e+00   4.462792e-02   0.000000e+00   1.195741e-02   2.146545e-01   1.144791e-01   8.685829e-02   7.168577e-03
   7.759022e-01   4.456808e-01   1.000000e+00   9.997632e-01   8.012829e-01   2.230539e-01   6.478544e-01   0.000000e+00   8.265686e-01   1.936853e-01   6.261510e-02   1.355080e-01   1.939904e-02   1.260982e-01   1.792932e-01   1.606360e-01   9.298317e-03   1.584055e-01   4.698515e-01   1.269831e-03
   1.017280e-01   4.874235e-01   1.000000e+00   9.998182e-01   7.673949e-01   7.250784e-01   6.386329e-01   8.636031e-01   5.909863e-01   3.266697e-02   9.106009e-02   1.384469e-01   1.709192e-01   9.403052e-03   0.000000e+00   1.105345e-02   4.893901e-01   4.103262e-01   4.448425e-01   0.000000e+00
   4.125794e-01   6.255605e-01   1.000000e+00   9.995231e-01   7.584773e-01   5.385591e-01   6.288370e-01   4.126848e-01   6.418256e-01   2.097587e-01   0.000000e+00   1.545657e-01   2.460289e-02   1.558969e-01   1.881295e-02   3.722964e-02   3.545857e-02   5.222586e-02   4.972798e-01   1.278175e-03
   1.000000e+00   8.098752e-01   9.244691e-01   7.878287e-01   9.666395e-01   8.031030e-01   5.956760e-01   9.109250e-01   4.024913e-01   2.102731e-01   5.576881e-02   5.798029e-01   1.124792e-01   1.091912e-01   1.696728e-01   3.841775e-01   5.040093e-02   5.266140e-01   2.629367e-01   4.353930e-02
   6.979864e-01   9.999984e-01   2.459778e-02   1.788506e-01   3.688379e-01   6.149686e-01   6.449391e-01   4.455018e-02   3.719650e-01   2.313345e-01   0.000000e+00   1.938582e-05   4.105460e-02   1.381740e-03   1.729764e-02   2.875452e-01   0.000000e+00   7.255159e-03   5.717942e-01   7.051124e-02
   4.945553e-01   7.449952e-01   4.407168e-01   7.759400e-01   9.998643e-01   7.963359e-01   6.839392e-01   4.288504e-02   5.561983e-01   2.003020e-01   1.931052e-01   5.850174e-01   6.978906e-02   0.000000e+00   3.050903e-01   2.800272e-01   6.570350e-01   6.539827e-01   6.428479e-01   3.024294e-01
   3.314264e-01   9.367265e-01   9.986190e-01   9.997544e-01   4.534674e-01   0.000000e+00   6.168034e-01   6.520046e-01   6.104050e-01   3.984090e-01   0.000000e+00   1.204722e-01   8.360471e-02   4.676332e-02   2.140168e-02   1.016456e-01   1.249041e-01   7.937644e-02   0.000000e+00   6.574317e-02
   6.979864e-01   9.999984e-01   4.345635e-02   5.925352e-01   3.723103e-01   6.155820e-01   6.448372e-01   4.459298e-02   3.727104e-01   2.301418e-01   0.000000e+00   1.584976e-05   4.105243e-02   1.383071e-03   1.626933e-02   2.875463e-01   0.000000e+00   7.247183e-03   5.723920e-01   7.048725e-02
   4.219158e-01   2.268496e-01   9.980397e-01   9.999961e-01   1.710578e-01   2.575305e-02   6.664760e-01   9.817369e-01   5.654387e-01   3.181970e-01   6.829471e-02   0.000000e+00   7.251848e-02   4.507857e-02   4.610810e-02   2.937846e-02   0.000000e+00   1.453210e-02   1.536573e-01   0.000000e+00
   9.601752e-01   8.995068e-01   9.995198e-01   9.999700e-01   4.574775e-01   5.810114e-01   7.774302e-01   5.032373e-01   5.706686e-01   3.259280e-01   2.320545e-02   2.007147e-02   9.281062e-03   1.897260e-02   9.543270e-03   5.107430e-02   1.641837e-01   7.144662e-02   4.597246e-01   3.852707e-02
   6.268294e-02   4.342045e-01   5.302090e-01   8.919154e-01   1.885478e-01   1.101278e-01   6.188497e-01   2.866310e-01   9.630453e-01   1.537187e-01   3.832383e-01   2.679054e-01   7.589421e-01   5.927702e-01   0.000000e+00   7.918499e-02   1.242017e-01   3.016190e-01   2.675243e-01   2.585733e-01
   6.752564e-02   0.000000e+00   9.968792e-01   9.999669e-01   5.039672e-01   0.000000e+00   2.486331e-01   5.407305e-01   8.027701e-01   2.974593e-01   1.737101e-02   3.479088e-01   8.100295e-02   5.582097e-02   6.269470e-02   1.100460e-02   2.331427e-01   4.534199e-02   6.758957e-02   1.789080e-03
   2.849387e-01   5.362007e-01   9.937408e-01   9.374525e-01   1.000000e+00   9.893095e-01   6.783156e-01   2.897141e-01   5.138718e-01   0.000000e+00   1.099518e-01   7.088337e-01   6.909811e-03   6.608721e-02   2.258925e-01   2.872130e-01   3.518465e-01   3.799293e-01   6.843758e-01   2.989547e-01
   7.874732e-01   5.659096e-01   9.998420e-01   9.998906e-01   8.577857e-01   7.105820e-01   6.078957e-01   1.265770e-01   8.167554e-01   1.945559e-01   5.089002e-02   5.413482e-02   1.879499e-02   4.047978e-02   0.000000e+00   4.036156e-02   3.013253e-02   1.597858e-01   5.173153e-01   2.179198e-02
   7.029521e-01   6.821550e-01   1.000000e+00   9.999873e-01   2.105617e-01   6.627321e-01   6.600690e-01   8.360639e-01   7.247179e-01   3.386779e-01   4.017555e-02   5.352706e-02   1.330179e-02   7.137365e-02   1.170516e-03   1.034450e-01   3.760704e-02   7.546904e-02   5.689213e-01   0.000000e+00
   3.133962e-01   1.000000e+00   9.967354e-01   9.999421e-01   4.585276e-01   9.600760e-01   5.993353e-01   6.417686e-01   5.586456e-01   4.129855e-01   8.416607e-03   6.746454e-02   8.768790e-02   4.762748e-02   0.000000e+00   1.020157e-01   1.243237e-01   8.086341e-02   0.000000e+00   6.745069e-02
   7.028126e-01   9.989105e-01   4.919787e-03   9.979366e-01   2.698137e-01   3.540102e-01   7.399437e-01   0.000000e+00   3.696045e-01   2.213055e-01   1.000000e+00   0.000000e+00   4.572248e-02   2.039012e-03   3.301659e-02   3.337966e-01   0.000000e+00   4.536587e-03   1.000000e+00   3.737847e-02
   6.979864e-01   9.999984e-01   2.034396e-02   8.582189e-01   4.048845e-01   6.167662e-01   6.463778e-01   4.444744e-02   3.752326e-01   2.270708e-01   0.000000e+00   6.669529e-05   4.106201e-02   1.387819e-03   1.768944e-02   2.875508e-01   0.000000e+00   7.251181e-03   5.712433e-01   7.027989e-02
   6.791066e-01   1.781220e-01   9.992895e-01   9.999564e-01   5.349130e-01   5.975319e-01   6.026917e-01   9.141141e-01   5.293656e-01   1.174215e-01   6.848113e-02   4.738162e-02   2.025540e-02   8.479013e-02   0.000000e+00   3.509181e-03   8.898742e-02   3.354015e-01   0.000000e+00   8.729367e-02
   1.109141e-01   3.874242e-01   9.984171e-01   1.000000e+00   3.628442e-01   1.450161e-02   7.681576e-01   4.273454e-01   7.610584e-01   1.811903e-01   2.159091e-02   1.722869e-01   7.108919e-02   6.418594e-02   0.000000e+00   4.050894e-02   5.579268e-02   2.077254e-04   2.325288e-01   0.000000e+00
   9.067921e-02   9.023273e-02   9.979548e-01   1.000000e+00   5.532387e-01   7.276192e-02   8.305032e-01   3.148415e-01   6.753614e-01   3.861929e-01   7.862949e-02   2.380053e-01   1.674372e-01   9.099041e-02   4.271524e-02   3.351908e-02   2.780729e-03   1.149309e-02   3.599811e-01   2.392678e-04
   8.681392e-01   1.000000e+00   9.712732e-03   1.000000e+00   7.360891e-01   7.482647e-01   5.081492e-01   0.000000e+00   7.185320e-01   2.313448e-01   0.000000e+00   0.000000e+00   0.000000e+00   5.428592e-02   1.000000e+00   3.431416e-02   1.981750e-01   1.632038e-01   3.314042e-01   1.933130e-01
   0.000000e+00   8.417540e-01   9.972310e-01   1.000000e+00   5.273950e-01   1.000000e+00   3.444995e-01   5.477275e-01   1.000000e+00   2.310713e-01   1.846551e-02   7.982456e-02   5.900552e-02   1.607347e-03   7.982913e-02   1.249989e-01   2.432589e-02   2.714439e-01   0.000000e+00   3.358291e-02
   0.000000e+00   1.000000e+00   9.996685e-01   9.996686e-01   5.141920e-01   5.860749e-01   7.533810e-01   4.506877e-01   6.641392e-01   4.313189e-01   6.263970e-04   0.000000e+00   3.894821e-02   6.145951e-03   8.322652e-02   6.808841e-02   4.184528e-02   1.922269e-02   3.993434e-01   3.950450e-02
   4.300892e-01   5.363309e-02   9.999542e-01   9.998780e-01   3.573868e-01   5.334600e-02   6.494930e-01   2.861097e-01   8.533203e-01   2.713948e-01   0.000000e+00   2.398332e-02   1.054722e-01   5.617263e-02   1.297544e-01   0.000000e+00   1.826367e-01   1.155168e-01   1.161875e-01   5.904023e-03
   1.000000e+00   6.748831e-01   9.999285e-01   9.999641e-01   5.672067e-01   6.676880e-01   6.340776e-01   1.000000e+00   6.723559e-01   2.901620e-01   1.826992e-02   1.555251e-01   2.945123e-02   0.000000e+00   3.383236e-02   8.385694e-02   8.687373e-02   1.454839e-01   4.770183e-01   1.342821e-03
   3.120864e-02   5.433039e-01   9.970344e-01   9.993800e-01   7.871982e-01   6.552668e-02   6.506512e-01   5.517105e-01   8.535590e-01   2.511014e-01   0.000000e+00   1.120912e-01   3.190129e-02   0.000000e+00   4.416134e-01   0.000000e+00   1.815337e-01   5.354162e-01   2.547142e-01   5.733174e-02
   9.904358e-01   6.629143e-01   1.000000e+00   9.998381e-01   7.866181e-01   5.594080e-01   5.925833e-01   1.988898e-01   6.746419e-01   1.238471e-01   6.189709e-02   1.833489e-01   1.098925e-02   2.323436e-01   0.000000e+00   1.506405e-01   1.446138e-01   0.000000e+00   4.414916e-01   0.000000e+00
   4.616245e-01   2.542773e-01   1.000000e+00   1.000000e+00   8.352607e-01   8.990323e-01   5.740946e-01   4.547878e-01   5.975685e-01   4.927725e-01   3.379259e-02   3.007073e-02   6.317023e-02   3.480999e-01   0.000000e+00   4.309843e-02   5.704279e-02   2.736665e-01   0.000000e+00   9.202534e-04
   6.694605e-01   6.929464e-01   9.999508e-01   1.000000e+00   2.227681e-01   6.772392e-01   6.360264e-01   8.663150e-01   5.300340e-01   2.902579e-01   2.588698e-02   1.396425e-01   2.348046e-02   0.000000e+00   3.613258e-02   0.000000e+00   0.000000e+00   1.051625e-01   4.747163e-01   0.000000e+00
   1.891652e-01   5.292764e-01   9.993649e-01   9.991179e-01   4.681584e-01   6.484933e-01   7.396827e-01   3.752108e-01   6.874901e-01   1.789672e-01   3.876408e-03   2.038855e-01   2.737338e-02   2.736474e-02   6.883853e-02   2.683778e-02   3.499299e-02   0.000000e+00   4.249020e-01   1.706266e-03
   1.000000e+00   1.000000e+00   1.000000e+00   9.999859e-01   0.000000e+00   8.420807e-01   6.025292e-01   5.289465e-01   6.984386e-01   6.368052e-01   1.170503e-04   9.872358e-03   3.150599e-02   1.191861e-01   1.088150e-02   1.327285e-01   3.132590e-03   9.290932e-06   2.011624e-01   0.000000e+00
   7.549111e-01   6.751347e-01   7.704342e-01   9.951029e-01   1.000000e+00   9.922556e-01   3.761918e-01   7.942292e-02   6.908797e-01   1.641966e-01   0.000000e+00   1.180173e-01   1.309480e-03   1.666996e-02   2.052066e-01   1.266208e-02   1.634637e-01   1.062556e-01   6.928704e-01   2.798350e-03
   8.279623e-01   7.873390e-01   1.000000e+00   9.998383e-01   6.869848e-01   5.866257e-01   6.354280e-01   3.701379e-01   6.022656e-01   1.407426e-01   1.648839e-02   1.126340e-02   5.052892e-02   4.482265e-02   2.787448e-02   1.465978e-01   7.588084e-04   4.727071e-04   1.778235e-01   0.000000e+00
   5.599133e-02   2.595396e-01   9.991646e-01   1.000000e+00   5.860995e-01   0.000000e+00   6.066720e-01   3.166908e-01   5.155281e-01   1.861498e-01   4.544245e-02   3.157324e-02   2.927327e-02   7.810024e-02   0.000000e+00   5.280431e-02   8.536970e-02   9.592532e-02   4.285903e-01   4.874148e-03
   0.000000e+00   9.959781e-01   9.984546e-01   9.997923e-01   4.477338e-01   3.539803e-03   6.858806e-01   7.843473e-01   5.920074e-01   4.009995e-01   5.214852e-02   4.201910e-02   8.115997e-02   3.288221e-02   2.133474e-02   2.894986e-02   1.386192e-01   6.266790e-02   2.716669e-04   3.076434e-02
   6.571563e-01   6.711839e-01   9.999983e-01   9.998942e-01   4.684688e-01   6.228244e-01   5.982274e-01   7.728680e-02   6.985962e-01   2.883957e-01   9.625948e-03   1.768933e-03   0.000000e+00   0.000000e+00   9.548033e-03   9.675681e-02   1.013932e-01   1.616263e-01   4.909740e-01   4.664824e-03
   7.192343e-01   8.417840e-01   1.000000e+00   9.996026e-01   6.650893e-01   5.635639e-01   5.741128e-01   3.869542e-01   2.182150e-01   4.139571e-01   1.103012e-04   1.362881e-01   9.520404e-03   1.862133e-02   2.346691e-02   2.040402e-02   6.106286e-02   3.731569e-03   4.310792e-01   0.000000e+00
   6.334147e-01   9.983471e-01   1.000000e+00   9.255815e-01   8.976488e-01   9.878857e-01   5.439765e-01   7.588372e-01   5.467140e-01   5.913233e-02   2.481791e-02   6.109012e-01   4.867711e-03   0.000000e+00   2.075628e-01   3.510285e-01   1.247909e-01   5.353210e-01   6.746787e-01   2.967871e-01
   3.017059e-01   7.138406e-01   1.000000e+00   9.980319e-01   4.932498e-01   4.060190e-01   7.211554e-01   6.377206e-01   6.160755e-01   6.673184e-02   5.182960e-02   2.453641e-01   1.190094e-01   1.457713e-02   4.526303e-01   2.266120e-01   2.219931e-01   3.924300e-02   4.278921e-01   1.536910e-01
   6.357397e-01   9.995865e-01   3.568897e-01   9.374978e-01   8.796999e-01   9.989750e-01   5.743981e-01   6.856176e-01   3.439523e-01   2.285179e-01   2.048941e-02   4.996830e-02   1.207383e-03   0.000000e+00   1.940547e-01   4.244720e-01   7.681961e-02   4.245039e-01   0.000000e+00   8.208537e-02
   4.926927e-01   1.788760e-02   1.000000e+00   9.999455e-01   4.068439e-01   3.957257e-01   6.893931e-01   3.365656e-01   6.766123e-01   3.771296e-01   4.619815e-03   9.147620e-02   9.543278e-02   1.833285e-01   1.170073e-01   1.351594e-01   1.049262e-01   9.286596e-02   1.407253e-01   5.873797e-04
   0.000000e+00   1.020526e-01   1.000000e+00   9.999425e-01   6.466131e-01   9.192864e-01   5.621625e-01   3.872125e-01   5.304548e-01   1.661404e-01   0.000000e+00   8.181349e-03   1.067101e-01   4.859282e-02   0.000000e+00   0.000000e+00   1.174210e-01   0.000000e+00   3.348257e-02   2.740991e-02
   6.721067e-01   3.779052e-01   9.999065e-01   9.997423e-01   5.316915e-01   4.845470e-01   6.214455e-01   2.575312e-01   4.519975e-01   1.704366e-01   0.000000e+00   0.000000e+00   2.338577e-02   2.158054e-01   4.576418e-02   1.984004e-02   3.443958e-02   1.306618e-01   4.808542e-01   9.677189e-03
   0.000000e+00   0.000000e+00   1.000000e+00   1.000000e+00   4.410063e-01   6.705449e-01   6.780154e-01   4.285760e-02   0.000000e+00   2.696580e-01   2.794579e-02   0.000000e+00   9.606067e-02   7.116280e-03   8.324330e-03   0.000000e+00   1.337273e-01   7.343597e-02   3.412738e-01   6.982806e-02
   1.386864e-01   3.068632e-01   9.978459e-01   1.000000e+00   1.160134e-01   0.000000e+00   7.397796e-01   1.000000e+00   8.034195e-01   1.805427e-01   7.172611e-03   2.771579e-01   1.428532e-01   5.061275e-02   0.000000e+00   8.711976e-03   1.828674e-02   4.508928e-03   4.278009e-01   0.000000e+00
   2.193342e-01   6.857334e-01   1.000000e+00   9.988532e-01   3.770200e-01   4.468490e-01   6.333160e-01   3.315743e-01   5.939586e-01   2.053508e-01   0.000000e+00   2.188875e-01   2.844669e-02   1.405158e-01   6.404017e-02   3.376095e-02   3.879424e-02   1.690622e-01   4.183829e-01   6.227289e-03
   2.802135e-01   5.423082e-01   9.954416e-01   1.000000e+00   4.763125e-01   4.887672e-01   5.939414e-01   7.247518e-02   0.000000e+00   5.706936e-02   4.668888e-01   0.000000e+00   1.770290e-02   0.000000e+00   1.680183e-01   1.000000e+00   5.962400e-01   7.916864e-02   2.009112e-01   4.326532e-02
   9.148545e-01   6.387302e-01   9.995556e-01   9.995015e-01   4.833903e-01   6.621588e-01   6.397843e-01   9.633926e-01   8.624779e-02   2.224630e-01   0.000000e+00   0.000000e+00   1.263324e-02   0.000000e+00   8.360973e-03   3.925839e-02   1.640361e-01   9.846290e-02   3.600010e-01   8.322355e-04
   4.113313e-01   8.079819e-01   9.972936e-01   1.000000e+00   4.587771e-01   1.000000e+00   5.946652e-01   5.083991e-01   5.605640e-01   3.591392e-01   8.753849e-03   6.480291e-02   9.992090e-02   4.414737e-02   0.000000e+00   1.019500e-01   1.241590e-01   8.599053e-02   0.000000e+00   1.733915e-04
   7.075974e-01   8.845492e-01   2.213742e-01   9.531564e-01   1.000000e+00   7.257418e-01   0.000000e+00   1.000000e+00   5.216475e-01   2.189462e-01   8.450514e-02   1.000000e+00   0.000000e+00   9.493232e-02   2.973896e-01   0.000000e+00   0.000000e+00   4.359243e-01   5.871308e-01   1.658082e-01
   6.965110e-01   9.212554e-01   1.000000e+00   1.000000e+00   3.215050e-01   5.894014e-01   6.421235e-01   0.000000e+00   6.301678e-01   2.079997e-01   0.000000e+00   0.000000e+00   2.479518e-03   2.492399e-02   1.493012e-02   0.000000e+00   3.692678e-02   1.032646e-02   3.593394e-01   0.000000e+00
   5.672881e-01   3.147578e-01   9.991297e-01   9.999528e-01   5.681399e-01   4.623231e-01   6.040604e-01   5.915728e-01   3.789879e-01   2.971330e-01   1.565525e-02   9.450702e-02   5.763793e-03   5.396373e-02   0.000000e+00   6.577378e-02   9.023993e-02   7.952693e-02   0.000000e+00   6.179670e-02
   3.508755e-01   5.646585e-01   9.982627e-01   9.993938e-01   4.407000e-01   3.945558e-01   6.499388e-01   4.990964e-01   6.770594e-01   2.555889e-01   0.000000e+00   9.848698e-02   7.915224e-03   0.000000e+00   0.000000e+00   1.230973e-01   1.356091e-01   2.981180e-01   2.812329e-01   6.023356e-02
   4.869063e-01   8.526963e-01   9.992858e-01   9.999546e-01   3.980633e-01   3.572711e-01   5.475714e-01   6.422111e-01   6.637420e-01   3.505565e-01   4.779727e-03   2.087028e-01   9.231895e-02   5.995812e-02   9.903791e-02   9.255628e-02   9.922730e-02   2.616260e-02   9.786417e-02   1.673832e-02
   1.348529e-01   2.057189e-01   1.000000e+00   9.999354e-01   1.706019e-01   4.773261e-01   5.527275e-01   1.830895e-01   6.256594e-01   1.615310e-01   2.637771e-02   2.101731e-01   1.317254e-02   1.097592e-01   0.000000e+00   1.086842e-01   6.223283e-01   2.434219e-01   4.224387e-01   0.000000e+00
