   1.000000e+00   2.028515e-02   1.055663e-01   3.419939e-01   0.000000e+00   2.338929e-03   1.059862e-04   2.376367e-02   4.915664e-03   0.000000e+00   1.264520e-02   4.053176e-03   0.000000e+00   5.685435e-03   5.038698e-03   0.000000e+00   1.192021e-02
   1.000000e+00   6.460588e-01   8.578064e-04   4.715756e-03   9.822354e-03   1.694765e-02   0.000000e+00   1.396518e-02   4.637543e-03   0.000000e+00   4.933791e-03   3.214744e-03   6.577643e-03   0.000000e+00   3.709458e-03   3.679996e-03   4.680065e-03
   9.805980e-01   7.130919e-02   9.536853e-01   1.767563e-01   9.591553e-03   0.000000e+00   1.141194e-03   0.000000e+00   1.361202e-03   1.054478e-03   1.098610e-03   3.518714e-03   6.089583e-03   1.983739e-02   1.963175e-02   3.192568e-02   2.867626e-03
   9.963071e-01   2.745986e-02   3.626730e-01   0.000000e+00   2.474924e-01   4.362865e-04   8.469146e-02   7.682893e-01   6.408327e-02   1.000000e+00   6.199327e-01   6.640155e-01   6.083983e-01   8.187661e-01   7.817397e-01   6.966845e-01   4.760406e-01
   9.866576e-01   1.000000e+00   5.022967e-01   3.417561e-02   1.627124e-01   1.242488e-02   0.000000e+00   9.045654e-03   2.155503e-03   1.283125e-02   0.000000e+00   4.526805e-03   2.687049e-02   0.000000e+00   3.463202e-03   1.597556e-02   4.053162e-02
   7.067888e-01   1.978216e-02   9.999787e-01   5.274495e-04   0.000000e+00   6.718794e-03   1.590841e-03   1.534848e-03   5.590122e-03   0.000000e+00   0.000000e+00   4.794394e-03   6.311644e-03   3.382309e-03   0.000000e+00   1.991258e-06   0.000000e+00
   1.000000e+00   0.000000e+00   5.007968e-01   3.459614e-01   2.370561e-01   9.755905e-03   7.048284e-02   9.913216e-01   3.893015e-01   1.000000e+00   9.969752e-01   9.961946e-01   7.254360e-01   9.875582e-01   6.237440e-01   9.796941e-01   9.820940e-01
   9.925388e-01   9.897079e-01   5.768460e-01   3.865685e-01   1.000000e+00   5.463791e-03   3.591423e-03   1.178634e-02   3.600966e-03   7.973213e-04   2.569997e-03   3.986149e-03   8.701785e-07   1.279662e-02   2.743646e-03   3.762066e-03   2.258220e-02
   1.000000e+00   1.000000e+00   3.196026e-01   1.332002e-02   1.137950e-02   2.198183e-02   2.294098e-10   3.183064e-03   3.489014e-03   1.557145e-02   9.136929e-03   2.855781e-03   1.727264e-02   7.864837e-03   3.628446e-03   1.126779e-02   2.774797e-03
   9.822440e-01   1.914090e-03   1.000000e+00   1.000000e+00   2.400318e-01   1.996836e-02   0.000000e+00   1.001326e-02   6.321911e-04   5.086035e-03   1.114462e-03   4.490773e-03   8.347921e-03   9.368919e-03   9.442291e-03   1.657514e-02   4.512138e-03
   9.111330e-01   7.634660e-01   9.999485e-01   3.620307e-04   0.000000e+00   3.552650e-03   1.117429e-03   1.596391e-03   2.138799e-03   3.058767e-04   3.249191e-05   2.311122e-03   0.000000e+00   1.101561e-03   0.000000e+00   0.000000e+00   7.607523e-04
   8.736593e-01   3.379606e-01   9.999959e-01   9.485459e-01   0.000000e+00   4.787911e-03   1.889334e-03   6.286137e-03   7.687126e-03   0.000000e+00   0.000000e+00   2.767325e-03   4.661086e-03   9.624411e-03   1.573815e-05   1.090203e-02   2.417808e-02
   9.995004e-01   1.011288e-03   9.068710e-03   8.743582e-03   8.814778e-06   0.000000e+00   2.320196e-03   3.580449e-03   6.118490e-03   1.314888e-03   1.605553e-03   2.635595e-03   0.000000e+00   4.695199e-03   6.769029e-03   2.704652e-02   0.000000e+00
   9.996553e-01   1.770515e-04   1.000000e+00   1.000000e+00   0.000000e+00   8.383700e-03   2.104225e-04   6.218792e-03   7.230809e-03   6.136740e-03   1.993950e-03   3.210064e-03   5.848189e-03   1.471048e-02   9.049859e-03   1.098138e-02   5.295878e-03
   9.997149e-01   8.482154e-01   6.368856e-01   2.233362e-01   5.433257e-03   8.221589e-03   1.699056e-05   4.099757e-03   2.624358e-03   9.357063e-03   3.925423e-03   4.593133e-03   1.396772e-02   3.378810e-03   4.204923e-03   1.085137e-02   1.781226e-02
   8.953151e-01   1.000000e+00   1.000000e+00   0.000000e+00   2.942491e-01   1.093277e-03   1.287686e-03   3.625658e-01   0.000000e+00   5.043833e-01   4.895862e-01   2.964949e-01   0.000000e+00   1.000000e+00   9.535661e-01   0.000000e+00   0.000000e+00
   9.959975e-01   8.933565e-01   9.814063e-02   8.475879e-02   1.960445e-01   9.211615e-01   1.241985e-04   0.000000e+00   4.744443e-03   9.934638e-03   1.379621e-03   5.796755e-03   1.543701e-03   8.286638e-03   7.295174e-04   1.365858e-03   0.000000e+00
   9.175144e-01   2.743895e-04   9.529833e-01   1.706425e-01   2.654190e-01   4.771364e-03   8.525840e-03   2.282435e-02   2.564383e-03   3.151728e-04   2.992555e-02   6.835600e-03   4.746805e-03   0.000000e+00   2.275029e-02   0.000000e+00   3.508032e-02
   1.000000e+00   8.619095e-01   5.999219e-01   4.085009e-01   5.095418e-03   5.366038e-03   0.000000e+00   1.477717e-03   3.996399e-03   1.726750e-02   5.008513e-03   4.184889e-03   4.286960e-03   2.439240e-03   1.847139e-02   1.722896e-02   2.126639e-02
   1.000000e+00   1.137656e-01   1.000000e+00   6.812460e-01   4.603437e-02   2.141870e-03   2.919840e-04   4.715776e-03   2.770042e-03   0.000000e+00   6.595247e-03   3.535665e-03   1.218383e-03   1.519606e-03   2.400328e-03   6.752241e-03   1.187203e-02
   1.000000e+00   3.988865e-01   7.165789e-03   2.166057e-01   4.232546e-01   1.061665e-02   3.324415e-02   3.885352e-03   2.634181e-02   3.002695e-02   3.598619e-03   1.633803e-02   1.035697e-01   9.867078e-03   1.059734e-02   7.027216e-02   2.405023e-02
   9.960549e-01   6.525931e-04   1.000000e+00   1.637678e-02   9.795316e-06   0.000000e+00   2.329475e-03   1.087576e-03   7.083471e-03   1.386444e-03   1.475838e-03   2.485212e-03   3.761187e-03   2.318083e-02   9.264889e-03   2.934799e-02   1.709206e-03
   9.621631e-01   7.641224e-01   1.000000e+00   6.575956e-03   6.375815e-01   0.000000e+00   0.000000e+00   6.609782e-03   1.039131e-02   0.000000e+00   7.037080e-03   3.708444e-03   0.000000e+00   2.945611e-02   6.089246e-03   8.857278e-03   8.647610e-03
   1.000000e+00   1.091880e-01   6.055719e-04   1.000000e+00   2.384156e-02   3.418317e-03   0.000000e+00   2.752207e-03   5.612077e-03   1.043878e-03   1.285058e-03   8.631954e-03   3.828314e-05   3.373658e-03   2.269863e-03   2.289679e-03   2.320949e-03
   9.796175e-01   1.000000e+00   7.337979e-02   3.540920e-02   0.000000e+00   2.908927e-03   0.000000e+00   8.534835e-03   1.410406e-02   1.232178e-03   1.753270e-02   1.613267e-03   1.261083e-06   1.174024e-02   2.869880e-03   4.163867e-03   1.615394e-02
   9.991250e-01   1.000000e+00   1.353695e-01   1.000000e+00   2.497110e-01   1.316668e-01   2.791878e-03   8.346910e-03   0.000000e+00   1.173188e-02   2.239413e-02   4.266539e-03   6.663995e-03   1.574090e-02   1.266071e-02   1.365173e-02   1.985440e-02
   9.971916e-01   4.451205e-01   9.338529e-01   2.326592e-04   5.255590e-03   0.000000e+00   4.447654e-05   1.180200e-02   3.542852e-03   1.506340e-04   1.788004e-02   7.176299e-03   3.270894e-03   5.513402e-03   2.591411e-02   3.973085e-03   1.923240e-02
   1.000000e+00   2.755187e-01   1.000000e+00   4.086612e-01   1.883473e-03   0.000000e+00   0.000000e+00   2.335658e-03   1.618871e-03   1.712043e-03   6.461076e-04   4.308620e-03   6.797866e-04   2.388961e-03   3.219508e-03   2.727374e-02   0.000000e+00
   9.937708e-01   1.000000e+00   1.589949e-05   0.000000e+00   0.000000e+00   4.995956e-02   0.000000e+00   3.003908e-03   6.421115e-03   1.273829e-03   1.729324e-02   5.866797e-03   3.655238e-07   5.833618e-03   0.000000e+00   2.470405e-03   1.471604e-02
   9.700832e-01   1.000000e+00   9.405211e-02   1.837168e-03   3.687520e-04   5.176212e-02   4.541479e-05   9.772754e-03   1.307270e-03   1.445303e-05   1.068937e-02   4.256202e-03   0.000000e+00   6.618390e-03   2.926599e-03   3.219956e-03   1.537052e-02
   1.000000e+00   1.000000e+00   3.598827e-01   2.179228e-01   2.760035e-02   2.170274e-02   3.162833e-01   6.843676e-03   4.283989e-03   1.011696e-02   1.047347e-02   3.440710e-03   1.084475e-02   0.000000e+00   4.766981e-03   4.808633e-03   2.049187e-02
   9.551599e-01   1.000000e+00   9.140694e-01   1.976118e-02   3.364843e-03   1.364404e-02   2.028917e-04   1.122042e-02   4.682863e-03   1.865518e-02   0.000000e+00   1.809819e-03   1.536025e-02   0.000000e+00   2.518793e-03   0.000000e+00   8.114995e-03
   9.999998e-01   0.000000e+00   0.000000e+00   0.000000e+00   2.912674e-06   3.460578e-03   0.000000e+00   2.881409e-03   6.164304e-03   1.322535e-03   1.270882e-03   3.648593e-03   1.438272e-04   3.040987e-03   2.339756e-03   7.969847e-05   0.000000e+00
   1.000000e+00   9.497777e-01   1.000000e+00   3.034098e-01   1.543580e-01   9.381760e-03   0.000000e+00   6.193601e-04   7.781867e-03   1.327582e-03   1.423497e-03   4.578636e-03   1.764789e-02   1.082522e-02   0.000000e+00   4.561218e-03   0.000000e+00
   9.810555e-01   3.109230e-01   3.257746e-01   3.585457e-02   0.000000e+00   5.227446e-02   1.197975e-04   1.008887e-02   2.012728e-02   1.041091e-03   2.611158e-02   2.249496e-03   1.263047e-06   1.237703e-02   3.457695e-04   4.724337e-04   9.606261e-03
   9.282669e-01   9.710830e-01   8.225460e-01   3.701227e-03   1.034102e-01   4.622555e-02   0.000000e+00   6.057760e-03   1.093309e-02   9.762432e-02   7.333183e-02   8.502994e-03   0.000000e+00   3.802828e-02   9.394608e-03   7.793688e-01   5.228657e-03
   0.000000e+00   2.468420e-03   4.873274e-01   7.116549e-01   2.202885e-01   1.075645e-01   2.135057e-01   9.975386e-01   4.041020e-01   9.987768e-01   9.995762e-01   9.973525e-01   7.329255e-01   9.814972e-01   9.283134e-01   9.543913e-01   9.937733e-01
   9.988771e-01   3.612210e-01   1.616000e-02   0.000000e+00   0.000000e+00   2.543432e-03   0.000000e+00   0.000000e+00   1.483653e-02   1.030490e-03   0.000000e+00   9.185733e-04   5.440594e-07   1.286164e-02   3.154759e-04   1.504403e-02   1.705180e-02
   1.000000e+00   9.363349e-01   1.000000e+00   6.551993e-02   4.199437e-02   2.577428e-01   2.255348e-02   2.227233e-02   3.364401e-03   6.160408e-02   0.000000e+00   3.096803e-03   1.653118e-02   8.268398e-02   4.126773e-03   1.293729e-02   2.047961e-02
   9.782125e-01   9.655271e-01   9.911716e-01   2.882073e-01   1.771850e-01   1.028841e-02   2.540293e-03   2.790540e-03   7.631740e-03   1.320815e-03   9.995479e-04   2.870890e-03   1.747524e-03   3.546468e-02   0.000000e+00   2.432394e-03   7.934716e-03
   9.908188e-01   9.988163e-01   8.089490e-01   1.967427e-02   0.000000e+00   1.211682e-02   2.564073e-04   1.227005e-02   5.031866e-03   2.113160e-02   4.800134e-03   2.631446e-03   1.160641e-02   7.204250e-03   2.494219e-03   0.000000e+00   2.070837e-02
   9.737837e-01   6.421667e-01   0.000000e+00   3.895864e-03   8.884796e-03   1.067808e-02   2.669959e-02   1.000000e+00   9.370865e-03   0.000000e+00   5.277675e-01   9.540183e-01   3.966795e-02   2.123614e-01   8.172436e-02   3.451595e-01   3.339406e-01
   8.804522e-01   4.075473e-05   0.000000e+00   6.315369e-02   3.324582e-01   2.989580e-02   0.000000e+00   8.180767e-01   3.378983e-01   9.020694e-01   1.000000e+00   9.999999e-01   0.000000e+00   6.100501e-01   0.000000e+00   8.307324e-01   1.000000e+00
   9.815543e-01   1.000000e+00   1.000000e+00   3.793689e-01   1.014949e-01   1.112788e-02   5.737915e-03   6.826141e-03   1.864925e-04   9.219741e-04   2.586223e-03   2.529816e-03   2.556537e-04   3.098176e-02   0.000000e+00   1.129902e-03   5.028132e-03
   1.000000e+00   0.000000e+00   6.493863e-02   2.081065e-03   2.826567e-01   2.102955e-03   0.000000e+00   1.000000e+00   1.974735e-01   1.000000e+00   4.867349e-01   6.249994e-01   0.000000e+00   6.906313e-01   4.712116e-01   9.323479e-01   0.000000e+00
   9.980549e-01   8.794803e-01   1.778491e-01   1.227526e-02   9.060019e-05   1.450055e-02   6.422032e-03   3.677432e-02   1.750509e-03   0.000000e+00   0.000000e+00   6.983449e-03   1.307348e-02   1.805381e-02   8.301461e-03   3.611394e-02   0.000000e+00
   1.000000e+00   6.561318e-01   9.717596e-01   2.202430e-01   3.520102e-01   3.957480e-02   5.708121e-03   6.483298e-03   5.600323e-03   9.082696e-04   1.710283e-03   4.114231e-03   1.543496e-03   2.139742e-02   0.000000e+00   3.405714e-04   7.080054e-03
   9.847187e-01   3.467308e-01   2.402925e-01   6.924235e-02   8.797286e-02   2.840654e-02   0.000000e+00   0.000000e+00   2.554782e-04   0.000000e+00   0.000000e+00   1.024226e-02   4.551666e-03   0.000000e+00   3.395507e-02   1.954865e-03   1.297007e-02
   9.869576e-01   1.350795e-02   9.232414e-01   3.645714e-01   5.512824e-03   1.718308e-02   0.000000e+00   6.588083e-03   5.236998e-03   3.426631e-02   6.282937e-04   4.341535e-03   2.001096e-03   1.377567e-02   2.362135e-02   2.088902e-02   5.504579e-03
   9.999999e-01   0.000000e+00   0.000000e+00   0.000000e+00   2.883255e-06   3.409057e-03   0.000000e+00   2.872949e-03   5.804579e-03   1.321395e-03   1.270987e-03   3.639402e-03   2.571191e-04   3.293539e-03   2.337557e-03   0.000000e+00   0.000000e+00
   9.996958e-01   4.094707e-01   0.000000e+00   0.000000e+00   0.000000e+00   3.540617e-03   0.000000e+00   2.782608e-03   5.096228e-03   2.680462e-04   1.395581e-03   2.164670e-03   2.934421e-04   1.944380e-04   2.146804e-03   0.000000e+00   2.366732e-05
   9.954753e-01   9.029434e-04   1.000000e+00   1.000000e+00   3.350077e-01   1.905178e-01   1.909608e-06   3.236393e-03   1.333906e-03   6.618743e-03   1.716533e-03   3.699406e-03   5.638878e-03   7.827440e-03   3.710692e-03   1.948050e-02   2.707128e-03
   1.000000e+00   7.438951e-01   9.977288e-01   5.215456e-01   2.347212e-03   2.753132e-02   1.470147e-04   1.261995e-02   5.406760e-03   2.343540e-03   6.651005e-03   2.360008e-03   1.080551e-02   1.994975e-02   2.222547e-02   0.000000e+00   1.080011e-02
   1.000000e+00   4.344274e-01   5.864910e-01   1.886257e-03   4.907972e-03   6.186764e-03   0.000000e+00   2.537380e-03   1.789366e-03   1.118484e-03   6.154131e-03   4.130155e-03   1.518176e-02   6.644055e-03   0.000000e+00   1.636696e-02   1.495954e-03
   9.972388e-01   8.014831e-03   0.000000e+00   1.668116e-03   0.000000e+00   0.000000e+00   1.613859e-03   1.261881e-01   0.000000e+00   3.621441e-01   3.338409e-01   5.222118e-01   0.000000e+00   8.296592e-01   1.000000e+00   1.505683e-01   0.000000e+00
   1.672181e-01   1.102683e-04   4.412568e-01   9.872466e-01   2.014807e-01   1.097375e-01   3.005921e-01   5.197409e-01   3.399687e-01   6.246592e-01   1.837404e-01   9.864378e-01   6.772223e-01   9.641202e-01   4.553869e-01   8.340826e-01   8.695317e-01
   1.000000e+00   2.668585e-01   9.999451e-01   0.000000e+00   2.895101e-04   0.000000e+00   6.541945e-04   2.096853e-03   1.640343e-03   0.000000e+00   8.799377e-04   6.735332e-03   6.677901e-03   1.465665e-03   0.000000e+00   2.194688e-03   0.000000e+00
   9.947727e-01   9.999926e-01   3.997752e-02   3.133340e-01   1.209744e-03   1.878444e-03   1.160526e-07   4.625846e-04   5.544083e-03   5.010371e-04   9.092661e-03   4.820166e-04   0.000000e+00   0.000000e+00   3.288572e-03   2.434285e-03   0.000000e+00
   1.000000e+00   1.657453e-02   1.000000e+00   1.000000e+00   4.834580e-02   0.000000e+00   2.002853e-04   1.444664e-02   2.897413e-03   9.056963e-03   5.864459e-03   4.047144e-03   4.709115e-03   1.440026e-02   9.796512e-03   1.111377e-02   5.718172e-03
   9.977993e-01   9.998220e-01   4.486169e-04   0.000000e+00   4.186683e-05   1.523391e-03   0.000000e+00   2.712354e-03   5.857180e-03   5.032029e-04   4.044875e-04   2.949882e-03   1.192905e-06   0.000000e+00   2.648341e-03   4.793291e-03   2.192464e-04
   6.659527e-01   7.034895e-02   9.999699e-01   1.465465e-03   0.000000e+00   6.235256e-03   1.589222e-03   6.474571e-04   5.762785e-03   0.000000e+00   0.000000e+00   4.774480e-03   6.300881e-03   2.381774e-03   0.000000e+00   1.894562e-06   0.000000e+00
   1.000000e+00   6.940728e-01   1.000000e+00   2.572552e-01   1.096527e-04   0.000000e+00   0.000000e+00   7.844658e-03   1.246397e-03   2.322031e-03   3.552268e-03   2.516285e-03   0.000000e+00   2.209625e-03   4.505005e-03   3.540934e-02   0.000000e+00
   9.999999e-01   0.000000e+00   0.000000e+00   0.000000e+00   2.660190e-06   3.345333e-03   0.000000e+00   2.833746e-03   5.847187e-03   1.310663e-03   1.270965e-03   3.715328e-03   4.999351e-04   3.234802e-03   2.164823e-03   1.061985e-03   0.000000e+00
   9.967069e-01   1.000000e+00   0.000000e+00   0.000000e+00   0.000000e+00   1.618251e-03   0.000000e+00   1.323469e-03   5.496012e-03   5.952474e-04   4.425827e-04   2.686178e-03   4.861112e-07   4.351776e-05   2.969544e-03   4.233585e-03   1.843597e-05
   9.975329e-01   5.867342e-01   0.000000e+00   2.317873e-04   0.000000e+00   1.234851e-03   0.000000e+00   3.139955e-03   4.666035e-03   1.149375e-03   1.325267e-04   3.304316e-03   1.563453e-07   9.695434e-06   1.276714e-03   8.066395e-03   1.452014e-02
   9.997154e-01   1.127298e-02   2.049065e-01   1.000000e+00   1.272428e-02   7.037893e-02   7.720674e-05   6.924562e-03   7.214032e-03   7.144031e-04   8.756993e-04   3.600538e-03   2.286187e-03   4.381764e-03   2.617830e-03   3.528251e-03   0.000000e+00
   9.852840e-01   9.944700e-01   5.941682e-01   2.982004e-02   1.095644e-04   5.338237e-03   8.726853e-04   1.523773e-02   2.773886e-03   7.641669e-03   0.000000e+00   5.082841e-03   0.000000e+00   1.397933e-03   1.534101e-03   0.000000e+00   1.651427e-02
   2.604628e-02   0.000000e+00   4.460093e-01   1.000000e+00   1.558989e-01   1.454171e-01   3.012522e-01   1.094557e-01   2.685385e-01   5.969068e-01   2.082925e-01   9.883318e-01   6.806550e-01   1.000000e+00   4.471295e-01   7.470297e-01   7.926750e-01
   9.754187e-01   1.000000e+00   1.990685e-01   3.146986e-01   2.875742e-03   3.196905e-03   3.438093e-03   1.040134e-02   0.000000e+00   0.000000e+00   4.455454e-03   3.761039e-03   1.059016e-02   3.260791e-02   4.754449e-03   1.087763e-03   2.285178e-02
   9.944123e-01   7.398991e-03   4.196433e-01   1.000000e+00   2.603072e-01   1.856129e-02   0.000000e+00   1.034108e-02   0.000000e+00   5.092482e-03   1.675870e-04   4.572844e-03   8.235492e-03   6.751275e-03   1.196452e-02   1.672936e-02   4.368770e-03
   8.859375e-01   9.783854e-01   9.046612e-01   4.058904e-02   1.095747e-01   6.680898e-03   0.000000e+00   1.530351e-02   5.730353e-03   1.059934e-02   0.000000e+00   4.696873e-03   2.261038e-02   4.387958e-02   1.182775e-03   3.654758e-03   0.000000e+00
   9.970131e-01   1.000000e+00   0.000000e+00   0.000000e+00   0.000000e+00   2.761560e-03   0.000000e+00   3.064715e-03   5.203878e-03   5.915610e-04   3.950671e-04   2.573774e-03   3.467116e-07   1.342591e-05   2.979893e-03   4.265174e-03   1.196280e-04
   9.827273e-01   9.790707e-01   1.940757e-01   2.653677e-02   4.514913e-04   2.379469e-02   4.164804e-05   1.212982e-02   2.623959e-03   2.428153e-03   6.010177e-03   5.061923e-03   8.291020e-03   2.896809e-04   2.513056e-03   1.112204e-02   2.570029e-02
   1.000000e+00   1.168418e-01   1.000000e+00   5.735116e-01   0.000000e+00   3.360233e-03   1.665289e-03   2.072527e-03   5.353568e-03   6.429785e-04   4.311384e-04   1.718066e-03   0.000000e+00   1.041965e-02   9.959222e-04   2.053302e-02   4.949287e-03
   1.000000e+00   9.995110e-01   4.310539e-03   3.368970e-02   8.945444e-02   4.089907e-03   0.000000e+00   5.955715e-03   7.207378e-03   1.061849e-03   0.000000e+00   4.632691e-03   6.175982e-03   8.331040e-03   2.584868e-03   4.739877e-03   2.766511e-03
   1.000000e+00   2.387281e-02   1.530040e-03   3.537383e-03   0.000000e+00   3.344846e-03   0.000000e+00   3.518133e-03   5.947306e-03   1.263886e-03   1.236879e-03   3.385130e-03   1.183092e-04   3.570293e-04   2.889492e-03   0.000000e+00   0.000000e+00
   9.989741e-01   2.137581e-01   8.476220e-01   7.630194e-05   1.683086e-02   0.000000e+00   1.179487e-04   1.134372e-02   3.764750e-03   1.344846e-04   2.143617e-02   5.896442e-03   9.675357e-04   0.000000e+00   1.843934e-02   3.893315e-03   2.428592e-02
   9.967039e-01   1.000000e+00   0.000000e+00   0.000000e+00   0.000000e+00   1.599654e-03   0.000000e+00   1.050941e-03   5.474378e-03   5.950482e-04   4.422957e-04   2.703660e-03   4.859147e-07   3.114868e-05   2.969547e-03   4.233599e-03   1.920310e-05
   9.874550e-01   6.435651e-02   9.362444e-01   2.689144e-01   9.904556e-03   1.210257e-02   1.200779e-03   1.519155e-03   5.774294e-04   3.716465e-02   7.227224e-04   3.854260e-03   3.451212e-03   1.903608e-02   1.854365e-02   2.416104e-02   4.570335e-03
   9.993150e-01   2.831261e-01   0.000000e+00   2.737613e-03   5.965085e-02   0.000000e+00   0.000000e+00   1.000000e+00   5.572805e-03   0.000000e+00   3.434069e-02   2.987713e-02   1.762913e-01   1.000000e+00   0.000000e+00   7.290777e-01   4.549204e-01
   1.000000e+00   9.399407e-02   1.581658e-01   2.160068e-02   1.991352e-02   1.830421e-01   1.559664e-03   2.083569e-03   0.000000e+00   6.470376e-04   7.405337e-03   6.426479e-03   2.009141e-04   0.000000e+00   3.647292e-03   2.819719e-02   7.572693e-03
   9.587599e-01   9.610942e-01   6.044692e-01   1.621636e-01   4.940730e-03   7.205466e-03   0.000000e+00   7.940629e-03   4.281472e-03   8.489659e-05   8.977424e-03   1.353600e-03   9.189739e-03   5.915258e-03   0.000000e+00   1.777196e-02   1.429841e-02
   9.999999e-01   6.921789e-03   1.492570e-01   0.000000e+00   0.000000e+00   3.832153e-03   0.000000e+00   3.062047e-03   5.839916e-03   1.314634e-03   1.279089e-03   3.732383e-03   2.588129e-04   3.084974e-03   2.076855e-03   7.420914e-04   0.000000e+00
   1.000000e+00   4.199978e-04   2.562131e-01   5.312495e-02   2.804219e-03   5.867210e-02   6.589929e-03   6.353685e-03   5.801941e-03   1.309972e-04   7.497114e-03   0.000000e+00   0.000000e+00   7.190265e-03   3.021822e-03   5.578741e-02   4.096654e-02
   9.001040e-01   7.564842e-01   1.000000e+00   4.629491e-01   0.000000e+00   5.425825e-02   6.463261e-02   3.433699e-01   0.000000e+00   4.157851e-01   3.978930e-01   4.881045e-01   2.947171e-01   9.980697e-02   2.434157e-01   2.393853e-01   0.000000e+00
   9.970654e-01   1.000000e+00   1.790901e-05   3.095829e-03   9.073128e-05   1.590195e-03   0.000000e+00   1.059611e-03   5.580699e-03   5.958144e-04   4.375394e-04   2.657093e-03   4.426091e-07   1.152926e-04   2.973567e-03   4.445340e-03   3.988682e-04
   9.816640e-01   8.760026e-01   4.528944e-01   2.886417e-03   0.000000e+00   1.619521e-03   0.000000e+00   3.722465e-03   1.270577e-03   2.799152e-07   0.000000e+00   6.605974e-03   1.368467e-02   4.896611e-04   8.346062e-04   0.000000e+00   2.735056e-03
   9.144326e-01   9.761574e-01   3.905291e-01   3.171223e-02   1.655373e-01   1.381869e-02   0.000000e+00   2.172051e-02   3.244292e-03   1.822035e-02   0.000000e+00   4.863015e-03   2.292861e-02   3.816169e-02   2.458375e-03   2.163825e-02   1.507717e-03
   1.000000e+00   1.000000e+00   5.118089e-01   0.000000e+00   1.523815e-06   3.818748e-03   1.947395e-03   8.870961e-03   5.737834e-03   0.000000e+00   0.000000e+00   6.148656e-03   0.000000e+00   7.562220e-03   4.239802e-03   1.707611e-05   8.335002e-03
   1.000000e+00   2.580744e-02   9.999872e-01   0.000000e+00   2.307652e-05   0.000000e+00   0.000000e+00   1.924245e-03   4.161682e-03   0.000000e+00   1.196067e-03   7.464007e-03   0.000000e+00   1.275142e-02   5.084841e-03   1.319420e-03   0.000000e+00
   9.243802e-01   1.000000e+00   2.810822e-01   1.529567e-02   3.031211e-01   2.122139e-02   0.000000e+00   1.015985e-02   0.000000e+00   9.284614e-03   1.485499e-02   1.355517e-02   0.000000e+00   9.847879e-04   3.206133e-03   3.470817e-02   1.884683e-02
   5.590907e-02   0.000000e+00   3.894424e-01   3.941265e-02   7.065902e-01   1.486345e-01   5.348470e-02   5.317318e-01   3.301339e-01   8.414912e-01   8.929036e-01   6.948656e-01   6.968916e-01   1.000000e+00   4.650868e-01   8.315937e-01   8.919476e-01
   6.841094e-01   0.000000e+00   5.006003e-01   1.000000e+00   1.000000e+00   3.722999e-02   2.328157e-01   8.173275e-01   3.635548e-01   1.000000e+00   4.559186e-01   6.692769e-01   6.669089e-01   1.000000e+00   4.420743e-01   8.217043e-01   6.713327e-01
   3.556429e-01   0.000000e+00   5.354173e-01   7.628821e-01   4.334253e-01   7.696545e-02   0.000000e+00   1.000000e+00   3.896160e-01   9.985993e-01   9.999308e-01   1.000000e+00   7.312095e-01   9.852843e-01   1.000000e+00   1.000000e+00   9.987597e-01
   9.988535e-01   7.997295e-01   2.828044e-02   8.292060e-03   0.000000e+00   0.000000e+00   0.000000e+00   1.367938e-02   2.604969e-02   4.837111e-05   2.146084e-02   3.892657e-03   0.000000e+00   1.931371e-02   2.589689e-03   0.000000e+00   2.964274e-02
   9.854393e-01   9.945825e-01   6.019593e-01   2.386455e-02   2.419570e-02   4.158365e-03   1.011426e-03   1.379630e-02   2.821309e-03   7.792129e-03   0.000000e+00   2.831734e-03   3.615137e-03   1.409397e-02   1.642043e-03   0.000000e+00   1.678196e-02
   9.958631e-01   1.000000e+00   4.486757e-02   1.295232e-01   6.304864e-04   4.152554e-03   0.000000e+00   8.803450e-04   5.348267e-03   0.000000e+00   5.287224e-03   1.238961e-03   0.000000e+00   0.000000e+00   1.688041e-04   4.260260e-03   2.005782e-03
   9.993770e-01   2.055454e-01   1.249492e-02   0.000000e+00   0.000000e+00   4.136463e-03   0.000000e+00   0.000000e+00   1.512850e-02   1.198089e-03   0.000000e+00   0.000000e+00   0.000000e+00   1.283661e-02   0.000000e+00   3.760427e-03   1.017890e-02
   1.000000e+00   4.081315e-04   9.591371e-01   2.678731e-02   2.544951e-02   2.007626e-03   1.131523e-02   1.453913e-02   1.024188e-03   0.000000e+00   0.000000e+00   3.896563e-03   3.379482e-03   2.458048e-02   2.791053e-03   3.930238e-02   2.502499e-02
   9.961789e-01   9.545724e-04   1.000000e+00   0.000000e+00   9.810888e-06   0.000000e+00   2.301805e-03   2.062939e-03   6.552724e-03   1.787016e-03   6.330797e-03   1.410351e-03   0.000000e+00   2.571883e-02   4.031402e-03   3.696611e-02   1.786137e-03
   9.997480e-01   4.275169e-01   8.373701e-01   1.000000e+00   1.832074e-02   4.413481e-02   0.000000e+00   8.557973e-03   3.090559e-03   2.801576e-03   0.000000e+00   1.088869e-03   1.181398e-02   1.930215e-02   1.772587e-02   6.309895e-02   7.106782e-03
   2.156831e-01   0.000000e+00   4.896013e-01   7.626238e-01   2.208916e-01   9.820691e-02   1.684712e-01   9.981386e-01   3.971590e-01   9.987651e-01   9.999563e-01   9.976863e-01   7.297125e-01   9.822056e-01   1.000000e+00   9.575829e-01   9.919809e-01
   9.999999e-01   0.000000e+00   0.000000e+00   0.000000e+00   2.920351e-06   3.410101e-03   0.000000e+00   2.826441e-03   5.814423e-03   1.315206e-03   1.271224e-03   3.749437e-03   2.698592e-04   3.316853e-03   2.241438e-03   0.000000e+00   0.000000e+00
   9.403631e-01   2.074161e-01   1.000000e+00   6.650518e-02   1.787515e-03   1.196214e-01   1.422563e-03   2.873306e-03   5.486441e-04   1.293010e-02   1.195453e-02   8.611148e-03   4.351645e-03   0.000000e+00   1.536188e-03   7.685652e-03   3.597074e-03
   1.000000e+00   8.909745e-01   2.551678e-02   0.000000e+00   1.200866e-02   0.000000e+00   0.000000e+00   4.794413e-03   6.782281e-03   9.753071e-04   0.000000e+00   4.586243e-03   8.144081e-03   1.067236e-02   6.289839e-03   6.325386e-03   1.711030e-02
   9.976947e-01   1.000000e+00   4.680588e-02   6.826856e-01   4.452697e-01   3.778316e-02   4.312337e-02   0.000000e+00   2.485908e-02   9.246633e-03   9.314315e-03   3.380018e-03   0.000000e+00   0.000000e+00   0.000000e+00   1.737871e-02   2.647641e-02
   1.000000e+00   1.000000e+00   1.043399e-03   5.446605e-01   2.515713e-02   2.559186e-01   3.178690e-07   5.656430e-03   2.403001e-03   8.043273e-04   3.313993e-04   1.744771e-02   1.005774e-07   6.461424e-03   4.789829e-03   4.798572e-03   1.043780e-03
   9.820424e-01   9.461881e-01   1.106897e-01   6.887433e-04   1.000000e+00   3.457443e-03   0.000000e+00   4.727204e-03   6.036413e-03   1.453893e-04   1.178557e-03   2.740993e-03   6.250425e-04   4.262501e-03   2.331880e-03   8.527824e-03   4.149554e-03
   9.951435e-01   9.992570e-01   4.096995e-07   3.201521e-04   2.029391e-01   3.974394e-03   5.235497e-08   2.902738e-03   5.604086e-03   7.946385e-04   3.927710e-04   2.740547e-03   1.995605e-06   4.297546e-03   2.964687e-03   4.637824e-03   4.678308e-03
   1.072966e-03   0.000000e+00   6.660863e-01   3.283216e-02   4.112335e-01   1.329121e-01   2.717471e-01   8.512978e-01   3.908891e-01   9.986148e-01   1.000000e+00   1.000000e+00   6.893883e-01   9.964481e-01   4.229626e-01   8.539248e-01   9.372057e-01
   9.003062e-01   9.905979e-01   1.247925e-01   2.170165e-01   1.803225e-01   3.015791e-02   1.775948e-03   1.431238e-02   0.000000e+00   0.000000e+00   4.590311e-03   3.850934e-03   1.842851e-02   5.324737e-02   1.323272e-03   9.160162e-05   2.098574e-02
   8.175002e-01   9.339852e-02   1.000000e+00   1.014970e-01   0.000000e+00   5.458395e-03   1.438467e-03   5.354024e-04   0.000000e+00   0.000000e+00   2.762376e-04   3.662997e-03   6.329881e-03   0.000000e+00   0.000000e+00   1.867440e-02   4.055826e-03
   9.938826e-01   1.000000e+00   1.076329e-02   4.222312e-01   1.570294e-02   3.972390e-03   7.342689e-08   2.970657e-03   5.640678e-03   0.000000e+00   0.000000e+00   1.822292e-02   8.991800e-08   2.219785e-03   7.736617e-03   4.232167e-03   1.137648e-02
   9.982431e-01   2.640289e-01   2.969920e-01   1.352610e-01   0.000000e+00   2.493346e-03   1.922869e-04   0.000000e+00   8.520689e-04   0.000000e+00   0.000000e+00   0.000000e+00   0.000000e+00   9.314902e-03   3.927696e-03   2.302519e-03   7.694751e-03
   9.963340e-01   1.000000e+00   8.818088e-06   1.000000e+00   4.748244e-04   2.131759e-03   0.000000e+00   2.208625e-03   5.480839e-03   1.220890e-03   4.541632e-04   2.028347e-03   4.531759e-07   0.000000e+00   2.793653e-03   4.571852e-03   0.000000e+00
   9.518122e-01   1.000000e+00   3.365398e-01   3.811652e-03   1.018045e-03   9.461777e-03   2.007483e-04   1.184877e-02   2.770807e-03   2.201638e-02   4.068948e-03   5.266426e-03   0.000000e+00   1.466504e-03   2.861664e-03   2.419191e-03   5.375886e-03
   9.998253e-01   8.473382e-01   9.387602e-04   0.000000e+00   0.000000e+00   5.460081e-03   0.000000e+00   5.022172e-03   5.968521e-03   0.000000e+00   0.000000e+00   3.127821e-03   1.671324e-04   8.117078e-03   2.290395e-04   5.015170e-03   4.101209e-03
   1.000000e+00   9.237707e-03   1.114292e-01   0.000000e+00   2.498122e-01   4.322470e-02   1.191557e-01   8.235903e-01   0.000000e+00   1.000000e+00   7.494969e-01   4.092753e-01   4.170909e-01   8.411164e-01   6.293417e-01   7.947370e-01   3.451454e-01
   1.000000e+00   9.957753e-01   6.906333e-01   2.705284e-02   3.884995e-02   0.000000e+00   3.326318e-05   1.276144e-02   4.119461e-04   1.746284e-02   0.000000e+00   3.884159e-03   1.080851e-02   4.386170e-02   0.000000e+00   7.321035e-03   2.248792e-02
   9.980393e-01   9.484363e-01   5.268346e-01   9.192867e-01   0.000000e+00   4.202331e-03   2.157107e-06   9.597461e-03   4.772997e-02   5.249602e-04   1.105150e-02   3.214621e-03   2.611028e-04   5.279461e-03   2.875540e-03   7.888012e-04   5.897204e-02
   9.946447e-01   1.768122e-03   1.000000e+00   0.000000e+00   9.363970e-06   0.000000e+00   1.555356e-03   3.963763e-03   6.021383e-03   9.866997e-03   1.076408e-02   1.321399e-03   2.612021e-05   1.697285e-02   4.139960e-03   6.796346e-03   1.849761e-03
   9.939360e-01   1.000000e+00   3.155824e-05   7.250808e-02   0.000000e+00   3.412131e-03   0.000000e+00   3.012100e-03   5.182415e-03   1.458750e-03   4.296400e-04   1.718461e-03   1.551498e-06   3.689099e-03   2.975672e-03   5.511286e-03   0.000000e+00
   9.999934e-01   8.492139e-04   0.000000e+00   5.113494e-04   6.639199e-06   6.726109e-04   0.000000e+00   3.494706e-03   5.997109e-03   1.314494e-03   1.392358e-03   3.733964e-03   2.225873e-04   2.580886e-03   2.842941e-03   0.000000e+00   0.000000e+00
   8.966043e-01   1.571935e-03   1.000000e+00   0.000000e+00   3.860616e-07   1.944640e-04   2.830795e-03   1.911812e-03   5.705395e-03   8.913076e-03   1.294127e-03   5.164950e-03   0.000000e+00   1.731770e-02   3.773551e-03   1.872640e-04   6.678893e-03
   8.533661e-01   7.607676e-01   9.999570e-01   0.000000e+00   0.000000e+00   0.000000e+00   1.510797e-03   0.000000e+00   6.924288e-04   0.000000e+00   6.710173e-05   4.699474e-03   6.327305e-03   1.072731e-03   6.960071e-06   0.000000e+00   6.108543e-04
   1.000000e+00   0.000000e+00   5.317124e-02   2.063478e-03   2.804731e-01   2.482472e-03   2.260000e-03   9.170218e-02   1.013800e-01   1.000000e+00   4.762503e-01   6.300182e-01   0.000000e+00   8.018619e-01   1.000000e+00   8.824644e-01   0.000000e+00
   1.000000e+00   4.957825e-02   1.202987e-03   0.000000e+00   0.000000e+00   3.636799e-03   0.000000e+00   3.411467e-03   6.103318e-03   1.317585e-03   1.172126e-03   3.604833e-03   1.778427e-04   1.816244e-03   9.196084e-04   0.000000e+00   0.000000e+00
   9.967795e-01   1.000000e+00   3.172417e-05   1.519511e-03   2.092365e-04   3.517515e-03   0.000000e+00   1.063367e-03   5.542491e-03   5.974055e-04   4.358282e-04   2.701415e-03   3.019071e-07   1.859690e-04   2.972184e-03   4.519288e-03   7.566677e-06
   9.832557e-01   7.646563e-02   1.000000e+00   3.497593e-01   3.962591e-01   1.556922e-02   0.000000e+00   1.010202e-02   5.046443e-04   5.063842e-03   1.421341e-03   4.440202e-03   8.936712e-03   1.544803e-02   7.315260e-03   1.650364e-02   3.789377e-03
   7.148792e-01   4.221517e-01   9.999844e-01   1.594235e-03   0.000000e+00   5.795751e-03   1.557666e-03   6.459353e-04   3.511403e-03   0.000000e+00   0.000000e+00   4.868338e-03   6.295823e-03   3.443871e-03   0.000000e+00   1.569246e-06   3.054744e-05
   9.960724e-01   7.068849e-01   1.000000e+00   1.750373e-02   2.265052e-01   1.155634e-01   0.000000e+00   7.585643e-03   5.542003e-03   8.954027e-03   1.571331e-03   0.000000e+00   4.140283e-03   0.000000e+00   1.876452e-02   1.472986e-02   1.651990e-02
   9.839815e-01   5.800921e-03   1.000000e+00   1.000000e+00   3.247267e-01   7.453153e-01   0.000000e+00   9.010753e-03   6.470734e-04   0.000000e+00   1.199806e-02   4.088095e-03   7.226948e-03   1.527235e-02   1.045852e-02   6.606681e-03   0.000000e+00
