   9.006852e-02   9.190198e-02   1.005900e-01   1.670426e-01   4.314318e-01   1.821572e+00   7.258722e+00   8.522923e+00   9.433213e+00   8.299327e+00
   9.548116e-02   9.757965e-02   1.063545e-01   1.680695e-01   5.221572e-01   1.417625e+00   4.728573e+00   5.655292e+00   1.190737e+01   1.149755e+01
   6.254227e-02   6.356363e-02   6.822121e-02   1.148217e-01   3.441249e-01   1.218407e+00   3.156555e+00   1.217262e+01   6.508842e+00   9.858237e+00
   7.702815e-02   8.058867e-02   9.250066e-02   1.530707e-01   7.269642e-01   2.774345e+00   5.139418e+00   6.891045e+00   6.916019e+00   1.405734e+01
   8.239223e-02   8.385831e-02   9.233284e-02   1.304186e-01   3.887338e-01   1.429973e+00   5.242743e+00   6.482215e+00   4.593731e+00   1.592797e+01
   8.034254e-02   8.541678e-02   1.088367e-01   1.841966e-01   6.520231e-01   2.697756e+00   5.447522e+00   9.043384e+00   5.882208e+00   1.247755e+01
   8.352635e-02   8.513260e-02   9.057442e-02   1.339043e-01   6.916731e-01   2.300961e+00   6.110038e+00   7.610882e+00   8.557914e+00   1.163866e+01
   5.497617e-02   5.526075e-02   5.703038e-02   6.650454e-02   2.445708e-01   6.051158e-01   1.475282e+00   1.410215e+01   7.233674e+00   4.846037e+00
   6.271635e-02   6.274735e-02   6.286566e-02   6.384871e-02   6.987699e-02   1.741381e-01   3.174268e-01   2.131980e+00   1.141068e+00   1.985430e+01
   9.095114e-02   9.418886e-02   1.077984e-01   1.717136e-01   4.029658e-01   1.836070e+00   3.770008e+00   4.870164e+00   6.188602e+00   1.687926e+01
   6.084054e-02   6.214614e-02   6.735597e-02   1.211950e-01   6.160760e-01   1.977106e+00   8.314558e+00   9.767297e+00   7.479040e+00   5.921967e+00
   9.519767e-02   1.010315e-01   1.282326e-01   2.448272e-01   6.803129e-01   2.752987e+00   6.973861e+00   8.675568e+00   7.702336e+00   9.879337e+00
   9.080315e-02   9.138002e-02   9.399024e-02   1.032245e-01   2.818039e-01   1.705196e+00   3.892688e+00   4.894177e+00   8.066007e+00   1.585580e+01
   9.584860e-02   9.696358e-02   1.013711e-01   1.216006e-01   5.258084e-01   1.825416e+00   4.264367e+00   5.372259e+00   1.402442e+01   8.608084e+00
   6.827990e-02   6.922829e-02   8.711542e-02   1.557978e-01   4.937445e-01   2.099633e+00   5.531717e+00   6.832223e+00   1.207374e+01   8.866892e+00
   6.481502e-02   6.618524e-02   7.202079e-02   1.073370e-01   3.568637e-01   1.623131e+00   6.286398e+00   7.402600e+00   5.355216e+00   1.403657e+01
   7.966774e-02   8.289478e-02   1.069690e-01   2.247374e-01   5.896508e-01   2.233918e+00   6.742946e+00   8.171119e+00   1.006926e+01   8.434126e+00
   1.021059e-01   1.053967e-01   1.198613e-01   1.661244e-01   4.401088e-01   1.494091e+00   4.168590e+00   5.126742e+00   5.047255e+00   1.715299e+01
   9.810762e-02   1.008005e-01   1.129500e-01   1.929590e-01   5.289152e-01   1.665621e+00   5.589106e+00   6.674839e+00   1.389787e+01   5.401754e+00
   1.005391e-01   1.023122e-01   1.198581e-01   1.775643e-01   3.983477e-01   7.823754e-01   1.393732e+00   2.326142e+00   1.732716e+01   4.658629e+00
   9.870896e-02   9.884832e-02   9.961754e-02   1.048784e-01   1.457732e-01   3.081851e-01   6.237288e-01   2.199972e+00   6.373416e+00   1.864051e+01
   5.637840e-02   5.703064e-02   6.124986e-02   9.808835e-02   2.325380e-01   1.446159e+00   3.430021e+00   1.312419e+01   7.027358e+00   6.723072e+00
   8.016723e-02   8.035467e-02   8.131600e-02   8.828084e-02   1.073184e-01   1.431294e-01   3.383045e-01   3.868550e-01   6.316689e+00   1.883339e+01
   1.108598e-01   1.177375e-01   1.551633e-01   2.777279e-01   7.860124e-01   2.435698e+00   5.397777e+00   6.917999e+00   1.343726e+01   5.957852e+00
   1.026124e-01   1.034942e-01   1.067081e-01   1.525246e-01   4.286863e-01   1.456220e+00   4.011517e+00   4.896764e+00   9.732370e+00   1.469302e+01
   5.958716e-02   6.307250e-02   8.210712e-02   2.075881e-01   4.672247e-01   2.558368e+00   4.596411e+00   1.270256e+01   7.197931e+00   5.269560e+00
   6.665032e-02   6.707550e-02   6.915133e-02   8.477458e-02   3.500291e-01   1.190333e+00   2.014442e+00   3.146746e+00   1.158058e+01   1.455564e+01
   5.488819e-02   5.702831e-02   7.514889e-02   1.664173e-01   5.727341e-01   2.406699e+00   7.662676e+00   9.231147e+00   6.670812e+00   8.983887e+00
   1.008254e-01   1.043258e-01   1.170031e-01   1.716200e-01   3.868798e-01   1.293338e+00   4.919785e+00   5.787400e+00   5.397626e+00   1.632140e+01
   6.988198e-02   7.503326e-02   9.676854e-02   2.140966e-01   8.226957e-01   2.134125e+00   3.907659e+00   1.322214e+01   7.261771e+00   4.707503e+00
   8.889596e-02   8.948729e-02   9.696530e-02   1.308595e-01   3.302138e-01   2.494518e+00   4.469822e+00   5.986683e+00   9.791894e+00   1.327687e+01
   9.334412e-02   9.339350e-02   9.384261e-02   1.019446e-01   1.337178e-01   2.547289e-01   7.849345e-01   9.077650e-01   1.663288e+01   7.851195e+00
   8.010486e-02   8.245836e-02   9.632049e-02   1.832060e-01   4.615524e-01   4.274670e+00   7.083746e+00   9.753908e+00   8.229886e+00   4.780923e+00
   7.393880e-02   7.467608e-02   7.860931e-02   1.008448e-01   4.885847e-01   3.924236e+00   6.513493e+00   1.028615e+01   8.823375e+00   4.077239e+00
   7.274433e-02   7.351944e-02   7.633126e-02   9.435674e-02   2.055814e-01   7.434247e-01   1.985376e+00   2.422315e+00   3.775916e+00   1.919475e+01
   8.547080e-02   8.645924e-02   9.177354e-02   1.241036e-01   3.489209e-01   9.931837e-01   4.584463e+00   5.389026e+00   1.173768e+01   1.210790e+01
   5.609112e-02   5.619026e-02   5.690312e-02   6.120915e-02   1.396398e-01   4.134773e-01   9.347675e-01   1.428217e+01   7.289011e+00   4.207296e+00
   8.085696e-02   8.482352e-02   1.014185e-01   1.947452e-01   7.173891e-01   3.430453e+00   5.786842e+00   8.834371e+00   6.082142e+00   1.176252e+01
   7.868331e-02   7.889354e-02   8.298222e-02   1.519672e-01   4.941103e-01   3.085238e+00   7.930328e+00   9.817123e+00   7.559371e+00   5.653774e+00
   6.361185e-02   6.829239e-02   8.786107e-02   1.522108e-01   4.826462e-01   1.899171e+00   6.102609e+00   7.425408e+00   5.338477e+00   1.407619e+01
   5.835065e-02   5.865052e-02   5.975402e-02   6.868129e-02   1.822073e-01   3.854130e-01   9.607486e-01   1.451017e+01   7.406385e+00   2.290267e+00
   7.295742e-02   7.339987e-02   7.525683e-02   8.848558e-02   2.755234e-01   8.516759e-01   2.019852e+00   2.842001e+00   1.956024e+00   1.941340e+01
   5.554946e-02   5.563114e-02   5.635850e-02   5.996993e-02   1.280480e-01   3.089930e-01   8.457297e-01   1.239616e+01   6.329891e+00   1.063711e+01
   8.671106e-02   8.776457e-02   9.172999e-02   1.220829e-01   4.057933e-01   8.404804e-01   5.294624e+00   6.075293e+00   7.386072e+00   1.494722e+01
   5.678259e-02   5.689108e-02   5.760197e-02   6.014180e-02   6.930255e-02   8.567567e-02   5.460941e-01   6.112829e-01   1.155450e+00   1.999512e+01
   6.464482e-02   6.589412e-02   7.304132e-02   1.122756e-01   3.513230e-01   1.672419e+00   6.062767e+00   7.180075e+00   5.311977e+00   1.441519e+01
   6.639189e-02   6.656561e-02   6.740439e-02   7.363851e-02   1.724034e-01   3.378046e-01   7.176990e-01   9.085389e+00   1.490204e+01   3.166787e-01
   8.265710e-02   8.321562e-02   8.843222e-02   1.137340e-01   5.248827e-01   1.326888e+00   2.392729e+00   3.246276e+00   1.545054e+01   8.846561e+00
   5.582318e-02   5.690191e-02   6.301111e-02   1.030553e-01   4.216139e-01   1.206459e+00   8.129081e+00   9.320266e+00   6.735369e+00   8.632366e+00
   8.499696e-02   8.763494e-02   1.174829e-01   2.477335e-01   8.270778e-01   1.916768e+00   6.754414e+00   8.097456e+00   1.144958e+01   6.226029e+00
   6.569107e-02   6.854049e-02   7.992239e-02   1.531222e-01   1.497448e+00   3.218021e+00   6.084990e+00   1.103320e+01   7.062515e+00   6.528984e+00
   9.470680e-02   9.566063e-02   1.022357e-01   1.206667e-01   2.570248e-01   1.681136e+00   3.669782e+00   4.727330e+00   9.840155e+00   1.479208e+01
   6.416698e-02   6.430372e-02   6.486122e-02   6.944347e-02   1.497227e-01   4.755317e-01   1.036165e+00   1.296334e+00   1.448782e+00   1.988416e+01
   8.792268e-02   8.811299e-02   8.876123e-02   9.418130e-02   1.311160e-01   2.674637e-01   1.077295e+00   1.426905e+00   9.851676e-01   1.994011e+01
   5.743970e-02   5.793488e-02   6.095917e-02   8.566124e-02   4.074276e-01   1.531151e+00   3.325670e+00   1.365047e+01   7.277287e+00   4.371538e+00
   5.690814e-02   5.801212e-02   6.404621e-02   1.407452e-01   3.822705e-01   9.777947e-01   2.386593e+00   1.366554e+01   7.118673e+00   5.985851e+00
   8.347766e-02   8.471048e-02   8.978579e-02   1.230479e-01   3.844630e-01   1.137503e+00   2.800181e+00   3.486920e+00   3.731279e+00   1.870985e+01
   6.671810e-02   6.884891e-02   8.322944e-02   1.460943e-01   1.265131e+00   3.259308e+00   5.878492e+00   1.171264e+01   7.632477e+00   3.852781e+00
   5.950776e-02   6.007549e-02   6.212770e-02   7.827140e-02   2.318413e-01   5.632529e-01   1.044151e+00   1.449389e+01   7.407670e+00   2.291195e+00
   7.643864e-02   7.895687e-02   9.007054e-02   1.579815e-01   5.666322e-01   3.188596e+00   6.786584e+00   8.732201e+00   9.852093e+00   6.795005e+00
   1.007092e-01   1.010355e-01   1.034061e-01   1.098829e-01   1.304669e-01   3.634960e-01   5.643148e-01   1.180178e+00   1.802053e+01   1.148785e+00
   8.671355e-02   8.683356e-02   8.773199e-02   9.589817e-02   1.293556e-01   3.167163e-01   8.108256e-01   9.692286e-01   4.663029e+00   1.936629e+01
   8.129571e-02   8.178472e-02   8.573325e-02   1.092957e-01   2.594008e-01   2.851912e+00   7.474595e+00   9.201669e+00   8.227367e+00   7.503793e+00
   5.615786e-02   5.636555e-02   5.768411e-02   6.704929e-02   1.397376e-01   5.437613e-01   7.391355e+00   1.061423e+01   6.897644e+00   7.641786e+00
   5.992284e-02   6.065879e-02   6.431714e-02   8.371097e-02   4.414336e-01   2.333587e+00   4.019499e+00   1.214379e+01   6.785961e+00   8.369162e+00
   5.672665e-02   5.695373e-02   5.830889e-02   6.585648e-02   2.066852e-01   5.676444e-01   1.475241e+00   1.412961e+01   7.246363e+00   4.726994e+00
   6.888569e-02   6.926216e-02   7.101819e-02   8.660255e-02   2.603737e-01   7.323795e-01   1.463985e+00   3.098660e+00   1.868018e+00   1.946775e+01
   6.496608e-02   6.504515e-02   6.539014e-02   6.761868e-02   1.019549e-01   5.022376e-01   7.939734e-01   1.300790e+01   6.645509e+00   9.184606e+00
   8.361888e-02   8.440436e-02   8.941559e-02   1.108333e-01   1.954185e-01   3.699862e-01   2.607384e+00   2.988427e+00   8.108270e+00   1.723085e+01
   6.208762e-02   6.231613e-02   6.350860e-02   7.290261e-02   2.374791e-01   6.044513e-01   1.212779e+00   1.629670e+00   1.272855e+00   1.982835e+01
   6.112583e-02   6.125586e-02   6.175798e-02   6.335783e-02   7.428113e-02   2.131706e-01   4.223574e-01   1.108951e+00   6.412372e-01   1.999946e+01
   1.022291e-01   1.037634e-01   1.092244e-01   1.447102e-01   2.726977e-01   1.760532e+00   3.655438e+00   7.639887e+00   1.494362e+01   2.498704e+00
   9.983587e-02   1.010861e-01   1.057688e-01   1.626914e-01   3.266197e-01   1.167221e+00   2.394397e+00   3.073698e+00   1.732237e+01   2.516438e+00
   5.399126e-02   5.414367e-02   5.468041e-02   5.985362e-02   7.861080e-02   1.833444e-01   7.490968e-01   8.586029e-01   6.341047e-01   1.999232e+01
   9.623485e-02   1.000958e-01   1.224943e-01   2.632469e-01   6.355955e-01   3.123846e+00   7.587378e+00   9.498929e+00   8.818446e+00   5.246801e+00
   6.150436e-02   6.229631e-02   6.592623e-02   9.031657e-02   2.460117e-01   1.182944e+00   2.449170e+00   3.593415e+00   2.452196e+00   1.898706e+01
   9.667209e-02   9.675711e-02   9.836064e-02   1.079688e-01   2.382888e-01   2.267157e+00   4.692226e+00   6.028676e+00   1.481647e+01   4.706766e+00
   8.561249e-02   8.585305e-02   8.687054e-02   9.851377e-02   1.506348e-01   3.801891e-01   7.578520e-01   9.451294e-01   1.756268e+01   4.620747e+00
   1.093417e-01   1.102818e-01   1.136195e-01   1.402369e-01   2.676058e-01   7.223843e-01   1.981664e+00   3.898466e+00   2.357443e+00   1.916240e+01
   5.425720e-02   5.440292e-02   5.547771e-02   6.319561e-02   1.307577e-01   6.092367e-01   8.395769e+00   9.507058e+00   6.869639e+00   7.810173e+00
   8.357013e-02   8.512467e-02   1.140733e-01   2.669974e-01   8.277874e-01   1.905105e+00   3.726062e+00   5.009051e+00   1.514103e+01   6.674455e+00
   5.537563e-02   5.653889e-02   6.712188e-02   1.416211e-01   7.883048e-01   2.011877e+00   5.450603e+00   1.134020e+01   6.733344e+00   8.640947e+00
   8.297328e-02   8.466631e-02   9.228573e-02   1.181847e-01   2.623880e-01   4.851725e-01   1.175091e+00   1.460983e+00   1.380151e+00   1.987984e+01
   8.959304e-02   9.037627e-02   1.050005e-01   1.757870e-01   4.749572e-01   9.923084e-01   3.625838e+00   4.306092e+00   1.666716e+01   2.211378e+00
   8.388779e-02   8.500299e-02   9.136437e-02   1.287818e-01   3.487719e-01   1.775334e+00   6.978645e+00   8.223267e+00   1.102270e+01   6.678829e+00
   9.534831e-02   9.720446e-02   1.079192e-01   1.592281e-01   4.751883e-01   1.052795e+00   3.310303e+00   3.989509e+00   1.673461e+01   3.292582e+00
   5.360802e-02   5.510684e-02   6.317560e-02   1.203036e-01   1.137813e+00   2.626430e+00   8.050388e+00   9.855554e+00   7.120815e+00   5.932830e+00
   6.266157e-02   6.284806e-02   6.378140e-02   6.775467e-02   1.035803e-01   2.223722e-01   6.876481e-01   8.047570e-01   8.299331e-01   2.000099e+01
   7.768841e-02   7.794195e-02   8.013140e-02   1.051775e-01   2.249757e-01   1.788271e+00   6.785137e+00   8.109671e+00   7.034937e+00   1.188452e+01
   9.907979e-02   1.000997e-01   1.057646e-01   1.230071e-01   3.893468e-01   1.847223e+00   4.241065e+00   5.335379e+00   7.937506e+00   1.550867e+01
   8.348049e-02   8.480079e-02   8.999562e-02   1.276487e-01   2.252409e-01   4.218309e-01   7.218406e-01   9.652623e-01   1.801601e+01   8.091876e-01
   1.058401e-01   1.066795e-01   1.104783e-01   1.498462e-01   2.934425e-01   1.220163e+00   3.463124e+00   4.191530e+00   5.808943e+00   1.763150e+01
   8.432806e-02   8.484730e-02   8.786442e-02   9.806803e-02   1.893731e-01   8.185424e-01   2.547558e+00   3.035434e+00   1.725515e+01   2.993815e+00
   8.969983e-02   9.168161e-02   9.926908e-02   1.438545e-01   4.146528e-01   1.586894e+00   6.322788e+00   7.431367e+00   8.715077e+00   1.183540e+01
   6.897172e-02   7.294601e-02   1.005603e-01   2.354794e-01   8.131695e-01   2.239992e+00   5.991479e+00   7.450617e+00   1.166807e+01   7.918642e+00
   6.807555e-02   7.117859e-02   8.272597e-02   1.760092e-01   6.516817e-01   4.268829e+00   7.137660e+00   9.832575e+00   7.475211e+00   5.618569e+00
   8.309273e-02   8.359371e-02   8.580804e-02   1.239955e-01   2.689989e-01   2.435411e+00   6.023345e+00   7.481881e+00   1.112397e+01   8.825586e+00
   7.647076e-02   7.969502e-02   9.386895e-02   1.648664e-01   5.018047e-01   2.044270e+00   5.452122e+00   6.717107e+00   1.145733e+01   1.010860e+01
   8.112495e-02   8.361531e-02   1.090613e-01   1.809924e-01   4.795207e-01   1.388365e+00   2.405303e+00   6.221285e+00   1.629577e+01   1.798290e-01
   6.115736e-02   6.275505e-02   7.039683e-02   1.430779e-01   3.305940e-01   1.161879e+00   2.190809e+00   4.259721e+00   2.641619e+00   1.880340e+01
   8.674364e-02   8.794040e-02   9.563881e-02   1.543087e-01   3.625527e-01   1.271257e+00   2.866131e+00   4.966844e+00   1.672723e+01   1.045656e+00
   5.346630e-02   5.372976e-02   5.509031e-02   6.350429e-02   2.176062e-01   2.564477e+00   6.911716e+00   1.090627e+01   7.049481e+00   6.528066e+00
   5.475261e-02   5.493965e-02   5.586213e-02   6.342214e-02   1.243961e-01   6.089795e-01   8.366213e+00   9.534981e+00   6.867610e+00   7.827270e+00
   9.872535e-02   1.001694e-01   1.134626e-01   1.488579e-01   4.636695e-01   2.817980e+00   4.669184e+00   6.411684e+00   6.572142e+00   1.500656e+01
   6.697108e-02   6.762570e-02   7.049654e-02   8.784982e-02   3.892196e-01   2.144177e+00   6.985529e+00   8.465596e+00   9.538984e+00   8.369292e+00
   5.692547e-02   5.700048e-02   5.727375e-02   5.918440e-02   8.360130e-02   2.170521e-01   5.355909e-01   1.038382e+00   6.370433e-01   1.999526e+01
   8.899170e-02   8.933895e-02   9.108159e-02   9.757354e-02   1.945367e-01   5.599061e-01   1.238899e+00   1.578014e+00   1.554593e+01   9.999355e+00
   8.428234e-02   8.446063e-02   8.513247e-02   9.228288e-02   2.130538e-01   5.687963e-01   1.923134e+00   1.438152e+01   7.416909e+00   2.654754e+00
   5.667136e-02   5.683992e-02   5.761690e-02   6.347382e-02   1.617350e-01   4.104816e-01   9.740810e-01   1.429409e+01   7.297174e+00   4.111614e+00
   9.491783e-02   9.524976e-02   9.634737e-02   1.040310e-01   2.414888e-01   2.337042e+00   4.109867e+00   6.048810e+00   1.505695e+01   4.708821e+00
   7.333849e-02   7.421615e-02   7.888975e-02   1.069853e-01   4.266646e-01   1.242725e+00   3.024479e+00   5.683324e+00   1.373704e+01   9.985558e+00
   7.737053e-02   8.015398e-02   9.358793e-02   1.640700e-01   9.091385e-01   2.521937e+00   4.477625e+00   6.179096e+00   1.009155e+01   1.268899e+01
   6.617268e-02   6.727181e-02   7.644659e-02   1.225578e-01   3.666248e-01   1.199655e+00   3.566497e+00   1.217340e+01   6.579192e+00   9.533344e+00
   5.588240e-02   5.603516e-02   5.721467e-02   6.490100e-02   9.038662e-02   6.106931e-01   8.305954e+00   9.417444e+00   6.800970e+00   8.249115e+00
   7.767872e-02   8.269730e-02   1.096310e-01   2.464031e-01   8.728093e-01   3.149897e+00   7.374348e+00   9.354502e+00   7.520563e+00   7.789220e+00
   7.804198e-02   7.870869e-02   8.197572e-02   1.264300e-01   2.974539e-01   2.396479e+00   6.825353e+00   8.298307e+00   8.778263e+00   9.717055e+00
   7.539754e-02   7.578287e-02   7.810024e-02   9.233261e-02   1.443480e-01   3.223061e-01   7.941456e-01   9.576449e-01   1.801512e+01   5.354889e-01
   5.835856e-02   5.879109e-02   6.244343e-02   9.496325e-02   3.893313e-01   3.351269e+00   7.619309e+00   9.654194e+00   6.977295e+00   7.113753e+00
   7.110837e-02   7.238409e-02   7.942424e-02   1.374597e-01   1.142059e+00   3.728083e+00   6.502382e+00   8.954204e+00   9.845133e+00   5.778820e+00
   8.599149e-02   8.878371e-02   9.911188e-02   1.587972e-01   1.093938e+00   2.277921e+00   6.759141e+00   8.316849e+00   6.750446e+00   1.152998e+01
   9.103954e-02   9.253393e-02   9.894191e-02   1.392974e-01   8.812280e-01   2.216944e+00   4.094377e+00   5.562020e+00   1.484937e+01   6.135735e+00
   8.156530e-02   8.398631e-02   9.409622e-02   1.382030e-01   3.741814e-01   1.571061e+00   5.331092e+00   6.364511e+00   8.569308e+00   1.374166e+01
   8.581318e-02   8.718731e-02   9.652932e-02   1.586001e-01   5.328456e-01   2.422270e+00   4.731255e+00   6.855493e+00   4.738272e+00   1.562944e+01
   8.573971e-02   9.084939e-02   1.136731e-01   2.064237e-01   1.508317e+00   3.186129e+00   5.965856e+00   8.207878e+00   7.904011e+00   1.085090e+01
   5.696263e-02   5.766536e-02   6.443279e-02   9.998507e-02   4.520458e-01   2.769240e+00   7.406063e+00   9.523560e+00   6.736908e+00   8.634796e+00
   9.266632e-02   9.419511e-02   1.002289e-01   1.383730e-01   3.503168e-01   1.311880e+00   4.606183e+00   5.522278e+00   5.978781e+00   1.637623e+01
   9.194617e-02   9.419388e-02   1.123376e-01   1.625639e-01   1.302499e+00   2.958267e+00   5.425371e+00   7.477934e+00   1.241985e+01   6.442712e+00
   5.439083e-02   5.568402e-02   6.269658e-02   1.097449e-01   4.820261e-01   1.721127e+00   7.675231e+00   8.966207e+00   6.479652e+00   9.950417e+00
   9.190670e-02   9.468151e-02   1.095135e-01   1.653296e-01   7.430642e-01   2.980557e+00   8.075275e+00   1.011847e+01   7.254977e+00   5.048542e+00
   1.013453e-01   1.039926e-01   1.155959e-01   1.934215e-01   5.433316e-01   1.181801e+00   3.188715e+00   3.937777e+00   1.628919e+01   5.573757e+00
   9.804053e-02   1.008364e-01   1.116761e-01   1.872106e-01   6.129170e-01   2.221145e+00   7.384679e+00   8.832604e+00   7.885357e+00   9.258758e+00
   9.322636e-02   9.389112e-02   9.624657e-02   1.086448e-01   1.386828e-01   2.256672e-01   4.097056e-01   4.992212e-01   8.345817e+00   1.785259e+01
   8.424675e-02   8.631530e-02   9.349368e-02   1.171043e-01   3.233537e-01   1.281965e+00   5.676703e+00   6.607882e+00   1.458555e+01   2.497616e+00
   5.961358e-02   6.018665e-02   6.242680e-02   7.850571e-02   1.993880e-01   5.203300e-01   1.017342e+00   1.359744e+00   1.055708e+00   1.989863e+01
   7.914144e-02   7.942429e-02   8.204975e-02   9.315530e-02   2.394496e-01   5.035343e-01   1.445874e+00   4.107481e+00   1.675863e+01   5.252334e+00
   5.468396e-02   5.511823e-02   5.747302e-02   7.386609e-02   2.043914e-01   7.036335e-01   8.356733e+00   9.475756e+00   6.847119e+00   7.955868e+00
   9.170114e-02   9.329391e-02   1.028451e-01   1.383794e-01   3.892560e-01   7.496648e-01   2.868521e+00   3.381776e+00   1.704407e+01   3.404864e+00
   5.370860e-02   5.463464e-02   5.995230e-02   8.434683e-02   5.602046e-01   1.899131e+00   7.751070e+00   9.119130e+00   6.589729e+00   9.404338e+00
   7.123486e-02   7.191866e-02   7.475171e-02   1.285660e-01   4.233262e-01   2.106023e+00   5.238907e+00   8.176819e+00   5.345296e+00   1.408846e+01
   7.719621e-02   7.742858e-02   7.822121e-02   8.525718e-02   1.415090e-01   3.258825e-01   7.664981e-01   9.350032e-01   1.745129e+01   5.079734e+00
   9.207730e-02   9.321325e-02   9.788984e-02   1.284041e-01   3.238205e-01   1.522264e+00   3.714779e+00   9.753991e+00   6.839411e+00   1.294615e+01
   9.734162e-02   9.886113e-02   1.042371e-01   1.361263e-01   4.485606e-01   1.684525e+00   6.203265e+00   7.327512e+00   6.882995e+00   1.343419e+01
   5.720782e-02   6.243696e-02   1.003393e-01   2.690822e-01   1.057456e+00   2.918800e+00   7.459627e+00   9.377195e+00   6.776627e+00   8.399261e+00
   1.024883e-01   1.029346e-01   1.057999e-01   1.255203e-01   2.304696e-01   2.106194e+00   4.660687e+00   5.893516e+00   1.348981e+01   8.629388e+00
   6.970049e-02   7.261016e-02   8.926311e-02   2.008189e-01   8.908804e-01   2.441395e+00   6.460668e+00   8.204564e+00   5.878106e+00   1.244462e+01
   8.806223e-02   9.303668e-02   1.108819e-01   2.186578e-01   7.209883e-01   3.052915e+00   6.692375e+00   8.587714e+00   8.473753e+00   9.313302e+00
   9.001989e-02   9.101202e-02   9.558567e-02   1.266923e-01   2.731549e-01   7.357708e-01   5.221392e+00   5.956881e+00   4.319921e+00   1.649387e+01
   7.082446e-02   7.114813e-02   7.284075e-02   7.781552e-02   9.717756e-02   3.982732e-01   7.457881e-01   9.481511e-01   1.791018e+01   2.232577e+00
   8.338374e-02   8.493727e-02   9.557288e-02   1.573578e-01   3.845619e-01   1.226384e+00   2.435431e+00   3.178698e+00   6.793316e+00   1.780648e+01
   9.770211e-02   9.914018e-02   1.076061e-01   1.676566e-01   4.457437e-01   2.347708e+00   6.170354e+00   7.620967e+00   5.511761e+00   1.371784e+01
   9.739686e-02   1.008081e-01   1.147397e-01   1.838736e-01   8.968540e-01   2.630516e+00   6.553993e+00   8.220583e+00   7.358083e+00   1.133474e+01
   8.910418e-02   9.076158e-02   1.020952e-01   1.520875e-01   3.255279e-01   9.009997e-01   2.094646e+00   4.198906e+00   1.716301e+01   1.932616e+00
   6.049887e-02   6.325575e-02   7.627091e-02   1.524897e-01   8.796798e-01   2.180141e+00   3.943402e+00   1.332944e+01   7.326570e+00   3.761009e+00
   7.601983e-02   7.857576e-02   9.710054e-02   1.793512e-01   6.946554e-01   2.304169e+00   3.980842e+00   5.469590e+00   8.677152e+00   1.479576e+01
   9.272676e-02   9.703672e-02   1.177763e-01   2.080250e-01   6.237828e-01   1.288557e+00   3.256040e+00   4.095326e+00   1.659546e+01   3.711935e+00
   7.740017e-02   7.937267e-02   8.955251e-02   1.499582e-01   6.288519e-01   1.613644e+00   2.865347e+00   4.793464e+00   4.750544e+00   1.781461e+01
   5.188830e-02   5.421482e-02   7.227685e-02   1.822659e-01   4.687356e-01   3.228665e+00   7.751900e+00   1.023199e+01   7.211806e+00   5.042367e+00
   9.636415e-02   1.003822e-01   1.174585e-01   1.777096e-01   8.244559e-01   2.633128e+00   5.856805e+00   7.505214e+00   1.310171e+01   4.296170e+00
   7.290882e-02   7.543750e-02   8.439352e-02   1.422028e-01   1.208262e+00   2.601367e+00   5.270773e+00   1.205700e+01   7.125228e+00   6.079783e+00
   5.732832e-02   5.897969e-02   6.565405e-02   1.111301e-01   2.535946e-01   3.235625e+00   7.590687e+00   9.549006e+00   6.901139e+00   7.628213e+00
   5.827033e-02   5.876250e-02   6.255614e-02   9.578225e-02   2.336784e-01   2.830478e+00   7.562810e+00   9.294730e+00   6.717716e+00   8.748814e+00
   1.121875e-01   1.153105e-01   1.292726e-01   2.296655e-01   7.099065e-01   1.446833e+00   3.936259e+00   4.877767e+00   1.563374e+01   5.657082e+00
   9.013687e-02   9.574916e-02   1.217915e-01   1.993983e-01   5.088307e-01   1.432486e+00   4.279473e+00   5.191631e+00   9.724025e+00   1.434184e+01
   9.899658e-02   9.934615e-02   1.027109e-01   1.435593e-01   2.332412e-01   9.002631e-01   2.242218e+00   3.185603e+00   1.623046e+01   7.351752e+00
   5.476977e-02   5.511214e-02   5.662584e-02   6.774162e-02   1.103684e-01   3.459989e-01   6.620627e-01   8.464375e-01   6.788426e-01   1.999306e+01
   8.827869e-02   8.955911e-02   9.754054e-02   1.534837e-01   3.642168e-01   2.872656e+00   6.435784e+00   8.156814e+00   9.108289e+00   9.768838e+00
   5.549081e-02   5.581322e-02   5.819076e-02   6.847944e-02   1.241870e-01   6.289831e-01   1.495572e+00   1.390075e+01   7.133469e+00   5.840356e+00
   5.329215e-02   5.849396e-02   1.034265e-01   3.633803e-01   9.869506e-01   2.900364e+00   7.819620e+00   9.730818e+00   7.030367e+00   6.665356e+00
   5.361723e-02   5.388039e-02   5.634520e-02   7.545175e-02   2.375544e-01   5.777809e-01   8.500041e+00   9.625311e+00   6.954650e+00   7.233432e+00
   9.145644e-02   9.211603e-02   9.486764e-02   1.080404e-01   1.492710e-01   3.318602e-01   6.503285e-01   2.757966e+00   1.703982e+01   5.874773e+00
   7.171703e-02   7.173549e-02   7.194022e-02   7.300822e-02   9.283770e-02   1.269766e-01   1.860927e-01   2.026410e+00   1.793589e+01   1.551347e-01
   9.029531e-02   9.046184e-02   9.140594e-02   1.032524e-01   2.977741e-01   9.635236e-01   2.924508e+00   9.374147e+00   9.039075e+00   1.224665e+01
   7.775756e-02   7.798347e-02   7.881893e-02   8.439954e-02   1.117106e-01   1.995294e-01   5.557902e-01   6.438805e-01   4.435052e+00   1.945676e+01
   7.136235e-02   7.155374e-02   7.264990e-02   8.049745e-02   1.225266e-01   3.627472e-01   6.081676e-01   1.091628e+00   1.801307e+01   4.236447e-01
   8.691355e-02   8.965712e-02   1.028473e-01   2.018629e-01   6.385202e-01   2.819841e+00   6.984361e+00   8.718943e+00   9.915860e+00   6.805387e+00
   8.758708e-02   9.042333e-02   1.007447e-01   1.605065e-01   6.531459e-01   2.211977e+00   4.563523e+00   5.938671e+00   6.000410e+00   1.585385e+01
   8.228366e-02   8.390897e-02   9.254149e-02   1.280590e-01   3.502620e-01   1.361027e+00   7.107520e+00   8.228762e+00   1.050490e+01   7.606398e+00
   9.904784e-02   1.042249e-01   1.277212e-01   2.199416e-01   1.075232e+00   2.639823e+00   5.826606e+00   7.551227e+00   9.431089e+00   1.091016e+01
   9.086048e-02   9.097113e-02   9.260408e-02   9.755083e-02   2.035092e-01   5.366211e-01   1.044524e+00   2.955945e+00   1.773924e+01   5.259178e-01
   9.593263e-02   9.704520e-02   1.015733e-01   1.286643e-01   2.435120e-01   2.438120e+00   4.313290e+00   7.880157e+00   1.392808e+01   4.275927e+00
   8.335792e-02   8.451869e-02   9.361707e-02   1.533390e-01   6.250761e-01   2.502712e+00   6.956057e+00   8.522676e+00   8.193660e+00   9.759484e+00
   8.249672e-02   8.280964e-02   8.414247e-02   9.008126e-02   2.037479e-01   1.923859e+00   4.878906e+00   6.022973e+00   1.121990e+01   1.171391e+01
   6.150608e-02   6.314159e-02   7.395812e-02   1.489955e-01   5.263284e-01   2.888921e+00   4.954089e+00   1.232218e+01   7.164526e+00   5.615222e+00
   9.296728e-02   9.379591e-02   9.918993e-02   1.564719e-01   3.868387e-01   1.635180e+00   4.767006e+00   5.792847e+00   1.263480e+01   1.026490e+01
   7.518346e-02   7.636419e-02   8.045513e-02   1.071959e-01   4.252680e-01   2.109336e+00   5.457050e+00   6.777911e+00   9.840998e+00   1.194743e+01
   1.000961e-01   1.022494e-01   1.098719e-01   1.601579e-01   3.948833e-01   2.227234e+00   4.904652e+00   6.228391e+00   1.476826e+01   4.052958e+00
   7.355887e-02   7.367822e-02   7.442612e-02   7.857194e-02   1.058638e-01   2.292242e-01   8.302974e-01   9.567199e-01   1.800633e+01   7.965456e-01
   8.040860e-02   8.073626e-02   8.222465e-02   8.882274e-02   1.147316e-01   1.584959e-01   3.439995e-01   4.009853e-01   1.396267e+00   2.001872e+01
   5.412585e-02   5.893184e-02   1.024851e-01   3.557598e-01   9.874221e-01   2.911446e+00   7.801160e+00   9.715877e+00   7.020064e+00   6.753545e+00
   8.484399e-02   9.069673e-02   1.197049e-01   2.526139e-01   9.544434e-01   2.679845e+00   6.829237e+00   8.556492e+00   1.026724e+01   6.799062e+00
   9.607612e-02   1.018257e-01   1.304607e-01   3.176723e-01   1.126065e+00   2.762503e+00   6.832862e+00   8.648118e+00   9.499237e+00   7.816171e+00
   7.581418e-02   7.679873e-02   8.272911e-02   1.252108e-01   7.690031e-01   2.512720e+00   6.469596e+00   8.120697e+00   5.852967e+00   1.255760e+01
   9.836172e-02   1.001195e-01   1.181299e-01   2.879209e-01   1.384572e+00   3.232492e+00   5.989131e+00   8.231590e+00   1.044110e+01   7.819044e+00
   7.606094e-02   7.801688e-02   9.315808e-02   1.597971e-01   4.795957e-01   2.102929e+00   5.578403e+00   6.874377e+00   1.168967e+01   9.422203e+00
   8.287528e-02   8.430298e-02   8.913839e-02   1.279035e-01   5.933989e-01   2.222919e+00   5.845782e+00   7.276123e+00   8.153714e+00   1.261960e+01
   9.086290e-02   9.379569e-02   1.046693e-01   1.838000e-01   3.473553e-01   1.282218e+00   2.750668e+00   3.510904e+00   9.312758e+00   1.615337e+01
   5.683306e-02   5.958409e-02   6.983801e-02   1.253527e-01   5.912586e-01   1.720753e+00   7.904497e+00   9.230043e+00   6.670520e+00   8.997835e+00
   7.918226e-02   8.021105e-02   9.086719e-02   1.365610e-01   2.645427e-01   1.596127e+00   3.998356e+00   8.274262e+00   8.196848e+00   1.333785e+01
   5.641716e-02   5.646865e-02   5.666840e-02   5.871769e-02   8.884533e-02   2.330783e-01   5.348772e-01   1.032504e+00   6.365356e-01   1.999476e+01
   9.865469e-02   9.995778e-02   1.068326e-01   1.267678e-01   4.649045e-01   1.632865e+00   3.190215e+00   4.187820e+00   1.105161e+01   1.421141e+01
   8.536571e-02   8.690203e-02   9.276810e-02   1.205907e-01   5.962714e-01   2.280759e+00   4.308409e+00   5.723903e+00   1.323013e+01   9.367905e+00
   1.002081e-01   1.016378e-01   1.304594e-01   3.118268e-01   9.580303e-01   2.534536e+00   4.516735e+00   6.205462e+00   1.433553e+01   5.762696e+00
   9.278837e-02   9.755246e-02   1.142897e-01   2.004827e-01   8.187142e-01   2.641988e+00   5.097742e+00   6.773407e+00   9.510558e+00   1.231456e+01
   6.889433e-02   6.919750e-02   7.183920e-02   8.058787e-02   1.103204e-01   2.253147e-01   6.004464e-01   7.076626e-01   1.043319e+00   2.000722e+01
   7.366072e-02   7.439886e-02   7.728605e-02   9.355281e-02   1.370572e-01   2.282235e-01   8.275190e-01   9.560561e-01   1.801717e+01   2.765696e-01
   7.831336e-02   8.021465e-02   9.037574e-02   2.167816e-01   7.687434e-01   2.366670e+00   4.942139e+00   6.564943e+00   4.712216e+00   1.566296e+01
   9.029047e-02   9.187755e-02   9.824942e-02   1.649207e-01   5.700760e-01   1.357910e+00   3.901699e+00   4.773490e+00   1.593517e+01   4.638452e+00
   7.005305e-02   7.018711e-02   7.273150e-02   8.680644e-02   2.060302e-01   1.022100e+00   1.672687e+00   8.800097e+00   1.494268e+01   8.225193e-02
   8.001555e-02   8.051179e-02   8.225921e-02   9.490778e-02   1.385219e-01   3.529064e-01   7.841351e-01   9.601713e-01   1.795973e+01   1.777434e+00
   5.156265e-02   5.186103e-02   5.345283e-02   6.309207e-02   2.401938e-01   2.937238e+00   7.930815e+00   9.736149e+00   7.034167e+00   6.630273e+00
   5.486230e-02   5.510104e-02   5.654482e-02   6.472536e-02   8.526996e-02   5.575321e-01   7.529711e+00   1.011855e+01   6.754689e+00   8.516610e+00
   5.815871e-02   5.951333e-02   7.514137e-02   1.587465e-01   9.101139e-01   1.943684e+00   7.979541e+00   9.445417e+00   7.808688e+00   6.930391e+00
   5.870416e-02   5.889803e-02   6.077438e-02   7.071121e-02   2.552459e-01   5.773245e-01   8.509544e+00   9.743886e+00   7.002192e+00   6.933115e+00
   9.574839e-02   9.738849e-02   1.029028e-01   1.265852e-01   2.598378e-01   1.494131e+00   3.629180e+00   4.504462e+00   5.102559e+00   1.763565e+01
   5.563777e-02   5.591157e-02   5.746365e-02   6.626405e-02   2.295273e-01   1.403245e+00   4.772787e+00   1.263965e+01   7.055569e+00   6.497240e+00
   9.809265e-02   1.016841e-01   1.279485e-01   3.742922e-01   9.154798e-01   2.152333e+00   3.937669e+00   5.403934e+00   1.521849e+01   5.460326e+00
   9.494544e-02   9.522837e-02   9.757432e-02   1.051896e-01   2.680547e-01   1.953493e+00   5.078707e+00   6.241215e+00   1.401384e+01   6.528068e+00
   8.841080e-02   9.317286e-02   1.172795e-01   3.976775e-01   1.215908e+00   3.828955e+00   6.732157e+00   9.265179e+00   9.549375e+00   4.904718e+00
   5.645264e-02   5.676636e-02   5.885213e-02   7.208436e-02   1.854920e-01   5.862234e-01   8.246637e+00   9.337767e+00   6.748176e+00   8.563616e+00
   5.540002e-02   5.715443e-02   6.468944e-02   1.020286e-01   4.213271e-01   1.706170e+00   7.880923e+00   9.178888e+00   6.633263e+00   9.188271e+00
   9.352584e-02   9.457320e-02   1.001336e-01   1.385986e-01   3.631177e-01   1.400468e+00   3.783011e+00   4.625320e+00   1.625729e+01   3.631922e+00
   7.274884e-02   7.291733e-02   7.387677e-02   7.918594e-02   9.081507e-02   2.117639e-01   6.708588e-01   7.735774e-01   9.310614e-01   2.001109e+01
   9.130652e-02   9.760027e-02   1.251715e-01   2.822524e-01   6.923238e-01   1.962320e+00   3.454079e+00   4.818577e+00   3.469543e+00   1.788011e+01
   5.606577e-02   5.676298e-02   5.933317e-02   7.437675e-02   1.949933e-01   1.793500e+00   7.754684e+00   9.052633e+00   6.542441e+00   9.656327e+00
   8.803299e-02   8.863964e-02   9.726108e-02   1.365255e-01   4.240343e-01   1.253236e+00   4.886266e+00   5.748004e+00   1.564187e+01   3.041741e-01
   6.299601e-02   6.379530e-02   6.652647e-02   9.125912e-02   3.575688e-01   2.183135e+00   7.503700e+00   8.933731e+00   8.456565e+00   8.077888e+00
   8.234002e-02   8.479068e-02   9.473243e-02   1.401674e-01   4.619303e-01   2.157709e+00   5.011367e+00   7.880957e+00   6.456802e+00   1.396113e+01
   6.619536e-02   7.267013e-02   9.546746e-02   2.323014e-01   8.649530e-01   2.724297e+00   6.143402e+00   7.884764e+00   5.703100e+00   1.300662e+01
   7.364801e-02   7.466839e-02   7.993103e-02   1.154885e-01   4.079022e-01   1.368856e+00   6.858494e+00   7.944771e+00   5.748586e+00   1.289400e+01
   8.711878e-02   9.024115e-02   1.077074e-01   1.745852e-01   5.321645e-01   1.768157e+00   4.965259e+00   6.130619e+00   8.190823e+00   1.438988e+01
   9.091196e-02   9.132255e-02   9.549576e-02   1.509119e-01   3.596138e-01   1.336929e+00   3.761810e+00   4.573323e+00   1.609532e+01   4.590948e+00
   8.297225e-02   8.483151e-02   9.717985e-02   1.576944e-01   5.305657e-01   2.474723e+00   4.153476e+00   6.499761e+00   1.497152e+01   3.464112e+00
   6.171874e-02   6.259851e-02   6.651631e-02   9.519592e-02   3.668088e-01   1.342953e+00   3.971752e+00   4.815893e+00   5.372807e+00   1.719970e+01
   7.250974e-02   7.376309e-02   8.203992e-02   1.275818e-01   4.342510e-01   1.245534e+00   3.494294e+00   1.258008e+01   1.012840e+01   1.634479e+00
   1.042326e-01   1.080286e-01   1.269642e-01   3.080673e-01   1.083094e+00   2.449445e+00   7.044265e+00   8.682943e+00   1.047831e+01   5.973828e+00
   9.608858e-02   9.841965e-02   1.064384e-01   1.871363e-01   6.806804e-01   2.332633e+00   6.506162e+00   8.075793e+00   7.980390e+00   1.125736e+01
   7.359916e-02   7.437281e-02   7.712363e-02   1.380487e-01   4.578075e-01   2.996667e+00   7.723443e+00   9.556116e+00   8.315407e+00   5.717625e+00
   7.210566e-02   7.309507e-02   7.897138e-02   9.565121e-02   3.541218e-01   1.295506e+00   5.044374e+00   6.702647e+00   4.580744e+00   1.592344e+01
   7.953600e-02   7.986171e-02   8.127163e-02   9.281271e-02   1.462214e-01   1.129435e+00   2.445396e+00   3.228675e+00   4.022591e+00   1.880925e+01
   9.606335e-02   9.649965e-02   1.048771e-01   1.536630e-01   4.401127e-01   2.101718e+00   4.811016e+00   6.068591e+00   1.441150e+01   5.945719e+00
   9.102487e-02   9.230520e-02   1.004093e-01   1.453591e-01   5.220776e-01   2.139546e+00   6.859636e+00   8.229837e+00   1.246675e+01   1.309963e+00
   9.846617e-02   9.913670e-02   1.020112e-01   1.336156e-01   5.344294e-01   1.871558e+00   7.161103e+00   8.441412e+00   7.404663e+00   1.077726e+01
   8.995581e-02   9.058399e-02   9.288673e-02   1.435630e-01   5.013721e-01   1.812364e+00   5.354936e+00   6.501157e+00   9.415901e+00   1.285271e+01
   8.835594e-02   8.839871e-02   8.864177e-02   8.947030e-02   9.749546e-02   1.532497e-01   8.655384e-01   9.706417e-01   1.802818e+01   5.454649e-01
   8.364803e-02   8.496190e-02   9.628981e-02   1.534607e-01   4.829944e-01   1.768715e+00   7.471502e+00   8.744648e+00   8.073834e+00   9.249877e+00
   9.608276e-02   9.620776e-02   9.735054e-02   1.035460e-01   1.235563e-01   1.996102e-01   3.489205e-01   7.592719e-01   3.108071e+00   1.979249e+01
   9.780902e-02   9.833460e-02   1.001384e-01   1.130136e-01   2.544172e-01   5.515458e-01   1.339731e+00   1.643304e+00   6.799318e+00   1.845541e+01
   8.190296e-02   8.350808e-02   8.888716e-02   1.316512e-01   5.688118e-01   2.144806e+00   5.964890e+00   7.304679e+00   8.185771e+00   1.249090e+01
   5.603929e-02   6.271266e-02   8.953383e-02   2.758172e-01   1.146534e+00   2.496605e+00   7.955214e+00   9.708917e+00   7.015612e+00   6.801507e+00
   8.946905e-02   9.053223e-02   9.834435e-02   1.500327e-01   4.943877e-01   2.039043e+00   5.290011e+00   6.536426e+00   1.324325e+01   7.505392e+00
   7.763253e-02   8.065305e-02   9.667501e-02   1.726014e-01   5.675227e-01   1.575101e+00   3.188587e+00   4.219180e+00   1.115949e+01   1.402584e+01
   6.457068e-02   6.694834e-02   8.723119e-02   2.046781e-01   1.225492e+00   2.716323e+00   5.142830e+00   1.214094e+01   7.174607e+00   5.722225e+00
   7.824970e-02   7.878048e-02   8.429897e-02   1.267050e-01   2.615655e-01   2.421595e+00   7.000869e+00   8.492302e+00   8.060010e+00   9.953541e+00
   5.605830e-02   5.633986e-02   5.807999e-02   6.948433e-02   1.592934e-01   6.005138e-01   7.389554e+00   1.051535e+01   6.859987e+00   7.884938e+00
   5.660718e-02   5.757425e-02   6.264926e-02   9.076303e-02   6.175535e-01   1.448341e+00   4.022495e+00   1.314091e+01   7.152742e+00   5.675971e+00
   9.638005e-02   9.813231e-02   1.045164e-01   2.261559e-01   6.367894e-01   1.959193e+00   4.763742e+00   5.981128e+00   1.252157e+01   1.009128e+01
   5.752806e-02   5.772618e-02   5.877639e-02   6.419022e-02   1.556043e-01   9.158896e-01   3.262915e+00   1.367455e+01   7.228820e+00   4.928951e+00
   9.897430e-02   1.014884e-01   1.131111e-01   1.478525e-01   3.576602e-01   1.165018e+00   4.391400e+00   5.262545e+00   4.759675e+00   1.714199e+01
   5.592324e-02   5.670085e-02   5.984376e-02   8.214065e-02   2.194037e-01   2.603240e+00   6.316324e+00   1.100066e+01   6.905202e+00   7.591060e+00
   7.673514e-02   7.890200e-02   9.297911e-02   1.500069e-01   4.497430e-01   1.067202e+00   3.288244e+00   4.015711e+00   8.683716e+00   1.619832e+01
   5.667644e-02   5.826789e-02   6.747829e-02   1.111676e-01   3.714374e-01   1.065745e+00   2.820991e+00   1.387764e+01   7.279602e+00   4.329877e+00
   9.244072e-02   9.461165e-02   1.051847e-01   2.031633e-01   5.316060e-01   1.271142e+00   3.081070e+00   8.179399e+00   1.064728e+01   1.181050e+01
   6.192156e-02   6.310635e-02   6.903597e-02   1.241337e-01   4.234773e-01   2.658144e+00   4.826035e+00   1.193468e+01   6.917594e+00   7.553114e+00
   1.092230e-01   1.108013e-01   1.243601e-01   2.188481e-01   4.418766e-01   1.368014e+00   3.379934e+00   4.199878e+00   1.576199e+01   6.787022e+00
   5.833393e-02   6.021160e-02   6.829035e-02   1.133673e-01   2.788766e-01   6.339539e-01   4.088444e+00   1.260681e+01   6.847255e+00   7.980181e+00
   5.509096e-02   5.571372e-02   5.939910e-02   7.645138e-02   1.358886e-01   5.262620e-01   1.192128e+00   1.435445e+01   7.339980e+00   3.475812e+00
   1.052686e-01   1.059876e-01   1.097390e-01   1.509822e-01   4.873451e-01   1.825941e+00   6.901355e+00   8.134301e+00   7.394584e+00   1.153269e+01
   7.689653e-02   7.697801e-02   7.756788e-02   8.142855e-02   1.435093e-01   3.037289e-01   6.631433e-01   9.515823e+00   1.457819e+01   6.378035e-01
   8.811959e-02   8.877532e-02   9.116940e-02   1.109484e-01   1.528808e-01   3.072735e-01   5.974244e-01   7.422639e-01   1.533636e+00   1.998951e+01
   7.219486e-02   7.246434e-02   7.388628e-02   8.293859e-02   2.307471e-01   1.874260e+00   4.496393e+00   1.042450e+01   6.038816e+00   1.188431e+01
   7.023248e-02   7.334934e-02   8.938618e-02   1.563858e-01   7.349241e-01   3.023812e+00   5.845967e+00   7.742853e+00   5.619292e+00   1.333137e+01
   5.806202e-02   5.959153e-02   7.122386e-02   1.422279e-01   1.430611e+00   3.247338e+00   7.685736e+00   9.890312e+00   7.181447e+00   5.687748e+00
   9.110465e-02   9.380380e-02   1.034011e-01   1.591806e-01   3.209057e-01   1.082692e+00   3.431830e+00   4.104210e+00   1.517269e+01   8.352744e+00
   5.641114e-02   5.741538e-02   6.179292e-02   9.154529e-02   2.508029e-01   3.100112e+00   7.286296e+00   9.344770e+00   6.687860e+00   8.906694e+00
   6.303003e-02   6.331910e-02   6.478967e-02   7.512284e-02   1.633062e-01   6.733345e-01   1.515641e+00   1.435575e+01   7.368967e+00   3.149711e+00
