   6.154891e-01   6.282307e-01   6.808635e-01   8.293497e-01   1.195726e+00   2.149207e+00   4.240203e+00   8.604347e+00
   6.154973e-01   6.282481e-01   6.809191e-01   8.295131e-01   1.196155e+00   2.150329e+00   4.237761e+00   8.604347e+00
   6.127675e-01   6.202961e-01   6.512216e-01   7.386435e-01   9.727246e-01   1.565977e+00   2.672594e+00   1.188482e+01
   6.155221e-01   6.283015e-01   6.810905e-01   8.300176e-01   1.197481e+00   2.153794e+00   4.230215e+00   8.604347e+00
   6.154924e-01   6.282377e-01   6.808856e-01   8.294148e-01   1.195897e+00   2.149654e+00   4.239231e+00   8.604347e+00
   6.154925e-01   6.282379e-01   6.808865e-01   8.294177e-01   1.195905e+00   2.149675e+00   4.239186e+00   8.604347e+00
   6.154943e-01   6.282416e-01   6.808977e-01   8.294500e-01   1.195989e+00   2.149895e+00   4.238706e+00   8.604347e+00
   6.156968e-01   6.272601e-01   6.752238e-01   8.098752e-01   1.162386e+00   2.028373e+00   3.712309e+00   9.506119e+00
   6.165781e-01   6.258121e-01   6.616702e-01   7.607384e-01   9.956015e-01   1.691525e+00   2.910424e+00   1.134923e+01
   6.154894e-01   6.282313e-01   6.808652e-01   8.293548e-01   1.195739e+00   2.149242e+00   4.240127e+00   8.604347e+00
   6.068727e-01   6.081414e-01   6.133926e-01   6.282807e-01   6.666106e-01   7.634015e-01   9.650282e-01   1.580384e+01
   6.154895e-01   6.282316e-01   6.808661e-01   8.293573e-01   1.195746e+00   2.149260e+00   4.240089e+00   8.604347e+00
   6.163095e-01   6.245654e-01   6.595276e-01   7.584021e-01   1.015668e+00   1.572275e+00   2.786053e+00   1.163320e+01
   6.154920e-01   6.282368e-01   6.808828e-01   8.294066e-01   1.195875e+00   2.149598e+00   4.239353e+00   8.604347e+00
   6.154918e-01   6.282364e-01   6.808814e-01   8.294025e-01   1.195865e+00   2.149570e+00   4.239414e+00   8.604347e+00
   6.174155e-01   6.289718e-01   6.768147e-01   8.121677e-01   1.164552e+00   2.152542e+00   3.858616e+00   9.175517e+00
   6.154880e-01   6.282284e-01   6.808559e-01   8.293271e-01   1.195666e+00   2.149052e+00   4.240542e+00   8.604347e+00
   6.146324e-01   6.230750e-01   6.568705e-01   7.483723e-01   9.719141e-01   1.625619e+00   2.769127e+00   1.166715e+01
   6.154953e-01   6.282438e-01   6.809048e-01   8.294710e-01   1.196044e+00   2.150040e+00   4.238392e+00   8.604347e+00
   6.154881e-01   6.282285e-01   6.808562e-01   8.293283e-01   1.195669e+00   2.149060e+00   4.240525e+00   8.604347e+00
   6.154892e-01   6.282309e-01   6.808638e-01   8.293506e-01   1.195728e+00   2.149214e+00   4.240190e+00   8.604347e+00
   6.170685e-01   6.259241e-01   6.626122e-01   7.652566e-01   1.030238e+00   1.649058e+00   2.920221e+00   1.132747e+01
   6.151271e-01   6.248431e-01   6.662289e-01   7.806884e-01   1.064124e+00   1.642018e+00   3.620051e+00   1.040150e+01
   6.154951e-01   6.282435e-01   6.809043e-01   8.294698e-01   1.196041e+00   2.150032e+00   4.238408e+00   8.604347e+00
   6.168208e-01   6.285636e-01   6.772739e-01   8.146295e-01   1.156904e+00   2.049904e+00   3.739707e+00   9.444918e+00
   6.154937e-01   6.282402e-01   6.808934e-01   8.294375e-01   1.195956e+00   2.149810e+00   4.238893e+00   8.604347e+00
   6.155003e-01   6.252170e-01   6.657984e-01   7.796485e-01   1.066176e+00   1.888322e+00   3.308014e+00   1.043311e+01
   6.139968e-01   6.234834e-01   6.627959e-01   7.728567e-01   1.067556e+00   1.775168e+00   3.161719e+00   1.076358e+01
   6.187703e-01   6.287904e-01   6.689289e-01   7.841685e-01   1.069957e+00   1.887468e+00   3.311811e+00   1.043483e+01
   6.162223e-01   6.264879e-01   6.694475e-01   7.842377e-01   1.067100e+00   1.904614e+00   3.349957e+00   1.033814e+01
   6.154924e-01   6.282378e-01   6.808859e-01   8.294155e-01   1.195899e+00   2.149659e+00   4.239219e+00   8.604347e+00
   6.154946e-01   6.282425e-01   6.809008e-01   8.294594e-01   1.196014e+00   2.149961e+00   4.238564e+00   8.604347e+00
   6.171526e-01   6.257141e-01   6.603759e-01   7.603121e-01   9.958179e-01   1.610561e+00   2.808590e+00   1.158366e+01
   6.162341e-01   6.257112e-01   6.651255e-01   7.754018e-01   1.062296e+00   1.756872e+00   3.130862e+00   1.084204e+01
   6.122761e-01   6.141020e-01   6.219390e-01   6.434586e-01   6.976920e-01   8.557542e-01   1.139910e+00   1.541763e+01
   6.146732e-01   6.195534e-01   6.399440e-01   6.968528e-01   8.482279e-01   1.215225e+00   1.937910e+00   1.358420e+01
   6.149038e-01   6.202091e-01   6.422007e-01   7.039877e-01   8.688423e-01   1.267175e+00   2.044308e+00   1.333249e+01
   6.154945e-01   6.282423e-01   6.809001e-01   8.294575e-01   1.196009e+00   2.149947e+00   4.238593e+00   8.604347e+00
   6.079599e-01   6.087593e-01   6.121056e-01   6.214463e-01   6.449546e-01   7.092169e-01   8.252403e-01   1.610902e+01
   6.136156e-01   6.235328e-01   6.645067e-01   7.794386e-01   1.072224e+00   1.819133e+00   3.244621e+00   1.057164e+01
   6.336538e-01   6.422835e-01   6.784158e-01   7.734108e-01   1.004050e+00   1.685375e+00   2.880164e+00   1.147401e+01
   6.164091e-01   6.220251e-01   6.456099e-01   7.112347e-01   8.722722e-01   1.203212e+00   2.227807e+00   1.318642e+01
   6.085835e-01   6.127361e-01   6.298933e-01   6.782832e-01   7.957056e-01   1.105196e+00   1.694782e+00   1.411392e+01
   6.157651e-01   6.273707e-01   6.755059e-01   8.106420e-01   1.159740e+00   2.023799e+00   3.704380e+00   9.522851e+00
   6.154934e-01   6.282398e-01   6.808923e-01   8.294345e-01   1.195949e+00   2.149789e+00   4.238936e+00   8.604347e+00
   6.065735e-01   6.089875e-01   6.189994e-01   6.471464e-01   7.162585e-01   8.961248e-01   1.289381e+00   1.509484e+01
   6.043480e-01   6.043480e-01   6.043480e-01   6.043480e-01   6.043480e-01   6.043480e-01   6.043480e-01   1.660435e+01
   6.163589e-01   6.287950e-01   6.790705e-01   8.261277e-01   1.166695e+00   2.046666e+00   3.787398e+00   9.332680e+00
   6.134531e-01   6.212853e-01   6.539853e-01   7.454669e-01   9.649914e-01   1.552567e+00   2.664827e+00   1.190210e+01
   6.142029e-01   6.230025e-01   6.594379e-01   7.623989e-01   1.036499e+00   1.730881e+00   3.029008e+00   1.106919e+01
   6.153544e-01   6.279407e-01   6.799318e-01   8.266073e-01   1.188516e+00   2.130372e+00   4.281224e+00   8.604348e+00
   6.107590e-01   6.165167e-01   6.404095e-01   7.075335e-01   8.710375e-01   1.307226e+00   2.135367e+00   1.311829e+01
   6.162746e-01   6.265875e-01   6.691626e-01   7.895905e-01   1.099769e+00   1.918940e+00   4.208293e+00   9.274765e+00
   6.165645e-01   6.260893e-01   6.666434e-01   7.789289e-01   1.056913e+00   1.623516e+00   3.653765e+00   1.042004e+01
   6.150303e-01   6.211136e-01   6.471280e-01   7.185756e-01   8.978671e-01   1.338807e+00   2.220114e+00   1.292850e+01
   6.154945e-01   6.282421e-01   6.808996e-01   8.294557e-01   1.196004e+00   2.149935e+00   4.238619e+00   8.604347e+00
   6.127245e-01   6.216236e-01   6.584095e-01   7.617202e-01   1.027068e+00   1.699621e+00   2.984198e+00   1.116681e+01
   6.056778e-01   6.062100e-01   6.084273e-01   6.146355e-01   6.305130e-01   6.692443e-01   7.460756e-01   1.628324e+01
   6.154842e-01   6.282200e-01   6.808288e-01   8.292471e-01   1.195456e+00   2.148502e+00   4.241739e+00   8.604347e+00
   6.164793e-01   6.259111e-01   6.653835e-01   7.757606e-01   1.062212e+00   1.693019e+00   3.055894e+00   1.101359e+01
   6.154948e-01   6.282426e-01   6.809010e-01   8.294598e-01   1.196015e+00   2.149963e+00   4.238560e+00   8.604347e+00
   6.154927e-01   6.282383e-01   6.808874e-01   8.294200e-01   1.195911e+00   2.149690e+00   4.239153e+00   8.604347e+00
   6.149510e-01   6.247883e-01   6.648256e-01   7.750064e-01   1.045018e+00   1.727495e+00   3.711493e+00   1.022574e+01
   6.163208e-01   6.208161e-01   6.378826e-01   6.891918e-01   8.149084e-01   1.183886e+00   1.822186e+00   1.385797e+01
   6.154931e-01   6.282390e-01   6.808895e-01   8.294256e-01   1.195925e+00   2.149728e+00   4.239071e+00   8.604347e+00
   6.132853e-01   6.206376e-01   6.513978e-01   7.375171e-01   9.526241e-01   1.512543e+00   2.574003e+00   1.211040e+01
   6.155808e-01   6.227797e-01   6.524707e-01   7.358301e-01   9.450681e-01   1.366039e+00   2.408482e+00   1.253529e+01
   6.154921e-01   6.282370e-01   6.808834e-01   8.294082e-01   1.195879e+00   2.149609e+00   4.239329e+00   8.604347e+00
   6.195090e-01   6.282650e-01   6.637661e-01   7.605380e-01   9.970294e-01   1.678822e+00   2.881681e+00   1.142501e+01
   6.150480e-01   6.268273e-01   6.758852e-01   8.135917e-01   1.156402e+00   2.033109e+00   3.724677e+00   9.473409e+00
   6.187614e-01   6.302658e-01   6.771981e-01   8.112803e-01   1.140708e+00   2.010526e+00   3.650374e+00   9.656069e+00
   6.137160e-01   6.225064e-01   6.587891e-01   7.550532e-01   1.007003e+00   1.609440e+00   3.314721e+00   1.096495e+01
