   9.731226e-03   5.750971e-01   9.167797e-01   6.010125e-01   9.938295e-02   2.290520e-03   8.034775e-01   8.270134e-01   9.834590e-01   9.307473e-01   5.770058e-01   1.967937e-01   9.998987e-01   3.953185e-01   4.731079e-01   6.916579e-01
   4.132477e-04   8.882180e-01   9.877521e-01   6.048245e-01   1.127628e-03   1.161257e-05   1.612456e-03   0.000000e+00   1.290501e-02   7.998620e-04   3.140854e-02   1.051459e-03   2.174404e-05   0.000000e+00   6.598703e-03   2.293610e-02
   0.000000e+00   5.391818e-03   9.961447e-01   6.206659e-01   7.919960e-01   1.656685e-01   9.495796e-01   7.619634e-01   9.600470e-01   4.435418e-01   1.000000e+00   2.574042e-01   7.953382e-01   2.804088e-01   1.000000e+00   3.487345e-01
   5.193584e-02   8.021354e-01   9.905479e-01   6.088822e-01   0.000000e+00   4.197090e-06   1.619412e-03   0.000000e+00   1.255191e-02   0.000000e+00   4.025474e-05   3.259359e-03   0.000000e+00   0.000000e+00   0.000000e+00   3.734355e-03
   9.998951e-01   9.008514e-01   8.722746e-02   5.112384e-02   0.000000e+00   7.165123e-12   0.000000e+00   7.941260e-06   1.217156e-03   0.000000e+00   2.324365e-04   0.000000e+00   1.151576e-03   1.447881e-03   9.330991e-05   4.576050e-04
   9.999882e-01   9.256242e-01   9.739736e-01   3.239238e-01   2.636594e-03   2.665571e-03   1.386077e-03   2.051706e-04   0.000000e+00   1.650220e-03   1.204129e-04   4.212431e-03   3.280472e-04   1.279170e-03   1.116278e-03   0.000000e+00
   9.999908e-01   8.952140e-01   2.660816e-03   1.897305e-03   1.456478e-01   1.185903e-01   6.773563e-03   6.892977e-04   0.000000e+00   1.159283e-03   2.329684e-03   5.205774e-03   0.000000e+00   1.608764e-03   0.000000e+00   1.906591e-02
   0.000000e+00   0.000000e+00   9.961298e-01   5.601911e-01   1.129759e-02   4.620588e-04   8.890334e-01   9.662564e-01   9.999722e-01   9.998738e-01   9.812821e-01   9.152082e-01   9.951459e-01   9.926964e-01   9.864137e-01   6.922004e-01
   9.364397e-01   8.032496e-01   1.000000e+00   7.793696e-01   6.600299e-02   1.600226e-02   9.545415e-02   1.000000e+00   1.000000e+00   8.267858e-01   4.329628e-01   0.000000e+00   5.259139e-01   9.120361e-01   3.691693e-01   6.343243e-01
   1.000000e+00   9.012031e-01   1.850204e-04   2.169510e-04   0.000000e+00   1.328002e-11   3.215623e-07   0.000000e+00   2.403159e-04   1.003570e-05   1.439587e-04   3.128291e-03   2.311959e-05   4.654071e-04   7.447428e-05   1.149092e-06
   1.989735e-02   8.720673e-01   9.998862e-01   5.852218e-01   3.495289e-03   1.359757e-02   1.533332e-03   0.000000e+00   7.590576e-03   1.243702e-03   4.998207e-03   9.678218e-03   3.806274e-04   3.264902e-04   1.075187e-02   2.150479e-02
   8.803275e-01   1.343131e-01   8.737178e-01   9.415663e-01   1.386322e-03   1.464575e-02   1.000000e+00   3.804752e-02   0.000000e+00   6.376593e-01   1.638686e-01   6.224225e-01   6.024005e-01   1.000000e+00   5.210296e-01   1.364892e-01
   9.999998e-01   9.000136e-01   3.115423e-14   0.000000e+00   1.344584e-07   6.740488e-08   4.734189e-08   6.488790e-06   1.765233e-07   3.824526e-07   0.000000e+00   3.006817e-03   0.000000e+00   0.000000e+00   6.176472e-05   4.088380e-06
   9.016503e-01   9.368406e-01   1.000000e+00   6.081184e-01   0.000000e+00   0.000000e+00   1.569253e-03   0.000000e+00   1.253584e-03   3.885374e-05   4.333985e-04   2.028183e-03   0.000000e+00   0.000000e+00   6.390327e-05   7.160578e-04
   3.512289e-01   8.777225e-01   9.924352e-01   6.330404e-01   3.005095e-01   1.909465e-01   6.578013e-04   2.126522e-03   7.690689e-03   1.192529e-02   0.000000e+00   9.328262e-03   4.658776e-04   2.130022e-03   3.336388e-03   1.430954e-02
   9.999203e-01   9.156567e-01   6.407440e-01   4.050372e-01   1.196489e-01   5.218714e-02   5.182376e-03   0.000000e+00   4.136078e-03   2.880542e-04   5.337131e-03   3.840273e-03   3.662130e-04   5.185708e-04   3.220357e-05   1.999905e-02
   9.171470e-01   1.651434e-01   1.000000e+00   0.000000e+00   1.052012e-01   2.524288e-01   6.137091e-01   1.000000e+00   9.693801e-01   8.187659e-01   1.549198e-01   2.037545e-01   2.217016e-01   4.687549e-02   2.610398e-01   0.000000e+00
   1.000000e+00   3.200984e-02   1.000000e+00   0.000000e+00   1.373007e-01   4.623758e-01   5.952717e-01   1.000000e+00   7.187344e-01   8.403406e-01   3.152426e-01   1.542486e-01   7.159356e-01   5.873227e-01   1.672218e-01   1.322971e-01
   9.999826e-01   9.249038e-01   3.545390e-01   2.369602e-01   1.395397e-03   5.312290e-03   5.236270e-03   3.654709e-04   4.225140e-04   1.307239e-03   5.263556e-04   5.792149e-03   3.079399e-04   9.501233e-04   5.388436e-04   4.340183e-03
   9.999998e-01   9.000136e-01   0.000000e+00   0.000000e+00   1.344379e-07   6.740811e-08   4.734190e-08   6.488793e-06   1.765233e-07   3.824527e-07   0.000000e+00   3.006817e-03   0.000000e+00   0.000000e+00   6.176479e-05   4.088380e-06
   9.999851e-01   9.256240e-01   9.427983e-01   3.153676e-01   2.775825e-03   2.659639e-03   1.409536e-03   2.531838e-04   0.000000e+00   1.702095e-03   1.880065e-04   4.246219e-03   3.332179e-04   1.308895e-03   1.116261e-03   0.000000e+00
   7.697013e-06   8.521385e-01   9.755542e-01   6.018031e-01   0.000000e+00   5.686989e-06   1.610841e-03   0.000000e+00   1.197900e-02   0.000000e+00   4.090183e-02   3.439412e-03   1.814565e-04   3.980918e-05   3.995599e-02   6.078002e-03
   9.999998e-01   8.999640e-01   1.376930e-04   7.252638e-04   5.048765e-04   1.920476e-03   2.077618e-06   6.956131e-06   1.488744e-07   1.973322e-05   2.609344e-04   3.219320e-03   1.611101e-08   0.000000e+00   6.539218e-05   4.107299e-06
   1.000000e+00   9.004688e-01   2.919127e-03   3.501062e-03   1.202591e-05   2.661326e-04   1.612450e-04   1.965620e-05   0.000000e+00   1.659998e-05   5.110585e-04   3.687510e-03   5.533490e-08   3.382103e-04   6.860943e-05   3.813238e-06
   9.997424e-01   8.994075e-01   2.261976e-01   1.415724e-01   0.000000e+00   0.000000e+00   0.000000e+00   0.000000e+00   5.142102e-04   0.000000e+00   5.121887e-04   5.556357e-03   4.370226e-03   9.880901e-04   7.892055e-05   1.022248e-03
   9.999999e-01   8.848787e-01   1.348542e-02   1.371420e-02   3.859617e-04   3.153680e-03   4.036662e-04   4.463259e-04   1.206962e-04   1.767802e-03   5.358162e-04   2.863547e-03   0.000000e+00   7.161406e-04   4.559561e-05   2.023993e-03
   1.000000e+00   7.514122e-01   0.000000e+00   0.000000e+00   1.123863e-04   1.220597e-02   9.479513e-01   8.684953e-01   9.999682e-01   8.528961e-01   3.635268e-02   1.000000e+00   9.963333e-01   1.000000e+00   6.999721e-01   8.847062e-01
   9.037332e-01   3.983358e-01   8.506150e-05   1.105572e-03   0.000000e+00   5.323158e-02   9.189416e-03   8.355883e-01   9.884574e-01   7.101089e-01   1.239185e-01   3.204931e-01   3.204237e-01   1.000000e+00   3.277890e-01   7.132261e-01
   1.000000e+00   9.296334e-01   2.263668e-01   2.411669e-01   0.000000e+00   0.000000e+00   1.000000e+00   5.734677e-01   9.942567e-01   7.880120e-01   9.323546e-02   5.099737e-01   9.896251e-01   9.898234e-01   1.000000e+00   4.660236e-01
   9.999996e-01   8.916165e-01   2.114203e-03   4.121800e-03   1.000000e+00   4.725854e-01   0.000000e+00   8.607666e-06   0.000000e+00   7.981388e-03   6.273976e-03   6.445618e-03   0.000000e+00   0.000000e+00   2.039071e-03   2.331720e-02
   1.786074e-05   8.327693e-01   9.749025e-01   6.908022e-01   0.000000e+00   1.355387e-06   1.380552e-03   0.000000e+00   1.166430e-02   0.000000e+00   8.990749e-03   3.538278e-03   1.800067e-04   1.657918e-05   3.775572e-02   1.225485e-02
   6.564312e-01   8.161103e-01   9.996975e-01   5.851050e-01   1.011025e-01   6.163274e-02   0.000000e+00   0.000000e+00   4.997340e-03   2.115434e-03   4.035141e-03   8.956207e-03   7.031033e-04   1.648295e-03   2.682364e-02   6.389704e-03
   1.793127e-02   7.071982e-01   9.740162e-01   7.798933e-01   2.126731e-03   4.806689e-07   1.000000e+00   4.923708e-03   0.000000e+00   3.862216e-02   4.289151e-02   3.826697e-03   2.531950e-04   0.000000e+00   3.672432e-02   0.000000e+00
   1.029466e-04   8.498823e-01   1.000000e+00   6.427624e-01   2.701623e-03   4.995015e-03   1.515377e-03   0.000000e+00   7.401285e-03   6.399694e-03   4.202727e-02   1.522915e-02   3.103924e-04   1.458240e-04   2.681067e-02   1.530267e-02
   9.999921e-01   9.012307e-01   1.555474e-04   2.863372e-04   0.000000e+00   1.366560e-11   0.000000e+00   5.906422e-01   3.192476e-04   7.943236e-06   1.558659e-04   3.114565e-03   9.792952e-04   5.155925e-04   7.479663e-05   1.148961e-06
   9.999998e-01   9.000139e-01   2.890661e-14   5.921110e-09   1.346199e-07   6.739856e-08   4.734098e-08   6.488881e-06   1.765233e-07   3.820447e-07   0.000000e+00   3.006816e-03   0.000000e+00   0.000000e+00   6.181489e-05   4.088380e-06
   1.255468e-01   7.294003e-01   0.000000e+00   0.000000e+00   0.000000e+00   0.000000e+00   1.000000e+00   0.000000e+00   6.337997e-01   8.272027e-01   1.000000e+00   1.951399e-01   1.000000e+00   1.000000e+00   9.784792e-01   1.012085e-01
   4.121331e-04   8.909636e-01   9.903029e-01   6.092096e-01   0.000000e+00   0.000000e+00   1.596908e-03   0.000000e+00   1.284886e-02   1.139094e-03   1.095095e-02   2.636016e-03   7.516987e-05   3.055598e-05   8.443629e-03   1.914190e-02
   8.047246e-04   0.000000e+00   9.025455e-01   5.101328e-01   2.974829e-02   0.000000e+00   9.000254e-01   1.000000e+00   1.000000e+00   1.000000e+00   5.803851e-01   1.000000e+00   1.000000e+00   7.109429e-01   5.765283e-01   6.905576e-01
   1.000000e+00   9.107822e-01   1.239260e-01   1.027410e-01   4.824456e-04   2.418995e-03   7.351883e-04   9.148625e-06   2.824834e-03   7.263668e-04   4.108369e-04   4.231462e-03   4.356021e-03   1.109108e-03   4.450817e-05   1.942794e-03
   3.329956e-02   7.008960e-01   9.679266e-01   7.118698e-01   1.912345e-03   0.000000e+00   1.000000e+00   4.428236e-03   8.803064e-03   3.769874e-02   2.197900e-02   4.452704e-03   2.289229e-04   1.838956e-05   3.794423e-02   6.994338e-03
   9.999999e-01   8.983572e-01   7.170731e-05   2.635533e-06   1.000000e+00   4.372165e-01   1.539383e-02   4.547467e-06   1.686595e-07   2.573573e-07   0.000000e+00   3.846216e-03   0.000000e+00   8.793085e-04   3.784888e-03   7.920397e-03
   7.620311e-01   9.352302e-01   1.000000e+00   6.081176e-01   0.000000e+00   0.000000e+00   1.580058e-03   0.000000e+00   1.962434e-03   1.244075e-05   4.025328e-04   2.050182e-03   0.000000e+00   0.000000e+00   0.000000e+00   7.451225e-04
   9.996644e-01   9.304948e-01   2.717537e-02   4.987826e-02   0.000000e+00   0.000000e+00   4.983846e-03   2.493766e-06   1.144362e-04   2.013560e-06   3.775964e-04   5.228192e-03   0.000000e+00   1.047129e-03   1.200659e-05   3.812803e-03
   2.994841e-02   7.239441e-01   9.745889e-01   7.124782e-01   0.000000e+00   0.000000e+00   1.000000e+00   2.783542e-01   3.458548e-01   3.146150e-02   4.482166e-02   0.000000e+00   1.657557e-04   1.000000e+00   2.906603e-02   7.042863e-03
   9.999998e-01   9.000153e-01   0.000000e+00   0.000000e+00   1.280889e-07   6.814002e-08   4.738403e-08   6.488930e-06   1.765118e-07   3.826157e-07   0.000000e+00   3.006811e-03   0.000000e+00   0.000000e+00   6.214157e-05   4.088375e-06
   9.999554e-01   9.515765e-01   1.533522e-01   7.867347e-02   4.086683e-02   4.771899e-02   6.410569e-03   4.244268e-05   4.184173e-03   1.467569e-04   3.674284e-04   4.373713e-03   1.735737e-04   1.092437e-03   4.408009e-05   4.392462e-05
   9.999862e-01   9.001727e-01   2.885095e-03   3.402472e-03   0.000000e+00   0.000000e+00   0.000000e+00   8.299995e-06   0.000000e+00   6.605374e-06   0.000000e+00   3.244369e-03   0.000000e+00   4.087169e-04   6.226275e-05   2.836544e-05
   9.936360e-01   8.776976e-01   1.857594e-02   1.720784e-01   9.992241e-01   5.366230e-01   9.888884e-03   1.208503e-03   1.217519e-01   1.127620e-02   1.021816e-01   2.616689e-04   1.157707e-02   9.788226e-02   1.959014e-01   4.118621e-02
   1.000000e+00   9.035861e-01   4.406817e-02   5.563484e-02   4.677335e-04   6.321669e-04   0.000000e+00   4.599491e-05   1.179464e-03   0.000000e+00   2.656969e-04   6.393690e-03   1.257868e-03   3.559781e-05   5.516371e-05   2.512231e-03
   9.999695e-01   9.696135e-01   1.482802e-01   9.018150e-02   6.214378e-01   1.335478e-01   5.657648e-03   1.163204e-06   0.000000e+00   2.892061e-04   1.256860e-04   4.712908e-03   1.737939e-04   7.709271e-04   0.000000e+00   4.515248e-03
   1.000000e+00   9.037864e-01   9.814044e-03   1.381962e-02   4.299165e-05   2.921704e-04   2.302007e-04   2.441911e-05   0.000000e+00   0.000000e+00   4.364230e-04   4.808638e-04   1.833669e-03   6.255014e-04   8.503004e-05   4.513454e-03
   9.997527e-01   9.035566e-01   1.132734e-02   1.147732e-02   3.040727e-05   0.000000e+00   8.905958e-05   1.534398e-05   7.480695e-04   9.820813e-04   1.091586e-05   8.748022e-04   4.958846e-04   5.769589e-04   2.026055e-05   4.267674e-03
   9.999999e-01   9.000205e-01   2.988810e-05   1.176768e-04   0.000000e+00   0.000000e+00   5.676407e-08   3.336135e-06   1.278690e-04   5.174471e-06   4.265268e-04   3.008242e-03   0.000000e+00   0.000000e+00   6.130718e-05   2.691642e-06
   4.147905e-01   6.877721e-01   8.097470e-02   9.168889e-02   9.521137e-02   0.000000e+00   8.162702e-01   8.727704e-01   9.661079e-01   8.398146e-01   1.612311e-02   2.833399e-01   1.000000e+00   8.556380e-01   9.891613e-01   7.769269e-01
   9.997917e-01   9.002996e-01   5.544196e-01   1.547820e-01   0.000000e+00   0.000000e+00   8.136978e-04   1.540189e-03   2.332270e-04   0.000000e+00   3.384726e-04   4.941048e-03   4.383400e-03   7.211984e-04   0.000000e+00   1.447947e-04
   8.357737e-01   9.185716e-01   8.814726e-01   7.584809e-01   8.195963e-03   1.080189e-02   7.169010e-01   4.094059e-01   7.577386e-01   9.879716e-01   8.483775e-02   6.139427e-01   3.399479e-01   8.493677e-01   4.748039e-01   3.467698e-01
   1.000000e+00   0.000000e+00   0.000000e+00   0.000000e+00   4.866638e-04   7.605600e-08   0.000000e+00   1.030645e-05   9.492552e-02   1.432835e-06   0.000000e+00   4.660464e-02   0.000000e+00   1.198288e-03   2.121856e-05   1.188867e-06
   9.932889e-01   8.798776e-01   1.860544e-03   8.849095e-03   1.000000e+00   8.257516e-01   2.554837e-02   3.291348e-04   6.943844e-02   2.449314e-02   9.966290e-02   1.445019e-03   2.270950e-02   4.273168e-02   1.990557e-01   4.359629e-02
   8.819047e-01   7.474155e-02   0.000000e+00   1.903572e-03   0.000000e+00   2.021729e-01   0.000000e+00   4.672764e-01   1.000000e+00   8.015010e-01   1.556111e-01   2.497557e-01   0.000000e+00   9.924208e-01   2.327754e-01   6.225104e-01
   1.244874e-03   8.786570e-01   9.748563e-01   7.090643e-01   0.000000e+00   0.000000e+00   1.543828e-03   0.000000e+00   1.188403e-02   0.000000e+00   4.671727e-02   4.679605e-03   1.518850e-04   2.942059e-05   2.937609e-02   7.153939e-03
   0.000000e+00   9.793856e-01   9.692476e-01   5.903466e-01   2.882602e-03   0.000000e+00   1.000000e+00   1.000000e+00   7.403046e-02   1.000000e+00   4.031598e-02   0.000000e+00   0.000000e+00   2.656087e-05   3.785232e-02   5.067219e-02
   5.139426e-02   9.020574e-01   9.779296e-01   1.055933e-01   1.000000e+00   9.784735e-01   3.199703e-03   0.000000e+00   1.734841e-03   6.799984e-03   7.445061e-03   7.891891e-03   3.255972e-04   4.605940e-04   0.000000e+00   0.000000e+00
   2.166826e-04   8.427867e-01   9.746849e-01   7.079451e-01   0.000000e+00   0.000000e+00   1.392197e-03   0.000000e+00   1.184803e-02   0.000000e+00   4.068193e-02   4.689440e-03   1.539625e-04   2.880570e-05   2.894306e-02   7.160220e-03
   1.000000e+00   9.100280e-01   5.115205e-01   2.030846e-01   0.000000e+00   1.608904e-05   1.463422e-03   0.000000e+00   0.000000e+00   1.673648e-03   4.060252e-04   3.675377e-03   4.499598e-03   0.000000e+00   2.009820e-05   2.057257e-03
   1.000000e+00   9.019594e-01   2.654963e-03   5.903408e-03   2.267066e-03   5.535981e-08   4.420164e-01   0.000000e+00   1.000000e+00   8.379653e-01   1.727205e-02   2.461433e-01   2.716749e-01   6.360828e-01   1.000000e+00   2.608102e-01
   9.999382e-01   9.008417e-01   3.009917e-06   1.247732e-08   3.089132e-05   2.427121e-03   0.000000e+00   0.000000e+00   0.000000e+00   2.417425e-02   7.922679e-05   5.002280e-03   8.025188e-05   7.717391e-04   1.908853e-01   2.318861e-02
   1.000000e+00   1.000000e+00   1.000000e+00   6.375650e-01   0.000000e+00   0.000000e+00   2.057881e-01   2.651423e-02   1.049986e-02   8.614817e-01   3.638297e-01   0.000000e+00   4.095777e-01   1.000000e+00   4.310421e-01   0.000000e+00
   3.558864e-01   4.818152e-01   9.051374e-01   8.839109e-01   4.758397e-01   7.011370e-01   5.608513e-01   1.236831e-01   2.894384e-01   6.703985e-01   3.394407e-01   9.155848e-01   4.433280e-01   0.000000e+00   5.036514e-01   4.106773e-01
   2.593601e-01   8.262820e-01   9.993343e-01   6.260360e-01   5.509509e-03   1.392141e-02   1.533489e-03   0.000000e+00   7.724064e-03   7.901218e-04   5.799344e-03   1.052488e-02   0.000000e+00   4.612760e-04   1.083215e-02   7.408955e-03
   2.356879e-01   9.000210e-01   9.722179e-01   9.627498e-01   0.000000e+00   0.000000e+00   6.424491e-03   0.000000e+00   2.528633e-02   1.189164e-02   3.243168e-02   4.410346e-03   1.613669e-01   1.442901e-02   2.093658e-01   1.637770e-02
   9.999993e-01   9.005049e-01   2.244361e-04   5.299648e-04   2.670364e-07   5.316798e-08   3.472023e-07   2.443082e-06   1.335446e-08   0.000000e+00   3.676143e-04   3.019404e-03   3.955798e-09   0.000000e+00   6.257693e-05   4.034995e-06
   8.963943e-01   8.402927e-01   1.846542e-03   5.856391e-03   1.917561e-01   2.477952e-03   3.708593e-01   1.000000e+00   8.856460e-01   7.542232e-01   6.163257e-01   2.317346e-01   4.413886e-01   1.000000e+00   3.337927e-01   1.661895e-01
   1.190860e-02   5.463016e-01   9.884784e-01   4.556491e-01   0.000000e+00   0.000000e+00   9.826044e-01   8.442152e-01   7.428359e-01   1.000000e+00   1.146998e-03   5.780599e-01   4.355127e-01   9.274124e-01   3.059491e-01   6.814704e-01
   9.999998e-01   8.997882e-01   4.330864e-05   8.442657e-05   1.432074e-07   2.785782e-08   3.410548e-06   8.215792e-06   1.813488e-07   0.000000e+00   0.000000e+00   2.996491e-03   1.037214e-08   0.000000e+00   7.083369e-05   4.157532e-06
   1.000000e+00   3.898373e-01   4.721766e-01   1.196011e-04   2.026510e-03   3.469978e-03   8.853596e-01   8.763085e-01   9.999712e-01   1.000000e+00   3.955717e-02   7.469907e-01   9.959638e-01   1.000000e+00   1.000000e+00   6.513288e-01
   7.262188e-04   8.635082e-01   9.756655e-01   6.158143e-01   0.000000e+00   1.863034e-06   1.315750e-03   0.000000e+00   1.259536e-02   0.000000e+00   1.438815e-02   2.243448e-03   0.000000e+00   1.781291e-05   3.504810e-03   1.560688e-02
   1.000000e+00   8.698425e-01   2.073299e-03   8.959584e-03   9.263547e-03   0.000000e+00   3.811076e-01   2.927172e-01   1.000000e+00   6.857139e-01   1.814753e-01   4.637627e-01   9.934223e-01   9.948006e-01   8.774443e-01   4.824185e-01
   1.000000e+00   2.767069e-01   1.000000e+00   9.734879e-01   1.833911e-03   2.143891e-02   0.000000e+00   4.089326e-02   1.713344e-02   6.806021e-01   5.108422e-02   7.378313e-01   2.389789e-01   3.635882e-01   3.657119e-01   4.905393e-03
   5.996049e-01   8.850699e-01   9.814912e-01   5.713951e-01   4.901492e-01   1.257843e-01   2.099853e-01   7.082411e-02   5.055822e-02   6.817597e-02   1.768417e-01   2.966495e-01   6.827849e-04   1.303569e-01   7.530082e-02   7.398135e-02
   6.499925e-01   9.352124e-01   1.000000e+00   6.081177e-01   0.000000e+00   0.000000e+00   1.580218e-03   0.000000e+00   1.006275e-03   1.028672e-05   4.073375e-04   2.051015e-03   0.000000e+00   0.000000e+00   0.000000e+00   7.296908e-04
   1.375307e-01   6.859839e-01   9.124516e-01   8.998477e-01   5.966804e-01   3.889924e-01   1.028372e-02   9.410800e-01   9.463886e-01   8.905586e-01   4.471631e-01   3.515842e-01   8.767869e-01   5.640320e-01   3.583272e-01   6.656291e-01
   7.574176e-04   1.424018e-01   9.552407e-01   5.176980e-01   5.321030e-02   1.752064e-04   9.102516e-01   8.801665e-01   9.999589e-01   8.497968e-01   3.882120e-01   9.255419e-01   9.935644e-01   9.981187e-01   8.039589e-01   6.925834e-01
   9.999995e-01   9.004525e-01   6.808590e-06   1.022899e-04   2.351596e-01   1.260647e-01   1.409722e-05   6.094538e-06   0.000000e+00   0.000000e+00   2.868628e-04   3.219471e-03   0.000000e+00   1.207664e-03   7.863890e-05   3.916382e-03
   5.774654e-06   1.000000e+00   9.136626e-01   9.089535e-01   2.196210e-02   4.816435e-06   9.217325e-01   1.000000e+00   4.521715e-01   1.000000e+00   1.086341e-01   2.009762e-01   9.145454e-03   2.539773e-01   5.281051e-01   6.857697e-01
   3.755988e-03   8.607981e-01   9.811208e-01   6.063700e-01   0.000000e+00   0.000000e+00   1.380037e-03   0.000000e+00   1.263798e-02   0.000000e+00   1.320548e-02   2.105558e-03   0.000000e+00   3.485496e-05   1.662662e-03   1.808491e-02
   9.585540e-01   1.728351e-01   9.757702e-01   9.649946e-01   3.818943e-02   1.549812e-02   8.725519e-01   3.904685e-02   0.000000e+00   7.599469e-01   3.550879e-01   6.255332e-01   2.415046e-01   1.000000e+00   5.217933e-01   1.365002e-01
   9.999908e-01   9.034917e-01   4.366834e-03   1.505117e-02   9.979712e-02   7.109950e-02   4.748803e-03   1.321204e-05   0.000000e+00   4.338784e-04   3.994910e-04   2.967555e-03   2.523041e-04   0.000000e+00   4.970525e-05   1.626468e-02
   4.314445e-01   8.941014e-01   9.751073e-01   9.535800e-01   1.000000e+00   1.094685e-01   1.831366e-01   5.014749e-02   3.006212e-02   7.109736e-02   1.732844e-01   3.048111e-02   2.366078e-04   5.528507e-02   5.089589e-02   7.142087e-02
   4.671149e-01   6.718017e-01   3.841942e-01   2.543329e-01   9.963697e-02   2.451482e-03   7.414790e-01   9.636516e-01   9.399215e-01   8.277618e-01   5.207710e-01   3.173605e-01   9.970246e-01   9.358178e-01   0.000000e+00   7.585625e-01
   9.047978e-04   0.000000e+00   1.000000e+00   5.524333e-01   4.742094e-03   3.968119e-03   0.000000e+00   0.000000e+00   0.000000e+00   4.416253e-02   5.641215e-01   1.043932e-01   2.264971e-01   1.049837e-01   1.219004e-01   0.000000e+00
