   1.792852e-01   8.283396e-01   4.290329e+00   5.822745e+00
   1.792852e-01   8.283396e-01   4.290329e+00   5.822745e+00
   1.767737e-01   5.826487e-01   2.767368e+00   7.327441e+00
   1.792852e-01   8.283396e-01   4.290329e+00   5.822745e+00
   1.751092e-01   3.167531e-01   1.074447e+00   8.075688e+00
   1.723912e-01   5.662993e-01   2.653598e+00   7.403676e+00
   1.773247e-01   5.979077e-01   2.849243e+00   7.272673e+00
   1.719116e-01   3.839534e-01   1.522321e+00   7.948612e+00
   1.771621e-01   6.143281e-01   2.955648e+00   7.192748e+00
   1.734969e-01   4.277833e-01   1.797911e+00   7.847703e+00
   1.792852e-01   8.283396e-01   4.290329e+00   5.822745e+00
   1.692805e-01   2.736014e-01   8.432739e-01   8.112466e+00
   1.704190e-01   3.289408e-01   1.178601e+00   8.045268e+00
   1.827667e-01   8.166510e-01   4.231215e+00   5.904144e+00
   1.761571e-01   6.247038e-01   3.000680e+00   7.165980e+00
   1.830880e-01   8.459032e-01   4.169230e+00   5.968710e+00
   1.819781e-01   7.823484e-01   3.996718e+00   6.200905e+00
   1.677037e-01   2.395904e-01   6.232181e-01   8.141591e+00
   1.698288e-01   2.769782e-01   8.637722e-01   8.110026e+00
   1.710911e-01   3.463670e-01   1.295350e+00   8.015079e+00
   1.785609e-01   6.413144e-01   3.120604e+00   7.064538e+00
   1.831985e-01   7.357434e-01   3.687516e+00   6.543746e+00
   1.778772e-01   6.094348e-01   2.917944e+00   7.222416e+00
   1.708191e-01   2.929316e-01   9.532106e-01   8.094996e+00
   1.768162e-01   3.975246e-01   1.578368e+00   7.934949e+00
   1.690207e-01   2.436712e-01   6.443647e-01   8.140212e+00
   1.781969e-01   8.212631e-01   4.246422e+00   5.882485e+00
   1.736225e-01   5.290842e-01   2.425011e+00   7.542354e+00
   1.782788e-01   7.181165e-01   3.599940e+00   6.634899e+00
   1.808560e-01   7.645688e-01   3.894614e+00   6.318813e+00
   1.671813e-01   2.187800e-01   4.939664e-01   8.153476e+00
   1.658870e-01   1.658870e-01   1.658870e-01   8.165887e+00
   1.760511e-01   5.019805e-01   2.242775e+00   7.643641e+00
   1.960905e-01   7.421212e-01   3.754574e+00   6.478136e+00
   1.700602e-01   3.251328e-01   1.155390e+00   8.050432e+00
   1.817869e-01   6.581759e-01   3.204155e+00   6.998040e+00
   1.792852e-01   8.283396e-01   4.290329e+00   5.822745e+00
   1.779280e-01   7.988977e-01   4.108600e+00   6.061956e+00
   1.728424e-01   4.155605e-01   1.722131e+00   7.876755e+00
   1.776613e-01   6.919727e-01   3.440805e+00   6.786277e+00
   1.769556e-01   7.075494e-01   3.537691e+00   6.694001e+00
   1.802497e-01   6.332298e-01   3.061508e+00   7.114085e+00
   1.730984e-01   4.723558e-01   2.072324e+00   7.727200e+00
   1.769327e-01   6.975485e-01   3.475481e+00   6.753607e+00
   1.810212e-01   7.611413e-01   3.870967e+00   6.346254e+00
