   1.173338e-01   8.209237e-01   9.704082e-01   6.016884e-01   3.452600e-01   9.940286e-01   6.405608e-01   1.528306e-01   1.050838e-01   8.142523e-01   8.315976e-01   9.558609e-01   9.399404e-01   7.877126e-01   8.582393e-01   6.747260e-01   8.243198e-01   7.060309e-01   7.390022e-01
   0.000000e+00   3.979655e-01   4.395055e-01   3.814504e-01   4.230485e-02   4.098561e-01   1.952906e-01   9.784068e-01   5.451902e-02   9.658044e-01   8.907133e-01   8.161738e-01   8.471614e-01   5.505577e-01   3.885325e-01   7.816039e-01   9.084770e-01   8.258386e-01   9.163948e-01
   1.000000e+00   0.000000e+00   9.729615e-01   2.389901e-01   1.000000e+00   4.921661e-02   2.624940e-01   4.599106e-01   8.824819e-01   7.156126e-01   8.882304e-01   9.734419e-01   9.017929e-01   9.573092e-01   8.358326e-01   9.515174e-01   7.848438e-01   8.039708e-01   9.918885e-01
   6.143239e-01   2.115962e-01   9.385634e-01   6.016884e-01   3.434048e-01   1.000000e+00   6.405608e-01   1.084807e-01   1.057243e-01   4.953006e-01   8.342609e-01   9.552914e-01   9.399404e-01   7.877126e-01   8.582393e-01   6.747260e-01   7.253131e-01   7.050021e-01   7.390022e-01
   9.358701e-01   5.512417e-01   3.406626e-01   6.010150e-01   8.995919e-01   2.014253e-01   1.294902e-01   4.383372e-01   1.296258e-01   8.142523e-01   7.219034e-01   9.217702e-01   9.415568e-01   8.084065e-01   8.587218e-01   6.737793e-01   8.243198e-01   7.416770e-01   7.360508e-01
   2.735027e-01   8.200190e-01   5.398101e-01   8.139241e-02   3.452600e-01   9.671283e-01   6.405608e-01   1.528306e-01   9.297810e-01   7.217675e-01   8.288485e-01   9.558609e-01   9.399404e-01   7.811786e-01   8.834839e-01   8.919440e-01   8.243953e-01   6.784519e-01   2.509284e-01
   9.543712e-01   4.331774e-02   4.066206e-02   6.948575e-02   8.873006e-01   5.423893e-01   6.505230e-02   4.268853e-02   1.782168e-01   7.355407e-01   6.791292e-01   7.021993e-01   7.620671e-01   4.790443e-01   6.014691e-01   8.559626e-01   1.000000e+00   1.998739e-01   2.318782e-02
   6.996028e-01   8.974273e-01   6.649276e-01   6.639279e-01   9.469679e-01   4.068909e-01   1.983100e-01   7.258474e-01   8.159791e-01   7.249152e-01   7.976411e-01   6.425589e-01   7.190632e-01   7.226331e-01   6.995284e-01   9.728015e-01   9.495567e-01   9.223592e-01   9.806035e-01
   9.901864e-01   1.549710e-05   3.522930e-02   1.000000e+00   1.034819e-01   7.744401e-01   5.364131e-02   1.571932e-01   9.047860e-01   2.014815e-01   3.850036e-02   4.649559e-01   1.681540e-01   7.964555e-01   9.908635e-01   5.247104e-01   8.220243e-01   8.641313e-01   2.973002e-01
   6.452927e-01   8.823782e-01   9.632600e-01   3.727063e-01   8.918473e-01   2.225179e-01   2.618115e-01   6.495117e-01   6.689128e-01   7.156126e-01   8.882304e-01   9.835597e-01   7.448981e-01   9.879073e-01   8.358326e-01   9.494105e-01   2.557635e-01   8.039708e-01   9.918885e-01
   5.162551e-01   8.974273e-01   9.317232e-01   5.523394e-01   9.469146e-01   3.107224e-01   2.828415e-01   9.628981e-01   8.173206e-01   7.110147e-01   7.782928e-01   6.491959e-01   7.731034e-01   7.226331e-01   1.000000e+00   9.735300e-01   9.529781e-01   9.223592e-01   1.000000e+00
   1.000000e+00   0.000000e+00   9.729615e-01   5.374651e-01   9.661645e-01   3.389241e-02   2.624940e-01   3.011910e-01   2.383020e-01   7.381262e-01   8.878130e-01   7.764437e-01   8.886545e-01   9.573092e-01   8.385211e-01   9.135357e-01   5.588454e-01   7.140128e-01   9.918885e-01
   1.000000e+00   1.903531e-01   6.163887e-02   9.073323e-01   9.058043e-01   3.624720e-02   2.624940e-01   4.598228e-01   2.383020e-01   7.367942e-01   8.849527e-01   3.701404e-01   1.520661e-01   5.905205e-01   2.183741e-01   8.150434e-01   5.558212e-01   5.703870e-01   9.885211e-01
   3.338426e-01   5.935542e-01   6.649276e-01   7.548092e-01   9.632872e-01   4.068909e-01   6.550672e-01   7.258474e-01   9.130883e-01   7.249152e-01   7.775314e-01   6.423137e-01   7.190632e-01   7.226331e-01   6.995284e-01   9.728015e-01   9.495567e-01   9.311833e-01   9.806035e-01
   8.192709e-01   7.610401e-02   3.045170e-01   6.449308e-01   7.016938e-01   3.665487e-01   9.404373e-01   2.251094e-02   4.401923e-01   7.456027e-01   7.159626e-01   5.515098e-01   5.217710e-01   3.246327e-01   5.138777e-01   7.658973e-01   9.380949e-01   8.109161e-01   6.915648e-01
   9.672136e-01   4.131688e-01   5.789580e-03   2.359807e-01   3.908756e-01   8.031257e-01   5.362345e-02   9.733577e-01   8.714120e-01   2.044402e-01   4.099918e-01   2.426994e-01   1.692793e-01   5.484741e-02   6.853473e-01   7.959646e-01   8.232604e-01   7.987784e-01   2.579663e-01
   8.970675e-01   5.838735e-02   2.846503e-01   5.857999e-01   7.931759e-01   3.254382e-01   3.327100e-01   1.034308e-01   2.188095e-01   4.171558e-01   6.594134e-01   3.552305e-01   5.178144e-01   1.440081e-01   7.082154e-01   5.876673e-01   9.142553e-01   1.157648e-01   7.569643e-02
   9.996956e-01   9.194285e-01   9.433117e-01   9.174918e-03   9.556041e-01   8.640318e-01   6.945771e-01   8.810781e-01   5.867054e-01   1.727281e-01   5.919776e-01   3.388241e-01   4.386920e-01   1.435908e-01   2.456490e-01   1.258740e-01   5.471808e-02   5.682684e-01   9.648323e-01
   8.477986e-01   9.126016e-01   8.264808e-01   9.589438e-01   1.443470e-01   4.479992e-01   9.611769e-01   4.349169e-02   4.412091e-01   7.900336e-01   8.571054e-01   6.732881e-01   7.956335e-01   9.674488e-01   7.956816e-01   5.795038e-01   6.221403e-01   8.654606e-01   8.174272e-01
   8.116503e-01   4.613321e-01   8.846939e-01   6.729235e-02   7.795738e-02   9.949450e-01   7.453317e-01   7.836674e-02   4.444702e-01   6.345685e-01   7.123281e-01   7.300778e-01   8.991643e-01   9.277587e-01   8.050432e-01   8.745601e-01   9.727617e-01   4.657249e-01   3.704416e-01
   8.079977e-01   1.608192e-01   8.975598e-01   6.729235e-02   3.176176e-01   9.998880e-01   7.587033e-01   8.880013e-01   8.153738e-01   1.552930e-01   2.752630e-01   4.687668e-01   4.535192e-02   5.761959e-01   2.769537e-01   5.872365e-01   9.670595e-01   4.639551e-01   3.986437e-02
   7.234624e-01   8.961614e-01   6.597341e-01   2.950661e-01   9.495417e-01   4.167602e-01   1.983100e-01   5.655852e-01   8.159791e-01   3.789737e-01   7.981847e-01   6.425589e-01   7.415095e-01   7.226331e-01   7.060870e-01   9.728015e-01   9.495567e-01   4.614821e-01   9.791701e-01
   5.695252e-01   9.303638e-01   7.759604e-01   5.229073e-01   1.366666e-01   3.117112e-01   6.537096e-01   6.625648e-01   5.487140e-01   8.279186e-01   9.232912e-01   7.551692e-01   7.999687e-01   7.713989e-01   8.290831e-01   7.993158e-01   9.064141e-01   6.836299e-01   8.704591e-01
   7.768670e-01   4.602156e-01   2.224656e-02   6.729235e-02   4.425228e-01   5.842300e-01   7.585626e-01   7.091888e-01   5.435631e-01   5.548480e-01   5.678975e-01   7.289179e-01   8.991643e-01   2.777398e-02   9.244646e-02   8.627853e-01   4.364276e-01   4.531216e-01   8.770317e-01
   3.685296e-01   7.285243e-02   8.274554e-01   8.522373e-01   1.961490e-01   4.512626e-01   5.371364e-01   1.195992e-01   4.487473e-01   7.445875e-01   6.693575e-01   9.199840e-01   6.961769e-01   8.565067e-01   8.468777e-01   1.123635e-01   5.618434e-01   7.130641e-01   6.016153e-01
   5.342283e-01   9.611127e-01   6.242367e-01   9.403875e-01   9.749949e-01   4.160598e-01   2.311085e-01   1.504022e-01   3.885211e-01   5.535274e-01   6.101259e-01   9.642292e-01   7.995535e-01   9.597678e-01   8.373360e-01   5.950533e-01   6.436389e-01   7.802823e-02   2.774327e-01
   6.286443e-01   1.139704e-01   8.170335e-01   2.609372e-01   2.307625e-01   6.736674e-01   2.768194e-01   6.616013e-01   4.212577e-01   7.389551e-01   8.075050e-01   7.474859e-01   7.497661e-01   8.131204e-01   9.001590e-01   8.481490e-01   1.413950e-01   1.998021e-01   6.028194e-01
   2.380461e-01   8.113672e-01   5.398101e-01   4.977349e-02   9.142744e-01   9.666120e-01   7.557593e-01   3.821440e-02   6.388087e-02   6.267772e-01   8.286985e-01   5.630396e-01   9.410559e-01   7.811786e-01   8.834839e-01   8.919440e-01   8.189871e-01   4.662847e-01   2.502582e-01
   9.328822e-01   6.785381e-02   6.590402e-01   9.486600e-01   6.939062e-01   6.515018e-01   2.647851e-01   8.263866e-02   5.098254e-01   8.822318e-01   8.777159e-01   3.424341e-01   7.406433e-01   5.717039e-01   8.390660e-01   5.951658e-01   9.373309e-01   3.139453e-01   2.362190e-02
   4.148822e-01   0.000000e+00   9.863023e-01   5.374651e-01   9.638940e-01   3.036436e-02   2.624940e-01   9.370732e-01   2.406983e-01   7.381262e-01   6.832733e-01   5.897757e-01   6.013512e-01   9.379510e-01   8.385211e-01   9.135357e-01   8.840275e-01   7.140128e-01   1.000000e+00
   7.116442e-01   6.650788e-02   2.854572e-01   5.013800e-01   6.999263e-01   5.642810e-01   1.981040e-01   8.598900e-02   8.055765e-01   5.626684e-01   4.027678e-01   6.452199e-01   6.693052e-01   5.903885e-01   5.341384e-01   5.723450e-01   8.921628e-01   7.501181e-01   9.995824e-01
   8.626450e-01   5.499609e-01   4.204031e-01   3.498740e-01   3.779830e-01   1.801925e-01   1.465415e-01   2.811355e-01   8.910821e-02   8.318794e-01   1.146181e-01   8.141549e-01   4.419748e-01   3.137314e-01   3.635691e-02   4.208671e-01   2.463414e-01   4.885847e-01   8.789645e-01
   9.229091e-01   7.617555e-01   8.199415e-01   2.731851e-03   4.162365e-02   5.599803e-01   3.331290e-01   9.952700e-02   9.584367e-01   4.146840e-01   3.565024e-01   4.405461e-01   1.233676e-01   4.530515e-01   1.052766e-01   8.103020e-01   9.855942e-01   9.062871e-01   7.499040e-01
   4.960551e-01   7.769903e-01   9.728528e-01   8.473493e-01   2.639204e-01   2.600864e-01   8.609449e-01   2.937621e-01   2.303137e-01   7.446633e-01   8.731729e-01   9.205822e-01   8.876439e-01   8.525973e-01   8.384715e-01   1.075259e-01   5.488811e-01   7.161177e-01   6.012210e-01
   4.113671e-01   5.286180e-01   5.283747e-01   8.527837e-01   4.346267e-01   8.025202e-01   5.759529e-01   1.425756e-01   8.171806e-01   4.867348e-01   6.822098e-01   9.668106e-01   7.921286e-01   0.000000e+00   6.033885e-01   5.961227e-01   7.719436e-01   7.338622e-01   2.774428e-01
   8.603928e-01   9.085229e-01   3.314888e-01   3.723923e-01   9.072855e-01   2.193046e-01   8.759355e-01   3.586492e-01   1.143656e-01   8.339062e-01   7.074444e-01   8.185235e-01   9.415910e-01   3.238684e-02   1.073164e-01   5.703705e-01   9.703169e-01   4.684299e-01   5.557754e-01
   8.585781e-01   3.476396e-02   8.263702e-01   2.227859e-01   1.406397e-01   3.071738e-01   9.913077e-01   4.349169e-02   4.397878e-01   8.290045e-01   8.098282e-02   7.007923e-01   3.170821e-01   2.175532e-02   3.544448e-01   3.817939e-01   9.504743e-02   6.811772e-01   5.717671e-02
   5.737335e-01   3.160636e-02   1.975600e-01   5.539911e-01   3.188096e-01   5.732405e-01   1.981594e-01   4.568542e-01   6.958430e-01   1.505023e-01   6.343252e-01   4.719996e-01   7.718102e-01   5.957258e-01   1.000000e+00   8.090396e-01   8.918496e-01   4.490837e-01   4.843347e-01
   9.753482e-01   9.155213e-01   3.653085e-03   7.200159e-01   3.337456e-01   7.433689e-02   9.953872e-01   3.950308e-01   2.705782e-01   2.046251e-01   3.319118e-01   4.897079e-01   8.518974e-01   7.186424e-02   6.860269e-01   1.875884e-01   6.593213e-01   2.747011e-01   8.442017e-01
   9.592282e-01   5.815350e-01   3.406626e-01   9.415758e-01   1.978200e-01   1.256526e-01   3.263062e-01   9.930131e-02   1.067471e-01   8.131590e-01   7.219047e-01   9.327858e-01   9.415568e-01   3.956576e-01   8.587218e-01   6.737793e-01   8.186424e-01   4.637313e-01   4.905509e-01
   7.104117e-01   2.456643e-01   8.088533e-01   8.411818e-01   2.610927e-02   6.599895e-01   2.645563e-01   5.604521e-01   8.747580e-01   8.821605e-01   1.577886e-01   1.062559e-01   6.441832e-01   5.678278e-01   4.763465e-02   9.560432e-01   5.788715e-01   3.152079e-01   5.644464e-02
   8.451375e-01   4.364040e-01   6.563163e-01   9.521822e-01   1.430737e-01   4.839853e-01   6.569706e-01   6.533039e-01   5.487176e-01   5.271527e-02   8.950882e-01   1.436552e-01   1.941581e-01   7.713815e-01   9.795754e-01   7.975673e-01   6.004928e-01   7.406195e-01   6.003465e-01
   2.809699e-01   8.325004e-01   9.713041e-01   2.952066e-01   4.572884e-01   2.620281e-01   3.955965e-01   1.507916e-01   2.329857e-01   7.385547e-01   6.213121e-01   9.562757e-01   6.961769e-01   4.054704e-01   9.719421e-01   1.080951e-01   2.417828e-01   4.020684e-01   6.204974e-01
   7.433760e-01   1.535683e-01   1.832438e-01   7.799566e-01   2.244446e-01   1.672944e-01   3.740514e-01   5.957578e-01   1.325095e-01   4.564709e-01   8.654465e-01   8.556435e-02   6.880581e-01   9.419021e-01   6.108061e-01   6.712005e-01   9.745958e-01   3.639597e-01   1.608654e-01
   5.058805e-01   9.445457e-01   8.405998e-01   9.711030e-01   9.654368e-01   6.362085e-01   3.170788e-01   1.997252e-01   8.601055e-01   6.859344e-01   7.662037e-01   6.738016e-01   7.995535e-01   9.597678e-01   1.111582e-01   2.240144e-01   6.451828e-01   4.729802e-02   2.709064e-01
   9.880773e-01   4.820528e-03   5.743311e-02   3.445301e-03   8.951664e-01   5.521975e-01   1.585012e-02   9.465621e-01   1.817926e-01   4.243160e-01   1.404548e-01   0.000000e+00   7.297440e-01   3.218309e-01   3.882902e-01   3.993465e-01   8.875842e-01   1.103195e-01   4.812308e-01
   9.378264e-01   3.725005e-01   3.636242e-02   3.981063e-01   1.702191e-02   5.463264e-01   9.399535e-01   7.300732e-01   5.498776e-01   8.447754e-01   9.370593e-01   3.579011e-01   7.304519e-01   4.636249e-01   4.872223e-01   7.918093e-01   7.499245e-01   3.032347e-01   6.902301e-03
   3.259656e-01   3.625013e-01   6.649276e-01   7.568688e-01   4.054189e-02   4.068909e-01   3.040194e-01   4.862921e-01   9.603225e-01   7.317798e-01   7.775314e-01   6.463925e-01   7.190632e-01   5.515231e-01   6.995284e-01   6.073112e-01   9.489147e-01   3.618460e-01   7.454602e-01
   9.218724e-01   9.739867e-02   8.199415e-01   2.731851e-03   4.162365e-02   5.594652e-01   9.413763e-01   9.952700e-02   9.584367e-01   4.146840e-01   3.662941e-01   6.436750e-01   1.191192e-01   4.470955e-01   9.671504e-02   8.062195e-01   9.397882e-01   9.062871e-01   7.595297e-01
   9.757737e-01   1.123282e-01   3.580563e-02   0.000000e+00   2.310212e-01   3.603141e-01   2.676203e-01   9.465621e-01   1.817926e-01   7.354786e-01   1.608580e-01   0.000000e+00   6.975498e-01   3.274701e-01   3.675257e-01   7.628704e-02   5.520102e-01   6.304323e-01   3.878043e-01
   9.766418e-01   1.679563e-01   2.891700e-01   8.777267e-01   7.931759e-01   3.254382e-01   8.948631e-01   1.107164e-01   2.093112e-01   4.153068e-01   3.896569e-01   3.552305e-01   7.157178e-01   1.440081e-01   7.082154e-01   5.265290e-01   7.309675e-01   1.157648e-01   1.577151e-01
   9.930313e-01   8.409785e-01   3.522930e-02   1.000000e+00   1.034819e-01   7.710987e-01   5.627074e-02   1.571932e-01   9.047860e-01   2.014815e-01   3.850036e-02   4.648653e-01   8.811610e-01   7.964555e-01   9.908635e-01   5.247104e-01   8.220110e-01   8.641313e-01   2.973002e-01
   7.590907e-01   1.531491e-01   9.769331e-01   7.084578e-02   2.372984e-01   5.523034e-01   3.942593e-02   8.425019e-01   1.318457e-01   4.464652e-01   6.838341e-02   8.556435e-02   7.241587e-02   2.664143e-01   6.132086e-01   5.245932e-01   9.730420e-01   3.763382e-01   9.918396e-01
   9.102461e-01   7.660627e-01   8.090408e-01   5.726788e-01   4.190065e-02   5.599803e-01   4.623047e-01   1.917227e-01   9.584367e-01   4.109615e-01   3.573295e-01   4.405461e-01   5.278614e-01   7.908387e-01   9.937970e-01   6.680552e-01   8.226347e-01   9.063085e-01   7.380358e-01
   3.634822e-01   8.951388e-01   8.874804e-01   1.186076e-01   2.120081e-01   1.000000e+00   3.100509e-01   4.610508e-02   9.975327e-02   3.765356e-01   7.910741e-01   1.031097e-02   4.660521e-02   4.325527e-01   7.428289e-02   2.934800e-01   5.472260e-01   2.510749e-01   4.830009e-01
   6.487004e-01   6.250002e-01   3.436033e-02   1.807176e-01   4.910143e-01   7.733434e-01   7.777244e-01   1.578245e-01   8.844571e-01   1.672065e-01   1.918432e-01   9.372897e-01   1.178440e-01   9.299167e-01   5.526775e-01   5.255247e-01   8.196332e-01   9.101525e-01   2.929383e-01
   4.614515e-01   8.196591e-02   1.567536e-02   5.044295e-01   5.770477e-01   5.430908e-01   2.959307e-01   9.155290e-01   5.499683e-01   6.883538e-01   4.133739e-01   8.413231e-01   6.786725e-02   3.207754e-01   3.406908e-01   3.870058e-01   3.544722e-01   2.962300e-01   4.659730e-01
   6.729043e-01   2.170530e-02   5.532089e-01   6.995456e-02   2.372189e-01   6.900282e-01   9.042163e-01   9.483939e-01   3.652432e-01   1.358198e-01   6.870668e-02   9.611541e-01   1.741806e-01   2.650862e-01   6.076108e-01   5.322846e-01   8.271701e-01   3.737852e-01   8.639874e-02
   2.658852e-01   4.476001e-01   8.101985e-01   2.585161e-01   3.499865e-01   3.356665e-01   3.777468e-01   6.510304e-01   4.340167e-01   7.347162e-01   8.241516e-01   7.726358e-01   7.368997e-01   3.292270e-01   4.181531e-01   8.870945e-01   4.870460e-01   1.998021e-01   2.988398e-01
   1.386362e-01   9.601278e-01   9.184402e-01   4.695221e-01   5.248016e-01   6.674813e-01   2.566342e-02   3.097210e-01   8.390422e-01   4.300569e-01   4.836609e-01   8.239150e-01   8.866166e-01   6.523453e-01   3.816912e-01   9.139017e-01   4.555640e-01   4.877723e-01   5.912057e-01
   9.841604e-02   8.417541e-01   5.407664e-01   6.064985e-01   5.041431e-01   5.554712e-01   4.850914e-01   5.882955e-02   4.462114e-01   7.443366e-01   8.430925e-01   9.617233e-01   3.324428e-01   4.466818e-01   8.000949e-01   5.394234e-01   5.761993e-01   5.580896e-01   2.850540e-01
   5.292765e-01   9.474146e-01   1.972930e-01   2.060875e-02   4.972320e-01   5.736381e-01   2.865507e-01   4.974779e-01   4.257463e-01   4.230031e-01   2.605488e-01   6.083030e-01   9.468411e-01   9.448638e-01   8.819213e-01   8.953782e-01   3.055550e-02   1.180479e-01   5.264913e-01
   3.344903e-01   5.266230e-01   1.375483e-01   7.547405e-01   2.662788e-01   2.504896e-01   5.793560e-02   2.715294e-01   8.804544e-01   8.456786e-01   5.806465e-01   5.892592e-01   1.165273e-01   9.407375e-01   9.484632e-01   8.156619e-01   6.215030e-01   8.864658e-02   3.027108e-03
   1.352006e-01   5.664149e-01   9.709428e-01   5.664664e-01   1.695961e-01   1.279446e-02   1.966678e-01   5.577842e-01   7.983966e-01   4.209764e-01   2.055974e-01   9.565053e-01   3.162309e-02   8.552480e-01   4.005290e-01   6.579177e-01   6.177727e-01   5.828315e-01   1.958996e-01
   5.163516e-01   7.549449e-02   9.187615e-01   8.168124e-01   3.254556e-01   6.310189e-01   6.894376e-01   6.062891e-02   3.310361e-01   1.392982e-01   1.816991e-01   4.705816e-01   7.718102e-01   4.653541e-01   1.000000e+00   8.090396e-01   9.086370e-01   4.486172e-01   4.810943e-01
   4.273977e-01   8.952998e-01   5.421270e-01   0.000000e+00   9.556041e-01   5.427470e-01   9.454965e-01   8.568254e-01   5.993448e-01   9.400753e-01   1.169448e-01   3.388241e-01   4.398613e-01   7.700771e-02   2.456490e-01   1.258740e-01   9.053482e-01   5.513521e-01   8.118867e-01
   7.271099e-01   5.335608e-01   2.503670e-01   7.547405e-01   2.662788e-01   6.766614e-01   6.662634e-01   2.885447e-01   8.664735e-01   8.749920e-01   4.294055e-01   6.760955e-01   8.494557e-01   9.374691e-01   9.396547e-01   2.325331e-01   1.078153e-01   9.916310e-02   1.652306e-02
   5.601584e-01   6.713985e-02   5.529357e-01   4.730597e-02   1.549950e-01   8.078679e-01   8.549858e-01   9.687311e-01   8.836343e-01   8.484864e-01   4.357283e-01   9.571717e-01   0.000000e+00   7.999838e-01   7.044318e-01   6.580933e-01   8.287784e-01   7.860730e-01   4.837237e-01
   1.806749e-01   5.685886e-01   6.685333e-01   4.963383e-01   1.000000e+00   8.844658e-01   2.472765e-01   9.044167e-01   2.220812e-01   7.392520e-01   8.956631e-01   7.737475e-01   8.820754e-01   9.436124e-01   3.444921e-02   9.135357e-01   8.874565e-01   9.052063e-02   9.757617e-01
   9.550482e-01   1.044104e-01   9.226008e-01   1.770678e-01   3.964259e-01   7.323149e-01   4.613245e-02   9.898203e-01   5.580045e-01   6.833593e-01   6.730581e-01   6.666840e-01   1.600222e-01   7.399045e-01   7.076251e-03   7.892959e-01   5.363111e-01   7.971627e-01   6.130076e-01
   9.435125e-01   7.114560e-02   4.294181e-02   1.747994e-01   4.941607e-02   5.590547e-01   4.673442e-01   7.094453e-01   9.598699e-01   4.014487e-01   7.086484e-01   4.266225e-01   5.231929e-01   9.353595e-01   6.487282e-02   2.172354e-01   3.242488e-01   3.253674e-02   7.394246e-01
   7.341334e-02   8.123661e-01   5.328067e-01   6.664719e-01   6.172020e-01   2.593238e-01   4.784905e-01   1.020417e-01   2.257295e-01   7.439077e-01   8.432257e-01   9.582307e-01   3.324428e-01   8.587681e-01   8.384716e-01   5.549333e-01   5.490896e-01   7.251974e-01   6.008275e-01
   6.558755e-01   4.131688e-01   0.000000e+00   6.934492e-01   5.032098e-01   8.031257e-01   5.558910e-01   2.350150e-01   5.346107e-01   8.497959e-01   4.099918e-01   2.458493e-01   7.018037e-01   8.025856e-02   6.853473e-01   2.761038e-02   8.208162e-01   8.422547e-01   2.579663e-01
   7.928492e-01   3.625013e-01   6.654963e-01   7.568688e-01   3.767897e-02   4.068909e-01   8.678377e-01   4.949287e-01   9.786582e-01   7.764547e-01   7.775314e-01   6.463925e-01   7.190632e-01   5.515231e-01   6.995284e-01   6.073112e-01   9.488450e-01   3.608916e-01   4.648119e-01
   2.453969e-01   4.131688e-01   4.930772e-01   2.359629e-01   3.908756e-01   8.031257e-01   5.362345e-02   9.733577e-01   8.714120e-01   2.044402e-01   4.099918e-01   2.426994e-01   1.711370e-01   5.484741e-02   6.853473e-01   7.959646e-01   8.232604e-01   7.987784e-01   2.579663e-01
   2.099955e-01   0.000000e+00   9.733800e-01   5.158050e-01   9.638940e-01   3.035151e-02   2.624940e-01   4.697134e-01   2.689065e-01   7.381262e-01   8.878130e-01   7.765731e-01   8.732731e-01   9.344288e-01   8.385211e-01   9.135357e-01   6.288778e-01   6.845241e-01   1.000000e+00
   9.643444e-01   7.572753e-01   6.752990e-01   5.615368e-01   6.175644e-01   5.357739e-01   2.287532e-01   9.067814e-01   6.241806e-01   3.082193e-01   2.853757e-01   7.744923e-01   7.177553e-01   6.402866e-01   3.876150e-01   8.449410e-01   9.062973e-01   2.840077e-01   2.828121e-01
   4.538729e-02   4.054194e-01   5.298671e-01   5.013800e-01   6.725228e-01   9.112428e-01   4.871399e-01   2.007359e-01   8.002447e-01   5.626684e-01   4.030460e-01   9.625270e-01   3.239668e-01   3.152980e-02   5.475811e-01   5.398934e-01   5.810001e-01   4.163657e-01   1.000000e+00
   8.261374e-01   1.747033e-01   8.954424e-01   6.730363e-01   9.035267e-01   9.797982e-01   6.492851e-01   4.164389e-02   9.355890e-02   6.245459e-01   7.130403e-01   5.608713e-01   9.189069e-01   2.777398e-02   9.244646e-02   6.022351e-01   9.988748e-01   4.641469e-01   3.744452e-01
   8.189830e-01   7.060494e-01   8.079775e-01   6.433851e-01   3.440856e-01   3.174928e-01   3.726884e-01   1.853032e-02   3.547337e-01   7.758484e-01   8.232148e-01   7.769520e-01   8.929456e-01   2.158916e-02   3.877269e-01   8.963203e-01   1.285229e-01   2.342641e-01   4.632318e-01
   1.934701e-02   9.482201e-02   4.283424e-01   8.506928e-01   4.346267e-01   3.546648e-01   5.873205e-01   7.293163e-01   8.171806e-01   4.947819e-01   9.490483e-01   5.859211e-01   6.066453e-01   4.847761e-02   5.998847e-01   5.645736e-01   6.219843e-01   2.352386e-02   8.476767e-01
   6.812415e-01   9.084581e-01   9.203070e-01   7.041264e-01   2.630686e-02   6.587164e-01   9.950853e-01   4.188218e-02   3.106471e-01   7.107749e-01   8.882507e-01   1.005315e-01   3.050302e-01   2.915094e-02   5.026829e-01   5.667795e-02   9.629905e-02   5.518913e-01   9.873627e-01
   6.486193e-01   1.142304e-01   5.058755e-01   6.922333e-01   5.125035e-01   7.814965e-01   3.200476e-01   2.515101e-01   6.252454e-01   7.365107e-01   7.641553e-01   9.598704e-01   6.989726e-01   7.653157e-01   7.076251e-03   2.333491e-02   5.375998e-01   8.426844e-01   6.123185e-01
   6.228638e-01   7.358246e-01   5.230727e-01   7.128714e-01   3.168245e-01   7.812293e-01   3.183360e-01   4.824446e-01   8.460430e-01   2.501595e-01   7.602826e-01   9.343217e-01   9.149618e-01   9.501609e-02   5.454604e-01   5.827439e-01   6.566486e-01   2.685315e-01   4.815618e-01
   3.488739e-01   9.155213e-01   5.805474e-01   1.175194e-02   4.051693e-01   6.952903e-02   1.000000e+00   4.741393e-01   2.705782e-01   9.898961e-01   3.319118e-01   8.215906e-01   8.548156e-01   8.081667e-01   6.732565e-01   1.677283e-01   6.232018e-01   1.736509e-01   8.869893e-01
   2.912556e-01   1.842327e-01   1.857623e-01   8.710191e-01   2.255942e-01   2.799660e-01   8.551690e-01   3.636730e-01   3.365357e-02   7.976801e-01   4.013797e-01   2.808519e-01   7.478972e-01   1.163415e-01   7.276310e-01   5.271490e-01   7.341970e-01   3.497719e-01   7.852815e-01
   6.128300e-01   7.369243e-01   9.781275e-01   7.227437e-01   3.168245e-01   8.930461e-01   3.183360e-01   6.944238e-01   8.367480e-01   9.522184e-01   7.602826e-01   9.628525e-01   2.986509e-01   1.020414e-01   2.177354e-01   5.827439e-01   2.856771e-01   2.321704e-02   7.874449e-01
   4.113671e-01   1.474550e-01   4.667607e-01   8.768807e-01   4.346267e-01   8.025202e-01   5.759529e-01   8.900656e-01   8.153516e-01   4.867348e-01   6.822098e-01   5.853032e-01   4.456687e-02   5.909006e-01   3.013281e-01   5.685970e-01   7.677622e-01   4.544542e-01   2.497938e-01
   5.721127e-01   4.217740e-01   9.415432e-01   2.938880e-01   6.718180e-01   6.328295e-01   1.980673e-01   4.693509e-01   6.647750e-02   5.629628e-01   7.876691e-01   7.887781e-01   6.962608e-01   5.903885e-01   9.692014e-01   2.677757e-01   9.124848e-01   7.314119e-01   9.803060e-01
   8.002199e-01   1.531491e-01   5.527189e-01   5.424993e-02   5.571273e-02   6.018982e-01   1.257644e-01   3.231470e-02   1.312403e-01   4.553554e-01   4.659095e-02   8.556435e-02   9.420117e-01   4.016202e-01   6.132086e-01   8.886004e-01   9.730420e-01   7.874567e-01   9.815358e-01
   1.138850e-01   6.730317e-02   8.200889e-01   4.803811e-02   3.251787e-01   2.572493e-01   8.559854e-01   5.597989e-01   6.974912e-01   9.576347e-01   8.946499e-02   7.984619e-01   6.065142e-01   8.715708e-01   2.645997e-01   5.834453e-01   7.563065e-01   7.836400e-01   4.783344e-01
   5.816039e-01   7.436885e-01   8.099514e-01   7.041070e-01   3.859464e-01   5.602438e-01   4.595271e-01   1.949046e-01   8.754266e-01   8.678036e-01   3.503549e-01   4.386417e-01   6.363137e-01   7.878091e-01   3.889372e-01   6.680552e-01   8.237020e-01   2.854916e-01   7.380358e-01
   5.624652e-03   7.508107e-01   8.090877e-01   5.741530e-01   8.182393e-01   6.448635e-01   3.331290e-01   9.952700e-02   5.456946e-01   4.109615e-01   3.516570e-01   4.405461e-01   3.190497e-01   7.908695e-01   5.012833e-01   7.191980e-01   9.455128e-01   9.062871e-01   8.007674e-01
   7.534347e-01   5.577924e-02   3.341013e-03   1.789036e-01   9.578366e-01   4.237156e-01   4.712203e-01   8.919981e-01   8.097312e-01   6.062455e-01   2.904437e-02   4.260845e-01   3.055928e-01   5.730584e-01   2.851896e-01   8.004482e-01   2.700294e-01   4.934947e-01   3.956211e-02
   4.557135e-01   4.817119e-02   0.000000e+00   1.760738e-01   8.004097e-01   3.400569e-01   5.919109e-02   1.424490e-01   5.471278e-01   9.387369e-01   7.109106e-01   4.650237e-01   1.041252e-01   9.385547e-01   9.842986e-01   2.874550e-01   2.841675e-01   1.672246e-02   4.499840e-01
   1.783333e-01   0.000000e+00   7.100997e-01   6.480031e-01   9.380451e-01   8.855888e-01   7.620302e-01   9.002092e-01   8.297561e-01   6.808954e-01   1.356267e-01   7.737050e-01   2.210679e-01   4.775057e-01   3.886314e-01   5.285451e-01   8.905162e-01   8.379667e-01   6.095109e-02
   5.418759e-01   9.906672e-03   9.071050e-01   6.424342e-01   6.507481e-01   6.013104e-01   1.950961e-01   1.578523e-01   3.441106e-01   4.581864e-01   1.792367e-02   5.955112e-01   9.217580e-01   3.936873e-02   8.911161e-01   5.569540e-01   4.299109e-01   8.280302e-01   2.639861e-02
   7.991996e-01   9.194285e-01   9.433117e-01   9.174918e-03   9.556041e-01   8.758313e-01   6.810688e-01   8.637264e-01   5.940303e-01   1.727281e-01   8.895730e-01   3.395126e-01   4.386920e-01   1.449941e-01   2.456490e-01   1.242950e-01   6.055501e-02   5.682684e-01   9.876202e-01
   1.946689e-01   5.821001e-01   4.363117e-01   6.480031e-01   9.065295e-01   8.857521e-01   7.552433e-01   4.148120e-01   8.297561e-01   6.808954e-01   1.356267e-01   8.171515e-01   3.300219e-01   4.775057e-01   4.623274e-01   6.335237e-01   8.905162e-01   1.199967e-01   5.233309e-02
   4.620023e-01   3.494165e-01   5.894690e-01   7.837362e-01   4.167472e-01   4.673779e-01   3.030237e-01   4.893469e-01   4.414523e-01   3.837195e-01   3.655716e-01   4.389566e-01   6.571629e-01   5.538901e-01   8.824050e-01   5.828244e-01   8.258460e-01   9.029933e-01   7.493589e-01
