   2.359075e-02   1.387685e-02   4.367224e-02   2.195294e-01   9.090146e-01   9.492018e-01   8.171035e-01   9.210379e-01   9.089270e-01   9.219044e-01   9.006400e-01   9.456321e-01   7.771880e-01   8.525252e-01
   9.962392e-01   9.522667e-01   6.987387e-01   8.927238e-01   8.283735e-01   9.471376e-01   8.307500e-01   9.682872e-01   6.875012e-01   7.409023e-01   8.917278e-01   9.507722e-01   9.804519e-01   9.210641e-01
   4.021802e-01   5.047858e-01   2.684968e-01   5.608047e-01   8.165751e-01   9.770971e-01   8.339905e-01   9.682872e-01   6.843067e-01   7.390024e-01   8.912442e-01   9.616329e-01   8.409115e-01   9.145307e-01
   4.406023e-01   8.067106e-01   2.335172e-01   9.666509e-01   8.603030e-01   9.983997e-01   8.186551e-01   9.210379e-01   8.576747e-01   9.386681e-01   8.915608e-01   9.444023e-01   7.879793e-01   8.342234e-01
   8.945092e-01   8.825398e-01   2.922110e-01   4.614040e-01   8.583102e-01   9.972422e-01   8.379187e-01   9.210379e-01   8.600372e-01   9.386681e-01   8.915608e-01   9.444023e-01   7.964505e-01   8.327523e-01
   2.650828e-01   5.861250e-02   4.633977e-01   5.913355e-01   8.462013e-01   1.000000e+00   9.605052e-01   9.722598e-01   9.657969e-01   9.164365e-01   8.735519e-01   9.467922e-01   7.259453e-01   9.024164e-01
   2.359075e-02   3.018408e-01   3.717620e-02   2.177488e-01   8.967387e-01   9.492018e-01   7.645133e-01   9.145380e-01   9.089270e-01   9.219044e-01   9.032232e-01   9.479701e-01   9.929439e-01   9.042113e-01
   9.834832e-01   9.542207e-01   6.931711e-01   6.274208e-01   9.385846e-01   9.779276e-01   7.934163e-01   9.696240e-01   7.400017e-01   7.586415e-01   8.888183e-01   9.523979e-01   8.825606e-01   9.390721e-01
   0.000000e+00   2.299201e-01   8.890994e-01   7.961813e-01   8.582157e-01   9.677986e-01   8.186551e-01   9.224157e-01   8.576155e-01   9.985067e-01   8.915608e-01   9.447167e-01   7.807183e-01   8.193708e-01
   8.945092e-01   8.230688e-01   1.331698e-01   4.368786e-01   9.129015e-01   9.993213e-01   8.345506e-01   9.111221e-01   8.724753e-01   9.385096e-01   9.094288e-01   9.444023e-01   7.964505e-01   8.326280e-01
   5.641887e-02   3.622102e-01   2.127801e-01   4.724747e-01   8.152006e-01   9.680549e-01   9.534613e-01   9.961858e-01   8.824259e-01   9.225833e-01   9.572903e-01   9.837439e-01   7.440007e-01   7.794781e-01
   9.971210e-01   8.781443e-01   3.667006e-01   6.046236e-01   8.161858e-01   9.796753e-01   7.991397e-01   9.657866e-01   7.308551e-01   8.933326e-01   8.888183e-01   9.567537e-01   8.888214e-01   9.484756e-01
   8.945092e-01   8.913242e-01   7.148726e-01   6.076829e-01   8.572109e-01   1.000000e+00   8.379187e-01   9.562014e-01   8.600372e-01   9.386681e-01   9.777558e-01   9.513601e-01   7.924979e-01   7.331279e-01
   1.265062e-01   6.617404e-01   4.097492e-03   2.254967e-01   8.170589e-01   9.917977e-01   8.726050e-01   9.513850e-01   8.308747e-01   9.120808e-01   9.934220e-01   9.724273e-01   7.247251e-01   7.455706e-01
   8.119080e-01   6.502426e-01   0.000000e+00   4.080953e-03   8.170589e-01   1.000000e+00   8.678815e-01   9.879045e-01   8.260762e-01   9.159450e-01   9.934220e-01   9.729838e-01   7.247251e-01   7.333807e-01
   4.208877e-01   1.341522e-01   3.613263e-01   2.522671e-01   8.583102e-01   9.880222e-01   7.921309e-01   9.210379e-01   8.569774e-01   9.293766e-01   9.096691e-01   9.008308e-01   7.964505e-01   8.342234e-01
   2.311443e-02   6.433776e-02   1.506454e-01   2.205934e-01   9.215598e-01   9.478352e-01   9.122918e-01   9.210379e-01   9.108995e-01   9.542748e-01   9.021063e-01   9.688371e-01   8.437349e-01   8.623054e-01
   9.994768e-01   7.983888e-01   4.164115e-01   6.313140e-01   8.141765e-01   9.796753e-01   7.991397e-01   9.657866e-01   7.308551e-01   8.933326e-01   8.784389e-01   9.567537e-01   8.814712e-01   9.484756e-01
   4.208877e-01   6.360724e-01   2.931319e-01   4.360750e-01   8.591233e-01   9.972422e-01   8.186551e-01   9.395494e-01   8.458686e-01   9.383692e-01   9.096691e-01   9.026772e-01   7.964505e-01   8.342234e-01
   2.620560e-01   8.222459e-01   2.245234e-01   4.368786e-01   8.583102e-01   9.972422e-01   8.186551e-01   9.135187e-01   8.576747e-01   9.386681e-01   8.856448e-01   9.444023e-01   7.964505e-01   8.695679e-01
   2.710484e-01   8.572993e-01   2.245234e-01   7.401161e-01   8.564898e-01   9.940626e-01   8.707682e-01   9.124186e-01   8.576747e-01   9.386681e-01   8.856448e-01   8.966555e-01   7.964505e-01   8.674156e-01
   9.490898e-01   6.586420e-01   3.833730e-01   4.736574e-01   8.170589e-01   1.000000e+00   8.678815e-01   9.879045e-01   8.229480e-01   9.195525e-01   9.934220e-01   9.729838e-01   9.408902e-01   7.333807e-01
   0.000000e+00   2.299201e-01   8.893141e-01   1.285708e-01   8.580997e-01   9.677986e-01   8.186551e-01   9.226043e-01   8.576155e-01   9.985067e-01   8.915608e-01   9.447167e-01   9.768650e-01   8.233052e-01
   1.596486e-02   6.551275e-01   2.773660e-02   6.047566e-01   8.412371e-01   9.866142e-01   8.708335e-01   9.513850e-01   8.592634e-01   8.953013e-01   9.934220e-01   9.710849e-01   7.769694e-01   8.166745e-01
   9.945685e-01   6.102560e-01   6.987387e-01   8.857690e-01   8.294719e-01   9.471376e-01   8.307500e-01   9.667924e-01   6.729592e-01   7.409023e-01   8.917278e-01   9.507722e-01   9.731145e-01   9.210641e-01
   1.377006e-01   6.617404e-01   4.097492e-03   1.391225e-02   8.170589e-01   9.805414e-01   8.726050e-01   9.453323e-01   8.307839e-01   9.159450e-01   9.934220e-01   9.719775e-01   7.247251e-01   7.454868e-01
   1.989256e-01   1.129851e-01   9.958715e-01   4.736574e-01   8.170589e-01   9.929217e-01   8.551572e-01   9.879045e-01   8.229480e-01   9.195525e-01   1.000000e+00   9.729838e-01   9.408902e-01   7.334216e-01
   3.962351e-01   2.627465e-01   2.703974e-01   4.695433e-01   8.121105e-01   9.635634e-01   8.460806e-01   9.550990e-01   6.589109e-01   7.446652e-01   8.990633e-01   9.596424e-01   9.399155e-01   9.208561e-01
   8.396240e-01   6.037971e-01   8.533116e-01   2.519916e-01   7.888207e-01   9.478992e-01   8.502036e-01   9.126871e-01   9.163494e-01   9.264354e-01   9.107513e-01   8.967998e-01   7.739615e-01   8.195608e-01
   1.989256e-01   1.129851e-01   9.542312e-02   4.913476e-01   8.900528e-01   9.929217e-01   8.551572e-01   9.933115e-01   8.229480e-01   9.202144e-01   1.000000e+00   9.729838e-01   9.461094e-01   7.410485e-01
   4.598669e-01   3.675714e-01   3.661668e-01   1.091514e-01   8.788409e-01   9.597348e-01   8.218873e-01   9.788503e-01   8.812065e-01   9.288550e-01   8.785679e-01   9.531818e-01   7.712992e-01   8.512408e-01
   9.978389e-01   9.556857e-01   6.997764e-01   6.274208e-01   9.379206e-01   9.779276e-01   7.934163e-01   9.788290e-01   7.420394e-01   7.513842e-01   8.888183e-01   9.523979e-01   8.825606e-01   9.563635e-01
   2.359075e-02   6.372955e-02   3.692493e-02   6.272212e-01   8.289792e-01   9.492018e-01   8.171035e-01   9.210379e-01   9.108330e-01   9.175298e-01   9.095246e-01   9.688763e-01   7.821842e-01   8.512274e-01
   8.788377e-01   8.913242e-01   2.067767e-01   4.691326e-01   8.122821e-01   9.962016e-01   8.379187e-01   9.417881e-01   8.600372e-01   9.386681e-01   9.777558e-01   9.513601e-01   9.247443e-01   7.331279e-01
   1.596486e-02   6.494033e-01   0.000000e+00   4.700132e-01   8.413552e-01   9.765591e-01   8.708335e-01   9.513850e-01   8.592634e-01   8.963071e-01   8.987738e-01   9.926656e-01   7.769694e-01   8.166745e-01
   4.406023e-01   8.310945e-01   1.597010e-01   4.439382e-01   8.422315e-01   9.972422e-01   8.186551e-01   9.808359e-01   8.576747e-01   9.386681e-01   8.948052e-01   9.444023e-01   8.009913e-01   8.342234e-01
   9.971570e-01   9.739591e-01   8.167963e-01   9.762537e-01   9.177188e-01   9.000836e-01   9.030924e-01   9.790561e-01   7.047399e-01   7.395599e-01   8.857103e-01   9.680533e-01   9.785608e-01   9.182276e-01
   9.379244e-01   8.913242e-01   7.148726e-01   6.030024e-01   8.572109e-01   1.000000e+00   8.501927e-01   9.562014e-01   8.600372e-01   9.458261e-01   9.777558e-01   9.513601e-01   7.924979e-01   7.217535e-01
   9.987485e-01   9.263642e-01   1.000000e+00   9.881061e-01   8.330706e-01   9.012826e-01   8.732826e-01   1.000000e+00   6.771040e-01   8.959206e-01   8.856342e-01   9.507722e-01   7.300698e-01   9.095810e-01
   9.042633e-01   8.876846e-01   3.663361e-01   6.978541e-01   8.163187e-01   9.795093e-01   8.061868e-01   9.643719e-01   7.308551e-01   8.937619e-01   8.888183e-01   9.567537e-01   8.882762e-01   9.556420e-01
   7.265641e-03   0.000000e+00   4.398505e-01   6.744815e-01   8.395101e-01   1.000000e+00   8.315360e-01   9.633495e-01   6.859863e-01   7.098916e-01   8.917845e-01   9.616329e-01   8.409115e-01   9.145307e-01
   1.902355e-01   8.825398e-01   2.922110e-01   4.614040e-01   8.566416e-01   9.991935e-01   8.379187e-01   9.211715e-01   8.600372e-01   9.393950e-01   8.915608e-01   9.444023e-01   7.955630e-01   8.319577e-01
   9.934002e-01   9.484623e-01   7.041170e-01   7.281582e-01   8.283735e-01   9.467613e-01   8.867950e-01   9.783116e-01   7.464424e-01   7.368768e-01   8.946527e-01   9.925230e-01   9.751600e-01   9.170067e-01
   4.406023e-01   8.222459e-01   2.870220e-01   6.371221e-01   8.955218e-01   9.898168e-01   8.186551e-01   9.210379e-01   8.576747e-01   9.472514e-01   9.208031e-01   9.487974e-01   7.964505e-01   8.342234e-01
   2.359075e-02   6.372955e-02   1.355033e-01   6.272212e-01   8.289792e-01   9.492018e-01   7.471096e-01   9.210379e-01   9.108330e-01   9.175298e-01   9.095246e-01   9.688763e-01   7.829938e-01   8.512274e-01
   4.208877e-01   1.231004e-01   2.870385e-01   2.522671e-01   8.328881e-01   9.880222e-01   7.921529e-01   9.210379e-01   8.569774e-01   9.293766e-01   9.096691e-01   9.008308e-01   7.956944e-01   8.342234e-01
   2.535591e-02   0.000000e+00   4.393047e-01   4.787469e-01   9.084874e-01   9.492018e-01   8.126652e-01   9.269831e-01   9.082340e-01   9.219044e-01   9.033538e-01   9.496167e-01   7.859769e-01   8.031193e-01
   8.119080e-01   6.086168e-01   0.000000e+00   9.685437e-01   8.170589e-01   1.000000e+00   8.678815e-01   9.879045e-01   8.260762e-01   9.159450e-01   1.000000e+00   9.729838e-01   7.247251e-01   7.983468e-01
   9.136495e-01   6.494033e-01   0.000000e+00   6.278653e-01   8.411562e-01   9.765591e-01   9.087345e-01   9.513850e-01   8.592634e-01   9.022623e-01   8.999529e-01   9.926656e-01   7.769694e-01   8.370865e-01
   9.906060e-01   9.800047e-01   7.080919e-01   9.300101e-01   7.853552e-01   9.835105e-01   9.865749e-01   8.967299e-01   7.708835e-01   9.065967e-01   8.767220e-01   9.911929e-01   8.643244e-01   9.484756e-01
   9.640437e-01   5.009233e-01   7.148726e-01   6.076829e-01   8.572109e-01   9.971446e-01   8.416374e-01   9.562014e-01   8.635930e-01   9.386681e-01   9.777558e-01   9.513601e-01   7.924979e-01   7.332511e-01
   9.053104e-01   8.222459e-01   4.597556e-01   4.338153e-01   8.583102e-01   9.972422e-01   8.165140e-01   9.241496e-01   8.963622e-01   9.386681e-01   8.915608e-01   9.460350e-01   7.964505e-01   8.322063e-01
   2.359075e-02   6.497158e-02   4.367224e-02   2.507498e-01   8.280124e-01   9.492018e-01   8.171035e-01   9.207537e-01   9.108330e-01   9.175298e-01   9.006499e-01   9.688763e-01   7.903077e-01   8.512274e-01
   4.021990e-01   8.324106e-01   2.549970e-01   5.826886e-01   8.583102e-01   9.972422e-01   8.186551e-01   9.210379e-01   8.552432e-01   9.442560e-01   8.915608e-01   9.831060e-01   7.940075e-01   7.318365e-01
   1.790184e-02   4.950739e-01   7.208847e-03   3.960880e-02   9.090146e-01   9.492018e-01   8.254968e-01   9.210379e-01   9.128105e-01   9.219044e-01   9.006400e-01   9.456321e-01   7.765241e-01   8.525252e-01
   7.265641e-03   4.552318e-01   4.375817e-01   6.740867e-01   8.392589e-01   9.987907e-01   8.296438e-01   9.633495e-01   6.911228e-01   7.099292e-01   8.907425e-01   9.616329e-01   8.409115e-01   9.164441e-01
   0.000000e+00   2.299201e-01   2.802598e-01   6.542509e-01   8.580997e-01   9.677986e-01   8.186551e-01   9.226043e-01   8.576645e-01   9.985067e-01   8.915608e-01   9.447167e-01   9.768650e-01   8.216752e-01
   3.246493e-03   6.494033e-01   2.561030e-01   4.700132e-01   8.085101e-01   9.748743e-01   8.708335e-01   9.525270e-01   8.592634e-01   8.966928e-01   8.987738e-01   9.926656e-01   7.769694e-01   8.167808e-01
   9.373793e-01   6.652093e-01   2.523836e-01   4.708591e-01   8.415602e-01   9.970658e-01   8.244925e-01   9.178923e-01   8.650514e-01   9.728949e-01   8.089908e-01   9.728761e-01   9.683442e-01   8.359434e-01
   8.945092e-01   9.246687e-01   7.148726e-01   9.639847e-01   8.572109e-01   1.000000e+00   8.399315e-01   1.000000e+00   8.600372e-01   9.386681e-01   9.777558e-01   9.513601e-01   7.924979e-01   7.186596e-01
   3.451156e-01   5.149498e-01   2.376648e-01   5.608047e-01   9.215373e-01   9.785765e-01   8.424479e-01   9.681605e-01   7.169166e-01   7.390024e-01   8.896223e-01   9.616329e-01   8.409115e-01   9.145307e-01
   9.361200e-01   9.538256e-01   5.192887e-01   1.556227e-02   8.151209e-01   9.810413e-01   9.186725e-01   9.229975e-01   9.018169e-01   9.293448e-01   8.587206e-01   9.295107e-01   7.255560e-01   7.305244e-01
   4.268204e-01   8.366885e-01   2.478589e-01   6.295920e-01   8.422315e-01   9.972422e-01   8.186551e-01   9.808359e-01   8.576747e-01   9.437478e-01   8.948052e-01   9.466953e-01   8.009913e-01   9.064776e-01
   8.870975e-01   6.498205e-01   6.831229e-03   6.278653e-01   8.162506e-01   9.758553e-01   9.300314e-01   9.528159e-01   8.582943e-01   9.022623e-01   9.008576e-01   9.926656e-01   7.785330e-01   8.370865e-01
   0.000000e+00   4.644562e-01   9.133151e-01   5.919117e-01   8.063179e-01   9.586949e-01   8.186551e-01   9.210609e-01   8.576155e-01   9.985067e-01   8.915608e-01   9.341835e-01   9.768650e-01   8.233052e-01
   1.263820e-01   6.406920e-01   1.743778e-01   2.268561e-01   8.523758e-01   9.917977e-01   9.464789e-01   9.507368e-01   8.228501e-01   8.966285e-01   9.836731e-01   9.724273e-01   7.376741e-01   7.455706e-01
   4.406023e-01   2.751206e-01   2.269103e-01   4.746282e-01   8.608037e-01   9.983997e-01   8.186551e-01   9.210379e-01   8.640019e-01   9.386681e-01   8.915608e-01   9.444023e-01   7.879793e-01   8.342234e-01
   8.945092e-01   4.641815e-01   2.888701e-01   4.614040e-01   8.581537e-01   9.947403e-01   8.379187e-01   9.210441e-01   8.600372e-01   9.372098e-01   9.934039e-01   9.444023e-01   7.964505e-01   8.327523e-01
   9.905168e-01   8.781443e-01   3.667006e-01   9.509382e-01   7.853552e-01   9.993315e-01   8.279154e-01   8.967299e-01   7.531638e-01   9.012482e-01   8.888173e-01   9.911929e-01   8.888214e-01   9.484756e-01
   3.877003e-01   8.159307e-01   2.549970e-01   4.136776e-01   8.583102e-01   1.000000e+00   8.015350e-01   9.210379e-01   9.566910e-01   9.442560e-01   8.915608e-01   9.831060e-01   7.940075e-01   7.318306e-01
   9.354825e-01   4.864396e-01   5.484176e-01   2.340887e-01   8.125746e-01   9.755129e-01   8.022445e-01   9.230781e-01   8.857616e-01   9.517381e-01   9.665423e-01   9.303272e-01   7.206506e-01   7.291468e-01
   1.879108e-01   6.372955e-02   3.692493e-02   6.272212e-01   8.288300e-01   9.492018e-01   8.369490e-01   9.152460e-01   9.108330e-01   9.175298e-01   9.095246e-01   9.688763e-01   7.821842e-01   8.719423e-01
   6.829405e-01   7.975231e-01   5.062533e-01   2.369566e-02   8.578861e-01   9.972576e-01   8.186551e-01   8.990075e-01   8.588290e-01   9.331797e-01   8.901711e-01   9.556587e-01   7.962533e-01   8.340531e-01
   6.050940e-01   8.149965e-01   2.730156e-01   8.342372e-01   8.732411e-01   9.772818e-01   8.692486e-01   9.702945e-01   6.948250e-01   7.527323e-01   9.195787e-01   9.428898e-01   9.465421e-01   9.382936e-01
   9.624627e-01   6.356264e-01   7.155142e-01   6.076829e-01   8.402496e-01   1.000000e+00   7.826829e-01   9.563070e-01   8.665691e-01   9.386681e-01   9.617343e-01   9.513601e-01   7.924979e-01   7.350962e-01
   6.195983e-01   8.222459e-01   2.859988e-01   2.241543e-01   8.273136e-01   9.972422e-01   8.186551e-01   9.227387e-01   8.576747e-01   9.385815e-01   8.915608e-01   9.444573e-01   7.964505e-01   8.342234e-01
   5.496553e-01   8.222459e-01   2.527802e-01   6.371221e-01   8.955218e-01   9.898168e-01   8.200564e-01   9.210379e-01   8.576747e-01   9.649204e-01   9.033408e-01   9.487974e-01   7.964505e-01   9.027298e-01
   9.935694e-01   4.433301e-01   7.041170e-01   7.072613e-01   8.283735e-01   9.467613e-01   8.632221e-01   9.785328e-01   7.551452e-01   7.368768e-01   8.946527e-01   9.925230e-01   9.751600e-01   9.181813e-01
   2.620560e-01   6.095358e-01   2.245234e-01   4.368786e-01   8.583102e-01   9.972422e-01   8.186551e-01   9.135187e-01   8.580791e-01   9.425649e-01   8.856448e-01   9.444023e-01   7.885867e-01   8.695679e-01
   9.971417e-01   9.739749e-01   7.483158e-01   9.787548e-01   8.119683e-01   9.000836e-01   8.383670e-01   9.790561e-01   7.367075e-01   7.395599e-01   8.838656e-01   9.746928e-01   9.785608e-01   9.170691e-01
   0.000000e+00   2.176468e-01   2.701639e-01   5.915217e-01   8.586092e-01   9.677986e-01   8.186551e-01   9.226043e-01   8.576155e-01   9.967681e-01   8.990483e-01   9.447167e-01   9.768650e-01   8.240719e-01
   9.381111e-01   8.781443e-01   3.667006e-01   6.327339e-01   8.161858e-01   9.796753e-01   7.984179e-01   9.657866e-01   7.238385e-01   9.014811e-01   8.888183e-01   9.601674e-01   8.888214e-01   9.484756e-01
   5.554337e-02   6.652093e-01   2.523836e-01   4.048061e-01   8.741874e-01   9.970658e-01   8.281573e-01   9.178923e-01   8.650514e-01   9.728949e-01   9.279170e-01   9.728761e-01   5.858305e-01   6.093178e-01
   8.945082e-01   3.675290e-01   2.978210e-01   4.602717e-01   8.675387e-01   9.947403e-01   8.377687e-01   9.285257e-01   8.520865e-01   9.597314e-01   9.934039e-01   9.416122e-01   7.964505e-01   7.935319e-01
   9.417537e-01   5.248663e-01   5.484176e-01   2.353048e-01   8.125746e-01   9.816274e-01   8.022445e-01   9.230781e-01   8.857616e-01   9.517381e-01   9.665423e-01   9.303272e-01   7.206506e-01   7.291468e-01
   2.468248e-01   8.222459e-01   1.477467e-01   4.056534e-01   8.583102e-01   9.981310e-01   8.186551e-01   9.135187e-01   6.340623e-01   9.381567e-01   8.856448e-01   9.444023e-01   8.046368e-01   8.695679e-01
   9.971417e-01   9.851920e-01   8.316663e-01   9.787548e-01   7.593515e-01   9.000836e-01   8.376000e-01   9.790561e-01   7.367075e-01   7.434973e-01   8.838656e-01   8.162444e-01   9.785608e-01   9.291602e-01
   2.067864e-02   7.436208e-02   2.312916e-02   5.103682e-02   8.255674e-01   9.829333e-01   8.171035e-01   8.821229e-01   9.067155e-01   9.487649e-01   9.137758e-01   8.995531e-01   7.821842e-01   8.200057e-01
   5.496553e-01   2.266178e-01   2.527802e-01   6.371221e-01   8.548352e-01   9.898168e-01   8.200564e-01   9.226967e-01   8.576747e-01   9.649204e-01   9.190892e-01   9.487974e-01   7.964505e-01   9.027298e-01
   2.359075e-02   1.710173e-02   3.105743e-01   2.208439e-01   9.090146e-01   9.492018e-01   8.172897e-01   9.210379e-01   9.089270e-01   9.219044e-01   9.006400e-01   9.483134e-01   7.771880e-01   8.465222e-01
   9.459145e-01   6.494033e-01   0.000000e+00   5.498429e-01   8.412371e-01   9.765591e-01   8.708335e-01   9.942797e-01   8.585882e-01   9.186777e-01   9.866795e-01   9.594779e-01   7.680838e-01   8.166745e-01
   1.596486e-02   6.494773e-01   7.756780e-04   6.048531e-01   8.412371e-01   9.765591e-01   8.708335e-01   9.513850e-01   8.592634e-01   9.005634e-01   9.906859e-01   9.598592e-01   7.769694e-01   8.936589e-01
   9.823757e-01   9.401338e-01   7.010361e-01   5.269268e-01   8.283735e-01   9.471001e-01   8.042337e-01   9.630056e-01   6.632118e-01   7.449351e-01   8.899337e-01   9.507722e-01   9.771120e-01   9.170067e-01
   8.119080e-01   3.549744e-01   0.000000e+00   9.685437e-01   8.250435e-01   1.000000e+00   8.678815e-01   9.879045e-01   8.260762e-01   9.159450e-01   1.000000e+00   9.729838e-01   7.247251e-01   7.984820e-01
   3.944595e-01   8.185521e-01   2.548374e-01   5.826886e-01   8.583062e-01   9.972422e-01   8.186551e-01   9.210379e-01   8.507995e-01   9.442560e-01   8.915608e-01   9.831060e-01   7.293596e-01   7.318365e-01
   4.011580e-01   8.207345e-01   2.486181e-01   4.439382e-01   8.404444e-01   9.972422e-01   8.177868e-01   9.219844e-01   8.576747e-01   9.386681e-01   9.520372e-01   9.444023e-01   7.196201e-01   8.355106e-01
   1.907723e-01   8.825398e-01   3.122008e-01   7.392998e-01   8.566416e-01   1.000000e+00   8.350871e-01   9.207607e-01   8.600372e-01   9.393950e-01   8.915608e-01   9.431030e-01   7.459875e-01   8.719816e-01
   1.000000e+00   8.155878e-01   9.160032e-01   7.678539e-01   8.581144e-01   9.493978e-01   8.186551e-01   9.210379e-01   8.576155e-01   9.513960e-01   8.915608e-01   7.546946e-01   7.771880e-01   8.262098e-01
   9.640437e-01   5.009233e-01   7.148726e-01   4.332134e-01   8.566295e-01   9.927574e-01   8.416374e-01   9.563436e-01   8.635930e-01   9.534631e-01   9.777558e-01   9.513601e-01   8.001422e-01   7.332511e-01
   1.957650e-02   3.195519e-02   2.312916e-02   5.103682e-02   8.528804e-01   9.825591e-01   8.171035e-01   8.821229e-01   9.067155e-01   9.487649e-01   9.039073e-01   8.995531e-01   7.821842e-01   8.200057e-01
