   0.000000e+00   6.562166e-05   8.969630e-01   2.909133e-06   5.148612e-01   1.571986e-05   1.492218e-04   6.508565e-01   6.426816e-01   9.004849e-01   6.341825e-01   5.670508e-01   5.706226e-01   6.672263e-01   5.985948e-01   5.975879e-01   3.913520e-01   6.111899e-01   5.506908e-01   5.799011e-01
   0.000000e+00   6.014099e-09   0.000000e+00   0.000000e+00   0.000000e+00   0.000000e+00   2.495358e-01   1.828824e-01   6.090858e-01   5.448788e-01   6.148767e-01   5.659421e-01   5.773851e-01   6.736013e-01   6.024158e-01   5.984683e-01   5.916927e-01   6.073448e-01   5.817566e-01   6.285154e-01
   0.000000e+00   5.009703e-05   0.000000e+00   2.816384e-06   0.000000e+00   1.225741e-06   4.738690e-05   4.096620e-01   4.530318e-02   4.726375e-01   6.261331e-01   5.671010e-01   5.772924e-01   6.737340e-01   6.058516e-01   5.982166e-01   5.886029e-01   6.074153e-01   5.774702e-01   5.829019e-01
   0.000000e+00   3.868547e-08   0.000000e+00   9.234570e-06   4.953395e-01   7.611554e-03   3.010537e-03   2.949747e-01   2.593081e-02   4.685246e-01   6.272951e-01   5.671588e-01   5.770086e-01   6.746576e-01   6.015489e-01   5.977120e-01   5.884794e-01   6.076194e-01   5.771273e-01   6.317256e-01
   7.419088e-04   7.701811e-07   0.000000e+00   1.400068e-09   3.920504e-01   5.836295e-02   6.510450e-06   1.932982e-01   5.876419e-01   4.690095e-01   6.265637e-01   5.659391e-01   5.770399e-01   6.745280e-01   6.019143e-01   5.958989e-01   5.897698e-01   6.072549e-01   5.817965e-01   6.285715e-01
   0.000000e+00   6.020278e-09   0.000000e+00   0.000000e+00   0.000000e+00   4.433947e-08   3.161494e-01   1.973061e-01   5.362345e-01   5.477391e-01   6.088724e-01   5.671082e-01   5.772691e-01   6.579096e-01   6.025648e-01   5.987943e-01   5.882324e-01   6.073417e-01   5.521650e-01   6.284548e-01
   3.733821e-03   3.818268e-09   0.000000e+00   4.153395e-05   3.311515e-02   2.190617e-05   4.738690e-05   3.776467e-01   1.582847e-02   2.900666e-01   6.321888e-01   5.627157e-01   5.771520e-01   6.757565e-01   6.010832e-01   5.983489e-01   5.886618e-01   6.076776e-01   5.547394e-01   5.833504e-01
   0.000000e+00   6.956695e-05   8.970215e-01   2.430752e-05   0.000000e+00   1.972965e-03   1.590081e-06   2.443756e-01   5.003760e-01   8.862299e-01   7.364931e-01   5.517262e-01   5.746982e-01   7.059568e-01   6.030754e-01   5.986519e-01   5.921297e-01   6.099309e-01   5.775521e-01   6.260632e-01
   0.000000e+00   1.253709e-04   8.787883e-01   1.300318e-07   2.760666e-02   4.553974e-03   1.492218e-04   6.565028e-01   6.426816e-01   9.028554e-01   6.277245e-01   5.671377e-01   5.705006e-01   6.670038e-01   6.059924e-01   5.982473e-01   3.941717e-01   6.073678e-01   5.506908e-01   5.799011e-01
   1.188835e-03   0.000000e+00   0.000000e+00   2.314830e-06   4.898111e-01   6.976739e-07   1.654367e-03   3.941493e-01   6.111602e-01   8.077879e-01   6.275023e-01   5.671194e-01   5.770859e-01   6.668822e-01   5.956884e-01   5.991628e-01   5.833688e-01   6.073452e-01   5.817184e-01   6.284440e-01
   1.889523e-06   3.734292e-02   7.777019e-03   0.000000e+00   0.000000e+00   1.529830e-05   0.000000e+00   1.851452e-01   6.116399e-01   9.315977e-01   6.266599e-01   5.671381e-01   5.774153e-01   6.739744e-01   6.022487e-01   5.986878e-01   5.829337e-01   6.074735e-01   5.772851e-01   5.775244e-01
   1.181358e-04   0.000000e+00   1.065247e-02   8.848773e-04   1.000000e+00   1.071057e-03   2.206592e-04   2.487757e-01   5.920834e-01   8.669637e-01   6.313301e-01   5.661429e-01   5.773109e-01   6.688260e-01   6.025811e-01   5.887394e-01   3.911949e-01   6.076565e-01   5.703691e-01   6.283913e-01
   0.000000e+00   1.445413e-10   0.000000e+00   2.667936e-07   0.000000e+00   1.574385e-06   3.010537e-03   2.949747e-01   5.938843e-01   4.685246e-01   6.274632e-01   5.671610e-01   5.773847e-01   6.746607e-01   6.071701e-01   5.981562e-01   5.886097e-01   6.066833e-01   5.771273e-01   6.316465e-01
   0.000000e+00   6.562166e-05   9.808424e-01   2.909133e-06   5.148612e-01   0.000000e+00   1.492218e-04   3.942712e-01   6.430668e-01   9.004849e-01   6.323379e-01   5.669424e-01   5.706226e-01   6.672263e-01   5.985948e-01   5.987785e-01   3.908311e-01   6.111899e-01   5.760698e-01   6.291205e-01
   0.000000e+00   3.803064e-08   0.000000e+00   1.028810e-05   0.000000e+00   1.983811e-07   4.335963e-04   2.912972e-01   2.593081e-02   5.483409e-01   6.272951e-01   5.671608e-01   5.770086e-01   6.746738e-01   6.065174e-01   5.977120e-01   5.884819e-01   6.072313e-01   5.771273e-01   6.282707e-01
   0.000000e+00   1.663737e-11   0.000000e+00   2.000624e-07   0.000000e+00   4.882169e-03   2.856387e-01   2.269093e-01   3.658253e-04   5.450446e-01   6.342044e-01   5.671221e-01   5.770715e-01   6.739740e-01   6.015566e-01   5.984482e-01   5.868152e-01   6.074554e-01   5.821111e-01   6.305017e-01
   0.000000e+00   6.540238e-07   9.346170e-01   9.517560e-04   2.527642e-02   2.693097e-04   2.427328e-03   1.926881e-01   7.468880e-03   8.970851e-01   6.331452e-01   5.623637e-01   5.303280e-01   7.056310e-01   6.124710e-01   5.984653e-01   5.839867e-01   6.076706e-01   5.873945e-01   6.282401e-01
   2.829059e-09   1.722937e-02   7.845835e-03   9.992498e-03   0.000000e+00   1.197582e-06   7.568604e-04   1.871733e-01   6.674826e-01   3.967534e-01   6.323240e-01   5.670994e-01   5.774843e-01   6.762038e-01   6.027471e-01   5.983224e-01   5.882790e-01   6.066181e-01   5.819043e-01   6.284916e-01
   0.000000e+00   6.084243e-09   0.000000e+00   4.218931e-08   0.000000e+00   0.000000e+00   2.488162e-01   1.958629e-01   5.369924e-01   5.478715e-01   6.150330e-01   5.671632e-01   5.772539e-01   6.735362e-01   6.059606e-01   5.987454e-01   5.828472e-01   6.073362e-01   5.820786e-01   6.284548e-01
   4.726143e-11   2.896470e-04   7.833769e-03   0.000000e+00   1.377286e-06   0.000000e+00   2.945230e-01   2.428478e-01   6.138407e-01   9.269893e-01   6.149543e-01   5.659682e-01   5.773856e-01   6.736013e-01   6.024594e-01   5.986873e-01   5.825604e-01   6.074767e-01   5.773180e-01   6.281727e-01
   2.841686e-09   1.722937e-02   0.000000e+00   1.099581e-02   0.000000e+00   1.197582e-06   3.127705e-01   1.871733e-01   5.131251e-01   3.472276e-01   6.323240e-01   5.670994e-01   5.774843e-01   6.762038e-01   6.027471e-01   5.983224e-01   5.882790e-01   6.066181e-01   5.819043e-01   6.284562e-01
   5.885794e-02   5.773142e-09   1.080705e-02   7.130716e-14   0.000000e+00   4.626946e-04   2.206592e-04   8.233111e-01   6.017622e-01   8.857556e-01   6.314461e-01   5.647713e-01   5.717670e-01   6.738944e-01   6.010308e-01   5.980682e-01   5.943520e-01   6.076637e-01   5.702370e-01   6.284208e-01
   1.908824e-07   4.720314e-05   0.000000e+00   1.532439e-04   0.000000e+00   1.823255e-02   1.273399e-02   4.207341e-01   6.461843e-01   5.485345e-01   6.260064e-01   5.672348e-01   5.772662e-01   6.737425e-01   6.061519e-01   5.981045e-01   5.823583e-01   6.073477e-01   5.774774e-01   6.285238e-01
   0.000000e+00   0.000000e+00   0.000000e+00   0.000000e+00   0.000000e+00   0.000000e+00   2.458403e-01   1.834804e-01   7.070117e-01   5.545036e-01   6.328795e-01   5.672624e-01   5.774924e-01   6.739571e-01   6.061883e-01   5.984734e-01   5.868967e-01   6.035341e-01   5.775973e-01   6.284727e-01
   0.000000e+00   6.257656e-05   2.034435e-04   0.000000e+00   5.696430e-01   9.203234e-06   1.701665e-07   2.313982e-01   2.066298e-02   6.761101e-01   6.270685e-01   5.671013e-01   5.773822e-01   6.666711e-01   6.059684e-01   5.976354e-01   5.882388e-01   6.072411e-01   5.820490e-01   6.251517e-01
   0.000000e+00   3.818268e-09   0.000000e+00   3.981865e-05   0.000000e+00   1.058480e-06   4.765826e-03   2.349394e-01   5.773414e-02   3.928001e-01   6.323973e-01   5.628094e-01   5.774055e-01   6.757565e-01   5.953521e-01   5.983528e-01   5.882374e-01   6.073867e-01   5.775767e-01   5.823872e-01
   0.000000e+00   8.790785e-09   0.000000e+00   4.153395e-05   0.000000e+00   5.492742e-07   2.379772e-01   4.093151e-01   1.582847e-02   5.553716e-01   6.324447e-01   5.627224e-01   5.771469e-01   6.757565e-01   5.956149e-01   5.980769e-01   5.886618e-01   6.074506e-01   5.771184e-01   5.849906e-01
   0.000000e+00   1.849109e-04   1.966853e-05   1.208047e-06   0.000000e+00   3.606935e-06   2.726397e-02   4.475961e-01   6.468378e-01   4.735618e-01   6.281738e-01   5.627436e-01   5.719811e-01   6.759755e-01   6.009030e-01   5.981238e-01   5.892031e-01   6.073414e-01   5.775688e-01   6.271630e-01
   3.156334e-04   6.529983e-08   0.000000e+00   2.151459e-07   9.939029e-02   0.000000e+00   4.798549e-03   7.721561e-01   6.324849e-01   4.867379e-01   6.259668e-01   5.658721e-01   5.774225e-01   6.678434e-01   6.015889e-01   5.982067e-01   5.908554e-01   6.072829e-01   5.772979e-01   6.264760e-01
   3.224074e-03   3.078684e-08   8.894742e-02   1.497268e-04   0.000000e+00   5.545458e-03   2.509228e-01   3.179317e-01   6.531629e-01   4.869606e-01   6.260554e-01   5.662547e-01   5.771914e-01   6.741084e-01   6.060990e-01   5.962692e-01   5.773315e-01   6.076268e-01   5.778914e-01   6.284942e-01
   1.598007e-06   0.000000e+00   9.488484e-05   2.448013e-02   1.000000e+00   0.000000e+00   2.206592e-04   8.825563e-01   0.000000e+00   8.857556e-01   6.313301e-01   5.461954e-01   5.773109e-01   6.688260e-01   5.960717e-01   5.883487e-01   3.911949e-01   6.076565e-01   5.703382e-01   6.283905e-01
   3.092840e-03   0.000000e+00   9.678865e-02   1.607323e-01   8.191965e-01   7.775667e-01   5.901433e-01   1.955671e-01   0.000000e+00   3.983410e-01   6.049390e-01   5.670181e-01   5.774767e-01   6.575208e-01   6.064595e-01   5.978142e-01   5.883200e-01   9.692564e-01   5.773355e-01   6.284500e-01
   1.597436e-09   7.016966e-05   0.000000e+00   4.032654e-06   7.125947e-03   1.200516e-04   1.325533e-03   3.953992e-01   4.786467e-01   5.445655e-01   6.341903e-01   5.671651e-01   5.774799e-01   6.719829e-01   5.984307e-01   5.987596e-01   5.918989e-01   6.071182e-01   5.772814e-01   5.815418e-01
   5.131053e-02   6.975999e-05   9.414928e-01   3.473354e-07   0.000000e+00   1.972965e-03   9.821926e-03   2.509003e-01   4.989396e-01   8.862299e-01   7.364931e-01   5.517262e-01   5.774695e-01   6.747100e-01   5.953399e-01   5.976298e-01   5.922559e-01   6.075070e-01   5.773046e-01   6.299863e-01
   5.684612e-05   3.660100e-01   8.609514e-01   1.578269e-01   0.000000e+00   7.992837e-01   2.163009e-01   9.471612e-01   3.463744e-03   5.105108e-01   6.461711e-01   3.205306e-01   5.741434e-01   4.129324e-01   5.989155e-01   5.469100e-01   4.858145e-01   6.087734e-01   6.025948e-01   6.340051e-01
   0.000000e+00   1.922720e-07   3.544121e-05   0.000000e+00   0.000000e+00   2.026725e-08   1.007486e-03   2.802879e-01   6.943110e-01   4.875041e-01   6.271812e-01   5.673212e-01   5.782658e-01   6.741162e-01   5.951000e-01   5.976064e-01   5.891766e-01   6.076275e-01   5.742781e-01   6.284605e-01
   0.000000e+00   6.562166e-05   1.584071e-02   0.000000e+00   5.148612e-01   1.571986e-05   1.492218e-04   6.508565e-01   5.120017e-01   5.534799e-01   6.325527e-01   5.670294e-01   5.708424e-01   6.672263e-01   5.986794e-01   5.988289e-01   3.833632e-01   6.073284e-01   5.770113e-01   5.799011e-01
   0.000000e+00   4.596040e-02   0.000000e+00   1.205136e-07   0.000000e+00   6.330247e-05   2.457296e-01   2.269175e-01   3.658253e-04   5.436365e-01   6.343161e-01   5.660163e-01   5.770401e-01   6.761256e-01   6.011898e-01   5.984781e-01   5.885028e-01   6.074554e-01   5.821111e-01   6.250099e-01
   0.000000e+00   2.174260e-06   8.969630e-01   6.742333e-08   5.148612e-01   4.272396e-02   1.492218e-04   3.991517e-01   6.426816e-01   9.028554e-01   6.277245e-01   5.671367e-01   5.706226e-01   6.672541e-01   5.986047e-01   5.982473e-01   4.001253e-01   6.110110e-01   5.506908e-01   5.799011e-01
   0.000000e+00   1.444909e-10   2.663324e-04   0.000000e+00   0.000000e+00   5.363730e-06   1.037894e-01   2.395549e-01   9.339752e-03   5.554053e-01   6.268005e-01   5.671645e-01   5.774220e-01   6.736064e-01   5.950960e-01   5.976398e-01   5.882436e-01   6.073215e-01   5.824283e-01   6.286079e-01
   1.781754e-03   5.009703e-05   0.000000e+00   6.254330e-06   0.000000e+00   1.225741e-06   4.738690e-05   4.096620e-01   4.530318e-02   5.486852e-01   6.260065e-01   5.672319e-01   5.772924e-01   6.737340e-01   6.058516e-01   5.982166e-01   5.823931e-01   6.074130e-01   5.774702e-01   6.303004e-01
   0.000000e+00   0.000000e+00   0.000000e+00   0.000000e+00   0.000000e+00   0.000000e+00   1.217886e-03   8.139670e-01   3.755475e-01   5.262360e-01   6.271473e-01   5.671517e-01   5.772548e-01   6.739744e-01   6.061545e-01   5.976179e-01   5.828573e-01   6.074732e-01   5.777948e-01   6.282776e-01
   2.740848e-02   2.741635e-03   0.000000e+00   1.998908e-07   0.000000e+00   5.565132e-09   4.188356e-01   3.406571e-01   5.750696e-01   5.158724e-01   6.345942e-01   5.672423e-01   5.716446e-01   6.725732e-01   6.023249e-01   5.983218e-01   5.885493e-01   6.073435e-01   5.783320e-01   6.278107e-01
   5.267549e-03   7.083128e-06   0.000000e+00   3.942920e-11   0.000000e+00   4.562098e-03   2.477605e-01   2.788701e-01   6.635610e-01   4.686732e-01   6.274748e-01   5.673774e-01   5.774564e-01   6.740852e-01   6.019108e-01   5.975233e-01   5.896671e-01   6.066182e-01   5.777705e-01   6.285152e-01
   7.921822e-07   3.868547e-08   0.000000e+00   4.415284e-06   0.000000e+00   7.512722e-02   3.010537e-03   2.949747e-01   2.593081e-02   4.685246e-01   6.272951e-01   5.671588e-01   5.772738e-01   6.725556e-01   6.015489e-01   5.977120e-01   5.883665e-01   6.076194e-01   5.771356e-01   6.317256e-01
   2.913255e-05   1.922720e-07   2.297143e-02   4.360558e-02   0.000000e+00   2.004958e-08   2.586276e-01   2.773055e-01   5.820514e-01   4.883127e-01   6.271180e-01   5.674249e-01   5.717029e-01   6.741162e-01   6.063084e-01   5.984749e-01   5.885443e-01   6.076249e-01   5.795148e-01   6.284605e-01
   0.000000e+00   1.220162e-03   0.000000e+00   1.344295e-01   0.000000e+00   3.156967e-08   4.738690e-05   3.219805e-01   5.580523e-02   4.542732e-01   6.348174e-01   5.672733e-01   5.772096e-01   6.723347e-01   6.013690e-01   5.974789e-01   5.885507e-01   6.073475e-01   5.776344e-01   6.282837e-01
   0.000000e+00   3.368874e-02   0.000000e+00   6.742333e-08   5.148612e-01   4.192345e-02   1.492218e-04   4.028408e-01   5.749062e-01   5.925878e-01   6.268457e-01   5.673778e-01   5.774412e-01   6.672541e-01   5.986047e-01   5.982598e-01   5.748452e-01   6.075357e-01   5.506908e-01   5.799011e-01
   0.000000e+00   5.610137e-04   0.000000e+00   9.140274e-08   9.395204e-04   0.000000e+00   2.138812e-01   2.650435e-01   1.783629e-02   6.978280e-01   3.522426e-01   5.659570e-01   5.774945e-01   4.341243e-01   6.013847e-01   5.973329e-01   4.845926e-01   6.015492e-01   5.775680e-01   6.317960e-01
   0.000000e+00   5.366029e-09   0.000000e+00   2.616544e-08   0.000000e+00   5.605413e-01   2.401662e-01   7.675336e-01   5.842630e-01   5.451915e-01   6.268671e-01   5.672691e-01   5.774198e-01   6.748969e-01   6.012874e-01   5.984321e-01   5.883183e-01   6.072833e-01   5.775348e-01   6.282578e-01
   3.417285e-03   3.126280e-06   9.850154e-01   1.858558e-02   0.000000e+00   1.866554e-05   2.479078e-01   2.819830e-01   9.685209e-04   5.543949e-01   6.270456e-01   5.671451e-01   5.774334e-01   6.797340e-01   6.026809e-01   5.985100e-01   5.869158e-01   6.034708e-01   5.778348e-01   6.284790e-01
   0.000000e+00   0.000000e+00   0.000000e+00   7.372994e-08   0.000000e+00   0.000000e+00   2.122681e-01   3.862731e-01   6.099985e-01   5.158009e-01   6.271196e-01   5.671957e-01   5.773862e-01   6.731878e-01   6.064568e-01   5.987447e-01   5.829126e-01   6.073435e-01   5.774485e-01   6.284634e-01
   0.000000e+00   1.985507e-02   0.000000e+00   3.128281e-06   0.000000e+00   1.225741e-06   4.738690e-05   4.096783e-01   4.530318e-02   5.156841e-01   6.322931e-01   5.671040e-01   5.772924e-01   6.737318e-01   6.056287e-01   5.980959e-01   5.885161e-01   6.075016e-01   5.822222e-01   6.279107e-01
   0.000000e+00   6.562166e-05   8.954797e-01   3.355132e-08   5.083227e-01   1.565931e-05   0.000000e+00   6.508565e-01   6.426816e-01   9.033753e-01   6.341802e-01   5.670515e-01   5.775258e-01   6.671194e-01   6.022015e-01   5.984477e-01   5.882395e-01   6.111899e-01   5.506931e-01   5.799011e-01
   8.046702e-04   5.592437e-07   8.969630e-01   2.909133e-06   5.148612e-01   1.571986e-05   0.000000e+00   2.724514e-01   9.315168e-04   6.031087e-01   6.279914e-01   5.670508e-01   5.773789e-01   6.735944e-01   5.987041e-01   5.987546e-01   3.913520e-01   6.111899e-01   5.507550e-01   5.799011e-01
   0.000000e+00   8.680743e-06   8.986135e-01   0.000000e+00   1.998891e-06   1.219135e-07   5.277348e-03   3.820437e-01   5.031524e-01   3.837280e-01   6.333734e-01   5.673952e-01   5.772857e-01   6.734022e-01   6.025305e-01   5.971234e-01   5.826502e-01   6.072888e-01   5.775334e-01   6.277390e-01
   0.000000e+00   0.000000e+00   0.000000e+00   0.000000e+00   0.000000e+00   0.000000e+00   9.998128e-02   2.415512e-01   6.011122e-03   5.372795e-01   6.262540e-01   5.671039e-01   5.774792e-01   6.734903e-01   5.954099e-01   5.976175e-01   5.882436e-01   6.073851e-01   5.824968e-01   6.300268e-01
   1.236505e-04   0.000000e+00   1.065247e-02   1.973517e-06   9.861676e-01   1.593041e-05   2.206592e-04   8.583960e-01   5.923309e-01   8.857556e-01   6.313301e-01   5.473820e-01   5.774139e-01   6.688260e-01   6.024106e-01   5.887394e-01   3.913168e-01   6.076623e-01   5.703691e-01   6.283913e-01
   3.398044e-03   2.389881e-10   0.000000e+00   1.006002e-05   0.000000e+00   5.235851e-10   1.363567e-01   2.905958e-01   1.773008e-02   4.672831e-01   6.272951e-01   5.671524e-01   5.772618e-01   6.736502e-01   6.060662e-01   5.977273e-01   5.884819e-01   6.072221e-01   5.771273e-01   6.282676e-01
   1.899696e-06   0.000000e+00   0.000000e+00   1.786805e-08   0.000000e+00   1.265189e-09   4.195869e-03   2.132214e-01   6.120644e-01   5.485296e-01   6.272848e-01   5.671451e-01   5.773857e-01   6.739553e-01   6.064529e-01   5.984958e-01   5.884085e-01   6.075060e-01   5.778444e-01   6.285125e-01
   3.696211e-02   6.041792e-09   1.483313e-03   2.875581e-06   6.538458e-03   6.247394e-08   3.210275e-01   3.101302e-01   5.361654e-01   5.500467e-01   6.335997e-01   5.671939e-01   5.703625e-01   6.736974e-01   5.987314e-01   5.975808e-01   3.859306e-01   6.073410e-01   5.510273e-01   6.284724e-01
   0.000000e+00   2.655468e-09   8.962297e-05   0.000000e+00   0.000000e+00   0.000000e+00   1.615644e-04   2.433893e-01   6.965860e-01   8.979128e-01   6.339620e-01   5.659696e-01   5.775647e-01   6.745244e-01   6.027904e-01   5.975834e-01   5.896880e-01   6.073447e-01   5.776089e-01   6.304184e-01
   8.370983e-05   0.000000e+00   0.000000e+00   8.209273e-04   0.000000e+00   7.709057e-01   2.401856e-01   2.860670e-01   6.552156e-01   3.983952e-01   6.327657e-01   5.673384e-01   5.774777e-01   6.725818e-01   6.064224e-01   5.974744e-01   5.882378e-01   6.071385e-01   5.775644e-01   6.278424e-01
   4.983405e-05   3.804245e-01   8.579926e-01   2.539855e-06   0.000000e+00   0.000000e+00   1.723412e-02   4.126526e-01   3.695118e-03   5.298194e-01   6.260064e-01   2.871368e-01   5.772662e-01   6.696068e-01   6.060477e-01   5.984510e-01   5.823583e-01   6.074979e-01   5.822143e-01   6.302184e-01
   2.671553e-04   8.354211e-02   0.000000e+00   4.244191e-08   0.000000e+00   0.000000e+00   2.650140e-01   2.515309e-01   4.368314e-01   5.364475e-01   6.124465e-01   5.671103e-01   5.770625e-01   6.735944e-01   6.023738e-01   5.975776e-01   5.818862e-01   6.071432e-01   5.820891e-01   6.282103e-01
   0.000000e+00   2.308103e-08   0.000000e+00   6.417731e-02   2.662647e-05   3.271346e-05   2.444493e-01   3.175555e-01   0.000000e+00   4.669717e-01   6.266051e-01   5.673786e-01   5.773820e-01   6.740738e-01   6.009556e-01   5.975667e-01   5.887024e-01   6.074216e-01   5.778491e-01   6.277074e-01
   1.160501e-03   6.975245e-05   0.000000e+00   4.032654e-06   7.125947e-03   1.168820e-04   1.325533e-03   3.953992e-01   4.786467e-01   5.443717e-01   6.341903e-01   5.671651e-01   5.772545e-01   6.719829e-01   5.982107e-01   5.987596e-01   5.918989e-01   6.073706e-01   5.772814e-01   6.297280e-01
   7.284176e-02   0.000000e+00   8.516287e-01   6.017016e-04   2.544451e-03   2.688954e-02   6.006589e-01   8.013588e-01   2.697540e-02   6.707118e-01   6.277740e-01   3.205306e-01   5.773205e-01   6.686259e-01   5.919672e-01   5.987314e-01   4.794949e-01   9.492769e-01   5.766938e-01   6.351497e-01
   5.908960e-05   0.000000e+00   0.000000e+00   1.028810e-05   0.000000e+00   1.926454e-09   1.458050e-04   2.803732e-01   1.563711e-02   4.964400e-01   6.272746e-01   5.671033e-01   5.774628e-01   6.719136e-01   6.065174e-01   5.984370e-01   5.884065e-01   6.072293e-01   5.743580e-01   6.282465e-01
   0.000000e+00   1.488496e-09   0.000000e+00   4.351627e-07   0.000000e+00   1.983811e-07   4.335963e-04   2.916788e-01   2.182778e-02   3.481560e-01   6.330412e-01   5.673412e-01   5.773852e-01   6.726545e-01   6.065174e-01   5.977120e-01   5.882344e-01   6.072306e-01   5.771273e-01   6.282707e-01
   0.000000e+00   2.174260e-06   8.969630e-01   4.704780e-10   6.009660e-01   4.272396e-02   1.492218e-04   4.032304e-01   5.887377e-01   9.028554e-01   6.277245e-01   5.671367e-01   5.707258e-01   6.672541e-01   5.986047e-01   5.982350e-01   4.001253e-01   6.110110e-01   5.506968e-01   5.799011e-01
   1.697716e-09   0.000000e+00   0.000000e+00   2.055487e-07   0.000000e+00   1.777504e-06   2.370217e-01   2.786926e-01   5.322108e-01   4.665247e-01   6.260668e-01   5.675274e-01   5.717034e-01   6.737218e-01   6.013021e-01   5.987886e-01   5.885376e-01   6.074125e-01   5.819683e-01   6.295882e-01
   6.058054e-05   3.465745e-02   3.747497e-02   1.028810e-05   0.000000e+00   1.948605e-07   4.335963e-04   2.409441e-01   1.563711e-02   5.455382e-01   6.075158e-01   5.671033e-01   5.774677e-01   6.719136e-01   6.065174e-01   5.984370e-01   5.884020e-01   6.072293e-01   5.744991e-01   6.282707e-01
   0.000000e+00   1.722937e-02   7.845835e-03   3.495326e-04   0.000000e+00   1.197582e-06   7.568604e-04   1.871733e-01   6.080277e-01   5.629631e-01   6.130530e-01   5.659430e-01   5.774843e-01   6.761820e-01   6.027471e-01   5.983224e-01   5.882790e-01   6.066181e-01   5.778189e-01   6.305057e-01
   0.000000e+00   7.328697e-07   1.015588e-05   0.000000e+00   4.904192e-01   5.477147e-01   3.036387e-01   2.268758e-01   6.086248e-01   2.733831e-01   6.126204e-01   5.660328e-01   5.773783e-01   6.739181e-01   6.023404e-01   5.980601e-01   5.870462e-01   6.073491e-01   5.773423e-01   6.277042e-01
   0.000000e+00   2.747341e-02   8.969630e-01   2.909133e-06   5.161956e-01   0.000000e+00   3.150478e-01   6.508565e-01   6.007028e-01   9.004849e-01   6.089601e-01   5.670508e-01   5.778898e-01   6.674118e-01   5.985948e-01   5.987816e-01   3.912526e-01   6.111899e-01   5.776081e-01   5.799011e-01
   0.000000e+00   0.000000e+00   0.000000e+00   0.000000e+00   0.000000e+00   1.263667e-07   2.461264e-01   1.887245e-01   6.119004e-01   2.686123e-01   6.346859e-01   5.671610e-01   5.772489e-01   6.739937e-01   5.950800e-01   5.984698e-01   5.828594e-01   6.073391e-01   5.821755e-01   6.285136e-01
   1.894632e-06   7.701811e-07   0.000000e+00   7.560359e-08   1.652032e-03   1.198154e-07   6.510450e-06   1.932982e-01   5.876419e-01   5.210391e-01   6.329161e-01   5.659391e-01   5.770953e-01   6.732290e-01   6.019143e-01   5.958447e-01   5.867671e-01   6.072258e-01   5.776307e-01   6.307924e-01
   0.000000e+00   4.904304e-09   0.000000e+00   7.485480e-08   1.362114e-01   0.000000e+00   2.517557e-01   3.856599e-01   6.399615e-01   5.415239e-01   6.065280e-01   5.659352e-01   5.773862e-01   6.731878e-01   6.065832e-01   5.981000e-01   5.867098e-01   6.074201e-01   5.775661e-01   6.277087e-01
   1.445065e-06   1.181667e-06   0.000000e+00   5.144628e-08   4.694448e-02   5.302128e-06   2.117211e-01   1.911999e-01   6.114756e-01   3.533679e-01   6.324665e-01   5.669289e-01   5.772877e-01   6.742596e-01   6.059624e-01   5.974773e-01   5.830572e-01   6.073305e-01   5.818316e-01   6.285579e-01
   0.000000e+00   5.648375e-07   8.929999e-05   4.904175e-02   0.000000e+00   0.000000e+00   3.222491e-01   3.970648e-01   5.138405e-01   3.452837e-01   6.277958e-01   5.675282e-01   5.773738e-01   6.728946e-01   6.022357e-01   5.973910e-01   5.885296e-01   6.073374e-01   5.776049e-01   6.284357e-01
   1.450600e-01   4.427961e-05   0.000000e+00   5.030967e-07   0.000000e+00   5.378868e-08   2.545167e-01   1.821292e-01   6.506828e-01   4.827851e-01   6.271916e-01   5.671012e-01   5.773800e-01   6.737446e-01   6.058361e-01   5.982711e-01   5.882825e-01   6.074147e-01   5.774702e-01   6.285620e-01
   0.000000e+00   2.346022e-11   1.324529e-03   3.014562e-07   0.000000e+00   7.209808e-03   2.436721e-01   2.397259e-01   6.535610e-01   6.434412e-01   6.329287e-01   5.660205e-01   5.773829e-01   6.745818e-01   6.011174e-01   5.974858e-01   5.882338e-01   6.074259e-01   5.771312e-01   6.284423e-01
   7.782157e-04   5.610137e-04   0.000000e+00   9.140274e-08   9.056160e-04   0.000000e+00   1.483298e-02   2.650435e-01   1.783629e-02   6.013005e-01   3.552725e-01   5.659568e-01   5.774945e-01   4.341243e-01   6.013847e-01   5.973329e-01   4.845926e-01   6.015492e-01   5.776085e-01   6.318020e-01
   0.000000e+00   3.066532e-02   0.000000e+00   6.417731e-02   2.662647e-05   3.288143e-05   1.412503e-03   3.145747e-01   0.000000e+00   3.968515e-01   6.271306e-01   5.673786e-01   5.773820e-01   6.740738e-01   6.010385e-01   5.975667e-01   5.886897e-01   6.074216e-01   5.778535e-01   6.277074e-01
   1.617510e-05   3.303310e-05   0.000000e+00   1.338707e-02   0.000000e+00   5.554630e-07   2.366443e-01   4.093151e-01   1.494997e-02   5.342537e-01   6.266535e-01   5.677440e-01   5.771469e-01   6.757565e-01   5.954711e-01   5.980769e-01   5.873068e-01   6.074506e-01   5.771184e-01   5.849906e-01
   6.367861e-02   0.000000e+00   2.751686e-02   1.011054e-08   0.000000e+00   1.697200e-05   2.143098e-01   8.499398e-01   6.158537e-01   5.172374e-01   6.264284e-01   5.675829e-01   5.774140e-01   6.573543e-01   6.068936e-01   5.973361e-01   3.895963e-01   6.074251e-01   5.778422e-01   6.284860e-01
   4.076383e-07   4.803626e-05   0.000000e+00   2.816384e-06   0.000000e+00   1.225741e-06   5.291933e-04   4.096620e-01   5.750920e-01   4.726375e-01   6.261331e-01   5.671010e-01   5.774121e-01   6.737340e-01   6.058516e-01   5.955643e-01   5.886029e-01   6.073401e-01   5.776063e-01   6.308162e-01
   6.524258e-05   3.078684e-08   8.541390e-02   1.494908e-04   0.000000e+00   5.545458e-03   2.068646e-03   3.252325e-01   6.531629e-01   4.312044e-01   6.260554e-01   5.662424e-01   5.771914e-01   6.741084e-01   6.060990e-01   5.962692e-01   5.773315e-01   6.076307e-01   5.778903e-01   6.284988e-01
   2.029203e-03   3.978312e-08   0.000000e+00   9.234570e-06   4.953395e-01   6.649593e-03   2.513079e-01   2.340991e-01   3.028769e-02   4.663485e-01   6.272956e-01   5.671588e-01   5.770086e-01   6.727996e-01   6.014915e-01   5.977120e-01   5.884794e-01   6.074195e-01   5.771273e-01   6.283175e-01
   3.581681e-01   3.894140e-01   3.544121e-05   1.543529e-01   0.000000e+00   7.945422e-01   0.000000e+00   2.754663e-01   6.943110e-01   4.875041e-01   6.058618e-01   5.738681e-01   5.782658e-01   6.741162e-01   8.134179e-01   5.972205e-01   5.891766e-01   6.232443e-01   5.734558e-01   7.911469e-01
   0.000000e+00   5.449835e-10   0.000000e+00   2.588604e-06   0.000000e+00   1.974859e-08   2.905290e-01   2.771038e-01   5.963260e-02   4.858694e-01   6.271810e-01   5.673177e-01   5.721032e-01   6.740502e-01   6.059894e-01   5.976022e-01   5.867953e-01   6.074611e-01   5.775633e-01   6.284625e-01
   0.000000e+00   0.000000e+00   3.021909e-04   7.089493e-08   4.220162e-02   0.000000e+00   5.022495e-01   3.862731e-01   6.338559e-01   5.173121e-01   6.282189e-01   5.671957e-01   5.773998e-01   6.732001e-01   6.064594e-01   5.977894e-01   5.882436e-01   9.661444e-01   5.774468e-01   6.284636e-01
   0.000000e+00   2.308103e-08   0.000000e+00   1.103118e-01   2.662647e-05   0.000000e+00   9.227697e-04   3.056954e-01   0.000000e+00   4.666456e-01   6.146764e-01   5.673786e-01   5.773820e-01   6.740738e-01   6.015520e-01   5.975667e-01   5.886952e-01   6.074196e-01   5.778522e-01   6.304941e-01
   6.069805e-02   5.766596e-05   1.093500e-02   0.000000e+00   0.000000e+00   2.125887e-06   2.206592e-04   8.221019e-01   6.093157e-01   5.568740e-01   6.312043e-01   5.671882e-01   5.717670e-01   6.688692e-01   5.942500e-01   5.980642e-01   5.943520e-01   6.076628e-01   5.705970e-01   6.284697e-01
   9.356939e-03   5.113262e-10   1.324529e-03   3.189729e-07   0.000000e+00   7.145528e-03   4.602055e-03   2.397259e-01   5.592645e-01   5.903477e-01   6.272401e-01   5.660205e-01   5.773829e-01   6.735829e-01   6.013862e-01   5.984292e-01   5.885072e-01   6.073455e-01   5.771312e-01   6.284423e-01
   2.548186e-04   3.420120e-05   0.000000e+00   3.201475e-08   4.834275e-01   0.000000e+00   6.112316e-03   6.540005e-01   5.779667e-01   5.632370e-01   6.322985e-01   5.673108e-01   5.775290e-01   6.734590e-01   6.058774e-01   5.984689e-01   5.883721e-01   6.072277e-01   5.773353e-01   5.795951e-01
   1.300658e-04   0.000000e+00   1.107654e-02   9.029109e-04   0.000000e+00   1.081650e-03   2.215809e-01   2.366217e-01   5.931202e-01   5.264859e-01   6.271461e-01   5.671536e-01   5.772548e-01   6.739744e-01   6.060722e-01   5.983681e-01   5.845420e-01   6.073385e-01   5.774442e-01   6.283893e-01
   1.414499e-03   1.554903e-08   8.837490e-02   1.306024e-07   0.000000e+00   5.853012e-06   2.123119e-01   6.478505e-01   6.558000e-01   5.427263e-01   6.277166e-01   5.671538e-01   5.703445e-01   6.740573e-01   6.068936e-01   5.974783e-01   5.865180e-01   6.075416e-01   5.778444e-01   5.799813e-01
   7.536213e-04   7.597538e-07   0.000000e+00   4.294175e-06   0.000000e+00   3.300858e-05   2.435266e-01   2.713549e-01   6.105706e-01   5.619645e-01   6.266595e-01   5.659696e-01   5.773851e-01   6.745244e-01   6.009640e-01   5.987267e-01   5.896952e-01   6.073462e-01   5.776058e-01   6.276317e-01
