   8.022617e-01   8.431737e-01   3.604181e-01   7.747575e-01   3.965547e-01   4.248720e-01   4.607667e-01   3.724347e-01   4.242263e-01   4.674482e-01   5.196368e-01   5.654866e-01   6.113374e-01   6.599946e-01   5.624408e-01   7.554027e-01   7.971739e-01
   1.000000e+00   0.000000e+00   2.358555e-04   4.197532e-02   4.169703e-01   5.238034e-01   4.923954e-01   3.767050e-01   4.241595e-01   4.698231e-01   5.182935e-01   5.657008e-01   6.090699e-01   6.601118e-01   6.971499e-01   7.494703e-01   7.972161e-01
   9.857186e-01   1.951528e-01   1.351827e-07   3.230452e-02   4.219559e-01   3.081212e-01   4.809814e-01   3.738331e-01   8.328689e-02   4.674468e-01   5.193738e-01   5.526658e-01   6.088476e-01   6.656121e-01   6.971502e-01   7.519262e-01   7.971235e-01
   9.211301e-01   6.342823e-01   3.205850e-01   6.019058e-01   3.887835e-01   4.253693e-01   4.636449e-01   3.738470e-01   4.258784e-01   4.669513e-01   5.199067e-01   5.651146e-01   6.087612e-01   6.845444e-01   9.463808e-01   7.609313e-01   7.970301e-01
   9.591741e-01   5.094142e-01   9.872712e-01   5.520605e-03   4.008955e-01   3.263204e-01   5.358315e-01   3.738453e-01   5.215450e-01   4.684038e-01   5.209021e-01   5.640489e-01   3.068349e-01   6.654022e-01   5.903565e-01   7.495189e-01   7.971796e-01
   6.305134e-01   8.618757e-01   9.081914e-01   7.498544e-01   4.027690e-01   4.259603e-01   6.570236e-01   1.633297e-01   4.274194e-01   4.674416e-01   5.199462e-01   5.648863e-01   6.086580e-01   6.597342e-01   6.974676e-01   7.554091e-01   7.971503e-01
   6.810680e-01   1.000000e+00   9.559085e-01   7.168531e-01   3.255572e-01   3.321914e-01   4.627259e-01   1.799607e-01   3.717773e-01   4.674272e-01   5.181129e-01   5.539250e-01   6.087918e-01   6.652129e-01   6.976682e-01   7.496370e-01   7.971867e-01
   8.831349e-01   5.127216e-01   9.719852e-01   1.111033e-01   4.140856e-01   6.132163e-01   4.526104e-01   4.577110e-01   4.244339e-01   4.674406e-01   5.182881e-01   5.652236e-01   6.088502e-01   6.652411e-01   7.064268e-01   7.563709e-01   7.971400e-01
   8.948139e-01   7.935895e-01   4.629572e-02   7.814901e-01   0.000000e+00   2.376420e-01   4.462494e-01   3.763850e-01   4.241362e-01   4.672809e-01   5.182697e-01   5.774524e-01   6.082763e-01   6.604062e-01   6.976786e-01   7.556689e-01   7.971387e-01
   9.094059e-01   5.154751e-01   9.306218e-01   7.782601e-01   3.927199e-01   4.363695e-01   3.105196e-01   3.765856e-01   4.249686e-01   4.673081e-01   9.182744e-01   8.452396e-01   6.094002e-01   6.614693e-01   9.476851e-01   7.518967e-01   7.996197e-01
   9.591741e-01   3.550766e-01   9.801769e-01   2.861431e-02   4.008955e-01   3.263204e-01   4.598221e-01   2.023617e-01   5.215450e-01   4.684038e-01   5.208846e-01   5.650979e-01   3.068349e-01   6.654022e-01   5.889870e-01   7.495016e-01   7.970288e-01
   9.717485e-01   7.854363e-01   0.000000e+00   6.554264e-01   4.932039e-02   3.282285e-01   4.604408e-01   3.737931e-01   4.313527e-01   4.663968e-01   5.182958e-01   5.526578e-01   6.090761e-01   6.603708e-01   6.935374e-01   5.298979e-01   7.745603e-01
   9.315721e-01   9.617291e-01   9.716590e-01   8.451443e-01   4.209332e-01   4.337292e-01   4.606862e-01   3.742719e-01   4.240241e-01   4.677326e-01   5.279972e-01   8.594966e-01   6.091163e-01   6.605307e-01   7.109050e-01   4.798292e-01   7.934508e-01
   7.302926e-01   5.776971e-01   8.592923e-01   9.643470e-01   7.718318e-01   4.503320e-01   5.720482e-01   3.765970e-01   4.266571e-01   4.674424e-01   5.178585e-01   5.650731e-01   6.083169e-01   6.607630e-01   7.069505e-01   7.552715e-01   7.970329e-01
   8.434824e-01   1.313404e-01   1.000000e+00   7.809201e-01   4.161281e-01   6.025350e-01   4.489352e-01   1.746754e-01   4.241207e-01   4.670651e-01   5.181819e-01   5.491483e-01   6.087187e-01   6.627594e-01   6.976035e-01   7.495944e-01   7.925789e-01
   9.589638e-01   1.000000e+00   6.211442e-03   8.459094e-01   4.056893e-01   3.226410e-01   4.604636e-01   4.497916e-01   4.003291e-01   4.716589e-01   9.343827e-01   8.439887e-01   6.088277e-01   6.604341e-01   6.858292e-01   7.518577e-01   7.970994e-01
   5.298862e-01   1.000000e+00   9.899450e-01   1.550044e-02   3.999421e-01   3.109706e-01   6.412828e-01   3.744545e-01   4.260224e-01   4.674492e-01   5.194539e-01   5.541228e-01   6.085739e-01   6.653182e-01   6.977202e-01   7.522474e-01   7.970998e-01
   6.918521e-01   9.512061e-01   8.739121e-01   6.931799e-01   3.809357e-01   4.424257e-01   4.617748e-01   3.740769e-01   4.255473e-01   4.679694e-01   5.181874e-01   5.658404e-01   6.113759e-01   6.610261e-01   6.995218e-01   7.549733e-01   7.970211e-01
   8.733583e-01   8.870912e-01   1.870650e-01   6.698322e-02   9.058841e-01   3.193563e-01   3.785580e-01   2.241909e-01   5.226958e-01   5.071251e-01   5.222244e-01   3.585996e-01   2.570224e-01   9.047410e-01   5.604535e-01   4.780013e-01   7.818337e-01
   5.850152e-01   1.000000e+00   9.986061e-01   9.558635e-02   8.473611e-03   2.874080e-01   4.760681e-01   2.114231e-01   4.258840e-01   4.674537e-01   5.197464e-01   5.739849e-01   6.088220e-01   6.654912e-01   6.975330e-01   7.606688e-01   7.986302e-01
   3.683836e-01   9.954744e-01   9.898426e-01   1.715546e-02   4.964445e-01   4.263528e-01   4.608079e-01   3.738483e-01   3.735834e-01   4.674412e-01   5.182394e-01   5.525231e-01   6.088475e-01   6.649796e-01   6.974654e-01   7.496360e-01   7.982203e-01
   4.562015e-01   2.397154e-02   3.360598e-01   7.634238e-01   4.633765e-02   4.410044e-01   3.039211e-01   3.775262e-01   4.240898e-01   4.823617e-01   9.262780e-01   5.652508e-01   6.106340e-01   6.612058e-01   9.407045e-01   8.651278e-01   7.971758e-01
   8.775854e-01   9.810256e-01   9.896673e-01   8.455860e-01   4.041224e-01   5.047513e-01   7.358825e-01   3.739134e-01   4.285419e-01   4.678081e-01   5.182913e-01   5.581930e-01   5.947633e-01   6.604034e-01   7.061874e-01   7.516686e-01   7.591784e-01
   7.385301e-01   8.746022e-01   1.956121e-01   8.135433e-01   4.159551e-01   2.739923e-01   5.097024e-01   3.712182e-01   4.376444e-01   5.101763e-01   5.223134e-01   5.494169e-01   6.040550e-01   9.040261e-01   7.047514e-01   7.538715e-01   7.984432e-01
   1.997886e-01   2.552696e-01   8.991450e-01   7.097655e-02   4.003185e-01   4.311117e-01   7.427317e-01   3.737934e-01   4.258651e-01   4.674481e-01   5.199554e-01   5.653337e-01   6.090787e-01   6.602886e-01   6.982217e-01   7.494562e-01   7.972127e-01
   8.507513e-01   8.866520e-01   2.301327e-03   6.686481e-02   9.058841e-01   3.055668e-01   3.789685e-01   2.252415e-01   5.226958e-01   5.071998e-01   5.222244e-01   3.585996e-01   2.550637e-01   6.368794e-01   5.612030e-01   4.778039e-01   7.815482e-01
   4.734144e-01   2.694821e-01   0.000000e+00   2.553644e-02   4.029280e-01   3.282019e-01   4.614314e-01   2.023617e-01   5.239964e-01   4.684038e-01   5.208998e-01   5.650979e-01   5.980679e-01   6.605649e-01   7.062238e-01   7.495016e-01   7.971244e-01
   9.008057e-01   6.726527e-01   9.630309e-01   7.884987e-01   4.003536e-01   3.181538e-01   5.768762e-01   3.782454e-01   4.255235e-01   4.203958e-01   5.177222e-01   5.590822e-01   6.088460e-01   7.571480e-01   6.935223e-01   7.421766e-01   9.021795e-01
   8.424198e-01   2.711615e-02   3.292028e-01   9.280776e-01   4.218381e-01   4.263904e-01   3.611547e-01   4.446647e-01   8.754488e-01   4.580473e-01   4.981383e-01   8.432378e-01   5.690557e-01   6.840665e-01   9.391686e-01   7.470889e-01   8.005726e-01
   8.549572e-01   9.520869e-01   4.486243e-02   1.303452e-01   3.715929e-03   5.439387e-01   4.803434e-01   4.111142e-01   4.247581e-01   4.674430e-01   5.181938e-01   5.659137e-01   6.088416e-01   6.654119e-01   7.151001e-01   7.497769e-01   7.971702e-01
   3.950733e-01   8.870863e-01   9.933508e-01   7.984788e-01   4.140856e-01   5.668774e-01   4.695828e-01   2.055429e-01   4.210917e-01   5.010888e-01   5.182956e-01   1.935943e-01   6.082456e-01   6.724235e-01   6.911496e-01   4.779737e-01   7.818510e-01
   3.863997e-01   5.776971e-01   8.592923e-01   9.643470e-01   7.718318e-01   4.503320e-01   4.590545e-01   3.765970e-01   4.266571e-01   4.674424e-01   5.178585e-01   5.643467e-01   6.083169e-01   6.607173e-01   6.974903e-01   7.553911e-01   7.970317e-01
   7.009873e-01   2.735645e-01   3.529563e-04   5.872670e-03   4.001862e-01   2.214315e-01   4.594095e-01   5.003008e-01   4.265486e-01   4.674416e-01   5.182108e-01   5.652679e-01   6.088022e-01   6.604435e-01   6.974650e-01   7.497951e-01   7.971738e-01
   3.147667e-01   3.435482e-01   8.712314e-01   7.960090e-01   4.001867e-01   3.298738e-01   4.814978e-01   3.770040e-01   4.240048e-01   4.674431e-01   5.198490e-01   5.651282e-01   6.090803e-01   6.608077e-01   5.814103e-01   7.554861e-01   7.971604e-01
   4.634714e-01   2.531711e-01   1.000000e+00   9.441280e-02   3.585165e-01   2.870958e-01   4.852471e-01   2.097494e-01   4.249658e-01   4.674545e-01   5.181887e-01   5.649496e-01   6.112095e-01   6.607522e-01   6.995924e-01   7.521002e-01   7.969517e-01
   2.990420e-01   6.272162e-01   2.730720e-01   6.868572e-01   3.362861e-01   4.268705e-01   4.636449e-01   3.738470e-01   4.258784e-01   4.669064e-01   5.199168e-01   5.653697e-01   6.088280e-01   6.607244e-01   9.463808e-01   7.609313e-01   7.970301e-01
   6.765675e-01   2.739350e-01   9.639914e-01   7.152530e-01   3.302853e-01   3.325964e-01   5.712256e-01   3.738488e-01   4.250011e-01   4.674412e-01   5.181926e-01   5.656766e-01   6.087918e-01   6.605200e-01   6.974134e-01   7.496331e-01   7.982199e-01
   6.827145e-01   8.870912e-01   1.853958e-01   7.773665e-01   9.034628e-01   2.721963e-01   3.777484e-01   2.244367e-01   4.242581e-01   4.685328e-01   5.222244e-01   3.308583e-01   6.251369e-01   9.099583e-01   5.614006e-01   7.583352e-01   7.982136e-01
   9.904855e-01   4.629737e-01   9.299718e-01   1.657166e-01   4.075765e-01   3.334381e-01   3.707136e-01   3.769726e-01   4.246476e-01   4.674606e-01   1.950066e-01   5.658257e-01   6.088498e-01   6.604361e-01   7.060125e-01   7.554951e-01   7.971374e-01
   9.181937e-01   2.737740e-01   8.888215e-01   7.612699e-01   4.138376e-01   3.314343e-01   5.655203e-01   4.434572e-01   8.841956e-01   4.769776e-01   5.181939e-01   5.915528e-01   6.088188e-01   6.605653e-01   6.971826e-01   7.520941e-01   7.951008e-01
   3.861290e-01   1.853237e-01   9.784721e-01   7.824805e-01   4.538298e-01   3.194140e-01   3.109272e-01   3.734828e-01   9.800457e-01   4.670675e-01   5.172975e-01   5.652758e-01   6.069397e-01   6.652213e-01   9.383012e-01   7.420052e-01   8.004092e-01
   1.000000e+00   2.713398e-01   9.457578e-01   1.279563e-01   4.029157e-01   3.368991e-01   5.274138e-01   1.638585e-01   4.250647e-01   4.674261e-01   5.223139e-01   5.663885e-01   6.113078e-01   6.601304e-01   5.947138e-01   5.390140e-01   7.971158e-01
   9.094059e-01   2.711615e-02   2.195383e-03   9.280776e-01   4.201864e-01   4.152760e-01   3.163947e-01   5.007608e-01   4.107116e-01   6.148852e-01   5.131282e-01   5.569939e-01   6.068246e-01   6.840665e-01   9.316499e-01   7.520191e-01   7.969144e-01
   7.499999e-01   8.788484e-01   1.397922e-02   8.108715e-01   4.158906e-01   3.280766e-01   5.097583e-01   3.711543e-01   4.373120e-01   5.090453e-01   5.198786e-01   5.486617e-01   6.040550e-01   6.619159e-01   7.047514e-01   7.539538e-01   7.972324e-01
   9.530987e-01   1.000000e+00   9.796084e-01   1.271946e-01   4.209332e-01   4.337292e-01   4.791874e-01   3.769747e-01   9.456908e-01   4.716295e-01   9.211588e-01   5.557098e-01   6.144406e-01   6.853057e-01   9.258912e-01   4.836034e-01   7.933841e-01
   9.204531e-01   2.319672e-01   9.788279e-01   7.884987e-01   2.745110e-04   3.211804e-01   5.820538e-01   3.785305e-01   4.255112e-01   4.213128e-01   5.200096e-01   5.534605e-01   6.088460e-01   6.630235e-01   6.936355e-01   7.421766e-01   7.987796e-01
   4.630628e-01   2.711615e-02   3.292028e-01   9.280776e-01   5.162599e-02   4.263904e-01   3.611547e-01   4.446612e-01   8.754488e-01   4.674244e-01   5.184422e-01   8.432378e-01   5.684021e-01   6.819072e-01   9.391686e-01   7.470889e-01   8.005726e-01
   6.767100e-01   8.484691e-01   3.513703e-04   7.752030e-01   3.332038e-01   2.708005e-01   5.764279e-01   3.738256e-01   5.204442e-01   4.674474e-01   5.183084e-01   5.652478e-01   6.087913e-01   9.150590e-01   6.976762e-01   4.494289e-01   7.982143e-01
   8.751941e-01   2.657513e-01   9.856859e-01   9.827193e-01   4.039581e-01   5.019843e-01   4.614577e-01   3.738267e-01   4.286011e-01   4.674482e-01   5.181928e-01   5.652478e-01   6.095368e-01   6.604638e-01   7.060814e-01   7.516704e-01   7.978734e-01
   2.432149e-01   2.839958e-01   2.274330e-04   9.487436e-03   4.001896e-01   3.208358e-01   4.815025e-01   3.738404e-01   4.929301e-01   4.694618e-01   5.179695e-01   5.648913e-01   6.088492e-01   6.604617e-01   6.974680e-01   7.498564e-01   7.971933e-01
   7.840751e-01   2.747446e-01   2.054705e-02   7.747575e-01   4.125480e-01   4.248720e-01   4.607667e-01   3.738508e-01   4.242876e-01   4.674416e-01   5.196368e-01   5.651587e-01   6.140921e-01   6.601755e-01   5.624408e-01   7.554027e-01   7.971739e-01
   5.210193e-01   8.870912e-01   0.000000e+00   6.486436e-02   7.412287e-03   2.626651e-01   3.777484e-01   3.749086e-01   4.246331e-01   4.674648e-01   5.220663e-01   5.659227e-01   2.568322e-01   9.099583e-01   6.976780e-01   4.644034e-01   7.982135e-01
   6.830152e-01   9.810041e-01   9.274267e-01   6.931799e-01   2.909999e-02   4.423404e-01   4.647602e-01   4.477499e-01   8.963389e-01   4.490583e-01   9.331147e-01   5.643890e-01   6.083290e-01   6.610357e-01   7.032900e-01   8.571781e-01   7.047273e-01
   8.597388e-01   8.870912e-01   5.457631e-03   7.498564e-01   4.459006e-02   3.384196e-01   4.723392e-01   3.816995e-01   4.241005e-01   4.667736e-01   5.199434e-01   4.103346e-01   6.085688e-01   6.603820e-01   6.983566e-01   7.460122e-01   7.982554e-01
   7.097820e-01   8.746022e-01   1.914605e-01   8.117215e-01   4.159551e-01   5.739385e-01   5.097024e-01   3.813064e-01   3.968419e-01   5.101763e-01   5.181917e-01   5.504678e-01   6.040550e-01   9.040261e-01   7.047412e-01   7.538715e-01   8.058466e-02
   9.731898e-01   8.013649e-01   9.630309e-01   4.442853e-02   4.003511e-01   5.541027e-01   4.728294e-01   1.425686e-01   4.313110e-01   4.174371e-01   2.078681e-01   5.525310e-01   6.142626e-01   6.623641e-01   6.940336e-01   5.502629e-01   7.752903e-01
   0.000000e+00   3.424445e-01   1.581829e-04   8.384225e-01   3.999947e-01   3.297102e-01   5.096362e-01   3.770046e-01   4.240048e-01   4.693994e-01   5.179266e-01   5.647140e-01   6.105431e-01   6.603662e-01   7.062345e-01   7.497200e-01   7.970810e-01
   9.904855e-01   5.077919e-01   9.748133e-01   1.785912e-01   4.071463e-01   4.258410e-01   5.181356e-01   3.765474e-01   4.245825e-01   4.172970e-01   5.138640e-01   5.826265e-01   6.087919e-01   6.476276e-01   5.840348e-01   7.457348e-01   7.970797e-01
   1.000000e+00   7.740182e-03   2.358555e-04   4.266448e-02   4.154714e-01   5.238034e-01   4.564353e-01   3.767038e-01   4.242363e-01   4.698231e-01   5.182935e-01   5.656781e-01   6.090697e-01   6.601118e-01   6.971499e-01   7.552991e-01   7.972161e-01
   4.525460e-01   9.682235e-01   1.000000e+00   7.689904e-01   5.028492e-01   3.588844e-01   4.818777e-01   3.737434e-01   4.246063e-01   4.674498e-01   5.069983e-01   5.652699e-01   6.088466e-01   6.607847e-01   6.981232e-01   7.495129e-01   7.982481e-01
   4.675358e-01   8.870912e-01   1.867572e-01   5.825465e-02   9.156537e-01   3.295402e-01   3.777484e-01   2.259184e-01   4.207992e-01   5.071251e-01   5.181362e-01   5.758578e-01   6.043246e-01   9.040261e-01   5.604535e-01   4.780013e-01   7.962133e-01
   9.209610e-01   2.711615e-02   2.971736e-01   3.452879e-02   8.200743e-02   4.359871e-01   3.147032e-01   4.422952e-01   8.824919e-01   6.164032e-01   9.328574e-01   8.391202e-01   5.690557e-01   6.646890e-01   9.402629e-01   8.650886e-01   7.066667e-01
   4.557931e-01   2.666478e-01   0.000000e+00   7.814804e-01   4.172231e-01   3.282285e-01   4.656720e-01   3.764940e-01   4.241545e-01   4.694160e-01   5.181925e-01   5.652581e-01   6.105821e-01   6.603671e-01   7.062358e-01   7.518999e-01   7.971236e-01
   8.419969e-01   9.897321e-01   2.421294e-01   8.150633e-01   4.001867e-01   3.318007e-01   4.639253e-01   3.770040e-01   4.255577e-01   4.674431e-01   5.181820e-01   5.643544e-01   6.087863e-01   6.604558e-01   7.066034e-01   7.555078e-01   7.980845e-01
   9.289680e-01   9.734113e-01   2.246841e-04   1.334100e-02   4.207958e-01   5.243504e-01   4.758708e-01   3.742714e-01   4.265486e-01   4.677470e-01   5.196981e-01   5.742633e-01   6.142263e-01   6.654020e-01   6.972888e-01   4.726509e-01   7.971751e-01
   5.260465e-01   2.648997e-01   9.808935e-01   6.962426e-01   3.594659e-01   2.884081e-01   4.845938e-01   3.751318e-01   4.249961e-01   4.674506e-01   5.182953e-01   5.541280e-01   6.110817e-01   6.606246e-01   6.995565e-01   7.521337e-01   7.984846e-01
   4.562015e-01   2.727176e-01   2.813998e-04   8.020584e-01   4.633765e-02   3.285061e-01   4.603590e-01   3.763362e-01   4.240898e-01   4.694052e-01   5.182765e-01   5.652508e-01   6.107217e-01   6.601116e-01   7.062356e-01   7.519160e-01   7.971703e-01
   4.672607e-01   5.066218e-01   9.872712e-01   5.520605e-03   4.013644e-01   3.285875e-01   4.669574e-01   3.738453e-01   5.242016e-01   4.693924e-01   5.209021e-01   5.652319e-01   6.120925e-01   6.654022e-01   7.057160e-01   7.495189e-01   7.971796e-01
   7.009442e-01   5.126308e-01   9.643950e-01   8.215414e-01   4.032786e-01   5.715365e-01   7.577094e-01   1.702747e-01   4.262867e-01   4.168457e-01   1.952115e-01   1.909859e-01   6.088846e-01   6.596323e-01   7.007857e-01   7.466185e-01   8.234119e-01
   4.067975e-01   9.607018e-01   1.582219e-02   7.810890e-01   4.215324e-01   4.087475e-01   5.312678e-01   3.764388e-01   3.022023e-01   4.674777e-01   5.098105e-01   5.655161e-01   6.112178e-01   6.609421e-01   6.996531e-01   7.518773e-01   7.943184e-01
   3.364343e-01   9.810041e-01   8.580811e-01   6.931799e-01   3.834670e-01   4.428363e-01   4.508696e-01   4.477499e-01   4.299491e-01   4.490583e-01   5.653189e-01   5.643869e-01   6.088394e-01   6.610434e-01   7.032900e-01   7.550062e-01   7.977986e-01
   8.109838e-01   9.458570e-01   9.158551e-01   7.870778e-01   3.765541e-01   4.122584e-01   4.803342e-01   3.722879e-01   4.247946e-01   4.674430e-01   5.198440e-01   5.659043e-01   6.090776e-01   6.607679e-01   7.012588e-01   7.497553e-01   7.971702e-01
   5.766557e-01   2.671207e-01   0.000000e+00   1.271929e-01   4.034817e-01   3.371860e-01   4.468648e-01   3.518461e-01   4.258828e-01   4.670458e-01   5.172356e-01   5.658255e-01   6.097326e-01   6.603733e-01   6.975352e-01   7.555467e-01   7.926051e-01
   8.775854e-01   9.810256e-01   9.117864e-01   8.434373e-01   4.041305e-01   5.701980e-01   7.358825e-01   3.739134e-01   9.574722e-02   4.698817e-01   5.182913e-01   5.581930e-01   5.947633e-01   6.612541e-01   5.851352e-01   5.446175e-01   7.772593e-02
   7.339429e-01   5.145150e-01   0.000000e+00   2.733637e-02   4.159719e-01   3.130388e-01   7.551559e-01   1.754534e-01   4.118954e-01   4.689196e-01   5.181877e-01   5.826093e-01   6.087860e-01   6.607929e-01   7.008904e-01   7.570308e-01   7.971781e-01
   4.592136e-01   8.602853e-01   2.550140e-01   9.965516e-02   4.130989e-02   4.375757e-01   5.324334e-01   3.816995e-01   4.097484e-01   4.667665e-01   5.194830e-01   4.101642e-01   6.114701e-01   6.604309e-01   9.703406e-01   7.460156e-01   7.970306e-01
   8.908981e-01   3.522526e-01   9.630309e-01   7.884341e-01   4.343184e-02   2.034755e-01   4.559169e-01   3.769852e-01   4.255235e-01   4.673017e-01   5.182767e-01   5.607372e-01   6.106868e-01   6.571578e-01   6.936766e-01   7.422993e-01   9.021795e-01
   9.440243e-01   9.736528e-01   9.684638e-01   8.458143e-01   4.209332e-01   4.337104e-01   4.791874e-01   3.742806e-01   9.456908e-01   4.669326e-01   9.190357e-01   8.391202e-01   6.089341e-01   6.605206e-01   9.258912e-01   4.836034e-01   7.970254e-01
   4.609785e-01   8.788484e-01   6.484710e-04   7.857656e-01   4.158906e-01   3.280766e-01   5.097583e-01   3.711632e-01   4.308612e-01   5.090453e-01   5.198796e-01   5.486617e-01   6.104859e-01   6.619159e-01   7.047514e-01   7.539538e-01   7.972137e-01
   2.937761e-01   2.650767e-01   9.834341e-01   7.343195e-01   5.256593e-02   3.174471e-01   4.619095e-01   4.260192e-01   4.097251e-01   4.670238e-01   5.066597e-01   5.602434e-01   6.168568e-01   6.852365e-01   7.061993e-01   4.869057e-01   7.972817e-01
   4.079921e-01   2.670296e-01   9.755746e-01   1.273475e-01   3.916261e-01   3.236962e-01   4.608431e-01   3.522591e-01   4.258828e-01   4.670458e-01   5.182174e-01   5.539862e-01   6.097326e-01   6.603900e-01   6.974655e-01   7.555467e-01   7.926051e-01
   9.791096e-01   2.799072e-01   1.000000e+00   7.887101e-01   4.163970e-01   3.377949e-01   4.628625e-01   3.737759e-01   4.241535e-01   4.674887e-01   5.196980e-01   5.652357e-01   6.087366e-01   6.605577e-01   7.062323e-01   7.517741e-01   7.971228e-01
   4.988264e-01   5.059722e-01   2.600111e-02   8.290926e-01   4.259093e-01   4.297620e-01   5.318067e-01   3.738410e-01   4.249558e-01   4.674216e-01   5.385674e-01   5.652470e-01   6.082954e-01   7.580621e-01   6.994928e-01   7.519483e-01   7.972696e-01
   3.439869e-01   8.870912e-01   0.000000e+00   6.486436e-02   7.412287e-03   2.626651e-01   3.398957e-01   3.749134e-01   4.246331e-01   4.674648e-01   5.199594e-01   5.659227e-01   5.775614e-01   9.099583e-01   6.976758e-01   4.644034e-01   7.982135e-01
   3.210628e-01   8.104999e-01   0.000000e+00   7.886972e-01   4.027780e-01   4.259603e-01   6.168227e-01   3.877881e-01   4.274194e-01   4.693827e-01   5.182387e-01   5.648863e-01   6.086580e-01   6.597342e-01   6.974676e-01   7.554091e-01   7.971503e-01
   9.486031e-01   5.094142e-01   9.506892e-01   6.846242e-01   4.140755e-01   3.119863e-01   4.608681e-01   3.738452e-01   4.127719e-01   4.676680e-01   5.209021e-01   5.640489e-01   3.068349e-01   6.654020e-01   5.899105e-01   7.527419e-01   7.982173e-01
   9.765229e-01   9.143299e-01   1.845215e-01   7.626994e-01   4.460874e-01   5.757576e-01   3.858550e-01   3.679316e-01   4.376444e-01   4.674431e-01   5.223363e-01   5.541571e-01   6.051239e-01   6.657676e-01   6.946433e-01   7.537149e-01   7.816447e-01
   1.000000e+00   1.000000e+00   2.272942e-04   8.543234e-02   4.473701e-01   4.182530e-01   4.633122e-01   3.765066e-01   4.258255e-01   4.674211e-01   5.183124e-01   5.655350e-01   6.088081e-01   6.606976e-01   6.976857e-01   7.496349e-01   7.981914e-01
   3.394505e-01   2.711615e-02   3.292028e-01   1.038645e-01   5.162599e-02   4.263904e-01   4.798085e-01   4.446612e-01   8.602319e-01   4.674244e-01   5.184422e-01   8.432378e-01   6.139830e-01   6.818881e-01   6.951843e-01   7.470889e-01   8.005726e-01
   7.180221e-01   5.088718e-01   3.292028e-01   7.717900e-01   4.399004e-02   4.366170e-01   7.507596e-01   4.455646e-01   4.247334e-01   6.217411e-01   1.505086e-01   7.971283e-01   5.690557e-01   6.840665e-01   9.402629e-01   8.645761e-01   7.066667e-01
   9.453991e-01   2.696195e-01   1.357949e-04   8.021146e-01   4.021641e-01   3.262449e-01   5.203781e-01   3.769977e-01   4.228758e-01   4.683744e-01   5.181930e-01   5.640649e-01   3.053172e-01   6.603671e-01   5.908761e-01   7.518536e-01   7.971752e-01
   9.831908e-01   2.727176e-01   1.937975e-04   3.567518e-02   4.633765e-02   3.428303e-01   4.656092e-01   4.873903e-01   4.242352e-01   4.674348e-01   5.182766e-01   5.652474e-01   6.090563e-01   6.604740e-01   7.062356e-01   7.519433e-01   7.971232e-01
   6.773265e-01   3.435482e-01   6.958434e-02   1.322792e-01   4.581967e-02   3.297460e-01   4.815505e-01   3.770040e-01   8.919476e-01   4.674431e-01   8.859777e-01   5.644477e-01   6.083250e-01   6.604481e-01   7.066034e-01   8.576796e-01   7.041028e-01
   7.535859e-01   2.651688e-01   1.453366e-02   8.109667e-01   4.222578e-01   4.271015e-01   4.614577e-01   3.712538e-01   4.254499e-01   4.675592e-01   5.181928e-01   5.655913e-01   6.088277e-01   6.604638e-01   6.976790e-01   7.539517e-01   7.970971e-01
   3.631395e-01   1.959617e-01   3.947032e-03   8.356759e-01   4.020647e-01   3.225909e-01   4.604510e-01   3.738262e-01   4.521392e-01   4.669071e-01   5.274149e-01   8.594312e-01   6.088271e-01   6.597074e-01   6.976798e-01   4.853895e-01   7.932802e-01
   3.606751e-01   2.160460e-01   9.778838e-01   6.052869e-01   3.997196e-01   3.152742e-01   4.253259e-01   3.765397e-01   4.241201e-01   4.674424e-01   5.173808e-01   5.541493e-01   6.083941e-01   6.655020e-01   6.972091e-01   7.495972e-01   7.972495e-01
   5.225283e-01   2.845247e-01   2.564301e-04   7.973955e-01   4.001862e-01   4.310004e-01   4.623028e-01   3.738356e-01   4.258823e-01   4.674419e-01   5.220962e-01   5.652315e-01   2.881207e-01   6.604638e-01   6.974697e-01   7.519240e-01   7.971927e-01
   6.347759e-01   3.424367e-01   9.317914e-01   7.021922e-01   4.015209e-01   3.297102e-01   5.089278e-01   1.628690e-01   4.240048e-01   4.674526e-01   5.199061e-01   5.644530e-01   6.105864e-01   6.607250e-01   7.066214e-01   7.517748e-01   7.971820e-01
   6.893799e-01   4.199280e-01   0.000000e+00   7.683053e-01   7.220887e-03   5.052082e-01   8.158626e-01   2.596078e-01   4.241627e-01   4.664236e-01   5.195873e-01   5.592399e-01   6.096873e-01   9.036605e-01   5.666459e-01   7.554974e-01   7.970437e-01
   6.991567e-01   9.483112e-01   0.000000e+00   1.385839e-01   4.020924e-01   7.153654e-01   4.622361e-01   3.770040e-01   4.255584e-01   4.679683e-01   5.181868e-01   5.651381e-01   6.088951e-01   6.607973e-01   7.067966e-01   7.549182e-01   7.971741e-01
