   6.210012e-02   6.243081e-02   8.757829e-02   1.248442e-01   1.751376e-01   2.493008e-01   3.537472e-01   5.017981e-01   7.116705e-01   5.098580e-07
   6.172310e-02   6.193513e-02   8.784446e-02   1.245239e-01   1.763453e-01   2.496121e-01   3.536344e-01   5.013906e-01   7.109575e-01   8.838623e-07
   6.163607e-02   6.193149e-02   8.779524e-02   1.244570e-01   1.761731e-01   2.499008e-01   3.535099e-01   5.017080e-01   7.107837e-01   0.000000e+00
   6.204551e-02   6.223011e-02   8.748392e-02   1.245759e-01   1.752963e-01   2.494402e-01   3.538265e-01   5.017472e-01   7.114395e-01   3.013225e-04
   6.167122e-02   6.187893e-02   8.775944e-02   1.243979e-01   1.761621e-01   2.493485e-01   3.537932e-01   5.014585e-01   7.109254e-01   8.838091e-07
   6.210198e-02   6.222658e-02   8.809214e-02   1.247160e-01   1.765401e-01   2.499157e-01   3.536577e-01   5.006334e-01   7.087618e-01   1.412515e-06
   6.200247e-02   6.227189e-02   8.743705e-02   1.245914e-01   1.764899e-01   2.499875e-01   3.531684e-01   5.014748e-01   7.112125e-01   8.989680e-13
   6.205431e-02   6.172709e-02   8.800952e-02   1.236585e-01   1.760921e-01   2.492219e-01   3.538528e-01   5.018225e-01   7.116016e-01   0.000000e+00
   6.228849e-02   6.202440e-02   8.824634e-02   1.250734e-01   1.769855e-01   2.506604e-01   3.527687e-01   5.015873e-01   7.099887e-01   1.401511e-09
   6.234321e-02   6.249732e-02   8.847899e-02   1.253124e-01   1.765321e-01   2.504642e-01   3.545741e-01   5.020442e-01   7.073601e-01   1.412960e-06
   6.201736e-02   6.171296e-02   8.798770e-02   1.247442e-01   1.754559e-01   2.497220e-01   3.542955e-01   5.011472e-01   7.116985e-01   0.000000e+00
   6.228073e-02   6.211274e-02   8.819861e-02   1.249183e-01   1.769070e-01   2.491451e-01   3.536858e-01   5.009160e-01   7.093228e-01   0.000000e+00
   6.178680e-02   6.209283e-02   8.798954e-02   1.247852e-01   1.767821e-01   2.500613e-01   3.550098e-01   5.030134e-01   7.089565e-01   0.000000e+00
   3.842202e-18   3.836077e-18   5.420737e-18   7.685001e-18   1.087176e-17   1.535605e-17   2.169233e-17   3.065137e-17   4.331101e-17   1.001124e+00
   6.262940e-02   6.247829e-02   8.868071e-02   1.255681e-01   1.769516e-01   2.510005e-01   3.553058e-01   5.007799e-01   7.073436e-01   1.412804e-06
   6.205685e-02   6.179830e-02   8.791544e-02   1.246000e-01   1.763136e-01   2.497010e-01   3.541196e-01   5.015597e-01   7.099386e-01   1.401445e-09
   6.223046e-02   6.256851e-02   8.777920e-02   1.237849e-01   1.760879e-01   2.495572e-01   3.534063e-01   5.017524e-01   7.115520e-01   4.936581e-05
   6.221133e-02   6.196249e-02   8.821030e-02   1.250017e-01   1.755810e-01   2.496495e-01   3.541584e-01   5.009345e-01   7.108448e-01   3.101298e-04
   6.216527e-02   6.249665e-02   8.769130e-02   1.249644e-01   1.753662e-01   2.495510e-01   3.534285e-01   5.017189e-01   7.114705e-01   0.000000e+00
   6.199708e-02   6.236852e-02   8.751216e-02   1.248072e-01   1.754651e-01   2.491939e-01   3.540379e-01   5.018117e-01   7.117845e-01   1.062839e-05
   6.182264e-02   6.215673e-02   8.722703e-02   1.243292e-01   1.760467e-01   2.498361e-01   3.534113e-01   5.017785e-01   7.114133e-01   5.395060e-10
   6.238365e-02   6.249070e-02   8.842841e-02   1.251905e-01   1.771448e-01   2.507867e-01   3.548366e-01   5.005787e-01   7.072807e-01   1.412219e-06
   6.224570e-02   6.195810e-02   8.819624e-02   1.250058e-01   1.755889e-01   2.496421e-01   3.541573e-01   5.009328e-01   7.108379e-01   0.000000e+00
   6.219821e-02   6.197327e-02   8.813207e-02   1.240890e-01   1.763148e-01   2.494659e-01   3.537589e-01   5.012412e-01   7.101654e-01   0.000000e+00
   6.272867e-02   6.296503e-02   8.851455e-02   1.259530e-01   1.770690e-01   2.516785e-01   3.564950e-01   5.013070e-01   7.075036e-01   1.414299e-06
   6.244948e-02   6.261230e-02   8.868612e-02   1.256007e-01   1.777843e-01   2.518506e-01   3.547298e-01   5.008870e-01   7.074215e-01   9.936913e-05
   6.249360e-02   6.238572e-02   8.845508e-02   1.252031e-01   1.766057e-01   2.502991e-01   3.542136e-01   5.013617e-01   7.072737e-01   1.412153e-06
   6.157787e-02   6.196413e-02   8.684939e-02   1.239624e-01   1.758199e-01   2.494617e-01   3.538804e-01   5.020584e-01   7.121056e-01   5.376945e-10
   6.262019e-02   6.247553e-02   8.825243e-02   1.252536e-01   1.772064e-01   2.501697e-01   3.548545e-01   5.016959e-01   7.073565e-01   0.000000e+00
   6.240093e-02   6.223228e-02   8.837046e-02   1.251607e-01   1.772505e-01   2.496280e-01   3.543719e-01   5.018933e-01   7.079500e-01   2.376313e-08
   6.187267e-02   6.214978e-02   8.806917e-02   1.237318e-01   1.761129e-01   2.496535e-01   3.537192e-01   5.014516e-01   7.106643e-01   0.000000e+00
   6.248567e-02   6.259238e-02   8.856904e-02   1.249744e-01   1.771530e-01   2.507829e-01   3.548305e-01   5.005759e-01   7.072799e-01   1.412211e-06
   6.260969e-02   6.270035e-02   8.849204e-02   1.254000e-01   1.774289e-01   2.506410e-01   3.541330e-01   5.004734e-01   7.072850e-01   0.000000e+00
   6.271827e-02   6.257593e-02   8.881823e-02   1.257648e-01   1.772900e-01   2.504975e-01   3.537496e-01   5.019715e-01   7.073482e-01   0.000000e+00
   6.181176e-02   6.200145e-02   8.791130e-02   1.245698e-01   1.763907e-01   2.496570e-01   3.536213e-01   5.012426e-01   7.105467e-01   1.135836e-04
   6.212409e-02   6.186844e-02   8.805582e-02   1.248267e-01   1.769239e-01   2.485558e-01   3.538872e-01   5.014628e-01   7.106316e-01   0.000000e+00
   6.242240e-02   6.222229e-02   8.843427e-02   1.252967e-01   1.775104e-01   2.497545e-01   3.525736e-01   5.011355e-01   7.098549e-01   0.000000e+00
   6.167852e-02   6.206105e-02   8.711368e-02   1.241812e-01   1.759944e-01   2.497881e-01   3.534981e-01   5.019544e-01   7.120155e-01   0.000000e+00
   6.220332e-02   6.196996e-02   8.814571e-02   1.240878e-01   1.763277e-01   2.495002e-01   3.536305e-01   5.012701e-01   7.103223e-01   5.845212e-06
   6.223504e-02   6.246970e-02   8.845937e-02   1.254208e-01   1.775937e-01   2.517750e-01   3.565300e-01   5.012824e-01   7.075608e-01   9.945019e-05
   6.147830e-02   6.182440e-02   8.767364e-02   1.243305e-01   1.760250e-01   2.498016e-01   3.534063e-01   5.018431e-01   7.115690e-01   0.000000e+00
   6.178868e-02   6.143295e-02   8.763503e-02   1.243095e-01   1.760908e-01   2.493063e-01   3.540446e-01   5.018265e-01   7.117734e-01   8.823938e-07
   7.370573e-02   2.172334e-01   7.910885e-02   8.017295e-02   4.569907e-01   1.738144e-01   2.328001e-01   1.859022e+00   1.459724e+00   6.382791e-01
   6.214182e-02   6.229641e-02   8.822337e-02   1.249267e-01   1.760895e-01   2.498953e-01   3.536825e-01   5.007852e-01   7.091589e-01   1.395772e-06
   6.280096e-02   6.263129e-02   8.843042e-02   1.256189e-01   1.769765e-01   2.511748e-01   3.537868e-01   5.023482e-01   7.073941e-01   0.000000e+00
   6.249339e-02   6.273058e-02   8.881279e-02   1.249337e-01   1.763391e-01   2.507155e-01   3.551377e-01   5.030522e-01   7.074851e-01   1.453457e-06
   6.257070e-02   6.245841e-02   8.857590e-02   1.253945e-01   1.774790e-01   2.503934e-01   3.537087e-01   5.015581e-01   7.072976e-01   1.719541e-08
   6.248139e-02   6.238534e-02   8.842409e-02   1.251511e-01   1.771027e-01   2.506382e-01   3.536613e-01   5.012143e-01   7.072556e-01   1.719063e-08
   6.255723e-02   6.229334e-02   8.800209e-02   1.241203e-01   1.755085e-01   2.495627e-01   3.539148e-01   5.013852e-01   7.110724e-01   3.588433e-08
   6.210845e-02   6.221906e-02   8.809152e-02   1.247154e-01   1.765394e-01   2.499159e-01   3.536578e-01   5.006343e-01   7.087641e-01   0.000000e+00
   6.202326e-02   6.173140e-02   8.793828e-02   1.236449e-01   1.760377e-01   2.495424e-01   3.538294e-01   5.016260e-01   7.111155e-01   0.000000e+00
   6.180997e-02   6.208434e-02   8.805507e-02   1.237799e-01   1.760940e-01   2.492700e-01   3.538207e-01   5.017078e-01   7.112791e-01   0.000000e+00
   1.359919e-01   3.720668e-01   1.368212e-01   1.439615e-01   1.456154e-01   1.402442e+00   1.631276e+00   7.113267e-01   7.456777e-01   6.606374e-01
   6.264962e-02   6.233668e-02   8.804438e-02   1.253941e-01   1.777633e-01   2.495468e-01   3.556706e-01   4.990855e-01   7.114069e-01   2.314542e-05
   6.216050e-02   6.189544e-02   8.809953e-02   1.248855e-01   1.770140e-01   2.486976e-01   3.538226e-01   5.013838e-01   7.105964e-01   0.000000e+00
   6.264076e-02   6.291147e-02   8.841565e-02   1.247781e-01   1.761242e-01   2.503045e-01   3.542567e-01   5.010904e-01   7.099878e-01   0.000000e+00
   6.268635e-02   6.236809e-02   8.794641e-02   1.241626e-01   1.768911e-01   2.483498e-01   3.538448e-01   5.016549e-01   7.114596e-01   0.000000e+00
   4.855437e-01   1.772389e-01   1.676454e-01   3.189434e-01   1.969074e-01   2.018423e-01   2.070741e-01   2.393499e+00   7.498281e-01   6.725419e-01
   6.265005e-02   6.238509e-02   8.815945e-02   1.243484e-01   1.754689e-01   2.494091e-01   3.537601e-01   5.014118e-01   7.106821e-01   3.587326e-08
   6.271791e-02   6.296471e-02   8.852164e-02   1.249844e-01   1.777687e-01   2.516849e-01   3.564111e-01   5.013358e-01   7.075014e-01   1.414281e-06
   2.022558e-01   8.680708e-02   6.525592e-02   6.925976e-02   8.444160e-02   7.829645e-02   8.757456e-01   2.441453e+00   7.915109e-01   1.412589e-02
   6.250476e-02   6.226513e-02   8.775517e-02   1.237484e-01   1.760773e-01   2.495223e-01   3.534503e-01   5.017658e-01   7.115839e-01   1.987702e-06
   6.269096e-02   6.247903e-02   8.879863e-02   1.250938e-01   1.765029e-01   2.506075e-01   3.528019e-01   5.006917e-01   7.098519e-01   6.066981e-06
   6.232055e-02   6.217227e-02   8.824726e-02   1.249623e-01   1.768785e-01   2.492996e-01   3.537190e-01   5.007186e-01   7.090851e-01   1.031070e-04
   6.259462e-02   6.246907e-02   8.823775e-02   1.252020e-01   1.772241e-01   2.499616e-01   3.544055e-01   5.017462e-01   7.073209e-01   1.719802e-08
   6.168957e-02   6.202972e-02   8.703519e-02   1.240893e-01   1.759379e-01   2.495304e-01   3.538375e-01   5.018102e-01   7.115008e-01   5.353470e-10
   6.231755e-02   6.208947e-02   8.826596e-02   1.250531e-01   1.769507e-01   2.505775e-01   3.528745e-01   5.013651e-01   7.095985e-01   1.400991e-09
   6.186943e-02   6.224384e-02   8.736652e-02   1.245824e-01   1.757685e-01   2.491866e-01   3.540448e-01   5.018268e-01   7.118315e-01   0.000000e+00
   6.174033e-02   6.204610e-02   8.788080e-02   1.246490e-01   1.754150e-01   2.495911e-01   3.537453e-01   5.015950e-01   7.110546e-01   0.000000e+00
   2.639395e-01   8.675893e-02   9.132582e-02   9.991897e-02   6.055705e-01   2.321625e-01   2.361508e-01   2.519223e-01   2.341081e+00   7.070948e-08
   6.225250e-02   6.250403e-02   8.858370e-02   1.245463e-01   1.772048e-01   2.490922e-01   3.542226e-01   5.006678e-01   7.103481e-01   0.000000e+00
   6.220778e-02   6.242658e-02   8.772141e-02   1.239876e-01   1.763772e-01   2.501883e-01   3.531983e-01   5.014307e-01   7.113111e-01   3.810740e-08
   6.217470e-02   6.191681e-02   8.808147e-02   1.248754e-01   1.769865e-01   2.487044e-01   3.537904e-01   5.013924e-01   7.105028e-01   0.000000e+00
   1.078238e-01   2.224845e-01   1.180453e-01   5.851024e-01   3.068671e-01   3.505913e-01   3.862606e-01   4.132108e-01   1.510365e+00   7.404800e-05
   6.218305e-02   6.231139e-02   8.817777e-02   1.248556e-01   1.762090e-01   2.498324e-01   3.536375e-01   5.006701e-01   7.087460e-01   0.000000e+00
   6.232587e-02   6.256619e-02   8.796968e-02   1.251210e-01   1.759656e-01   2.499618e-01   3.537422e-01   5.017167e-01   7.095884e-01   0.000000e+00
   3.498976e-01   1.186823e-01   1.253237e-01   1.501317e-01   1.419926e-01   1.301622e+00   4.672439e-01   4.990178e-01   1.847114e+00   0.000000e+00
   6.230682e-02   6.213032e-02   8.825238e-02   1.250120e-01   1.769325e-01   2.503820e-01   3.526879e-01   5.010032e-01   7.095341e-01   0.000000e+00
   6.266040e-02   6.242311e-02   8.876988e-02   1.248592e-01   1.763837e-01   2.488932e-01   3.537900e-01   5.013004e-01   7.099486e-01   2.377740e-08
   7.310473e-02   2.370890e-01   7.663674e-02   9.199237e-02   6.303409e-01   2.121986e-01   2.219747e-01   2.442267e-01   2.415728e+00   6.577220e-01
   6.272423e-02   6.260067e-02   8.880747e-02   1.257252e-01   1.772538e-01   2.503922e-01   3.550455e-01   5.007227e-01   7.073139e-01   1.438406e-08
   5.503801e-01   2.558720e-01   2.253207e-01   2.403460e-01   2.563732e-01   2.736513e-01   3.619553e-01   3.295536e-01   2.006169e+00   9.703146e-04
   1.211286e-01   2.216327e-01   4.876436e-01   2.805318e-01   3.015868e-01   3.333611e-01   3.842427e-01   4.149888e-01   1.454667e+00   0.000000e+00
   2.021064e-01   5.463965e-01   2.031593e-01   2.230235e-01   2.156122e-01   2.303501e-01   2.147006e+00   7.505536e-01   7.726438e-01   0.000000e+00
   6.227947e-02   6.209724e-02   8.823053e-02   1.249951e-01   1.770033e-01   2.504132e-01   3.526428e-01   5.010505e-01   7.097147e-01   0.000000e+00
   6.151816e-02   6.185012e-02   8.766237e-02   1.242920e-01   1.761025e-01   2.498149e-01   3.535113e-01   5.016936e-01   7.113776e-01   0.000000e+00
   4.002978e-02   9.786865e-02   2.607132e-01   6.397925e-01   2.834633e-01   3.072414e-01   3.575196e-01   1.600870e+00   7.655450e-01   4.638360e-01
   6.257349e-02   6.246005e-02   8.858108e-02   1.254029e-01   1.774925e-01   2.504062e-01   3.536978e-01   5.015741e-01   7.072996e-01   9.613632e-05
   6.267557e-02   6.236031e-02   8.802394e-02   1.254073e-01   1.777811e-01   2.495658e-01   3.557163e-01   4.990238e-01   7.114331e-01   2.310611e-05
   6.139742e-02   6.175618e-02   8.754110e-02   1.241183e-01   1.759054e-01   2.496142e-01   3.540059e-01   5.016727e-01   7.117316e-01   0.000000e+00
   2.177025e-01   1.204418e-01   4.920626e-01   2.784013e-01   2.938561e-01   3.013481e-01   3.384548e-01   1.543184e+00   7.633869e-01   1.266402e-03
   6.258816e-02   6.245731e-02   8.862366e-02   1.254892e-01   1.776440e-01   2.504953e-01   3.552781e-01   5.007416e-01   7.073689e-01   1.720003e-08
   3.343700e-01   1.335215e-01   1.437734e-01   1.821624e-01   1.710505e-01   2.015249e-01   2.012993e-01   1.223362e+00   1.575740e+00   1.089348e-02
   4.405605e-01   2.189836e-01   2.431018e-01   2.425594e-01   2.666428e-01   3.045933e-01   3.165998e-01   1.555982e+00   7.633265e-01   5.403441e-03
   6.252510e-02   6.278147e-02   8.823997e-02   1.255509e-01   1.765105e-01   2.491158e-01   3.537541e-01   5.018254e-01   7.097458e-01   0.000000e+00
   6.168634e-02   6.201917e-02   8.785522e-02   1.246066e-01   1.764542e-01   2.498504e-01   3.542072e-01   5.022825e-01   7.104518e-01   1.437881e-06
   6.266512e-02   6.247143e-02   8.878163e-02   1.249201e-01   1.775698e-01   2.512329e-01   3.537286e-01   5.027914e-01   7.074358e-01   0.000000e+00
   7.837745e-02   4.050808e-02   1.961673e-01   4.451941e-01   1.085726e+00   6.670478e-01   6.147329e-01   6.740446e-01   7.394727e-01   4.538095e-01
   6.273779e-02   6.260107e-02   8.842802e-02   1.254827e-01   1.768396e-01   2.501613e-01   3.547825e-01   5.015972e-01   7.073424e-01   0.000000e+00
   4.045185e-02   1.282164e-01   4.279419e-01   1.537861e+00   4.673071e-01   5.252090e-01   1.838727e+00   7.425332e-01   8.158373e-01   2.791008e-03
   6.193873e-02   6.166969e-02   8.777433e-02   1.244204e-01   1.763487e-01   2.498575e-01   3.533855e-01   5.014503e-01   7.106216e-01   1.593987e-11
   1.253778e-01   6.187051e-02   3.459236e-01   1.548735e-01   1.656106e-01   1.785595e-01   1.906504e-01   1.145267e+00   1.615721e+00   1.061187e-02
   6.758384e-02   3.160252e-02   1.725671e-01   6.700260e-02   6.376542e-02   7.179805e-02   6.782986e-01   2.233408e+00   7.657255e-01   6.057665e-01
   6.265214e-02   6.240458e-02   8.876742e-02   1.250150e-01   1.762898e-01   2.504732e-01   3.523415e-01   5.012729e-01   7.103217e-01   6.069225e-06
   6.230995e-02   6.238951e-02   8.826686e-02   1.249232e-01   1.764451e-01   2.499229e-01   3.536430e-01   5.004677e-01   7.080460e-01   0.000000e+00
   2.907688e-02   8.307296e-02   2.866176e-01   8.660938e-01   2.814748e-01   2.963750e-01   3.463132e-01   2.201251e+00   7.852843e-01   5.998435e-01
   6.200624e-02   6.177494e-02   8.787012e-02   1.245356e-01   1.764833e-01   2.497289e-01   3.535486e-01   5.013216e-01   7.103063e-01   0.000000e+00
   2.246030e-01   8.104955e-02   7.329287e-02   7.977134e-02   6.789657e-01   2.704870e-01   2.394852e-01   2.386535e+00   7.738392e-01   0.000000e+00
   6.250585e-02   6.228387e-02   8.857767e-02   1.245693e-01   1.771706e-01   2.491651e-01   3.541690e-01   5.006142e-01   7.100873e-01   0.000000e+00
   1.326531e-01   2.856399e-01   1.440959e-01   1.584622e-01   1.869652e-01   1.947688e-01   2.166963e-01   9.796067e-01   1.398880e+00   4.107277e-01
   2.311685e-01   1.379273e-01   1.209623e-01   1.072574e-01   1.194256e-01   1.421689e-01   1.581959e-01   6.336201e-01   2.061379e+00   5.305893e-01
   6.180925e-02   6.207755e-02   8.798233e-02   1.246425e-01   1.764566e-01   2.502318e-01   3.539688e-01   5.009140e-01   7.104318e-01   0.000000e+00
   6.222584e-02   6.233942e-02   8.825151e-02   1.249239e-01   1.762478e-01   2.498835e-01   3.535935e-01   5.006547e-01   7.086124e-01   1.395147e-06
   4.373788e-02   1.335087e-01   4.870373e-01   1.749681e-01   1.532751e-01   1.951215e+00   1.622493e+00   7.564355e-01   7.970336e-01   1.086057e-04
   2.113055e-01   4.907841e-01   1.882122e-01   2.212793e-01   2.592443e-01   2.185200e-01   2.580717e-01   2.568493e-01   2.248887e+00   6.163501e-01
   6.266530e-02   6.236878e-02   8.804576e-02   1.253833e-01   1.777215e-01   2.495919e-01   3.555878e-01   4.990819e-01   7.111754e-01   2.310140e-05
   2.247779e-01   6.316227e-02   6.566583e-02   6.814599e-02   8.689023e-01   2.368303e+00   7.929864e-01   7.512469e-01   7.756144e-01   0.000000e+00
   1.334616e-02   3.104445e-02   8.023526e-02   2.023901e-01   5.850277e-01   2.459220e-01   1.783783e+00   7.178298e-01   7.788881e-01   1.480138e-04
   1.753267e-02   8.514557e-03   5.378938e-02   1.429339e-01   4.175033e-01   1.228040e+00   1.429481e+00   7.016602e-01   7.468557e-01   5.518404e-01
   5.514711e-01   2.145910e-01   2.048667e-01   2.279272e-01   2.278075e-01   2.813411e-01   2.568974e-01   2.142741e+00   7.716162e-01   0.000000e+00
   4.585322e-02   8.094137e-02   3.796174e-02   2.262691e-01   6.066911e-01   2.772541e-01   2.903447e-01   1.645106e+00   7.409529e-01   5.131125e-01
   1.985062e-01   8.423636e-02   7.369545e-02   6.556940e-01   2.284233e-01   2.698500e-01   2.611840e-01   3.022586e-01   2.358799e+00   8.848189e-05
   6.896213e-02   2.603072e-02   1.927801e-01   7.809378e-02   6.909414e-01   2.746302e-01   2.451199e-01   2.260138e+00   7.556464e-01   5.473986e-01
   6.157681e-02   6.196214e-02   8.689354e-02   1.239904e-01   1.758584e-01   2.495181e-01   3.538047e-01   5.020532e-01   7.120942e-01   5.356020e-10
   8.173646e-02   2.286755e-01   8.406893e-02   9.202191e-02   4.740024e-01   1.945793e-01   2.011468e-01   1.774825e+00   1.423046e+00   3.365679e-02
   6.266405e-02   6.241976e-02   8.822098e-02   1.244758e-01   1.756943e-01   2.495806e-01   3.538583e-01   5.010583e-01   7.102589e-01   3.586125e-08
   6.275263e-02   6.299907e-02   8.859060e-02   1.250590e-01   1.765463e-01   2.492679e-01   3.545205e-01   5.009725e-01   7.097333e-01   0.000000e+00
   1.767418e-02   5.163607e-03   5.590050e-02   1.801117e-01   6.485720e-01   2.265049e+00   6.905628e-01   7.219675e-01   7.497138e-01   6.982718e-01
   1.571066e-01   7.261873e-02   5.368684e-01   2.004989e-01   2.250311e-01   2.070809e-01   2.067826e+00   7.288158e-01   7.554973e-01   7.159404e-01
   9.412660e-02   2.013880e-01   4.148922e-01   2.319638e-01   2.872749e-01   2.994788e-01   3.038019e-01   3.336587e-01   1.593745e+00   4.512715e-01
   1.128759e-01   4.644966e-02   3.809118e-02   4.089120e-01   1.363129e+00   6.356118e-01   1.678451e+00   7.160866e-01   7.499865e-01   6.349990e-01
   9.893537e-03   2.528336e-02   7.234183e-02   1.973260e-01   6.162624e-01   1.945944e+00   6.947485e-01   7.255690e-01   8.285298e-01   3.719479e-06
   9.370561e-02   2.233044e-01   9.719131e-02   1.095969e-01   5.763503e-01   1.571146e+00   6.676761e-01   7.145557e-01   7.899538e-01   5.472646e-03
   3.458857e-02   7.405407e-02   3.640848e-02   2.082280e-01   5.274309e-01   1.335956e+00   6.248178e-01   6.845492e-01   7.409502e-01   4.719091e-01
   4.894891e-03   1.393237e-02   4.591534e-02   1.264125e-01   3.711910e-01   1.264500e+00   4.139160e-01   4.415814e-01   2.124479e+00   3.026138e-01
   4.999634e-02   1.297426e-01   3.693819e-01   1.569781e-01   1.460083e-01   1.295209e+00   1.637733e+00   7.374893e-01   7.878274e-01   9.212368e-05
   6.247509e-02   6.261051e-02   8.861020e-02   1.254982e-01   1.768479e-01   2.509977e-01   3.552836e-01   5.007485e-01   7.073681e-01   9.743799e-05
   9.389965e-02   2.589411e-01   1.099309e-01   8.264118e-01   2.813475e-01   3.245642e-01   3.132101e-01   2.101717e+00   7.829928e-01   5.752920e-01
   6.195943e-02   6.219958e-02   8.808787e-02   1.238871e-01   1.761815e-01   2.496686e-01   3.537407e-01   5.012570e-01   7.101854e-01   0.000000e+00
   5.453546e-01   1.832501e-01   1.811424e-01   1.932818e-01   2.338500e-01   2.201588e-01   2.205832e+00   7.984739e-01   7.886633e-01   1.334793e-02
   1.012179e-01   2.212600e-01   1.165475e-01   6.411984e-01   2.926936e-01   3.380475e-01   3.479460e-01   1.580810e+00   7.648792e-01   0.000000e+00
   2.911116e-02   8.081417e-02   2.364316e-01   1.223138e-01   1.024564e-01   7.976615e-01   9.057846e-01   1.725549e+00   7.981243e-01   2.403083e-06
   5.147935e-02   1.425505e-01   3.410386e-01   1.184805e-01   1.237805e-01   1.629064e-01   1.323922e-01   7.219072e-01   2.593400e+00   1.499977e-04
   5.229035e-02   2.571810e-02   1.099578e-01   2.895839e-01   7.334532e-01   3.568368e-01   1.315555e+00   6.789257e-01   7.398708e-01   4.907645e-01
   1.255999e-01   3.694117e-02   3.940336e-01   1.240713e-01   1.289367e-01   1.503309e+00   1.906809e+00   7.268473e-01   7.679248e-01   5.659597e-01
   1.334552e-02   4.314185e-02   1.677357e-01   6.517351e-01   1.797726e-01   2.618948e+00   7.224026e-01   7.630806e-01   8.007207e-01   1.319344e-02
   3.824019e-02   1.033697e-01   3.829918e-02   3.859992e-02   3.775775e-01   1.218490e+00   4.488890e-01   1.795859e+00   8.351869e-01   6.802804e-01
   1.858620e-01   3.064721e-01   1.426715e-01   1.485088e-01   1.586648e-01   1.147520e+00   4.626022e-01   4.942335e-01   1.581046e+00   5.438971e-01
   2.409090e-02   5.072374e-02   2.715219e-02   2.878503e-02   1.103372e-01   2.944548e-01   7.291787e-01   1.469797e+00   7.380356e-01   4.791170e-01
   6.264554e-02   6.276840e-02   8.885502e-02   1.253129e-01   1.776594e-01   2.508585e-01   3.543245e-01   5.006258e-01   7.073694e-01   0.000000e+00
   6.249162e-02   6.229616e-02   8.853662e-02   1.245942e-01   1.770857e-01   2.492115e-01   3.541979e-01   5.005217e-01   7.097306e-01   0.000000e+00
   4.862649e-02   1.679312e-02   1.489709e-01   4.013269e-01   1.240866e+00   5.912111e-01   1.541853e+00   7.288317e-01   7.709277e-01   3.349679e-02
   3.106144e-01   1.254940e-01   1.385192e-01   1.623030e-01   1.587066e-01   1.091079e+00   4.594158e-01   5.009490e-01   1.519728e+00   5.237020e-01
   3.861641e-02   1.271379e-02   1.176945e-01   3.890218e-01   1.296452e-01   1.360188e-01   1.366184e+00   4.565012e-01   1.948335e+00   6.763314e-01
   6.236417e-02   6.224497e-02   8.827999e-02   1.249669e-01   1.762236e-01   2.499293e-01   3.536353e-01   5.005890e-01   7.085901e-01   1.519699e-08
   6.252022e-02   6.241087e-02   8.817494e-02   1.250163e-01   1.769682e-01   2.505327e-01   3.533192e-01   5.009731e-01   7.080696e-01   0.000000e+00
   4.450832e-02   1.108582e-01   2.975407e-01   1.423266e-01   1.577816e-01   7.190114e-01   1.485066e+00   7.303101e-01   7.503700e-01   5.148900e-01
   6.228525e-02   6.248648e-02   8.851894e-02   1.246057e-01   1.770561e-01   2.505536e-01   3.548112e-01   5.026941e-01   7.074337e-01   1.413648e-06
   2.721906e-02   6.340081e-02   3.440703e-02   3.604372e-02   1.960380e-01   4.719390e-01   1.206740e+00   5.814296e-01   1.207572e+00   4.797149e-01
   5.452751e-02   2.472704e-02   1.919868e-01   6.942564e-02   7.781616e-02   7.116476e-02   7.548904e-01   2.580109e-01   2.378071e+00   6.393665e-01
   5.812064e-03   1.735610e-02   5.451075e-02   2.476601e-02   1.869620e-01   5.450372e-01   1.730824e+00   6.112382e-01   1.484027e+00   0.000000e+00
   1.716441e-01   7.792909e-02   6.237925e-02   5.482259e-01   2.061736e-01   2.163090e-01   1.979946e+00   8.575867e-01   7.593549e-01   6.152877e-01
   6.231014e-02   6.255315e-02   8.796065e-02   1.250990e-01   1.759386e-01   2.500057e-01   3.537414e-01   5.017085e-01   7.095765e-01   0.000000e+00
   1.884771e-01   3.858186e-01   1.889508e-01   2.361716e-01   2.318524e-01   2.718353e-01   2.860306e-01   1.583153e+00   7.732411e-01   0.000000e+00
   7.023792e-02   2.534116e-02   1.891378e-01   5.230862e-01   1.555529e+00   7.745268e-01   6.588284e-01   7.022215e-01   7.448115e-01   5.732187e-01
   1.485799e-01   5.215700e-02   4.246908e-01   1.799449e-01   1.710881e-01   1.447985e+00   1.287803e+00   7.057715e-01   7.463160e-01   5.790213e-01
   6.236994e-02   6.221304e-02   8.830862e-02   1.250353e-01   1.761654e-01   2.498524e-01   3.539507e-01   5.004133e-01   7.091564e-01   0.000000e+00
   3.295120e-02   8.431141e-02   2.118023e-01   5.889414e-01   2.114519e-01   1.961522e+00   6.927423e-01   7.304428e-01   7.863882e-01   3.724847e-06
   6.067312e-02   1.865581e-01   5.715703e-02   6.403409e-01   2.156581e-01   2.361385e-01   2.168794e-01   2.544058e+00   7.754352e-01   0.000000e+00
   1.736710e-01   4.897387e-01   1.659421e-01   3.183811e-01   1.941811e-01   1.993330e-01   2.034842e-01   2.440624e+00   7.501721e-01   6.836432e-01
   1.731526e-01   8.251076e-02   6.458261e-02   5.749502e-01   2.367964e-01   2.211616e-01   2.044872e+00   7.564245e-01   7.858756e-01   0.000000e+00
   9.953854e-03   2.257531e-02   1.349698e-02   1.304086e-02   8.297514e-02   2.330674e-01   6.673805e-01   2.888707e-01   2.057753e+00   0.000000e+00
   9.411160e-02   2.603284e-01   9.969229e-02   1.023515e-01   1.501620e-01   1.198932e-01   1.043684e+00   3.852720e-01   2.041274e+00   1.064840e-02
   5.915955e-02   1.998711e-02   1.847379e-01   5.756708e-01   2.066222e-01   1.868103e+00   6.906100e-01   7.090078e-01   7.464566e-01   6.100896e-01
   9.249302e-02   4.601528e-02   2.188895e-01   5.867952e-01   2.594076e-01   2.944477e-01   3.107677e-01   3.303656e-01   1.759091e+00   4.925149e-01
   4.175828e-02   1.033639e-01   2.759461e-01   1.328113e-01   6.957586e-01   3.353604e-01   1.521269e+00   7.529004e-01   7.747272e-01   2.071555e-02
   6.221820e-02   6.186834e-02   8.726768e-02   1.244003e-01   1.762398e-01   2.495605e-01   3.533344e-01   5.017903e-01   7.116525e-01   0.000000e+00
   6.242802e-02   6.224783e-02   8.841756e-02   1.252410e-01   1.763582e-01   2.490125e-01   3.537681e-01   5.009740e-01   7.095180e-01   0.000000e+00
   1.684168e-01   8.343214e-02   3.919210e-01   2.381502e-01   2.395250e-01   2.667779e-01   3.044570e-01   1.400190e+00   7.578778e-01   4.453835e-01
   5.543872e-02   1.514564e-01   5.700586e-01   2.861152e-01   1.821478e-01   2.465711e+00   7.083360e-01   7.494204e-01   7.923274e-01   4.677449e-01
   8.755859e-03   1.433020e-02   3.334120e-02   7.470072e-02   1.425458e-01   2.400857e-01   5.891643e-01   3.186878e-01   1.506653e+00   4.722995e-01
   6.254856e-02   6.276809e-02   8.893373e-02   1.251339e-01   1.765997e-01   2.511350e-01   3.542972e-01   5.028809e-01   7.075675e-01   1.413941e-06
   2.620649e-01   5.516345e-01   2.929459e-01   3.149327e-01   3.311362e-01   3.794887e-01   3.993501e-01   4.368261e-01   1.543132e+00   0.000000e+00
   7.311201e-03   1.567908e-02   4.459080e-02   1.816654e-02   9.998227e-02   2.585641e-01   1.042318e-01   7.527738e-01   2.072315e+00   6.764551e-03
   7.385517e-02   3.440272e-02   3.291413e-02   2.417654e-01   4.583365e-01   1.761917e-01   2.353326e-01   1.852764e+00   1.459477e+00   5.658958e-01
   1.135929e-01   2.943689e-01   1.277226e-01   1.294300e-01   1.469538e-01   9.939792e-01   3.949851e-01   4.220069e-01   1.856280e+00   0.000000e+00
   1.488979e-02   5.528946e-02   1.746644e-02   1.604124e-02   2.183715e-01   6.215742e-02   8.787336e-01   2.880810e-01   2.845368e+00   2.997410e-02
   6.510515e-03   1.938431e-02   6.071959e-02   1.750235e-01   5.549311e-01   1.617453e+00   5.975952e-01   6.116028e-01   1.478207e+00   0.000000e+00
   1.732054e-01   4.873401e-01   1.933293e-01   1.913010e-01   2.154387e-01   2.270506e-01   1.913318e+00   7.297633e-01   7.457202e-01   5.971532e-01
   9.283430e-02   2.515885e-01   1.124168e-01   1.063836e-01   1.126783e-01   6.817270e-01   1.921223e+00   8.074829e-01   7.708255e-01   5.093434e-03
   3.660311e-02   8.810406e-02   2.816834e-01   1.043091e-01   9.756597e-02   6.622019e-01   2.301237e-01   2.375951e+00   7.736502e-01   7.436848e-03
   6.208091e-02   6.239236e-02   8.755501e-02   1.236176e-01   1.760649e-01   2.495398e-01   3.538145e-01   5.015667e-01   7.113406e-01   0.000000e+00
   4.972900e-02   1.813735e-02   1.715119e-02   3.294170e-02   2.068610e-01   6.619622e-02   7.089929e-01   2.474777e+00   7.743507e-01   1.930719e-03
   2.055419e-01   1.097474e-01   1.349771e-01   1.285883e-01   1.312125e-01   5.268696e-01   1.478169e+00   7.551471e-01   7.517436e-01   4.600411e-01
   1.055650e-01   4.815414e-02   2.760959e-01   1.026958e-01   1.470260e-01   1.148832e-01   1.131795e+00   3.844652e-01   2.336887e+00   0.000000e+00
   6.520760e-02   2.607382e-02   1.746789e-01   4.467841e-01   2.005586e-01   9.804415e-01   4.554614e-01   1.411762e+00   7.413208e-01   5.258925e-01
   6.183614e-02   6.216740e-02   8.816808e-02   1.237269e-01   1.763860e-01   2.501389e-01   3.544341e-01   5.008930e-01   7.114045e-01   0.000000e+00
   6.464346e-02   2.198227e-01   6.705141e-02   7.761640e-02   8.132926e-02   7.901552e-02   9.096602e-02   8.549805e-01   2.545140e+00   7.073550e-01
   9.036204e-02   3.191079e-02   2.216916e-01   6.435656e-01   2.590840e-01   2.965947e-01   2.769428e-01   2.038532e+00   7.710607e-01   0.000000e+00
   3.386811e-02   7.566930e-02   3.776356e-02   3.902379e-02   2.429534e-01   1.111904e-01   6.506673e-01   1.738046e+00   7.659076e-01   2.932213e-03
   5.560495e-01   1.887247e-01   1.992984e-01   2.387395e-01   2.258357e-01   2.580347e-01   1.228399e+00   4.946346e-01   1.857120e+00   0.000000e+00
   2.232064e-01   7.083204e-01   2.069811e-01   2.535500e-01   2.268201e-01   2.354841e-01   2.438565e-01   2.539653e-01   2.731258e+00   1.462822e-02
   6.269637e-02   6.258599e-02   8.872024e-02   1.251732e-01   1.774572e-01   2.504220e-01   3.548967e-01   5.006058e-01   7.072888e-01   1.412295e-06
   1.610230e-01   9.891974e-02   7.516044e-02   8.088668e-02   8.889299e-02   5.939806e-01   2.972320e-01   3.016176e-01   1.927940e+00   5.788582e-03
   6.528930e-02   1.858255e-02   2.361772e-01   7.317215e-01   2.197666e-01   2.346748e-01   1.019177e+00   2.315448e+00   7.633232e-01   5.838501e-01
   4.696344e-01   2.724242e-01   1.888495e-01   1.999477e-01   2.176789e-01   2.449429e-01   2.910662e-01   2.619825e-01   2.140507e+00   5.403870e-01
   3.867124e-01   2.154541e-01   2.128886e-01   2.354342e-01   2.632937e-01   2.901060e-01   3.728931e-01   3.742347e-01   1.535790e+00   7.717116e-04
   9.709869e-02   3.029729e-01   9.324731e-02   1.054494e+00   3.809724e-01   3.362434e-01   3.787655e-01   3.664363e-01   2.471547e+00   0.000000e+00
   1.940548e-01   6.064650e-02   6.345444e-02   7.684626e-02   9.649375e-02   7.808648e-01   2.555320e-01   2.692051e-01   2.351070e+00   6.358495e-01
   1.379093e-01   5.679059e-02   3.682164e-01   8.828930e-01   4.321862e-01   4.294470e-01   4.633378e-01   5.145642e-01   1.541703e+00   0.000000e+00
   2.135100e-01   9.787633e-02   5.557383e-01   2.084929e-01   2.978598e-01   2.337366e-01   2.266700e+00   7.404117e-01   8.174433e-01   1.797075e-04
   3.082609e-02   1.067838e-01   3.470757e-02   3.343342e-02   4.080940e-01   1.624163e-01   1.586791e+00   2.063430e+00   7.587828e-01   5.750770e-01
   2.591633e-02   7.190179e-02   2.113679e-01   6.235752e-01   1.634299e+00   6.792655e-01   6.820816e-01   7.243389e-01   7.698258e-01   0.000000e+00
   6.281462e-02   6.270064e-02   8.889961e-02   1.254099e-01   1.772185e-01   2.503484e-01   3.549108e-01   5.006631e-01   7.072944e-01   1.412347e-06
   6.247314e-02   6.221507e-02   8.854692e-02   1.254000e-01   1.776887e-01   2.497244e-01   3.552382e-01   4.992689e-01   7.105477e-01   1.032298e-04
   2.235143e-01   5.506548e-01   2.294302e-01   2.534838e-01   2.514381e-01   2.712196e-01   2.819095e-01   1.952315e+00   7.864190e-01   1.057198e-02
   1.345970e-01   6.777560e-02   4.041805e-01   1.741020e-01   1.966091e-01   1.889573e-01   1.436037e+00   5.942432e-01   1.461851e+00   8.454505e-03
   6.262980e-02   6.289980e-02   8.840061e-02   1.248127e-01   1.761348e-01   2.503165e-01   3.542729e-01   5.011132e-01   7.099449e-01   1.457622e-06
   6.186922e-02   6.215347e-02   8.729014e-02   1.243321e-01   1.761269e-01   2.496375e-01   3.537103e-01   5.014352e-01   7.109839e-01   0.000000e+00
   6.276801e-02   6.302909e-02   8.857640e-02   1.250939e-01   1.765176e-01   2.490765e-01   3.537514e-01   5.018468e-01   7.098010e-01   0.000000e+00
   9.289865e-02   6.710381e-02   6.138382e-02   7.669562e-02   2.764466e-01   4.846550e-01   1.079109e+00   6.557066e-01   7.889044e-01   0.000000e+00
   6.207135e-02   2.964632e-02   1.312684e-01   3.474002e-01   9.197857e-01   4.458304e-01   4.408807e-01   4.755989e-01   1.521507e+00   5.003062e-01
   6.251385e-02   6.230000e-02   8.793793e-02   1.250638e-01   1.762052e-01   2.490002e-01   3.538470e-01   5.011229e-01   7.103197e-01   3.498494e-08
   2.155586e-01   9.179895e-02   9.102653e-02   9.484309e-02   5.984038e-01   2.857843e-01   2.705433e-01   1.828092e+00   7.815379e-01   4.617383e-01
   5.289332e-02   1.420987e-01   5.406902e-02   4.565963e-01   1.757252e-01   1.805676e-01   1.145070e+00   1.791704e+00   9.218478e-01   3.431246e-08
   2.166994e-02   5.520683e-02   2.136033e-02   1.443783e-01   4.297464e-01   1.270851e+00   1.488372e+00   7.239104e-01   7.731208e-01   2.672785e-03
   6.222899e-02   6.242306e-02   8.836875e-02   1.251832e-01   1.765043e-01   2.490923e-01   3.537440e-01   5.011423e-01   7.094000e-01   0.000000e+00
   2.725286e-02   8.813653e-02   3.211521e-01   1.151409e-01   1.008221e-01   1.193514e-01   1.341854e+00   2.332570e+00   7.753337e-01   4.488550e-06
   7.537896e-03   1.430655e-02   8.471152e-03   3.465240e-02   7.260642e-02   1.486164e-01   3.211433e-01   6.918767e-01   1.427723e+00   8.716455e-10
   1.604162e-01   5.138361e-02   5.972779e-01   1.857283e-01   1.910536e-01   1.975027e-01   1.927471e-01   1.296669e+00   2.535198e+00   1.120522e-01
   1.914109e-01   6.533431e-01   1.960028e-01   2.295982e-01   2.559331e-01   2.349373e-01   2.705169e-01   2.633337e-01   2.556666e+00   7.041001e-01
   5.018940e-18   2.248310e-18   2.471542e-18   1.409004e-17   2.712446e-17   1.310314e-17   1.616609e-17   9.147496e-17   7.750459e-17   2.051394e+00
   6.234755e-02   6.214839e-02   8.771955e-02   1.247128e-01   1.765764e-01   2.499917e-01   3.532840e-01   5.010337e-01   7.099817e-01   0.000000e+00
   3.671586e-18   1.954723e-18   2.214488e-18   8.670621e-18   1.471038e-17   3.117349e-17   1.908881e-17   7.550863e-17   4.808118e-17   1.605395e+00
   1.681050e-02   5.268102e-02   1.940626e-01   1.157170e-01   6.696713e-01   2.323627e-01   2.212216e-01   2.607194e+00   7.759375e-01   0.000000e+00
   3.559655e-01   1.696826e-01   1.449613e-01   1.854345e-01   1.787760e-01   2.005335e-01   1.959191e-01   1.279944e+00   1.642281e+00   5.603218e-01
   1.362264e-01   4.901415e-02   3.798777e-01   1.462630e-01   1.193885e+00   5.303804e-01   1.469903e+00   7.245399e-01   7.698778e-01   0.000000e+00
   3.987240e-02   1.131147e-01   2.836608e-01   1.046024e-01   1.110652e-01   9.984672e-01   3.540267e-01   3.737349e-01   2.124780e+00   0.000000e+00
   6.547790e-02   1.993153e-01   6.340863e-02   8.269997e-02   7.675603e-01   2.491906e-01   2.714838e-01   2.283805e+00   7.948352e-01   7.301713e-01
   1.410811e-03   4.232105e-03   1.511211e-02   5.383753e-02   1.916675e-01   6.823573e-01   2.429267e+00   7.542942e-01   7.957788e-01   1.206999e-02
   8.173074e-02   1.889628e-01   5.121253e-01   2.137632e-01   2.278768e-01   2.523627e-01   2.442206e-01   2.026489e+00   7.704054e-01   0.000000e+00
   5.590759e-02   1.944941e-02   1.690502e-01   4.827543e-01   1.091314e+00   4.648346e-01   4.633839e-01   1.643655e+00   7.452090e-01   5.996953e-01
   6.466495e-02   1.943976e-01   5.858166e-01   2.277287e-01   2.045146e-01   2.406049e-01   2.270945e+00   7.484025e-01   7.736679e-01   4.156311e-06
   2.778665e-02   4.527237e-02   3.501276e-02   1.077945e-01   1.857584e-01   3.255402e-01   5.104947e-01   1.091980e+00   7.487663e-01   2.077860e-06
   5.254413e-02   1.415342e-02   1.465788e-02   1.847766e-01   5.203540e-02   7.256646e-01   2.584609e+00   7.279774e-01   7.511674e-01   7.543394e-01
   2.075115e-02   4.569856e-02   1.177641e-01   2.817584e-01   7.684681e-01   3.470309e-01   3.647032e-01   4.034900e-01   1.762373e+00   0.000000e+00
   1.605769e-02   3.008972e-02   1.236870e-02   9.785445e-02   3.216981e-01   1.031566e+00   1.163055e+00   5.122184e-01   1.888009e+00   5.275676e-02
   1.275499e-01   3.053783e-01   1.055403e-01   1.145567e-01   1.238753e-01   1.216314e+00   4.072358e-01   1.956297e+00   9.513558e-01   0.000000e+00
   1.176472e-01   2.911337e-01   1.245263e-01   1.339610e-01   1.573882e-01   1.577049e-01   1.074848e+00   4.585509e-01   1.603451e+00   4.573321e-01
   6.241897e-02   6.249938e-02   8.815757e-02   1.250770e-01   1.764785e-01   2.502538e-01   3.543679e-01   5.017562e-01   7.076047e-01   1.806588e-05
   2.165548e-02   6.249544e-02   2.807644e-02   2.799154e-02   2.191068e-01   6.227811e-01   1.918221e+00   7.304308e-01   7.476100e-01   5.745566e-01
   3.663886e-02   1.977362e-02   1.010670e-01   4.985617e-02   4.909043e-02   5.569104e-02   3.456259e-01   9.137446e-01   1.700803e+00   4.820436e-01
   1.722164e-02   4.864740e-02   1.914996e-01   6.876137e-01   2.195138e-01   2.606464e+00   7.140524e-01   7.539095e-01   7.952650e-01   4.906858e-01
   6.227262e-02   6.247542e-02   8.850447e-02   1.246147e-01   1.770513e-01   2.505482e-01   3.548073e-01   5.026960e-01   7.074643e-01   0.000000e+00
   1.571202e-02   4.838135e-02   1.443086e-01   6.365175e-02   3.027971e-01   1.040884e-01   1.087178e-01   6.480776e-01   2.485647e+00   6.716860e-01
   6.244596e-02   6.227468e-02   8.843382e-02   1.245868e-01   1.768928e-01   2.491570e-01   3.537943e-01   5.008285e-01   7.093882e-01   1.041398e-04
   1.276373e-01   5.342870e-02   3.244776e-01   1.513527e-01   8.548094e-01   4.999790e-01   4.436602e-01   4.808411e-01   1.543896e+00   0.000000e+00
   1.137111e-01   4.626908e-02   4.358252e-02   4.493820e-02   3.764035e-01   1.382724e-01   1.085604e+00   1.495114e+00   1.413029e+00   0.000000e+00
   2.983249e-01   1.376610e-01   8.942725e-01   3.609833e-01   3.841133e-01   4.774424e-01   4.367995e-01   4.653467e-01   1.776218e+00   1.157655e-02
   6.269647e-02   6.284019e-02   8.865117e-02   1.251924e-01   1.775764e-01   2.514453e-01   3.545081e-01   5.007796e-01   7.074002e-01   8.771386e-10
   1.216122e-01   2.679736e-01   7.000015e-01   3.052036e-01   3.164072e-01   3.370622e-01   3.791883e-01   3.878901e-01   1.855182e+00   1.141708e-04
   2.034244e-01   5.299439e-01   1.819614e-01   1.913181e-01   2.341347e-01   2.791275e-01   2.362563e-01   3.626174e-01   2.387122e+00   1.390488e-04
   4.577781e-02   1.170507e-01   2.568231e-01   1.253526e-01   6.991948e-01   2.866615e-01   3.262590e-01   1.886449e+00   7.691019e-01   7.484547e-03
   8.792772e-02   3.964856e-02   3.133570e-01   1.212693e-01   1.150980e-01   1.195666e+00   5.277480e-01   1.997536e+00   8.218784e-01   6.394582e-01
   3.763966e-02   6.404305e-02   1.962526e-01   8.582413e-02   8.686352e-02   6.254803e-01   1.772567e+00   7.262236e-01   7.687339e-01   2.385925e-02
   3.868017e-02   9.943065e-02   2.903206e-01   1.313551e-01   1.234906e-01   1.584194e-01   1.065332e+00   1.749667e+00   7.900347e-01   3.540952e-06
   5.746442e-02   4.521759e-02   6.219639e-02   7.623267e-02   9.644879e-02   2.000216e-01   3.256689e-01   5.242082e-01   8.577791e-01   4.800486e-01
   1.865313e-02   4.973932e-02   1.178957e-01   3.619434e-01   1.351153e-01   1.670006e-01   1.385857e-01   7.129163e-01   2.463204e+00   1.430938e-04
   6.245113e-02   6.222173e-02   8.846875e-02   1.244560e-01   1.758199e-01   2.497420e-01   3.537829e-01   5.012613e-01   7.098629e-01   2.310147e-08
   1.994763e-01   1.110774e-01   1.449980e-01   1.520588e-01   1.714754e-01   4.529052e-01   3.233211e-01   1.150370e+00   8.132277e-01   9.417484e-06
   5.624495e-02   2.510127e-02   1.072445e-01   2.723409e-01   5.401598e-01   1.283533e+00   6.356535e-01   6.976180e-01   7.625362e-01   0.000000e+00
   4.094111e-02   8.206620e-02   1.939253e-01   4.676195e-01   1.140517e+00   6.062216e-01   6.314562e-01   6.888120e-01   7.930491e-01   1.258032e-04
   1.490158e-01   6.942538e-02   8.154452e-02   4.171432e-01   1.996953e-01   2.258006e-01   9.599709e-01   4.840196e-01   1.470360e+00   1.497556e-02
   1.067138e-01   2.591525e-01   9.949638e-02   1.153007e-01   1.093235e-01   8.116169e-01   1.123709e+00   4.947487e-01   1.841802e+00   0.000000e+00
   1.884951e-01   7.210924e-02   6.919313e-02   7.225950e-02   7.430183e-02   7.322277e-01   2.468001e-01   2.282884e+00   7.727462e-01   6.109849e-02
