   0.000000e+00   0.000000e+00   6.910778e-05   4.363171e-01   2.546121e-02   0.000000e+00   4.619984e-01   9.737440e-05   9.924440e-01   4.092081e-01   2.912513e-01   2.207303e-01   2.313101e-01   9.856988e-01   3.696824e-01   3.916903e-01   5.383102e-01   6.293857e-01   5.883644e-01
   3.909720e-01   1.424041e-02   1.243326e-02   3.353134e-04   0.000000e+00   0.000000e+00   0.000000e+00   1.000000e+00   1.170018e-02   7.271012e-01   7.283628e-01   2.472377e-01   4.528262e-01   4.101403e-01   3.263350e-01   4.225484e-01   5.786683e-01   5.680474e-01   3.885679e-01
   6.827953e-01   1.727303e-03   4.717975e-02   8.209324e-03   0.000000e+00   1.288787e-02   0.000000e+00   3.017160e-03   0.000000e+00   4.573331e-01   1.935740e-01   4.776644e-01   1.491838e-01   9.587251e-01   4.227403e-01   1.000000e+00   6.692091e-01   7.175585e-01   5.215970e-01
   3.614871e-01   3.200398e-03   9.450840e-03   7.734674e-11   4.302530e-03   7.391659e-03   1.154612e-02   1.017840e-03   0.000000e+00   6.573238e-01   2.048406e-01   3.166852e-01   5.030268e-01   4.859782e-01   4.995705e-01   4.507033e-01   7.893699e-01   5.096539e-01   5.574144e-01
   1.137662e-02   4.778912e-01   4.238473e-03   5.328038e-04   0.000000e+00   2.714126e-02   1.000000e+00   9.561237e-01   6.412624e-05   3.906816e-01   5.623917e-01   4.351911e-01   5.039223e-01   4.139400e-01   3.425640e-01   4.769584e-01   5.125006e-01   7.074727e-01   5.574849e-01
   2.996545e-01   5.082062e-01   7.935044e-04   0.000000e+00   9.981877e-01   4.470905e-02   3.276580e-05   3.332303e-03   4.488413e-01   3.523065e-01   6.097377e-01   6.972787e-01   4.518456e-01   9.878526e-01   8.884773e-01   4.013853e-01   6.365063e-01   7.423037e-01   5.835734e-01
   2.320824e-02   0.000000e+00   0.000000e+00   5.098277e-01   0.000000e+00   0.000000e+00   1.755365e-02   9.891972e-01   6.247649e-02   3.917195e-01   2.718198e-01   1.559304e-01   4.839028e-01   5.543668e-01   5.086167e-01   4.466128e-01   5.070908e-01   7.213637e-01   5.992033e-01
   1.380270e-02   4.736827e-04   0.000000e+00   1.175228e-10   0.000000e+00   0.000000e+00   1.506902e-02   3.918962e-03   5.172121e-01   9.152123e-02   5.968624e-01   1.430735e-01   5.196194e-01   4.784650e-01   4.686255e-01   3.754592e-01   6.420787e-01   5.106788e-01   5.514123e-01
   1.137662e-02   5.005187e-01   1.008372e-02   5.286423e-04   0.000000e+00   6.635135e-03   0.000000e+00   9.561237e-01   6.412624e-05   3.932361e-01   5.930909e-01   4.351911e-01   5.519131e-01   4.139400e-01   3.425640e-01   4.782059e-01   5.125006e-01   7.078047e-01   3.251088e-01
   1.920551e-02   3.511378e-01   5.687731e-05   1.675391e-05   4.476383e-01   0.000000e+00   1.136118e-02   3.185699e-03   9.136046e-03   7.444122e-01   2.116609e-01   2.750387e-01   4.315634e-01   5.039158e-01   4.919182e-01   4.522659e-01   5.738230e-01   1.000000e+00   3.725880e-01
   3.515042e-01   5.945160e-04   1.627379e-03   4.039934e-05   1.098027e-03   7.895363e-04   0.000000e+00   5.118153e-01   0.000000e+00   4.756084e-01   2.415371e-01   6.497431e-01   4.251460e-01   9.862982e-01   8.638559e-01   3.851330e-01   6.004044e-01   4.375788e-01   2.279973e-01
   0.000000e+00   0.000000e+00   3.824034e-01   4.632730e-01   1.386376e-02   9.520270e-01   7.929786e-03   0.000000e+00   2.941635e-02   1.731971e-01   7.473948e-01   4.191497e-01   2.250899e-01   6.803521e-01   2.862931e-01   3.533578e-01   5.409083e-01   9.237010e-01   3.506874e-01
   1.291190e-03   4.744488e-01   4.235124e-03   5.334158e-04   0.000000e+00   2.714126e-02   0.000000e+00   3.117592e-03   6.412624e-05   3.906816e-01   5.623917e-01   6.522933e-01   5.087516e-01   4.002612e-01   3.418660e-01   3.149197e-01   5.125006e-01   7.074727e-01   5.574849e-01
   2.543602e-04   1.463603e-02   2.218114e-09   1.081530e-02   4.811736e-01   9.027584e-04   1.328979e-02   9.624575e-01   7.780117e-01   6.728880e-01   7.284433e-01   6.489774e-01   4.556043e-01   6.424540e-01   3.690485e-01   5.376889e-01   6.502454e-01   5.349762e-01   5.204135e-01
   3.667102e-01   0.000000e+00   1.244856e-10   1.617928e-12   4.085080e-01   4.982666e-01   0.000000e+00   5.844772e-04   5.533583e-02   4.765202e-01   7.131821e-01   0.000000e+00   5.386949e-02   4.891181e-01   3.291754e-01   3.896108e-01   4.175657e-01   9.877409e-01   5.553383e-01
   0.000000e+00   9.197410e-04   0.000000e+00   4.895178e-05   3.571574e-01   1.533318e-02   1.642004e-04   1.845738e-02   1.000000e+00   4.028425e-01   0.000000e+00   9.773612e-02   4.686196e-01   8.991742e-01   3.447765e-01   3.910345e-01   5.111832e-01   9.404039e-01   5.181490e-01
   0.000000e+00   1.461935e-02   3.586300e-01   5.159652e-01   1.150238e-05   3.175624e-02   1.852642e-02   1.000000e+00   9.190148e-01   3.901257e-01   6.350454e-01   3.405608e-01   3.726689e-01   9.884156e-01   3.037363e-01   4.420665e-01   4.577784e-01   7.678007e-01   4.431404e-01
   4.122417e-01   0.000000e+00   0.000000e+00   4.678024e-03   4.685985e-03   6.977939e-03   4.694385e-01   4.256627e-07   9.850680e-01   3.894192e-01   5.754580e-01   6.581828e-01   6.932221e-02   4.292529e-01   4.155930e-01   4.362258e-01   8.840745e-01   9.425178e-01   3.358904e-01
   4.910471e-04   4.699850e-01   1.604907e-03   9.793566e-04   1.000000e+00   3.585107e-01   2.752016e-02   9.398337e-01   2.705074e-01   6.759334e-01   6.057206e-01   6.783588e-01   4.524326e-01   6.173552e-01   4.056425e-01   7.254240e-01   6.009423e-01   4.503621e-01   5.925092e-01
   1.468060e-04   0.000000e+00   4.788229e-01   3.550468e-03   0.000000e+00   9.682240e-01   4.228334e-03   9.812454e-01   2.822991e-01   2.545306e-01   3.791670e-01   6.867823e-01   4.297244e-01   4.758674e-01   4.043157e-01   5.917181e-01   5.721258e-01   9.021508e-01   5.926287e-01
   0.000000e+00   2.435467e-03   2.271531e-03   4.027621e-01   4.903361e-01   8.277957e-02   1.000000e+00   4.486033e-02   8.989156e-02   2.490905e-01   2.534640e-01   2.775659e-01   4.262964e-01   6.291324e-01   3.577860e-01   2.967313e-01   4.706619e-01   6.790011e-01   2.438573e-01
   3.044200e-01   8.269399e-04   3.738927e-01   4.742755e-01   1.000000e+00   8.693005e-02   1.000000e+00   2.226472e-02   9.494963e-01   3.031998e-01   7.233630e-01   1.364321e-01   4.405145e-01   9.173191e-01   3.393929e-01   3.743627e-01   6.917803e-01   7.223293e-01   5.198344e-01
   2.067054e-03   1.000000e+00   0.000000e+00   0.000000e+00   0.000000e+00   2.417877e-03   1.088404e-02   5.006859e-01   1.553902e-01   3.579126e-01   5.308320e-01   4.087376e-01   1.980428e-01   5.654590e-01   5.071777e-01   4.980852e-01   5.810658e-01   1.169298e-01   5.473436e-01
   3.462137e-01   0.000000e+00   2.477661e-03   4.502030e-01   3.605355e-03   4.213203e-05   0.000000e+00   4.549885e-01   0.000000e+00   4.788668e-01   6.016751e-01   1.814854e-01   4.337056e-01   1.000000e+00   4.971835e-01   9.532603e-01   6.063450e-01   1.000000e+00   5.447995e-01
   3.028749e-01   3.432670e-01   1.309751e-04   1.531156e-04   0.000000e+00   9.411920e-03   3.708806e-03   4.815162e-01   1.000000e+00   8.346608e-01   2.705798e-01   2.515982e-01   5.613461e-01   4.947880e-01   8.225813e-01   9.282390e-01   4.924587e-01   4.720619e-01   3.738274e-01
   3.008813e-01   1.348696e-02   5.540564e-04   4.195656e-01   1.256834e-02   0.000000e+00   1.714982e-02   1.000000e+00   9.771985e-01   1.604197e-01   2.975978e-01   1.755317e-02   4.007412e-01   4.975106e-01   3.584401e-01   3.570221e-01   4.050245e-01   8.797363e-01   4.548759e-01
   1.147807e-04   1.890499e-03   0.000000e+00   0.000000e+00   0.000000e+00   3.486826e-01   0.000000e+00   5.183633e-01   7.401140e-03   2.503722e-01   2.829791e-01   6.684164e-01   4.948090e-01   1.000000e+00   3.722129e-01   9.564592e-01   6.032756e-01   6.060712e-01   5.554663e-01
   4.357445e-02   5.734559e-01   3.648001e-05   9.500394e-01   3.902974e-01   5.791929e-06   5.164118e-01   1.923492e-02   9.639448e-01   4.029309e-01   3.012861e-01   1.826088e-01   4.741762e-01   9.976620e-01   3.422859e-01   3.911643e-01   5.012860e-01   4.524908e-01   5.096771e-01
   3.722757e-03   2.934106e-01   2.700023e-03   1.000000e+00   7.511963e-03   3.430869e-01   1.000000e+00   2.927588e-03   5.958621e-04   1.983065e-01   7.571972e-01   6.814126e-01   1.474556e-01   9.467574e-01   2.950460e-01   8.983635e-01   5.411921e-01   7.504314e-01   7.422986e-01
   1.108542e-02   7.030449e-04   1.792254e-03   9.223872e-03   0.000000e+00   5.154541e-01   6.325194e-02   0.000000e+00   9.913096e-01   7.583001e-01   3.146765e-01   2.463678e-01   4.465752e-01   7.031426e-01   3.065199e-01   4.765091e-01   5.275775e-01   5.863263e-01   3.459495e-01
   2.063668e-02   0.000000e+00   0.000000e+00   3.675139e-01   0.000000e+00   0.000000e+00   2.493455e-02   9.235177e-03   1.446508e-02   2.880056e-01   7.552692e-01   6.714307e-01   5.078091e-01   4.940975e-01   3.686715e-01   3.914072e-01   4.297193e-01   9.843213e-01   5.426741e-01
   4.575286e-03   4.892195e-03   0.000000e+00   1.178121e-10   4.326008e-03   1.261305e-08   1.111701e-02   0.000000e+00   9.795594e-01   3.791752e-01   2.043848e-01   6.343311e-01   5.031879e-01   4.875917e-01   5.013050e-01   4.179139e-01   6.103142e-01   5.170845e-01   5.454712e-01
   2.533397e-04   1.781755e-05   3.966461e-01   8.407478e-02   1.287495e-04   0.000000e+00   1.000000e+00   1.558247e-02   1.008494e-01   1.641678e-01   5.143774e-01   3.081829e-01   4.587209e-01   5.241729e-01   8.317758e-01   5.198205e-01   4.533071e-01   5.470139e-01   4.604172e-01
   2.772836e-01   3.754882e-01   8.141470e-03   1.175417e-01   0.000000e+00   2.421234e-02   4.667386e-01   3.507900e-04   0.000000e+00   3.597671e-01   5.749560e-01   3.793810e-01   2.248791e-01   1.000000e+00   3.697889e-01   4.285264e-01   5.278315e-01   9.128872e-01   3.385859e-01
   2.959450e-01   0.000000e+00   1.558944e-02   3.342783e-01   1.245029e-03   5.376391e-03   4.215819e-01   4.026810e-04   1.737406e-02   2.610690e-01   2.705182e-01   5.566912e-02   1.048197e-01   9.984688e-01   3.042957e-01   4.583567e-01   5.709575e-01   7.781397e-01   3.358748e-01
   2.467807e-03   4.135030e-01   4.796109e-03   1.307875e-02   6.863828e-05   5.260591e-01   9.872159e-01   2.916857e-02   9.800279e-01   9.510237e-02   7.827751e-01   7.611706e-01   5.100782e-01   7.271452e-01   3.614130e-01   6.879844e-01   5.482147e-01   7.499048e-01   6.181162e-01
   1.137712e-04   1.978872e-03   3.945481e-01   5.452981e-03   5.319504e-07   0.000000e+00   4.602446e-01   0.000000e+00   0.000000e+00   3.412938e-01   5.757015e-01   3.742553e-01   4.560125e-01   9.848347e-01   9.518789e-01   4.672042e-01   6.685922e-01   5.929944e-01   5.083213e-01
   3.418861e-02   5.212028e-01   1.336784e-02   0.000000e+00   4.795187e-01   0.000000e+00   0.000000e+00   1.691536e-01   9.995866e-01   9.243169e-01   3.004091e-03   1.185056e-02   4.323934e-01   5.504914e-01   3.541371e-01   4.933503e-01   3.062501e-01   7.599730e-01   5.170452e-01
   0.000000e+00   0.000000e+00   9.588285e-04   5.489380e-01   1.343140e-03   5.336043e-01   1.000000e+00   5.686440e-01   0.000000e+00   3.913564e-01   7.336408e-01   8.590319e-03   4.513121e-01   6.485491e-01   9.440909e-01   8.811924e-01   6.010478e-01   5.948521e-01   6.224000e-01
   1.996933e-02   2.632849e-03   1.974067e-02   0.000000e+00   4.136159e-01   8.982388e-04   4.871604e-01   2.246381e-03   9.597942e-01   2.604173e-01   2.047079e-01   5.995113e-02   5.600484e-01   4.431955e-01   8.504458e-01   6.616280e-01   4.460734e-01   5.223684e-01   5.166932e-01
   2.904922e-01   0.000000e+00   2.176530e-03   7.774627e-05   8.541754e-06   5.140476e-01   4.637313e-03   2.255037e-07   9.653192e-01   4.688872e-01   7.109589e-01   2.239356e-01   4.568146e-01   9.284005e-01   5.442136e-01   8.822034e-01   8.868303e-01   5.913770e-01   3.379729e-01
   2.657585e-01   3.350125e-01   1.243326e-02   2.953735e-04   1.898451e-02   0.000000e+00   0.000000e+00   9.432378e-03   5.349681e-01   8.289116e-02   3.356686e-01   2.607966e-01   4.598037e-01   9.760792e-01   3.267941e-01   5.456732e-01   5.823046e-01   9.872157e-01   5.292019e-01
   1.254120e-03   2.870928e-02   3.927906e-05   1.415987e-03   3.731691e-02   3.710591e-01   0.000000e+00   1.170323e-03   4.947028e-01   3.669286e-01   2.870656e-01   6.357990e-01   5.310153e-01   9.966294e-01   3.221754e-01   3.819797e-01   5.513931e-01   8.237454e-01   6.029064e-01
   4.429145e-03   3.787794e-01   0.000000e+00   6.549885e-03   2.923599e-04   8.493074e-05   4.693232e-01   0.000000e+00   8.869347e-03   8.275646e-01   7.330529e-01   5.106649e-02   4.521851e-01   3.551256e-01   3.943728e-01   4.093646e-01   5.502816e-01   5.633855e-01   3.819110e-01
   0.000000e+00   0.000000e+00   0.000000e+00   0.000000e+00   4.099581e-01   2.935546e-03   6.588313e-02   0.000000e+00   2.924264e-02   4.883717e-01   2.884494e-01   3.318421e-02   4.014092e-01   5.078567e-01   3.283379e-01   2.852403e-01   4.196443e-01   6.697526e-01   2.116901e-01
   6.260565e-02   2.464666e-02   3.817222e-01   0.000000e+00   0.000000e+00   2.565144e-02   4.338361e-01   9.028493e-01   1.000000e+00   2.624652e-01   2.507636e-02   3.317776e-01   4.123681e-01   9.685088e-01   4.608864e-01   5.174386e-01   3.075740e-01   6.147751e-01   5.617497e-01
   3.418861e-02   5.033148e-01   1.336784e-02   3.731270e-02   4.801194e-01   0.000000e+00   0.000000e+00   1.000000e+00   9.551440e-02   7.194142e-01   6.906516e-03   1.139902e-01   4.323934e-01   3.847913e-01   9.656006e-01   4.933503e-01   9.061416e-01   9.298056e-01   6.784524e-01
   6.336935e-01   5.954357e-01   2.806453e-02   1.464683e-02   1.024814e-06   0.000000e+00   2.325226e-02   1.000000e+00   9.227464e-01   2.901629e-01   1.382752e-01   2.313024e-03   3.639423e-01   5.593369e-01   2.504355e-01   9.760207e-01   2.982452e-01   7.330452e-01   6.678796e-01
   0.000000e+00   3.430870e-01   1.042992e-02   7.366007e-03   6.542623e-03   6.992722e-04   2.268064e-02   0.000000e+00   5.279996e-01   4.665184e-01   7.191154e-01   7.212559e-01   4.784012e-01   4.404723e-01   8.605404e-01   9.357275e-01   5.861021e-01   5.485749e-01   2.022906e-01
   2.839507e-01   6.660217e-01   2.386030e-04   1.216220e-02   2.302198e-05   1.000000e+00   4.603997e-03   3.054775e-02   9.656601e-01   4.663308e-01   7.874545e-01   1.641022e-01   4.118589e-01   9.859784e-01   3.214849e-01   6.671072e-01   8.833927e-01   5.781801e-01   3.249091e-01
   8.974202e-03   7.072070e-03   0.000000e+00   0.000000e+00   0.000000e+00   0.000000e+00   3.956219e-03   1.175465e-04   2.054111e-02   5.881814e-01   6.529701e-01   3.442700e-01   3.009426e-01   6.521895e-01   4.902986e-01   5.582226e-01   2.922416e-01   7.644916e-01   5.022906e-01
   3.457789e-02   5.945160e-04   1.627379e-03   4.039934e-05   1.098027e-03   7.895363e-04   0.000000e+00   5.118153e-01   1.746896e-03   6.564541e-01   2.415371e-01   6.497431e-01   4.252865e-01   9.378819e-01   8.638559e-01   3.838742e-01   5.185891e-01   4.226361e-01   2.279973e-01
   2.935119e-01   9.428037e-03   2.339792e-04   3.990027e-01   0.000000e+00   1.988153e-02   4.319406e-01   1.000000e+00   9.765998e-01   1.604197e-01   5.281190e-01   2.831847e-02   4.006876e-01   9.268676e-01   3.809463e-01   3.570221e-01   3.091982e-01   8.917497e-01   5.618822e-01
   1.568341e-02   7.522904e-05   2.522311e-03   2.010557e-05   4.716607e-01   0.000000e+00   1.000000e+00   9.930550e-01   1.000000e+00   3.735265e-01   5.471134e-01   4.161228e-01   4.334430e-01   5.164106e-01   3.542768e-01   5.428358e-01   5.332377e-01   7.641897e-01   3.453215e-01
   5.703073e-01   1.612198e-06   1.353648e-02   0.000000e+00   4.754287e-01   5.124931e-02   1.000000e+00   3.322748e-02   8.989156e-02   3.590345e-01   7.334635e-01   2.824619e-01   3.634883e-01   9.451457e-01   3.678486e-01   9.945625e-01   4.434562e-01   6.790461e-01   2.774442e-01
   3.105463e-01   9.541338e-06   3.648773e-01   0.000000e+00   4.903361e-01   8.277957e-02   1.000000e+00   3.322748e-02   8.989156e-02   3.574163e-01   2.534640e-01   2.804537e-01   2.233477e-01   9.446665e-01   3.705189e-01   2.175908e-01   6.655905e-01   6.790461e-01   3.191441e-01
   2.939748e-01   3.111232e-02   4.010946e-01   5.045534e-01   6.116298e-03   8.787496e-02   9.935413e-01   9.652288e-01   9.771985e-01   3.032705e-01   6.656933e-01   1.386770e-02   3.974341e-01   4.854581e-01   3.586431e-01   3.550178e-01   3.097932e-01   8.797363e-01   5.352448e-01
   3.175398e-01   1.936136e-02   3.827870e-01   4.698483e-01   0.000000e+00   1.035575e-02   5.748216e-03   9.527761e-01   1.070023e-01   3.904694e-01   7.231907e-01   7.701992e-01   5.185038e-01   4.604137e-01   8.518484e-01   5.439370e-01   6.194206e-01   9.989284e-01   5.949086e-01
   1.103100e-02   6.040944e-01   2.088613e-03   1.565181e-02   4.399936e-01   0.000000e+00   1.071130e-04   0.000000e+00   3.329782e-03   7.893255e-01   5.853203e-04   1.210221e-01   1.019586e-01   9.717454e-01   3.803793e-01   3.767225e-01   6.736603e-01   9.876744e-01   5.143874e-01
   3.038532e-01   3.470920e-01   0.000000e+00   0.000000e+00   3.882164e-08   1.000000e+00   0.000000e+00   9.884379e-01   7.127085e-01   1.470107e-01   2.635490e-01   7.761979e-01   5.809868e-01   9.495307e-01   8.224064e-01   9.174023e-01   8.858338e-01   9.303969e-01   2.230705e-01
   7.729925e-03   2.675613e-01   3.047889e-02   0.000000e+00   5.699726e-04   3.309634e-01   9.861941e-04   9.474820e-01   1.971879e-02   4.481485e-01   2.926056e-03   3.478732e-01   5.376347e-01   9.264360e-01   8.657624e-01   9.575659e-01   8.774895e-01   5.774652e-01   5.554663e-01
   2.107460e-03   1.660555e-02   1.164940e-04   1.017075e-02   0.000000e+00   9.903508e-01   1.083691e-02   5.459721e-02   1.516947e-01   7.137200e-01   5.400105e-01   4.061407e-01   2.007606e-01   5.668457e-01   5.060769e-01   4.093646e-01   5.795906e-01   5.608635e-01   3.944284e-01
   0.000000e+00   5.945160e-04   1.624064e-03   1.778451e-04   3.241498e-01   0.000000e+00   0.000000e+00   5.118153e-01   0.000000e+00   1.635182e-01   5.901311e-01   1.386375e-01   4.251460e-01   9.862982e-01   8.619769e-01   3.880299e-01   6.004044e-01   4.375788e-01   2.563918e-01
   9.761462e-03   3.429790e-01   2.738455e-03   3.289238e-05   2.088524e-05   8.572315e-05   1.521410e-03   4.802391e-01   0.000000e+00   2.761017e-01   2.705798e-01   2.481132e-01   4.926583e-02   4.947880e-01   8.225813e-01   8.688028e-01   6.508698e-01   4.383861e-01   3.758572e-01
   1.088873e-03   7.115033e-05   4.143872e-01   6.426531e-01   3.944621e-03   0.000000e+00   9.491387e-01   5.184694e-04   9.219556e-01   3.940245e-01   7.465177e-01   2.252008e-01   8.239157e-02   6.321049e-01   1.000000e+00   3.333324e-01   5.990655e-01   5.805656e-01   4.515036e-01
   0.000000e+00   7.456870e-03   2.363919e-02   3.756120e-01   3.269054e-01   4.230141e-01   8.494268e-03   1.174629e-04   0.000000e+00   1.739849e-01   0.000000e+00   1.376091e-01   2.607761e-01   9.002561e-01   8.026383e-01   3.555107e-01   5.409083e-01   9.855738e-01   6.817033e-01
   6.010257e-01   1.073775e-02   2.806453e-02   3.476531e-03   3.091006e-05   0.000000e+00   2.004711e-02   9.953706e-01   9.997360e-01   3.861159e-01   6.844020e-01   7.137161e-01   3.638753e-01   5.627847e-01   2.512868e-01   9.760151e-01   5.603757e-01   9.999946e-01   3.359177e-01
   0.000000e+00   2.809688e-01   0.000000e+00   0.000000e+00   4.797587e-01   6.001653e-03   0.000000e+00   1.624043e-02   5.021737e-01   7.535427e-01   2.747090e-01   2.853817e-03   4.596316e-01   9.064975e-01   8.351635e-01   5.126421e-01   4.622325e-01   3.612658e-01   5.672042e-02
   0.000000e+00   0.000000e+00   2.781694e-04   3.911209e-01   3.966341e-01   9.782653e-01   4.621768e-03   1.019324e-03   9.403839e-01   4.677307e-01   2.842308e-01   1.579483e-01   4.086744e-01   9.389778e-01   3.478195e-01   8.598498e-01   5.455143e-01   7.611761e-01   5.679247e-01
   1.366785e-04   7.958209e-03   0.000000e+00   1.617928e-12   3.979625e-01   4.982666e-01   3.601892e-10   9.050661e-01   9.930310e-01   2.683115e-01   8.000241e-01   7.712290e-02   3.705571e-01   5.148842e-01   3.283798e-01   5.316163e-01   4.912453e-01   4.349160e-01   5.229858e-01
   2.352280e-03   3.486813e-01   1.054516e-06   4.992168e-01   2.844392e-02   9.831633e-01   7.909535e-03   1.520722e-01   9.931975e-01   3.971087e-01   6.003342e-01   1.734029e-01   4.275127e-01   5.271565e-01   3.298518e-01   2.594682e-01   4.043780e-01   7.429266e-01   5.200689e-01
   0.000000e+00   1.289522e-02   4.174090e-04   3.890299e-01   1.013556e-04   3.551673e-01   0.000000e+00   5.075812e-01   8.984396e-01   8.213983e-01   5.762274e-01   3.659101e-01   8.369150e-02   9.490561e-01   3.605421e-01   9.371914e-01   8.448412e-01   6.113055e-01   3.873064e-01
   6.002651e-01   2.771425e-03   2.063315e-02   0.000000e+00   0.000000e+00   5.223800e-01   0.000000e+00   3.859436e-06   9.565380e-01   4.675600e-01   1.302681e-03   1.993751e-03   3.633297e-01   8.990846e-01   4.298438e-01   3.319411e-01   4.575176e-01   9.427012e-01   6.813396e-01
   3.532213e-01   0.000000e+00   7.721528e-02   3.290682e-01   3.789197e-01   0.000000e+00   4.215819e-01   1.509235e-02   1.737406e-02   2.610690e-01   6.888745e-04   5.566912e-02   1.048197e-01   9.662444e-01   3.042957e-01   4.583567e-01   5.817948e-01   7.852785e-01   5.593961e-01
   3.331135e-01   2.951675e-02   3.883208e-01   1.415987e-03   2.801543e-03   9.520805e-01   4.683086e-01   1.170323e-03   4.814762e-01   9.682352e-01   5.752149e-01   6.357990e-01   5.310153e-01   9.966294e-01   3.221754e-01   5.443093e-01   5.513931e-01   8.686820e-01   6.013164e-01
   2.323043e-03   3.360049e-01   1.648396e-03   0.000000e+00   0.000000e+00   3.934887e-03   4.532490e-01   5.897236e-02   1.000000e+00   8.235374e-01   2.565106e-01   6.070330e-02   4.832549e-01   9.989854e-01   5.419074e-01   4.348489e-01   5.764853e-01   5.781918e-01   5.661352e-01
   5.205266e-03   9.036133e-04   9.909248e-01   0.000000e+00   9.986527e-01   4.377592e-01   1.003013e-02   0.000000e+00   4.742978e-01   7.890980e-01   1.910260e-02   6.761472e-01   6.595308e-01   5.017622e-01   2.379022e-01   5.342750e-01   4.944592e-01   7.086389e-01   5.373375e-01
   6.410143e-02   3.456885e-01   0.000000e+00   5.253860e-01   4.406527e-04   0.000000e+00   4.101831e-03   1.000000e+00   9.518263e-01   9.397268e-02   2.910831e-01   5.991722e-02   4.694759e-01   9.704034e-01   5.430016e-01   4.344197e-01   4.695653e-01   7.387431e-01   5.150067e-01
   3.215778e-01   1.290264e-02   1.775300e-04   6.938894e-03   1.443685e-04   5.095776e-01   0.000000e+00   4.578829e-01   9.401224e-01   8.245748e-01   6.514557e-01   3.100576e-01   4.335784e-01   1.000000e+00   9.487661e-01   4.392186e-01   7.890474e-01   9.628835e-01   5.224694e-01
   0.000000e+00   0.000000e+00   1.107246e-02   0.000000e+00   0.000000e+00   0.000000e+00   4.868693e-01   5.169380e-01   9.578161e-01   2.978423e-01   6.581434e-01   1.427625e-01   4.951455e-01   9.975437e-01   9.415110e-01   5.342304e-01   5.025428e-01   5.904011e-01   5.248610e-01
   3.202612e-01   6.921022e-03   0.000000e+00   3.817279e-01   1.456493e-03   3.895737e-03   4.408152e-01   0.000000e+00   9.989290e-01   8.363539e-01   1.357009e-01   1.733845e-01   4.818591e-01   7.920831e-01   3.511175e-01   5.495884e-01   4.800547e-01   9.957926e-01   4.909638e-01
   3.623421e-01   7.456046e-03   3.883653e-01   1.287960e-02   0.000000e+00   0.000000e+00   9.737869e-03   3.513982e-03   0.000000e+00   4.794909e-01   2.431815e-01   6.520290e-01   4.220871e-01   8.952082e-01   3.808554e-01   3.778150e-01   5.409083e-01   9.075753e-01   6.783946e-01
   0.000000e+00   0.000000e+00   2.355957e-04   1.484423e-04   3.941262e-01   9.782653e-01   2.971483e-02   3.600406e-02   0.000000e+00   1.209772e-01   1.400467e-01   1.579483e-01   3.207388e-01   9.391987e-01   3.215924e-01   8.803745e-01   8.823238e-01   7.610786e-01   5.679247e-01
   2.958134e-01   3.796523e-01   1.056479e-03   5.071545e-02   2.700859e-03   5.495545e-03   0.000000e+00   4.939141e-01   3.645379e-03   2.317572e-01   2.728334e-01   9.471908e-02   5.187049e-01   9.981491e-01   9.319963e-01   5.267899e-01   8.805199e-01   9.330961e-01   3.384620e-01
   1.840801e-03   4.162524e-01   1.442649e-04   0.000000e+00   0.000000e+00   0.000000e+00   2.243578e-02   0.000000e+00   9.957623e-01   8.156389e-01   5.849787e-01   7.300352e-01   6.610428e-01   4.948219e-01   3.963440e-01   4.433986e-01   5.492496e-01   6.076169e-01   6.411833e-01
   3.394078e-01   2.635618e-03   2.078511e-02   4.177021e-01   8.079274e-03   4.907096e-01   2.711980e-02   0.000000e+00   9.916768e-01   3.816879e-01   2.761672e-01   2.861674e-03   4.262503e-01   9.077107e-01   4.298438e-01   1.941880e-01   5.602746e-01   9.176408e-01   5.291957e-01
   3.457789e-02   5.945160e-04   1.627379e-03   4.039934e-05   9.855988e-01   7.895363e-04   0.000000e+00   5.016623e-01   1.746896e-03   6.564541e-01   7.209984e-01   6.497431e-01   4.252865e-01   9.171525e-01   3.446202e-01   3.743202e-01   5.185891e-01   4.226361e-01   2.279973e-01
   1.920551e-02   3.522642e-01   0.000000e+00   0.000000e+00   4.476383e-01   0.000000e+00   1.136118e-02   9.390752e-01   2.008974e-04   7.271242e-01   2.116609e-01   2.750387e-01   4.303856e-01   5.039158e-01   3.440933e-01   4.522659e-01   5.072521e-01   1.000000e+00   3.725880e-01
   3.008841e-03   8.269399e-04   3.738927e-01   4.742755e-01   0.000000e+00   4.857949e-02   8.119204e-02   2.226472e-02   9.494963e-01   3.413798e-01   5.972138e-01   3.093645e-01   4.326383e-01   9.173191e-01   1.877275e-01   3.743627e-01   6.134020e-01   9.446157e-01   3.821188e-01
   2.928557e-01   6.298448e-01   7.243134e-05   0.000000e+00   4.165452e-02   0.000000e+00   4.674129e-03   2.451458e-08   9.486838e-01   4.489531e-01   7.874545e-01   7.407094e-01   4.118589e-01   9.921188e-01   5.241832e-01   8.714892e-01   6.112369e-01   9.354275e-01   5.446858e-01
   1.689850e-03   3.587738e-01   1.326746e-02   3.855423e-01   4.753539e-01   5.078323e-02   1.000000e+00   0.000000e+00   9.586658e-01   3.931238e-01   6.938705e-01   7.042396e-03   4.481297e-01   6.475540e-01   9.441544e-01   6.713124e-01   9.241423e-01   6.747619e-01   5.398705e-01
   3.356301e-01   2.435467e-03   2.271531e-03   0.000000e+00   4.903361e-01   6.807538e-03   1.000000e+00   9.957410e-01   8.258936e-02   2.490905e-01   2.534640e-01   2.759588e-01   6.128081e-01   5.051715e-01   3.577860e-01   2.539426e-01   4.706619e-01   6.790011e-01   2.385371e-01
   3.478557e-01   5.537004e-04   0.000000e+00   0.000000e+00   3.846841e-01   0.000000e+00   4.628082e-01   9.446420e-01   1.494859e-02   1.535066e-01   5.896620e-01   1.759247e-01   4.296190e-01   9.808920e-01   4.140120e-01   9.039709e-01   6.686707e-01   8.688250e-01   5.066805e-01
   8.021542e-03   4.135030e-01   1.125927e-04   5.155074e-01   1.278450e-02   6.724292e-03   9.783804e-01   2.922549e-02   9.800279e-01   8.826481e-02   2.031923e-01   6.048428e-01   3.993764e-01   7.442688e-01   3.623069e-01   6.879844e-01   5.489466e-01   6.716042e-01   5.164007e-01
   3.429805e-02   0.000000e+00   3.237025e-02   2.648634e-03   0.000000e+00   3.735166e-01   5.215624e-01   2.698090e-03   6.593566e-02   9.080106e-01   3.326681e-01   1.186190e-02   4.209142e-01   9.502074e-01   3.541369e-01   4.968366e-01   8.091614e-01   6.417122e-01   2.535026e-01
   3.564072e-02   3.879555e-01   4.532639e-01   4.039934e-05   9.855988e-01   4.431724e-06   0.000000e+00   5.016623e-01   1.746896e-03   6.564541e-01   3.553110e-01   6.832620e-01   4.242372e-01   9.988804e-01   3.446202e-01   3.219327e-01   5.199111e-01   4.178735e-01   2.279973e-01
   2.860630e-01   4.227437e-01   4.358970e-03   0.000000e+00   4.863069e-03   4.975333e-01   4.775635e-03   0.000000e+00   2.142076e-02   8.048726e-01   3.140824e-01   2.757720e-01   4.841904e-01   9.381265e-01   4.080890e-01   8.737477e-01   4.995649e-01   9.391170e-01   5.924163e-01
   3.928712e-03   0.000000e+00   5.002061e-03   1.730456e-03   0.000000e+00   4.172813e-02   1.792561e-04   5.810644e-04   3.089308e-01   4.760649e-01   4.190214e-02   1.228143e-01   7.849565e-02   4.795553e-01   3.637587e-01   9.530896e-01   4.098449e-01   9.976331e-01   5.269416e-01
   2.935352e-01   2.821350e-02   3.121294e-02   0.000000e+00   5.966338e-04   5.203605e-03   4.520995e-01   9.947902e-01   9.528877e-01   2.484167e-01   5.624487e-01   2.759299e-01   6.157206e-01   5.090026e-01   3.496961e-01   6.248035e-01   4.689187e-01   9.762365e-01   5.150073e-01
   1.430708e-02   5.904574e-01   2.088613e-03   1.565181e-02   0.000000e+00   0.000000e+00   1.071130e-04   0.000000e+00   3.644492e-03   7.893255e-01   5.853203e-04   1.210221e-01   5.192497e-01   9.717454e-01   3.803793e-01   3.767225e-01   6.720590e-01   9.876744e-01   5.143874e-01
   2.870020e-01   0.000000e+00   2.144513e-03   0.000000e+00   0.000000e+00   3.627843e-01   4.756969e-01   1.700409e-02   3.957190e-03   1.666579e-01   1.852605e-01   2.680906e-01   7.068025e-02   9.687366e-01   4.625286e-01   5.162341e-01   8.749523e-01   6.198140e-01   6.804066e-01
   1.358409e-03   3.679470e-01   3.573615e-01   3.422639e-07   4.538607e-01   6.201241e-02   1.521003e-03   3.777238e-02   9.983893e-01   3.661045e-01   1.387496e-01   2.611870e-02   6.316403e-02   5.068326e-01   8.250663e-01   2.899574e-01   5.691413e-01   5.471673e-01   6.195775e-01
   6.002651e-01   2.607160e-03   1.975094e-02   2.969624e-06   0.000000e+00   0.000000e+00   6.923125e-04   0.000000e+00   9.941321e-01   4.129379e-01   1.302681e-03   6.239067e-01   3.634833e-01   9.921621e-01   8.392702e-01   4.325055e-01   5.423928e-01   7.592825e-01   6.813396e-01
   3.179819e-01   3.372470e-01   4.146950e-01   1.451886e-03   9.843542e-01   0.000000e+00   1.183161e-04   0.000000e+00   5.748418e-01   4.421694e-01   2.166982e-02   1.365977e-01   4.598233e-01   5.169344e-01   3.212269e-01   4.226726e-01   5.802427e-01   9.881735e-01   3.991566e-01
   3.381937e-01   4.340222e-03   0.000000e+00   0.000000e+00   5.265059e-01   1.403641e-02   6.827248e-04   9.921105e-01   9.948230e-01   7.418095e-01   2.582863e-01   6.041360e-01   4.943556e-01   4.156001e-01   8.400525e-01   4.435469e-01   5.473655e-01   7.630300e-01   5.255339e-01
   3.409275e-01   2.696185e-04   2.063315e-02   1.224510e-02   9.262507e-04   4.908320e-01   0.000000e+00   3.663173e-03   2.190515e-02   4.578730e-01   2.879628e-01   3.047875e-04   4.210415e-01   5.171683e-01   4.283166e-01   2.040465e-01   7.791776e-01   7.573152e-01   5.291957e-01
   3.078560e-01   1.367669e-02   3.818041e-01   1.488810e-03   3.915690e-01   2.609116e-03   1.465705e-01   9.845399e-01   9.400124e-01   1.604197e-01   5.300852e-01   1.442621e-01   5.023851e-01   4.825576e-01   3.599739e-01   3.210700e-01   2.958838e-01   7.372019e-01   1.742475e-02
   0.000000e+00   2.371384e-02   0.000000e+00   7.683052e-03   1.568644e-02   3.881298e-01   4.756782e-01   2.477076e-02   9.491392e-01   4.010273e-01   5.356259e-01   6.496465e-01   1.646176e-01   9.542284e-01   8.560949e-01   3.444436e-01   4.815058e-01   6.152728e-01   2.993231e-01
   0.000000e+00   3.834253e-01   1.321842e-02   3.835636e-01   4.795187e-01   0.000000e+00   0.000000e+00   6.998088e-04   9.995866e-01   4.216461e-01   3.004091e-03   3.475979e-03   1.783906e-01   5.493400e-01   3.574469e-01   4.933503e-01   3.062501e-01   7.599730e-01   5.170036e-01
   0.000000e+00   3.293452e-01   1.624064e-03   0.000000e+00   3.241498e-01   0.000000e+00   4.068171e-03   5.118153e-01   0.000000e+00   1.635182e-01   5.901311e-01   1.386375e-01   4.257270e-01   9.862982e-01   8.619769e-01   4.313821e-01   6.004044e-01   8.911689e-01   2.563918e-01
   1.419878e-05   6.047341e-01   0.000000e+00   1.451070e-03   1.000000e+00   3.272973e-01   1.245787e-03   2.862653e-02   2.416402e-02   2.347067e-01   4.050926e-03   1.848015e-01   5.261548e-01   9.264360e-01   8.630992e-01   3.793652e-01   5.239881e-01   6.091111e-01   5.554195e-01
   1.282102e-02   1.686355e-03   0.000000e+00   4.441453e-01   0.000000e+00   1.041891e-02   9.833095e-01   0.000000e+00   4.614329e-05   4.922537e-01   2.735207e-01   6.620293e-01   2.306685e-01   5.124030e-01   5.161626e-01   3.907438e-01   6.004035e-01   5.858058e-01   5.257525e-01
   7.609266e-06   2.950455e-01   6.912368e-06   0.000000e+00   6.049383e-03   1.000000e+00   4.919232e-04   9.699330e-01   2.367709e-02   2.452561e-01   2.777692e-01   5.054329e-02   4.789101e-01   9.430185e-01   7.971569e-01   8.854072e-01   2.910266e-01   6.189522e-01   5.090278e-01
   0.000000e+00   0.000000e+00   1.436242e-03   3.342783e-01   1.245029e-03   5.376391e-03   4.245742e-01   0.000000e+00   0.000000e+00   2.610690e-01   2.528556e-01   5.566912e-02   4.500932e-01   1.000000e+00   3.042957e-01   3.815363e-01   6.024612e-01   5.963009e-01   3.415010e-01
   3.422990e-01   0.000000e+00   2.080292e-02   4.477537e-01   3.882164e-08   1.000000e+00   4.552031e-03   9.250347e-01   7.256006e-01   3.713510e-01   2.648481e-01   7.761979e-01   4.147389e-01   9.431838e-01   4.325685e-01   9.169434e-01   5.849723e-01   8.252945e-01   1.703378e-01
   1.000000e+00   3.957383e-01   9.447157e-06   4.449931e-03   0.000000e+00   6.261511e-03   0.000000e+00   6.517840e-04   8.444962e-01   3.521138e-01   2.944886e-01   7.092503e-01   5.277757e-01   6.020079e-01   5.251590e-01   3.485953e-01   4.375608e-01   3.471367e-01   5.282323e-01
   2.258505e-03   9.846045e-03   1.772958e-03   3.530050e-02   9.213384e-04   0.000000e+00   1.470090e-02   1.973701e-02   1.203051e-02   4.288548e-01   2.663658e-01   0.000000e+00   2.489485e-01   1.000000e+00   9.699260e-01   4.347809e-01   8.912595e-01   9.392725e-01   3.245885e-01
   2.888529e-01   5.734559e-01   0.000000e+00   9.526928e-01   3.010365e-03   5.791929e-06   5.550781e-01   1.923492e-02   9.639448e-01   4.088564e-01   3.363129e-01   1.826088e-01   4.741762e-01   9.976620e-01   3.422859e-01   3.911643e-01   5.012860e-01   9.419605e-01   5.096771e-01
   3.400491e-01   0.000000e+00   4.794111e-05   4.502030e-01   3.605355e-03   7.096900e-03   0.000000e+00   4.745357e-01   9.796110e-01   4.744027e-01   6.016751e-01   1.814854e-01   7.200390e-02   7.594090e-01   4.972844e-01   9.317177e-01   6.046797e-01   1.000000e+00   5.369597e-01
   1.718181e-03   3.456836e-01   0.000000e+00   5.297643e-01   0.000000e+00   9.020160e-02   0.000000e+00   8.585602e-04   9.494963e-01   7.304685e-02   7.559892e-01   6.396833e-01   4.693739e-01   9.173191e-01   8.321204e-01   4.380025e-01   5.404979e-01   7.259651e-01   5.166486e-01
   4.312085e-01   4.736827e-04   0.000000e+00   1.175228e-10   0.000000e+00   0.000000e+00   1.506902e-02   5.027679e-03   9.951223e-01   6.098472e-01   5.968624e-01   1.431821e-01   5.196194e-01   4.873536e-01   4.702333e-01   4.488049e-01   6.444757e-01   5.127835e-01   5.514123e-01
   3.415631e-01   3.841528e-01   1.280041e-10   1.801948e-04   3.763836e-01   5.106224e-01   0.000000e+00   5.780436e-04   5.533583e-02   4.758690e-01   7.131821e-01   5.086257e-02   2.592334e-02   3.548922e-01   3.291754e-01   3.896108e-01   4.234467e-01   9.910254e-01   3.944605e-01
   2.788709e-01   3.542138e-01   1.703644e-03   4.708557e-01   1.518715e-01   9.502741e-01   1.025630e-02   5.651667e-04   9.981813e-01   2.006494e-01   7.870287e-01   2.124126e-01   2.317504e-01   6.652069e-01   5.294428e-01   4.923110e-01   6.130221e-01   7.334521e-01   3.404615e-01
   3.651026e-01   5.945160e-04   1.627379e-03   4.039934e-05   9.855988e-01   4.290844e-03   0.000000e+00   4.965033e-01   1.746896e-03   3.930636e-01   7.113484e-01   6.497431e-01   4.252865e-01   9.160837e-01   3.353191e-01   3.743202e-01   5.185891e-01   4.226361e-01   6.095570e-01
   0.000000e+00   3.072923e-01   1.015814e-04   3.843417e-01   3.941034e-03   1.433373e-04   2.636384e-02   4.752018e-01   9.995866e-01   4.216461e-01   0.000000e+00   3.475979e-03   1.783906e-01   8.495461e-01   4.896202e-01   4.933503e-01   3.062501e-01   5.902065e-01   5.056867e-01
   0.000000e+00   1.518715e-02   1.719620e-03   1.445379e-03   6.505159e-03   4.095027e-03   0.000000e+00   1.469776e-03   9.930375e-01   2.492497e-01   8.503807e-03   7.105117e-03   6.111510e-02   9.669468e-01   3.806805e-01   3.825384e-01   5.663521e-01   6.690677e-01   5.137616e-01
   3.531755e-01   4.379934e-01   4.298841e-01   1.117977e-04   1.092269e-07   3.889749e-01   0.000000e+00   9.305533e-01   5.642538e-02   1.659251e-01   3.356686e-01   7.513472e-01   4.549878e-01   9.989673e-01   3.796065e-01   9.308859e-01   2.895758e-01   9.322105e-01   4.848548e-01
   1.455333e-02   6.298448e-01   1.081863e-03   4.480695e-01   9.058000e-05   0.000000e+00   9.878541e-01   1.000000e+00   0.000000e+00   3.932553e-01   7.416372e-01   7.386723e-01   4.509756e-01   1.000000e+00   9.436213e-01   8.706931e-01   6.004994e-01   9.975395e-01   6.209640e-01
   3.563429e-01   3.466863e-01   1.550665e-02   1.960559e-05   4.735779e-01   5.327753e-01   1.000000e+00   3.859436e-06   9.565380e-01   3.911780e-01   1.302681e-03   4.347842e-01   4.115827e-01   8.967226e-01   4.298438e-01   9.549456e-01   4.584202e-01   9.505893e-01   6.813396e-01
   3.351480e-01   2.952927e-02   6.715743e-03   1.420626e-03   0.000000e+00   3.383745e-01   6.363491e-02   6.003269e-01   0.000000e+00   8.724134e-01   5.867808e-01   4.225123e-01   5.309274e-01   1.000000e+00   8.127832e-01   9.333947e-01   5.518731e-01   9.876078e-01   5.139149e-01
   7.232162e-03   3.595274e-01   0.000000e+00   7.359724e-05   1.568644e-02   3.881298e-01   4.756782e-01   2.417773e-02   9.491392e-01   3.947298e-01   6.161756e-01   6.315031e-01   1.659354e-01   9.542284e-01   8.442270e-01   8.937678e-01   4.815058e-01   6.131435e-01   2.993231e-01
   0.000000e+00   0.000000e+00   9.588285e-04   1.000000e+00   2.777918e-03   5.336043e-01   1.000000e+00   5.686440e-01   9.637940e-01   3.913564e-01   7.338662e-01   8.590319e-03   4.513121e-01   6.485491e-01   4.065567e-01   8.811924e-01   5.824431e-01   5.948521e-01   6.224000e-01
   3.298592e-01   4.682232e-01   3.698720e-01   1.490820e-02   0.000000e+00   0.000000e+00   4.834646e-02   0.000000e+00   9.991101e-01   3.936953e-01   4.882698e-02   3.336330e-02   4.827685e-01   9.782331e-01   4.006584e-01   5.122859e-01   5.968063e-01   9.317477e-01   5.142804e-01
   3.258647e-01   9.698545e-01   0.000000e+00   1.464111e-02   1.301214e-03   2.548817e-03   5.099947e-01   1.784924e-01   1.620501e-01   3.913727e-01   5.326843e-01   1.118453e-01   4.334223e-01   5.383133e-01   4.474827e-01   4.966452e-01   5.810658e-01   1.169298e-01   5.168618e-01
   0.000000e+00   3.794449e-01   4.097144e-01   0.000000e+00   1.309764e-04   4.835257e-01   9.647552e-01   1.660926e-02   0.000000e+00   3.951748e-01   5.898245e-01   4.991823e-01   1.487720e-01   8.999806e-01   8.185069e-01   9.059129e-01   6.655841e-01   7.471152e-01   6.355739e-01
   2.274411e-03   1.493609e-01   4.002208e-04   3.636667e-01   1.507036e-06   3.551673e-01   4.338483e-01   7.692151e-02   9.980778e-01   8.213932e-01   2.406521e-01   3.659101e-01   8.369150e-02   9.489422e-01   5.452877e-01   9.371914e-01   8.448412e-01   6.113055e-01   3.873064e-01
   5.535129e-03   0.000000e+00   4.791722e-01   1.401582e-02   6.387214e-02   0.000000e+00   3.939576e-03   6.653871e-04   9.054176e-01   4.074259e-01   5.244008e-01   1.918361e-01   4.556370e-01   6.518895e-01   4.647414e-01   9.168829e-01   4.435175e-01   7.015956e-01   3.950173e-01
   1.228127e-02   2.538477e-02   4.264899e-01   4.670847e-01   0.000000e+00   1.676812e-04   2.544200e-02   6.274725e-03   5.427332e-03   4.314820e-01   2.326961e-02   7.802586e-01   4.873372e-01   9.993176e-01   3.795355e-01   5.149004e-01   6.202968e-01   6.180641e-01   5.119121e-01
   4.429145e-03   0.000000e+00   0.000000e+00   6.369691e-03   8.522405e-03   0.000000e+00   4.370318e-01   6.433603e-06   8.869347e-03   8.282158e-01   7.330529e-01   2.039251e-04   4.801312e-01   4.893514e-01   3.943728e-01   4.093646e-01   6.339235e-01   5.633855e-01   5.427888e-01
   1.366785e-04   3.924080e-03   0.000000e+00   1.267613e-03   3.979625e-01   4.982666e-01   9.833071e-01   9.050661e-01   9.930310e-01   2.683115e-01   7.588542e-01   7.712290e-02   3.775340e-01   5.227875e-01   3.283798e-01   5.395358e-01   4.912453e-01   5.097965e-01   5.229858e-01
   3.559984e-01   3.404433e-01   4.370787e-04   0.000000e+00   4.247850e-01   0.000000e+00   0.000000e+00   1.155732e-04   2.110954e-02   5.881814e-01   2.395352e-02   6.092933e-01   1.127400e-01   9.144789e-01   4.885020e-01   5.271500e-01   4.481628e-01   7.640838e-01   5.131430e-01
   7.178695e-04   0.000000e+00   4.794111e-05   4.477858e-01   2.604953e-03   0.000000e+00   1.881317e-02   4.745972e-01   9.904900e-01   4.744027e-01   6.016751e-01   1.814854e-01   7.595772e-02   6.314293e-01   4.971835e-01   9.180370e-01   6.063450e-01   1.000000e+00   5.447995e-01
   0.000000e+00   8.556638e-02   0.000000e+00   0.000000e+00   8.579686e-06   0.000000e+00   0.000000e+00   5.953640e-01   9.750390e-01   4.673136e-01   6.436416e-01   2.753792e-01   4.951455e-01   9.974158e-01   9.468081e-01   4.320961e-01   4.513118e-01   6.003323e-01   5.249131e-01
   0.000000e+00   0.000000e+00   0.000000e+00   4.353387e-02   3.730622e-05   1.043026e-02   4.562439e-01   4.775977e-01   0.000000e+00   1.316606e-01   5.727309e-01   1.806519e-01   1.026454e-01   8.845426e-01   4.782487e-01   3.884647e-01   6.704207e-01   5.929944e-01   5.054921e-01
   3.531721e-01   3.477291e-01   1.566286e-02   0.000000e+00   0.000000e+00   1.683753e-04   1.000000e+00   0.000000e+00   0.000000e+00   8.179028e-01   6.613133e-01   0.000000e+00   1.482186e-01   4.139264e-01   3.633221e-01   4.125962e-01   5.489514e-01   9.255111e-01   6.169161e-01
   1.789631e-02   6.806559e-03   1.149114e-02   0.000000e+00   2.202533e-03   5.704637e-01   0.000000e+00   5.094907e-02   1.170018e-02   7.171305e-01   7.479221e-01   5.115360e-02   4.521851e-01   3.902837e-01   5.060673e-01   4.145505e-01   5.919269e-01   6.636587e-01   3.871250e-01
   1.559801e-02   2.853808e-01   4.170921e-01   1.000000e+00   4.925560e-01   0.000000e+00   0.000000e+00   7.046947e-02   1.249070e-03   3.738208e-01   5.970275e-01   6.106889e-01   4.323786e-01   9.931214e-01   3.844935e-01   5.003709e-01   5.213351e-01   4.563303e-01   3.506509e-01
   1.137712e-04   4.165999e-03   3.870965e-01   6.650716e-03   4.207446e-05   0.000000e+00   0.000000e+00   0.000000e+00   0.000000e+00   7.831230e-01   5.757015e-01   3.742553e-01   4.517040e-01   9.967486e-01   3.467367e-01   4.672042e-01   6.685922e-01   5.929944e-01   6.042045e-01
   4.732375e-03   6.783283e-01   3.082410e-02   0.000000e+00   1.116719e-02   1.000000e+00   9.780698e-01   2.065177e-02   9.854191e-01   2.329766e-01   2.872753e-01   1.343268e-01   4.334078e-01   9.399990e-01   2.817427e-01   4.332083e-01   6.297359e-01   8.774694e-01   5.243004e-01
   4.585704e-03   9.371125e-04   3.703955e-06   1.861321e-02   5.232947e-01   1.000000e+00   4.399920e-02   0.000000e+00   1.540878e-02   6.276171e-01   2.920126e-01   7.102113e-01   6.455594e-01   6.494565e-01   4.976613e-01   4.438035e-01   5.265679e-01   5.191898e-01   5.580595e-01
   0.000000e+00   2.435467e-03   3.141430e-05   0.000000e+00   3.766024e-03   6.807538e-03   4.880802e-01   9.846489e-01   8.258936e-02   2.487185e-01   2.534640e-01   2.759588e-01   6.128081e-01   5.152113e-01   3.577860e-01   2.539426e-01   4.708984e-01   6.784280e-01   2.410073e-01
   1.358409e-03   6.054640e-02   3.573615e-01   1.472932e-03   3.892519e-02   3.702416e-01   1.521003e-03   0.000000e+00   9.718032e-01   3.231094e-01   2.789559e-01   2.611870e-02   6.580233e-02   5.068326e-01   8.250663e-01   2.899574e-01   5.691413e-01   5.471673e-01   6.193539e-01
   0.000000e+00   2.591836e-03   1.422756e-02   0.000000e+00   4.136159e-01   8.982388e-04   4.871604e-01   2.239548e-03   0.000000e+00   2.625703e-01   2.058522e-01   3.103421e-03   5.600484e-01   4.431955e-01   8.504458e-01   6.616280e-01   8.145647e-01   5.754825e-01   2.523925e-01
   3.331135e-01   1.511534e-03   3.946466e-01   1.415987e-03   1.000000e+00   3.544241e-03   4.658735e-01   1.182067e-03   4.814762e-01   9.667210e-01   5.752149e-01   6.382295e-01   6.644381e-01   9.966294e-01   3.221754e-01   5.379325e-01   5.488259e-01   8.686820e-01   6.013164e-01
   9.488900e-04   0.000000e+00   3.476935e-01   0.000000e+00   4.194156e-04   0.000000e+00   0.000000e+00   5.169380e-01   1.246307e-01   2.503722e-01   6.539177e-01   4.226549e-01   4.950858e-01   9.980184e-01   9.416866e-01   5.341287e-01   4.428917e-01   5.712686e-01   5.252892e-01
   1.770830e-03   2.761982e-01   5.913434e-03   5.518351e-03   1.564233e-04   9.506283e-03   4.651763e-01   4.605533e-01   9.910609e-01   3.966697e-01   2.707488e-01   6.931062e-02   6.353135e-01   9.995248e-01   3.650148e-01   9.662899e-01   6.458017e-01   8.886705e-01   5.660223e-01
   4.260946e-02   0.000000e+00   3.758273e-01   6.730371e-02   4.158796e-01   9.520270e-01   4.406935e-01   1.719205e-02   2.941635e-02   1.731971e-01   6.534571e-01   4.191497e-01   2.250899e-01   6.448563e-01   4.579895e-01   3.576687e-01   5.409083e-01   9.236225e-01   3.506874e-01
   0.000000e+00   3.429790e-01   3.574304e-01   3.665326e-03   0.000000e+00   8.572315e-05   4.645205e-01   0.000000e+00   1.000000e+00   9.477630e-01   2.705798e-01   6.945193e-01   4.208014e-02   3.750495e-01   3.339025e-01   5.347659e-01   6.510959e-01   4.826414e-01   3.723887e-01
   0.000000e+00   0.000000e+00   3.696011e-01   4.336021e-04   9.967161e-01   5.998617e-03   4.592263e-01   7.703341e-05   1.000000e+00   1.278223e-01   2.713695e-01   2.273895e-01   3.987424e-01   4.096522e-01   8.677920e-01   5.429434e-01   6.559837e-01   5.755685e-01   5.623400e-01
   0.000000e+00   0.000000e+00   0.000000e+00   0.000000e+00   0.000000e+00   3.467627e-01   0.000000e+00   1.300115e-03   0.000000e+00   4.703538e-01   2.859528e-01   9.342032e-04   9.704808e-02   9.360878e-01   4.753911e-01   7.745103e-01   8.691902e-01   8.317528e-01   2.582601e-01
   4.083411e-03   2.760347e-01   3.903596e-01   4.099044e-01   5.329211e-07   1.937243e-05   0.000000e+00   2.212042e-02   9.962364e-01   4.605062e-01   5.768310e-01   3.752221e-01   7.394653e-02   9.840732e-01   3.293531e-01   9.863245e-01   6.140726e-01   6.042992e-01   5.676664e-01
   5.964775e-01   0.000000e+00   3.063258e-04   3.356515e-04   4.990320e-06   1.691090e-03   1.000000e+00   4.552072e-05   9.371481e-02   6.311298e-01   5.253993e-01   3.550343e-02   4.812862e-01   9.448840e-01   4.431325e-01   6.485342e-01   6.004507e-01   8.801488e-01   4.411489e-01
   0.000000e+00   9.502408e-03   1.703644e-03   4.477152e-01   4.376971e-05   4.953311e-01   1.026623e-02   9.999852e-01   9.494282e-01   2.006494e-01   8.242109e-01   7.702794e-01   2.718546e-02   9.086518e-01   8.613689e-01   4.973706e-01   6.159469e-01   7.476536e-01   5.670011e-01
   0.000000e+00   0.000000e+00   4.464232e-05   3.838496e-01   4.276373e-04   0.000000e+00   4.607744e-01   9.901158e-01   1.436655e-01   8.119204e-01   5.263021e-01   6.435278e-01   3.300788e-01   9.262331e-01   3.785997e-01   9.867468e-01   4.433515e-01   5.326960e-01   5.324934e-01
   3.005283e-01   2.632849e-03   1.974067e-02   0.000000e+00   4.136159e-01   8.982388e-04   4.871604e-01   2.246381e-03   3.266472e-02   2.604173e-01   2.047079e-01   5.995113e-02   5.167555e-01   9.787048e-01   8.534217e-01   6.616280e-01   4.387114e-01   5.282693e-01   5.185549e-01
   3.008841e-03   8.254101e-04   3.534847e-01   4.852662e-01   1.000000e+00   5.047467e-02   8.119204e-02   2.226472e-02   9.494963e-01   3.413798e-01   5.972138e-01   6.730358e-01   4.313807e-01   5.155290e-01   1.877275e-01   3.825861e-01   4.943557e-01   9.446157e-01   3.821188e-01
   1.085056e-03   2.675613e-01   2.818603e-02   0.000000e+00   5.748893e-04   3.309634e-01   9.861941e-04   4.083918e-02   3.860608e-03   3.924813e-01   0.000000e+00   2.343259e-01   5.376347e-01   9.267269e-01   8.657624e-01   3.211529e-01   8.774895e-01   5.805369e-01   5.795915e-01
   3.028749e-01   3.361023e-01   3.755421e-01   1.488450e-03   0.000000e+00   1.428243e-02   3.708806e-03   4.815162e-01   9.996307e-01   8.468149e-01   2.705798e-01   1.526465e-01   5.613461e-01   4.950336e-01   8.225813e-01   9.282390e-01   2.952616e-01   4.715257e-01   3.738274e-01
   3.460800e-01   0.000000e+00   3.984699e-01   3.933260e-01   0.000000e+00   3.093287e-03   0.000000e+00   0.000000e+00   0.000000e+00   4.041197e-01   6.717164e-01   1.647506e-01   7.394653e-02   1.000000e+00   3.254501e-01   3.207552e-01   2.982691e-01   9.354926e-01   5.663558e-01
   3.525984e-01   4.361670e-01   6.893505e-05   7.882590e-02   0.000000e+00   3.568246e-01   4.816867e-01   9.316819e-01   9.919437e-01   9.162037e-02   6.536669e-01   5.629693e-02   3.208142e-01   9.723327e-01   4.545385e-01   9.251287e-01   2.961866e-01   6.307583e-01   5.919274e-01
   2.843746e-01   3.754882e-01   8.141470e-03   1.175417e-01   0.000000e+00   2.421234e-02   4.667386e-01   3.507900e-04   9.190713e-01   3.597671e-01   5.609793e-01   3.879200e-01   4.291112e-01   1.000000e+00   4.057714e-01   4.285264e-01   5.363013e-01   9.129208e-01   3.385859e-01
   3.528087e-01   3.890396e-01   6.904902e-07   0.000000e+00   0.000000e+00   9.566433e-01   4.757660e-01   5.978366e-01   2.032492e-02   2.550095e-01   5.879064e-01   2.811543e-01   4.966900e-01   5.312130e-01   3.792494e-01   4.348016e-01   6.032297e-01   7.629210e-01   6.167197e-01
   4.083411e-03   2.760347e-01   3.900704e-01   3.933260e-01   0.000000e+00   0.000000e+00   0.000000e+00   4.588033e-02   5.292451e-01   4.029763e-01   2.294687e-01   5.635037e-02   7.855429e-02   1.000000e+00   3.291864e-01   9.785726e-01   6.140726e-01   9.460718e-01   5.681746e-01
   3.186146e-01   6.073858e-04   7.721528e-02   3.290682e-01   3.906219e-01   4.349113e-01   1.458556e-02   0.000000e+00   1.693550e-02   2.610690e-01   6.145842e-03   6.480415e-01   1.048197e-01   9.156567e-01   3.042957e-01   3.668730e-01   4.328785e-01   7.844113e-01   5.594284e-01
   0.000000e+00   0.000000e+00   3.664904e-01   4.489567e-02   6.400060e-02   0.000000e+00   4.619984e-01   9.737440e-05   9.054176e-01   4.074259e-01   5.740148e-01   2.196762e-01   4.096337e-01   8.791831e-01   8.715611e-01   4.214054e-01   6.567778e-01   5.654807e-01   5.009621e-01
   3.326056e-02   5.859045e-01   9.712520e-01   1.852575e-02   7.674697e-02   0.000000e+00   0.000000e+00   0.000000e+00   1.000000e+00   3.847314e-01   5.355768e-01   2.619972e-02   3.989040e-01   4.163934e-01   3.503864e-01   4.486455e-01   4.547779e-01   8.018812e-01   5.205190e-01
   1.438935e-02   1.290264e-02   2.785463e-06   6.938894e-03   0.000000e+00   4.353295e-01   0.000000e+00   9.858014e-01   9.270520e-01   8.206382e-01   6.502838e-01   5.437863e-01   5.198684e-01   9.931809e-01   3.955712e-01   4.362573e-01   7.876661e-01   9.628749e-01   3.531533e-01
   1.629623e-02   3.076968e-04   7.657766e-02   0.000000e+00   3.898123e-01   4.209796e-01   2.091256e-02   4.886732e-06   6.335385e-02   4.774555e-01   5.574757e-03   7.220640e-01   5.016695e-01   9.936895e-01   3.247506e-01   4.472638e-01   6.394760e-01   7.497112e-01   5.461859e-01
   2.069329e-04   2.855844e-05   1.256208e-10   3.800144e-01   4.084076e-01   3.735001e-01   4.324875e-01   9.396222e-01   1.000000e+00   7.083079e-01   3.353818e-01   1.482601e-02   3.208142e-01   4.831524e-01   3.615319e-01   9.576203e-01   8.016669e-01   9.360939e-01   2.473765e-02
   0.000000e+00   3.729837e-01   2.363919e-02   3.756120e-01   3.269054e-01   4.199055e-01   3.783714e-03   1.174629e-04   0.000000e+00   1.739849e-01   0.000000e+00   2.553269e-01   5.553271e-01   9.002561e-01   8.026383e-01   9.226558e-01   5.409083e-01   9.855738e-01   6.854635e-01
   0.000000e+00   0.000000e+00   9.588285e-04   5.489380e-01   1.000000e+00   5.379768e-01   1.000000e+00   1.617619e-02   0.000000e+00   3.890667e-01   0.000000e+00   1.371858e-01   4.513121e-01   5.160283e-01   9.466088e-01   8.811924e-01   6.010478e-01   4.884243e-01   6.225464e-01
   3.829015e-03   1.359495e-02   7.541831e-03   4.817903e-04   3.331899e-05   9.751477e-01   1.830833e-02   1.000000e+00   9.993524e-01   7.563365e-01   2.729920e-01   2.645122e-02   4.092791e-01   9.742008e-01   5.277120e-01   8.979832e-01   6.042546e-01   8.480276e-01   4.205771e-02
   0.000000e+00   2.938818e-01   4.065409e-01   5.317963e-01   8.433858e-03   9.301103e-01   3.061413e-02   1.093337e-04   9.931975e-01   2.061715e-01   5.088183e-02   3.065626e-02   4.487268e-01   9.472900e-01   5.406164e-01   6.409667e-01   5.931367e-01   7.341994e-01   4.171938e-01
   7.057824e-05   4.332050e-01   3.817880e-01   0.000000e+00   1.092269e-07   0.000000e+00   0.000000e+00   9.305533e-01   5.642538e-02   1.659251e-01   3.356686e-01   7.513472e-01   4.350434e-01   9.989673e-01   3.796065e-01   9.308859e-01   2.895758e-01   7.425054e-01   6.739806e-01
   0.000000e+00   0.000000e+00   7.615995e-03   9.140385e-04   3.873018e-01   5.994518e-03   0.000000e+00   1.624043e-02   5.021335e-01   7.361161e-01   5.956689e-01   4.502604e-03   4.596316e-01   9.987700e-01   3.510078e-01   5.370129e-01   4.450746e-01   3.699385e-01   3.895051e-02
   1.381820e-02   2.934248e-01   5.868633e-05   3.709049e-01   7.563990e-03   2.033145e-03   2.144014e-05   1.356025e-02   1.092655e-03   2.025407e-01   3.335133e-01   2.449541e-01   4.330868e-01   4.947918e-01   8.224741e-01   8.980078e-01   5.964757e-01   5.281696e-01   3.799066e-01
   3.399814e-01   3.341029e-01   2.529563e-03   4.087174e-01   3.626582e-03   4.872498e-01   0.000000e+00   9.738676e-01   6.995818e-01   1.404934e-01   2.635490e-01   7.885342e-01   4.321483e-01   9.495307e-01   8.224064e-01   9.540059e-01   5.611420e-01   9.174468e-01   5.489634e-01
   3.630424e-01   5.005187e-01   1.080045e-02   5.286423e-04   0.000000e+00   2.794849e-03   1.797710e-02   9.561237e-01   1.800236e-02   3.898840e-01   1.191559e-03   4.368801e-01   5.519131e-01   4.293460e-01   3.014600e-01   4.568121e-01   5.825463e-01   7.848003e-01   5.615157e-01
   7.232162e-03   3.595274e-01   0.000000e+00   0.000000e+00   1.607516e-02   3.881298e-01   0.000000e+00   2.417773e-02   9.525706e-01   3.947298e-01   6.157567e-01   2.816106e-01   1.659354e-01   9.545262e-01   9.455590e-01   8.937678e-01   4.509505e-01   6.131435e-01   2.993231e-01
   3.282226e-01   7.450034e-03   2.818950e-02   0.000000e+00   3.971800e-01   0.000000e+00   4.609687e-01   0.000000e+00   9.990173e-01   4.547433e-01   7.893387e-01   6.473687e-01   4.680742e-01   9.781800e-01   8.321349e-01   5.284044e-01   6.171389e-01   7.202503e-01   5.261088e-01
   3.422070e-01   3.314838e-01   0.000000e+00   5.297643e-01   8.345132e-04   9.640812e-02   0.000000e+00   8.585602e-04   9.502664e-01   7.304685e-02   7.559892e-01   6.643369e-01   5.017744e-01   9.293358e-01   8.321204e-01   4.384051e-01   5.388116e-01   7.259651e-01   5.166486e-01
   3.054334e-01   3.777704e-01   1.320272e-06   4.550534e-02   3.962574e-01   6.195704e-03   4.764046e-03   4.960090e-01   3.645379e-03   2.393124e-01   2.766125e-01   9.471908e-02   5.187049e-01   9.715392e-01   9.319963e-01   5.267899e-01   8.913571e-01   9.691599e-01   5.619833e-01
   3.655709e-01   0.000000e+00   3.705343e-01   4.031574e-01   4.095715e-02   4.982666e-01   0.000000e+00   5.844772e-04   5.533583e-02   4.755231e-01   3.746006e-02   1.414239e-01   5.386949e-02   4.899654e-01   3.042143e-01   9.399923e-01   4.119635e-01   9.913041e-01   5.500595e-01
   3.028749e-01   1.265855e-03   1.309751e-04   3.225952e-02   1.000000e+00   4.100367e-01   3.708806e-03   4.815162e-01   1.000000e+00   8.346608e-01   3.421746e-02   2.515982e-01   2.285835e-01   8.863718e-01   8.225813e-01   9.282390e-01   4.924587e-01   9.613635e-01   3.738274e-01
   3.423961e-01   0.000000e+00   2.055077e-02   0.000000e+00   3.882164e-08   1.000000e+00   4.552031e-03   1.734388e-02   7.620677e-01   8.416071e-01   5.348409e-01   7.910314e-01   4.159095e-01   9.432778e-01   4.321581e-01   9.604096e-01   6.899049e-01   9.339217e-01   1.703378e-01
   1.568341e-02   7.444526e-05   2.522311e-03   1.982693e-05   0.000000e+00   4.168391e-01   9.917700e-01   1.000000e+00   1.280731e-02   3.609803e-01   5.560713e-01   4.161228e-01   2.239343e-01   9.353062e-01   4.082500e-01   4.625316e-01   5.332377e-01   6.485823e-01   5.595240e-01
   1.404121e-04   3.505986e-01   0.000000e+00   4.468962e-01   5.547900e-03   4.952604e-01   9.481644e-05   9.647279e-01   9.928335e-01   2.637035e-01   8.369709e-01   7.401695e-01   2.718546e-02   9.099060e-01   8.526167e-01   4.973706e-01   4.051194e-01   4.248412e-01   5.224267e-01
   2.669211e-01   4.059856e-01   4.173760e-01   6.981267e-02   2.380344e-03   0.000000e+00   0.000000e+00   6.829029e-02   2.456634e-03   3.843721e-01   3.537314e-01   7.788930e-01   4.598502e-01   9.989673e-01   4.523024e-01   4.956452e-01   9.693383e-01   4.405689e-01   5.108280e-01
   5.009451e-01   2.879584e-01   0.000000e+00   1.000000e+00   3.174700e-02   9.566433e-01   4.699276e-01   5.978366e-01   2.042934e-02   2.503202e-01   6.436120e-01   2.811543e-01   4.966900e-01   5.219097e-01   3.792494e-01   5.001466e-01   5.999569e-01   7.625545e-01   5.146896e-01
   3.622327e-01   1.424041e-02   1.243326e-02   3.322793e-04   4.339046e-01   0.000000e+00   0.000000e+00   4.983512e-02   9.556898e-01   4.726170e-01   7.199645e-01   2.705731e-03   4.598578e-01   4.021725e-01   8.307210e-01   5.668516e-01   5.813495e-01   9.015631e-01   4.623143e-01
   7.985704e-03   5.391131e-03   1.256208e-10   5.467545e-01   4.098121e-01   3.568246e-01   4.324875e-01   9.189537e-01   1.000000e+00   8.236289e-01   1.765284e-02   1.482601e-02   3.212046e-01   1.000000e+00   4.545385e-01   9.507085e-01   2.961866e-01   9.662308e-01   2.473765e-02
   1.717492e-02   2.934248e-01   5.965251e-05   3.709049e-01   7.567315e-03   5.239144e-01   0.000000e+00   0.000000e+00   1.450945e-03   1.997544e-01   7.743174e-01   2.449541e-01   4.330868e-01   8.973857e-01   8.288607e-01   8.980078e-01   5.964757e-01   9.874210e-01   5.708372e-01
   7.323095e-03   3.676110e-01   2.264602e-03   7.359724e-05   1.397991e-02   3.927863e-01   3.898004e-01   2.417773e-02   9.545776e-02   3.981056e-01   6.161756e-01   6.315031e-01   1.659354e-01   9.542284e-01   8.442270e-01   1.000000e+00   4.815058e-01   6.130632e-01   2.998611e-01
   4.042377e-09   9.685999e-05   3.950554e-01   0.000000e+00   2.496483e-04   4.835257e-01   0.000000e+00   4.564580e-04   0.000000e+00   4.639570e-01   5.898245e-01   4.923960e-01   4.612324e-01   9.600635e-01   8.313104e-01   8.378696e-01   6.783794e-01   6.719353e-01   5.199696e-01
   0.000000e+00   9.197410e-04   0.000000e+00   4.895178e-05   3.571574e-01   1.533318e-02   1.781287e-03   4.748590e-01   1.000000e+00   4.028425e-01   6.012727e-01   9.639421e-02   4.686196e-01   8.846346e-01   3.447765e-01   3.910395e-01   6.714034e-01   9.404039e-01   5.180082e-01
   0.000000e+00   6.932507e-04   3.496631e-01   0.000000e+00   2.803026e-03   0.000000e+00   0.000000e+00   9.982589e-01   9.771514e-01   4.062053e-01   2.755516e-01   6.269506e-01   4.471057e-01   7.089003e-01   8.195504e-01   5.155705e-01   5.710837e-01   5.774182e-01   2.446627e-01
   0.000000e+00   7.030449e-04   3.773337e-01   0.000000e+00   9.066476e-04   4.908226e-01   8.285020e-05   9.915188e-01   9.771514e-01   4.062053e-01   1.230057e-01   6.117816e-01   4.471057e-01   7.135520e-01   8.209629e-01   5.155705e-01   5.710837e-01   5.782511e-01   2.446627e-01
   0.000000e+00   0.000000e+00   2.462898e-02   3.344717e-01   1.000000e+00   1.106401e-02   3.897304e-01   1.172216e-04   5.272839e-01   1.750860e-01   0.000000e+00   1.402926e-01   2.250899e-01   9.955994e-01   3.201317e-01   3.779104e-01   5.409083e-01   9.887160e-01   6.817134e-01
   4.164643e-03   0.000000e+00   3.436063e-01   3.942374e-01   7.096943e-05   4.654276e-05   4.607744e-01   9.873162e-02   9.930751e-01   7.128281e-01   5.315982e-01   3.550343e-02   3.251805e-01   9.258042e-01   3.243374e-01   2.952513e-01   9.569984e-01   9.452913e-01   5.677311e-01
   3.563429e-01   3.466863e-01   1.860483e-03   1.113959e-03   5.023677e-03   5.327753e-01   1.000000e+00   2.246462e-02   9.565380e-01   3.903445e-01   1.757293e-02   4.331550e-01   4.336984e-01   8.967226e-01   4.298438e-01   9.549456e-01   4.744842e-01   9.505893e-01   3.874671e-01
   4.655587e-01   7.241273e-03   7.070961e-03   0.000000e+00   4.247850e-01   2.508584e-03   3.956219e-03   1.175465e-04   2.054111e-02   5.881814e-01   2.395352e-02   1.589866e-01   5.571139e-01   6.486812e-01   4.856505e-01   3.188436e-01   2.954953e-01   7.644916e-01   5.196626e-01
   4.938273e-01   3.477291e-01   4.360827e-01   0.000000e+00   0.000000e+00   1.688940e-04   9.839402e-01   0.000000e+00   0.000000e+00   3.900407e-01   6.441960e-01   0.000000e+00   1.482186e-01   6.580740e-01   1.206213e-01   9.005786e-01   5.489514e-01   9.223581e-01   5.148859e-01
   1.629535e-05   6.957710e-05   4.083204e-01   5.111782e-03   4.475591e-02   4.317357e-01   9.892223e-01   3.884282e-04   1.000000e+00   6.996897e-01   5.008096e-01   1.593479e-02   3.951818e-01   4.896064e-01   4.080543e-01   3.662764e-01   4.107692e-01   9.367675e-01   5.406885e-01
   3.028749e-01   0.000000e+00   1.309751e-04   1.531156e-04   0.000000e+00   9.411920e-03   8.419360e-03   4.749915e-01   1.000000e+00   8.346608e-01   2.705798e-01   1.338803e-01   2.667952e-01   4.947880e-01   8.225813e-01   3.610938e-01   4.924587e-01   4.720619e-01   3.700672e-01
   3.423961e-01   0.000000e+00   2.030977e-02   0.000000e+00   3.445275e-01   1.000000e+00   4.552031e-03   9.990422e-01   7.620677e-01   8.416071e-01   5.348409e-01   7.910314e-01   4.159095e-01   9.714071e-01   4.826408e-01   4.028304e-01   5.485363e-01   9.339217e-01   1.703378e-01
   2.905720e-01   0.000000e+00   2.176530e-03   5.214157e-03   0.000000e+00   6.274010e-01   1.000000e+00   2.255037e-07   9.772103e-01   4.688872e-01   4.945142e-01   2.548620e-02   4.568146e-01   9.284005e-01   5.442136e-01   3.622771e-01   8.868303e-01   5.913770e-01   3.379729e-01
   5.399015e-03   2.776192e-01   5.913434e-03   5.582133e-03   1.564233e-04   9.506283e-03   4.830324e-01   1.000000e+00   6.962963e-04   3.966697e-01   3.599923e-01   7.348080e-02   6.302233e-01   9.762754e-01   3.650148e-01   9.662899e-01   6.726757e-01   8.886705e-01   5.658539e-01
   1.080357e-02   4.946503e-01   1.446486e-03   3.731270e-02   4.949168e-01   4.921314e-01   0.000000e+00   1.000000e+00   9.552027e-02   8.226018e-01   5.078779e-03   1.933436e-01   4.078736e-01   9.541796e-01   5.682742e-01   9.716173e-01   7.902047e-01   9.323619e-01   5.198120e-01
   1.554761e-04   4.061486e-01   3.934329e-01   2.077044e-04   2.380344e-03   0.000000e+00   0.000000e+00   1.224781e-03   0.000000e+00   3.843721e-01   3.537314e-01   7.521163e-01   4.598037e-01   9.987511e-01   3.796065e-01   3.264378e-01   6.659924e-01   8.909051e-01   5.108280e-01
   3.573455e-01   0.000000e+00   3.795714e-01   1.617928e-12   4.085080e-01   9.568670e-01   6.000573e-05   5.844772e-04   2.984495e-02   4.765202e-01   7.468534e-01   0.000000e+00   5.386949e-02   4.891181e-01   3.291754e-01   3.538093e-01   5.436866e-01   9.877409e-01   5.729605e-01
   1.602346e-03   3.476916e-01   4.086043e-01   1.827734e-02   2.222394e-03   1.320441e-06   1.000000e+00   6.284843e-03   9.292493e-01   3.877319e-01   6.736349e-01   3.758639e-01   8.823521e-02   6.358901e-01   4.211180e-01   6.058104e-01   4.290852e-01   6.214883e-01   4.939792e-01
   6.410143e-02   3.086573e-01   3.492391e-01   5.711952e-02   0.000000e+00   0.000000e+00   4.101831e-03   5.087846e-01   9.515118e-01   4.710506e-01   1.502513e-01   1.560130e-01   4.935951e-01   9.710643e-01   4.731401e-01   5.002082e-01   5.487240e-01   6.020846e-01   5.148824e-01
   3.170177e-01   3.189455e-01   2.542576e-03   4.011557e-01   9.843542e-01   3.602061e-02   9.981571e-04   4.140518e-03   9.498035e-01   4.427365e-01   2.313514e-02   1.389557e-01   4.575418e-01   5.158698e-01   1.000000e+00   5.429441e-01   4.095490e-01   5.296339e-01   3.785433e-01
   3.400778e-01   3.796523e-01   2.893031e-04   4.189514e-01   6.120739e-02   5.495545e-03   0.000000e+00   0.000000e+00   0.000000e+00   2.345370e-01   2.905143e-01   6.073442e-02   4.271425e-01   9.561657e-01   4.213710e-01   5.179669e-01   8.805199e-01   9.330961e-01   5.247230e-01
   3.803711e-01   2.938005e-01   2.433255e-03   3.669222e-01   3.507764e-03   4.977446e-01   9.868397e-01   4.660653e-01   0.000000e+00   4.787350e-01   6.054444e-01   8.590319e-03   3.685073e-01   9.034073e-01   4.663371e-01   9.718503e-01   6.137863e-01   9.562708e-01   5.476375e-01
   2.985913e-01   0.000000e+00   3.945481e-01   5.452981e-03   1.892204e-02   0.000000e+00   2.399521e-02   4.956788e-01   2.556497e-05   3.412938e-01   2.686803e-01   3.762191e-01   4.562356e-01   9.848899e-01   9.518789e-01   4.686787e-01   9.003806e-01   5.883960e-01   5.083213e-01
   3.354406e-01   2.807569e-03   2.804203e-02   0.000000e+00   0.000000e+00   5.031793e-03   4.756378e-01   1.054405e-03   3.957190e-03   1.666579e-01   1.847754e-01   2.660077e-01   4.126558e-01   9.081761e-01   4.611277e-01   5.162341e-01   5.629014e-01   4.809478e-01   6.804066e-01
   0.000000e+00   7.504645e-03   2.363919e-02   3.756120e-01   3.269054e-01   4.306303e-01   8.298731e-03   4.552447e-01   5.263735e-01   2.421722e-01   0.000000e+00   1.805470e-01   2.607761e-01   9.002561e-01   5.013390e-01   9.574140e-01   5.426941e-01   9.851962e-01   5.265046e-01
   2.870365e-01   3.111232e-02   0.000000e+00   5.261240e-04   6.116298e-03   1.371983e-02   9.959106e-01   9.652288e-01   9.773370e-01   3.032705e-01   6.656933e-01   9.158314e-02   4.936437e-01   4.875964e-01   4.243273e-01   3.903792e-01   5.103365e-01   8.792146e-01   5.176535e-01
   2.745502e-01   4.913688e-06   0.000000e+00   0.000000e+00   0.000000e+00   3.583191e-01   4.533325e-01   9.845399e-01   9.400124e-01   2.536493e-01   5.256684e-01   2.395201e-02   3.953282e-01   4.031495e-01   3.578276e-01   3.677874e-01   2.884343e-01   6.794869e-01   1.389031e-02
   0.000000e+00   1.579366e-03   0.000000e+00   0.000000e+00   4.773993e-01   5.685379e-03   4.098398e-01   5.504410e-01   0.000000e+00   4.986152e-01   2.572570e-01   6.170360e-02   6.505776e-02   9.627438e-01   8.190573e-01   3.858933e-01   5.209153e-01   7.453069e-01   5.079946e-01
   2.772124e-02   0.000000e+00   4.915422e-05   4.502030e-01   3.643660e-03   7.344686e-03   4.657984e-01   4.744426e-01   9.796110e-01   4.745941e-01   6.016751e-01   1.404767e-01   7.200390e-02   7.445597e-01   3.944280e-01   9.973253e-01   6.038807e-01   1.000000e+00   5.369597e-01
   0.000000e+00   0.000000e+00   0.000000e+00   3.889213e-01   0.000000e+00   3.735166e-01   0.000000e+00   2.782397e-03   6.593566e-02   3.809028e-01   2.907680e-01   3.487313e-03   1.670443e-01   9.516314e-01   3.571231e-01   4.942004e-01   7.866219e-01   6.086608e-01   2.543888e-01
   3.462137e-01   2.187479e-06   4.126829e-01   0.000000e+00   2.437522e-04   1.380236e-02   9.876985e-01   5.242035e-04   9.398129e-01   4.052025e-01   5.682668e-01   2.197190e-01   4.822040e-02   9.993790e-01   3.519012e-01   5.379205e-01   6.010666e-01   8.453443e-01   3.452350e-01
   3.331413e-01   0.000000e+00   0.000000e+00   4.714680e-01   1.000000e+00   7.067774e-03   1.699959e-01   0.000000e+00   9.922962e-01   4.784645e-01   6.392913e-01   1.385475e-01   7.200390e-02   7.594090e-01   7.985837e-01   9.317177e-01   6.028940e-01   1.000000e+00   6.921584e-01
   4.122417e-01   0.000000e+00   3.455124e-01   8.966487e-02   2.779160e-03   6.977939e-03   4.694385e-01   4.256627e-07   9.770747e-01   3.894192e-01   6.005215e-01   6.595948e-01   6.932221e-02   4.292529e-01   8.118626e-01   4.362258e-01   8.840745e-01   9.537149e-01   3.358904e-01
   9.761462e-03   1.345006e-02   0.000000e+00   3.954918e-05   1.028326e-06   3.586075e-01   9.364515e-03   4.815162e-01   9.595905e-01   2.695939e-01   2.682925e-01   1.725210e-01   4.952677e-02   4.941748e-01   4.748400e-01   3.900365e-01   6.510959e-01   6.215075e-01   3.748918e-01
   1.103100e-02   6.040944e-01   1.321862e-02   1.987590e-05   4.399936e-01   0.000000e+00   9.932420e-01   0.000000e+00   1.000000e+00   3.637179e-01   5.853203e-04   1.210221e-01   4.511661e-01   9.717454e-01   3.805340e-01   4.937180e-01   4.908683e-01   9.807547e-01   5.143874e-01
   6.973282e-03   1.284734e-02   4.214904e-04   3.890299e-01   0.000000e+00   3.551673e-01   0.000000e+00   5.075812e-01   0.000000e+00   8.213983e-01   5.762274e-01   3.578227e-01   8.369150e-02   1.000000e+00   4.955796e-01   9.371914e-01   8.448412e-01   6.113055e-01   5.464655e-01
   1.267234e-02   3.466863e-01   1.550665e-02   1.945561e-05   4.735779e-01   5.327753e-01   1.000000e+00   1.715577e-01   9.565380e-01   3.911780e-01   1.302681e-03   0.000000e+00   4.115827e-01   9.086328e-01   4.298438e-01   9.549456e-01   4.584202e-01   9.505893e-01   6.813396e-01
   1.475519e-03   0.000000e+00   0.000000e+00   1.400666e-03   0.000000e+00   3.467627e-01   1.510869e-03   1.300115e-03   9.768421e-01   4.703538e-01   2.859528e-01   9.342032e-04   9.793786e-02   9.840674e-01   8.265814e-01   2.684592e-01   5.695526e-01   8.317528e-01   2.582601e-01
   3.428889e-01   1.152273e-03   1.085811e-02   5.982514e-01   1.512188e-05   1.121668e-01   9.712613e-01   1.268206e-01   6.381255e-02   4.192136e-01   7.155406e-01   3.133184e-01   3.409976e-01   9.544758e-01   8.341396e-01   4.658165e-01   5.851704e-01   9.187944e-01   5.152122e-01
   3.291057e-01   5.261886e-01   0.000000e+00   5.443743e-01   0.000000e+00   0.000000e+00   9.947970e-01   0.000000e+00   9.991101e-01   3.936953e-01   7.132591e-01   3.336330e-02   4.396745e-01   9.782331e-01   4.006584e-01   5.122859e-01   5.968063e-01   9.297456e-01   5.142804e-01
   6.350462e-02   2.464666e-02   4.425057e-01   4.562743e-01   4.058358e-06   2.640402e-02   4.338361e-01   9.965692e-01   9.835673e-01   2.624652e-01   7.333896e-01   3.202554e-01   4.503995e-01   9.682476e-01   9.278914e-01   8.807299e-01   5.983930e-01   9.655979e-01   5.617497e-01
   3.644976e-01   0.000000e+00   4.794111e-05   4.572488e-01   2.760803e-03   7.022224e-03   1.955368e-04   0.000000e+00   9.877682e-01   4.744027e-01   6.392913e-01   1.433536e-01   4.730832e-01   7.594090e-01   7.985837e-01   9.319687e-01   6.030097e-01   1.000000e+00   6.213228e-01
   2.352280e-03   0.000000e+00   1.054516e-06   4.992168e-01   3.629992e-02   9.710864e-01   7.909535e-03   1.520722e-01   9.931975e-01   3.971087e-01   5.996689e-01   1.807405e-01   2.203001e-01   4.827956e-01   4.547657e-01   2.587933e-01   4.043780e-01   9.374326e-01   2.426075e-02
   0.000000e+00   0.000000e+00   2.355957e-04   4.976574e-01   3.941262e-01   7.481499e-02   2.971483e-02   5.504569e-03   9.313903e-01   1.209772e-01   1.422194e-01   1.529899e-01   3.305623e-01   4.836563e-01   3.215924e-01   8.803745e-01   8.620826e-01   7.610786e-01   5.679247e-01
   3.699194e-01   2.945171e-02   1.244856e-10   1.617928e-12   0.000000e+00   3.632856e-01   0.000000e+00   1.000000e+00   5.088064e-01   5.310123e-01   7.131821e-01   2.017388e-02   5.386949e-02   4.786835e-01   3.291754e-01   3.817634e-01   5.554700e-01   9.877372e-01   4.163173e-01
   0.000000e+00   4.237013e-01   4.743834e-03   5.489380e-01   1.000000e+00   5.682304e-01   9.868133e-01   1.617619e-02   0.000000e+00   9.361874e-02   7.521683e-01   7.677281e-01   4.513121e-01   7.240591e-01   9.509433e-01   8.811924e-01   6.010478e-01   4.884243e-01   6.226276e-01
   3.821348e-02   8.226690e-06   3.188598e-04   3.816476e-01   0.000000e+00   3.735166e-01   0.000000e+00   2.789230e-03   1.000000e+00   3.920782e-01   5.319848e-01   6.033502e-02   1.720173e-01   5.570538e-01   3.574467e-01   4.940967e-01   4.406701e-01   6.029622e-01   5.177730e-01
   5.964775e-01   0.000000e+00   3.766273e-01   3.234393e-04   4.990320e-06   1.691090e-03   9.963167e-01   1.156802e-03   9.371481e-02   9.750109e-01   5.269174e-01   3.550343e-02   4.812862e-01   9.935397e-01   4.429535e-01   6.485442e-01   6.004507e-01   8.801488e-01   4.411489e-01
   3.376263e-01   3.011138e-02   1.825407e-03   1.000000e+00   6.732072e-03   0.000000e+00   4.101831e-03   1.725357e-02   9.979875e-01   1.096852e-01   2.910831e-01   6.046923e-02   3.910405e-01   9.432870e-01   4.278510e-01   9.593787e-01   6.923025e-01   9.190769e-01   5.150455e-01
   3.008553e-01   2.445977e-04   8.889247e-05   4.093629e-01   4.139032e-01   8.312112e-02   0.000000e+00   2.016484e-02   1.000000e+00   2.600648e-01   2.477044e-01   1.393446e-01   5.599310e-01   9.668078e-01   3.633543e-01   9.896513e-01   4.663354e-01   9.894228e-01   5.071731e-01
   2.975632e-01   3.283727e-01   3.521295e-01   0.000000e+00   0.000000e+00   4.262561e-03   4.756072e-01   0.000000e+00   9.943218e-01   1.666579e-01   1.807256e-01   2.639205e-01   7.041932e-02   9.983653e-01   4.611277e-01   5.162341e-01   8.480784e-01   4.809478e-01   6.804066e-01
   5.593179e-01   0.000000e+00   3.994298e-01   4.668836e-01   3.637150e-03   7.022224e-03   1.955368e-04   0.000000e+00   9.877682e-01   4.745374e-01   6.392913e-01   1.385475e-01   7.200390e-02   7.594090e-01   8.313833e-01   9.317177e-01   6.028940e-01   9.874473e-01   6.921584e-01
   0.000000e+00   3.638283e-01   4.795760e-01   5.943428e-04   0.000000e+00   9.581718e-01   1.845104e-04   9.812454e-01   2.828851e-01   2.545306e-01   2.679704e-01   9.272485e-01   4.297244e-01   4.591836e-01   4.043157e-01   5.917181e-01   6.192802e-01   9.021508e-01   5.949310e-01
   7.666667e-03   9.222329e-03   2.339792e-04   2.355939e-02   3.549954e-01   1.267493e-02   9.733932e-03   1.000000e+00   2.074069e-02   1.200104e-01   5.281190e-01   3.060012e-02   4.006876e-01   9.268676e-01   3.792112e-01   3.211063e-01   8.769217e-01   8.485132e-01   5.620914e-01
   2.870020e-01   3.310053e-01   3.660759e-01   0.000000e+00   0.000000e+00   2.414575e-02   4.756378e-01   1.642951e-02   3.942850e-03   3.388775e-01   5.721166e-01   2.680906e-01   2.242334e-01   9.997161e-01   4.611277e-01   5.162341e-01   8.749523e-01   4.809478e-01   4.403305e-01
   3.340141e-01   3.679470e-01   3.573615e-01   5.799787e-01   4.119342e-03   6.201241e-02   1.521003e-03   9.189681e-04   9.983542e-01   3.616109e-01   1.139925e-01   2.611870e-02   8.211914e-02   5.068326e-01   8.250663e-01   4.393705e-01   5.384962e-01   5.471673e-01   5.110114e-01
   2.274411e-03   1.493609e-01   1.741664e-03   5.758029e-02   1.507036e-06   3.551673e-01   4.338483e-01   1.000000e+00   9.980778e-01   8.333051e-01   2.440177e-01   3.490146e-01   8.369150e-02   9.489422e-01   4.761795e-01   9.321378e-01   8.585604e-01   6.113055e-01   3.929853e-01
   0.000000e+00   1.026166e-02   3.247599e-03   4.336021e-04   0.000000e+00   5.998617e-03   4.592263e-01   7.703341e-05   1.000000e+00   1.278223e-01   2.713695e-01   2.273895e-01   3.987424e-01   4.096522e-01   3.976311e-01   5.429434e-01   3.053110e-01   5.755685e-01   5.623400e-01
   3.462137e-01   1.421906e-03   4.872900e-03   4.502030e-01   3.517972e-04   4.213203e-05   0.000000e+00   0.000000e+00   0.000000e+00   2.017613e-01   3.101572e-01   1.814854e-01   4.337056e-01   1.000000e+00   8.644715e-01   9.531553e-01   6.063450e-01   9.969855e-01   6.216414e-01
   3.972592e-03   2.710372e-01   3.821686e-01   3.943277e-01   0.000000e+00   0.000000e+00   0.000000e+00   5.488432e-01   5.292451e-01   4.029567e-01   2.294687e-01   5.635037e-02   7.855429e-02   1.000000e+00   3.291864e-01   8.841447e-01   6.140726e-01   9.460718e-01   6.245555e-01
   5.536880e-03   3.314838e-01   0.000000e+00   1.499140e-03   3.687228e-01   9.640812e-02   1.000000e+00   8.585602e-04   9.514787e-01   7.322222e-02   7.559892e-01   6.643369e-01   3.726340e-01   9.196790e-01   3.286446e-01   5.412383e-01   5.414791e-01   7.242201e-01   5.230737e-01
   6.955924e-03   3.839484e-01   1.320272e-06   4.550534e-02   3.773359e-01   6.195704e-03   4.410134e-01   3.302144e-04   3.619814e-03   2.393124e-01   5.836336e-01   9.275530e-02   5.184818e-01   9.714840e-01   9.319963e-01   5.253155e-01   6.595687e-01   9.737583e-01   5.619833e-01
   0.000000e+00   2.445977e-04   9.486741e-06   4.093629e-01   3.914285e-01   7.533005e-02   1.755298e-04   6.536188e-02   0.000000e+00   1.748429e-01   2.291353e-01   1.395030e-01   7.849565e-02   4.790295e-01   3.631876e-01   3.874975e-01   4.663354e-01   9.894228e-01   5.076813e-01
   3.457789e-02   5.945160e-04   1.627379e-03   3.496138e-01   1.098027e-03   9.150264e-04   7.444200e-03   1.634112e-01   5.335276e-01   6.564541e-01   2.415640e-01   6.344233e-01   4.252865e-01   9.378819e-01   8.638559e-01   9.979809e-01   4.634798e-01   4.226361e-01   2.044555e-01
   3.167570e-01   3.787794e-01   0.000000e+00   6.549885e-03   2.540552e-04   0.000000e+00   3.524769e-03   9.312749e-05   8.869347e-03   8.273731e-01   7.330529e-01   5.106649e-02   4.521851e-01   3.699748e-01   4.972293e-01   4.093646e-01   5.510807e-01   5.633855e-01   3.819110e-01
   0.000000e+00   6.932507e-04   4.150699e-03   0.000000e+00   4.709851e-03   0.000000e+00   0.000000e+00   9.700606e-01   9.851448e-01   4.062053e-01   2.755516e-01   6.255386e-01   4.211869e-01   7.089003e-01   4.232808e-01   5.155705e-01   5.710837e-01   5.662211e-01   2.446627e-01
   2.884527e-01   9.846045e-03   1.772958e-03   3.530050e-02   9.273447e-04   0.000000e+00   1.470090e-02   1.000000e+00   1.689774e-02   4.392619e-01   2.663658e-01   0.000000e+00   2.489485e-01   1.000000e+00   9.699260e-01   4.347809e-01   8.912595e-01   9.392725e-01   5.661775e-01
   3.924252e-01   3.366644e-01   0.000000e+00   0.000000e+00   8.345132e-04   4.163412e-01   2.305228e-02   8.585602e-04   9.502664e-01   7.304685e-02   7.557350e-01   6.643369e-01   5.025324e-01   9.293358e-01   3.339503e-01   3.765783e-01   5.392307e-01   7.292461e-01   5.686683e-01
   5.630380e-04   7.238118e-03   0.000000e+00   1.451118e-02   9.516093e-03   0.000000e+00   9.987559e-01   5.818870e-04   5.308057e-01   3.922883e-01   7.467663e-01   3.870213e-01   2.332110e-01   6.387097e-01   3.871286e-01   3.538311e-01   8.681518e-01   6.058710e-01   6.744560e-01
   0.000000e+00   3.039277e-01   3.655846e-01   3.922977e-02   3.849951e-01   9.449005e-01   7.745799e-03   9.528543e-01   0.000000e+00   1.051447e-01   1.355555e-01   1.807964e-01   4.349758e-01   9.688750e-01   4.964082e-01   6.590078e-01   3.979692e-01   7.414349e-01   6.669961e-01
   1.449361e-02   6.159128e-01   2.088613e-03   1.565181e-02   6.844679e-03   0.000000e+00   5.994577e-05   9.620983e-01   3.644492e-03   7.893255e-01   1.332130e-01   1.210221e-01   5.192497e-01   9.717454e-01   3.803793e-01   3.767225e-01   5.738019e-01   9.877705e-01   5.143874e-01
   3.494074e-01   7.456870e-03   2.363919e-02   3.756120e-01   0.000000e+00   4.904904e-01   8.494268e-03   1.174629e-04   1.544380e-04   4.505358e-01   0.000000e+00   1.368423e-01   2.607761e-01   5.199502e-01   8.026383e-01   3.555107e-01   5.409083e-01   7.571848e-01   6.850029e-01
