   9.403958e-01   3.404789e-01   7.958752e-03   2.343994e-02
   9.666199e-01   5.314412e-03   2.577165e-01   0.000000e+00
   8.926231e-01   4.516019e-01   0.000000e+00   1.083343e-02
   9.609756e-01   2.779762e-01   7.960641e-03   0.000000e+00
   1.001296e+00   0.000000e+00   1.074808e-02   2.308457e-03
   8.684841e-01   4.415154e-01   2.204769e-01   5.460992e-02
   8.757991e-01   4.810747e-01   4.939653e-02   0.000000e+00
   7.799547e-01   4.447038e-01   4.414768e-01   0.000000e+00
   7.535374e-01   6.076120e-01   2.533229e-01   1.008260e-02
   8.404463e-01   5.020000e-01   1.842032e-01   9.244835e-02
   9.780579e-01   1.352723e-02   2.100035e-01   0.000000e+00
   4.074187e-01   9.137292e-01   0.000000e+00   4.405248e-03
   7.124200e-01   6.566078e-01   6.741970e-02   2.400886e-01
   7.627381e-01   6.144664e-01   2.048780e-01   0.000000e+00
   7.164594e-01   5.590864e-01   4.187949e-01   1.569062e-05
   8.697105e-01   4.421388e-01   2.207882e-01   1.302885e-02
   7.992646e-01   2.337636e-01   5.465549e-01   9.533409e-02
   8.148563e-01   5.345131e-01   2.205343e-01   5.471972e-02
   7.265199e-01   4.006723e-01   5.392851e-01   1.478860e-01
   6.119420e-17   9.993772e-01   4.355904e-02   1.223197e-02
   9.299575e-01   3.559610e-01   9.715505e-02   1.346338e-04
   9.355406e-01   2.689209e-01   2.303407e-01   1.364493e-02
   7.314189e-01   4.103730e-01   5.379776e-01   9.129060e-02
   9.132888e-01   2.529082e-01   3.062690e-01   9.562216e-02
   6.877828e-01   2.529129e-01   6.745536e-01   9.304464e-02
   7.587896e-01   6.522832e-01   2.357692e-04   1.226073e-02
   7.506734e-01   6.594377e-01   4.939435e-02   1.664226e-02
   1.001063e+00   1.113529e-02   0.000000e+00   9.291148e-02
   8.187677e-01   3.154085e-01   4.803673e-01   1.425500e-02
   8.529332e-01   5.143162e-01   0.000000e+00   9.384235e-02
   4.867542e-01   3.341232e-01   5.086235e-01   6.273264e-01
   7.469008e-01   3.797055e-01   5.442813e-01   5.039635e-02
   9.412553e-01   3.245484e-01   0.000000e+00   9.793194e-02
   8.929772e-01   4.426525e-01   8.742658e-02   0.000000e+00
   8.573676e-01   4.812016e-01   1.846920e-01   8.942101e-03
   3.994225e-01   9.119847e-01   0.000000e+00   9.793002e-02
   8.756984e-01   4.751770e-01   6.620011e-03   9.111112e-02
   8.201022e-01   6.369790e-03   5.719899e-01   3.203058e-02
   8.181162e-01   5.315271e-01   2.220041e-01   1.011613e-02
   9.672980e-01   1.315449e-01   2.188836e-01   0.000000e+00
   7.333886e-01   7.571408e-02   4.812566e-01   4.755094e-01
   5.147391e-01   8.576349e-01   2.688898e-02   1.115021e-02
   4.442751e-01   1.274147e-01   8.871159e-01   1.364478e-02
   7.016044e-01   7.068537e-01   0.000000e+00   9.796146e-02
   7.150108e-01   2.981278e-01   6.202097e-01   1.268217e-01
   3.922508e-02   0.000000e+00   9.996838e-01   0.000000e+00
   8.832523e-01   4.576266e-01   4.640328e-02   9.553273e-02
   6.775137e-01   3.637058e-01   6.399979e-01   0.000000e+00
   8.978238e-01   3.766601e-03   4.414798e-01   1.998060e-05
   8.430099e-01   5.385776e-01   0.000000e+00   2.633334e-02
   9.611982e-01   2.763140e-01   0.000000e+00   2.343898e-02
   7.214790e-01   2.664326e-01   6.397728e-01   3.055921e-03
   8.343147e-01   4.584296e-01   3.079244e-01   9.486911e-04
   6.924599e-01   7.219895e-01   8.200964e-03   0.000000e+00
   9.211056e-01   3.784029e-01   0.000000e+00   9.602785e-02
   7.939430e-01   2.288526e-01   5.638243e-01   1.373593e-02
   8.773898e-01   8.431559e-03   4.803738e-01   1.386202e-02
   8.856022e-01   4.454876e-01   1.323687e-01   2.301067e-02
   6.789110e-01   7.173041e-01   1.141308e-01   1.139446e-01
   9.000069e-01   4.340776e-01   4.914473e-02   7.142632e-05
   9.731236e-01   2.642713e-02   2.090011e-01   9.765109e-02
   7.155298e-01   6.905271e-01   1.095051e-01   0.000000e+00
   8.428196e-01   0.000000e+00   4.827202e-01   2.416460e-01
   4.186857e-01   8.976635e-01   0.000000e+00   1.419822e-01
   5.644124e-17   9.217555e-01   1.208805e-02   3.888825e-01
   6.090741e-17   9.946936e-01   4.254388e-02   9.772680e-02
   9.904824e-01   0.000000e+00   6.731117e-03   1.419824e-01
   7.344350e-01   4.050374e-01   5.451604e-01   1.324520e-02
   8.582704e-01   5.140826e-01   0.000000e+00   0.000000e+00
   7.659976e-01   2.123162e-01   6.074680e-01   0.000000e+00
   8.118469e-01   2.355448e-01   4.773568e-01   2.415285e-01
   9.593482e-01   2.765303e-01   6.345953e-02   0.000000e+00
   8.630673e-01   4.900394e-01   1.836570e-02   1.251254e-01
   8.176887e-01   3.091150e-01   4.785869e-01   9.278007e-02
   7.693428e-01   4.529255e-01   4.411618e-01   9.500739e-02
   7.237854e-01   6.790410e-01   1.978249e-02   1.251249e-01
   8.325195e-01   3.895045e-03   5.550928e-01   8.059834e-03
   7.452538e-01   4.387439e-01   4.937658e-01   9.500982e-02
   9.059301e-01   0.000000e+00   3.443304e-01   2.561548e-01
   9.169695e-01   8.811913e-03   3.716334e-01   1.484965e-01
   9.100206e-01   4.019773e-01   8.998507e-02   5.495768e-02
   7.125574e-01   7.002313e-01   4.989820e-02   1.664013e-02
   5.124810e-01   3.984843e-03   8.607418e-01   1.427574e-02
   9.341005e-01   3.548182e-01   4.661109e-02   1.561208e-02
   9.633143e-01   1.310031e-01   2.179821e-01   9.048312e-02
   7.370741e-01   1.711706e-02   4.812477e-01   4.755006e-01
   9.572604e-01   0.000000e+00   2.930208e-01   9.290949e-02
   7.852308e-01   5.272243e-01   3.215243e-01   5.461321e-02
   3.791601e-01   8.129204e-01   0.000000e+00   4.488159e-01
   7.896303e-01   3.210627e-01   5.234021e-01   1.940992e-02
   7.878312e-01   2.983685e-01   4.825016e-01   2.415397e-01
   9.372507e-01   0.000000e+00   3.499402e-01   2.843024e-04
   8.284689e-01   2.294198e-01   5.028626e-01   9.562242e-02
   1.215625e+01   0.000000e+00   0.000000e+00   5.795853e-02
   5.366720e-01   8.398488e-01   8.789678e-02   1.236339e-02
   9.967881e-01   1.762165e-02   7.501273e-02   3.514966e-02
   6.642605e-01   6.925876e-01   2.826493e-01   0.000000e+00
   8.111245e-01   4.609423e-01   3.483312e-01   9.501083e-02
   3.648009e-02   1.091074e-02   9.704185e-01   2.402976e-01
   7.709481e-01   1.638425e-02   4.197997e-01   4.799843e-01
   7.767388e-01   5.364837e-01   3.197758e-01   8.602780e-02
   7.967956e-01   5.499301e-01   7.284589e-02   2.414171e-01
   9.903912e-01   2.962840e-02   1.276313e-01   5.481867e-02
   6.915931e-01   2.529498e-01   6.751275e-01   5.461734e-02
   8.490380e-01   4.575617e-02   5.183701e-01   9.787018e-02
   7.288684e-01   5.911929e-01   3.464834e-01   2.842899e-04
   8.422743e-01   1.020604e-01   5.304651e-01   8.059849e-03
   8.209783e-01   8.475673e-02   5.387338e-01   1.728741e-01
   8.306224e-01   5.517848e-01   7.503171e-02   3.515856e-02
   8.690047e-01   8.127475e-03   4.868692e-01   9.244798e-02
   9.503220e-01   3.552568e-02   3.112961e-01   0.000000e+00
   8.529564e-01   3.230328e-01   3.325977e-01   2.415564e-01
   6.943501e-01   6.963527e-01   1.855118e-01   0.000000e+00
   8.249798e-01   5.646374e-01   0.000000e+00   1.011705e-01
   5.832679e-01   8.112830e-01   0.000000e+00   5.472112e-02
   9.512817e-01   2.634292e-01   1.327410e-01   9.520007e-02
   5.072619e-01   0.000000e+00   8.519504e-01   1.434906e-01
   8.701713e-01   0.000000e+00   4.913867e-01   4.609318e-02
   8.065662e-01   3.943793e-01   4.414749e-01   0.000000e+00
   6.891313e-01   7.111994e-01   1.093827e-01   8.952237e-02
