   3.944808e-04   7.033047e-01   7.361874e-06   9.912717e-01   8.949936e-01   5.143948e-03   0.000000e+00   0.000000e+00   6.878185e-02   6.421094e-01   7.282072e-01   6.704095e-01   6.499815e-01   7.727453e-01   7.794474e-01   8.370840e-01   7.503487e-01   6.429242e-01   7.497900e-01   7.578455e-01
   3.393533e-02   6.961017e-01   3.362260e-02   9.721033e-01   8.978783e-01   2.896527e-07   6.403407e-07   0.000000e+00   6.175879e-06   5.518732e-01   8.493943e-01   6.987733e-01   6.420199e-01   7.528143e-01   7.241894e-01   9.425073e-01   7.032041e-01   6.579627e-01   7.338652e-01   7.504802e-01
   0.000000e+00   6.939745e-01   8.042912e-06   9.361142e-01   9.495717e-01   2.675191e-07   1.408554e-06   0.000000e+00   6.785141e-06   6.496405e-01   8.409546e-01   6.887953e-01   7.712311e-01   7.691052e-01   7.591151e-01   9.747343e-01   6.035379e-01   6.206753e-01   7.456097e-01   7.523892e-01
   0.000000e+00   7.282717e-01   8.070044e-06   9.959509e-01   8.971578e-01   3.328012e-07   0.000000e+00   0.000000e+00   4.702565e-02   8.411407e-01   8.376835e-01   6.765500e-01   6.498762e-01   7.925275e-01   7.742686e-01   8.415287e-01   5.983783e-01   6.655122e-01   6.531268e-01   7.510078e-01
   3.944808e-04   7.033047e-01   7.246514e-06   9.970877e-01   8.958562e-01   0.000000e+00   0.000000e+00   0.000000e+00   6.878185e-02   6.432286e-01   7.174355e-01   6.704095e-01   6.500441e-01   7.722931e-01   7.794474e-01   8.370840e-01   7.503487e-01   6.427271e-01   7.497900e-01   7.513822e-01
   6.988736e-07   7.930898e-01   7.393652e-06   9.959566e-01   9.500552e-01   3.375606e-07   1.044187e-06   0.000000e+00   6.137930e-02   6.511516e-01   8.399098e-01   6.829135e-01   7.659253e-01   7.083062e-01   5.784758e-01   9.793253e-01   5.967494e-01   6.039285e-01   6.543637e-01   7.543555e-01
   2.020948e-05   7.261780e-01   7.175372e-06   9.784881e-01   8.985956e-01   4.313491e-04   1.010672e-06   0.000000e+00   7.242839e-06   5.981110e-01   7.773407e-01   7.098200e-01   6.890426e-01   8.122687e-01   7.228120e-01   9.999928e-01   6.545527e-01   6.599845e-01   7.471809e-01   7.325134e-01
   4.190785e-04   7.224762e-01   1.225543e-04   9.763504e-01   9.679485e-01   2.617045e-07   0.000000e+00   0.000000e+00   2.110253e-05   6.470217e-01   7.246430e-01   7.107718e-01   6.682131e-01   7.611867e-01   7.772331e-01   1.000000e+00   7.026007e-01   6.579551e-01   7.511648e-01   7.358875e-01
   0.000000e+00   7.294095e-01   8.070429e-06   9.957371e-01   8.971578e-01   3.328012e-07   4.450221e-09   0.000000e+00   4.702565e-02   8.411407e-01   8.385364e-01   6.763134e-01   6.498762e-01   7.925275e-01   7.742686e-01   8.714365e-01   5.982847e-01   5.879966e-01   6.574117e-01   7.510078e-01
   7.824951e-04   7.034572e-01   0.000000e+00   9.880492e-01   9.521875e-01   2.707475e-07   1.397192e-06   0.000000e+00   6.292286e-06   6.488483e-01   8.363116e-01   6.759166e-01   6.561363e-01   7.658229e-01   7.174635e-01   9.265075e-01   6.556398e-01   6.568680e-01   7.865966e-01   7.216072e-01
   1.385368e-02   7.933759e-01   8.082228e-06   9.910405e-01   9.345216e-01   2.364805e-07   5.247945e-02   0.000000e+00   0.000000e+00   6.246779e-01   7.317593e-01   6.057333e-01   6.946459e-01   8.284507e-01   7.872063e-01   9.418684e-01   6.293769e-01   6.897979e-01   7.338790e-01   8.066826e-01
   4.445542e-04   6.984383e-01   6.333169e-04   1.000000e+00   8.979669e-01   2.624034e-07   6.183520e-07   0.000000e+00   6.503359e-06   7.148565e-01   6.751622e-01   7.195473e-01   7.698435e-01   7.436128e-01   7.372768e-01   8.735557e-01   6.340642e-01   6.574583e-01   7.296116e-01   7.358723e-01
   1.689358e-05   7.267799e-01   8.130481e-06   9.777420e-01   8.726162e-01   3.244901e-09   9.918385e-07   0.000000e+00   6.902862e-06   6.540679e-01   8.894310e-01   7.668352e-01   6.428201e-01   8.028769e-01   7.228699e-01   8.661173e-01   6.852315e-01   6.478168e-01   7.313925e-01   8.438254e-01
   1.695608e-05   7.982692e-01   7.138866e-06   9.976383e-01   9.375522e-01   3.117720e-07   9.054136e-07   0.000000e+00   1.746546e-04   5.797134e-01   8.405766e-01   7.000224e-01   6.741725e-01   7.001401e-01   7.198796e-01   9.408274e-01   6.602804e-01   6.575101e-01   7.458528e-01   8.049148e-01
   2.000455e-05   7.025511e-01   3.030398e-04   9.912554e-01   8.727677e-01   0.000000e+00   5.605625e-07   0.000000e+00   0.000000e+00   7.182067e-01   8.395513e-01   5.983082e-01   6.891145e-01   7.560125e-01   7.177205e-01   8.613207e-01   6.394484e-01   6.569322e-01   7.310500e-01   8.331626e-01
   0.000000e+00   6.909029e-01   8.044595e-06   9.361142e-01   9.471319e-01   2.678028e-07   6.566241e-07   0.000000e+00   6.785141e-06   6.496405e-01   8.409546e-01   6.887953e-01   7.712311e-01   7.691052e-01   7.591151e-01   9.747343e-01   6.857993e-01   6.572786e-01   6.908690e-01   7.523892e-01
   2.018189e-05   7.264662e-01   8.023012e-06   9.999831e-01   9.381183e-01   2.595123e-07   0.000000e+00   6.455789e-02   3.937386e-05   5.988953e-01   8.226960e-01   7.674570e-01   7.488541e-01   9.065290e-01   7.196693e-01   8.227576e-01   7.123113e-01   6.664378e-01   7.342545e-01   7.432151e-01
   1.642437e-05   7.258709e-01   1.730313e-04   1.000000e+00   9.382202e-01   2.699491e-07   0.000000e+00   0.000000e+00   6.677015e-06   5.659302e-01   8.847162e-01   7.043921e-01   6.881675e-01   7.984183e-01   7.343964e-01   9.595412e-01   6.989792e-01   6.577170e-01   7.346787e-01   7.210072e-01
   2.615468e-05   7.988493e-01   0.000000e+00   9.314242e-01   9.498816e-01   0.000000e+00   7.873904e-07   0.000000e+00   0.000000e+00   7.234768e-01   8.425130e-01   6.754914e-01   7.707489e-01   7.383679e-01   7.471718e-01   9.512343e-01   7.121309e-01   6.581190e-01   7.802988e-01   7.348417e-01
   1.685416e-05   7.012733e-01   1.082887e-04   9.910196e-01   8.962784e-01   2.592980e-07   0.000000e+00   0.000000e+00   7.425537e-06   6.579460e-01   7.079887e-01   7.683519e-01   6.735928e-01   9.073925e-01   7.225055e-01   8.725063e-01   6.073326e-01   6.581729e-01   7.818601e-01   7.505174e-01
   2.370920e-02   7.765359e-01   1.298683e-02   9.777733e-01   8.721971e-01   2.022693e-07   5.778286e-07   0.000000e+00   0.000000e+00   6.685995e-01   8.735203e-01   7.022200e-01   6.428154e-01   7.661587e-01   7.250189e-01   8.941714e-01   6.064489e-01   6.523989e-01   7.494970e-01   8.430860e-01
   2.623150e-05   7.988493e-01   3.597822e-03   9.314251e-01   9.479367e-01   6.731791e-02   7.873904e-07   0.000000e+00   1.321048e-05   7.234381e-01   8.442166e-01   6.756091e-01   7.704653e-01   7.510617e-01   7.471718e-01   9.512343e-01   6.431400e-01   7.612972e-01   7.802988e-01   7.348417e-01
   2.005421e-05   7.020558e-01   7.826752e-04   9.738806e-01   9.337184e-01   7.037388e-04   9.695530e-02   0.000000e+00   4.559921e-01   6.500164e-01   7.175146e-01   6.986395e-01   6.978484e-01   7.983416e-01   7.871015e-01   8.705491e-01   6.898409e-01   6.584045e-01   7.238490e-01   8.060694e-01
   2.013573e-05   7.281161e-01   8.136430e-06   1.000000e+00   9.339636e-01   2.879124e-07   9.776659e-02   0.000000e+00   7.633547e-06   5.784965e-01   8.442743e-01   7.004926e-01   6.428289e-01   7.974164e-01   7.881982e-01   8.316539e-01   6.869258e-01   6.621260e-01   7.230969e-01   8.036711e-01
   1.684394e-05   7.099308e-01   7.448532e-06   9.361524e-01   8.961992e-01   2.946419e-07   1.010672e-06   0.000000e+00   7.422125e-06   6.537331e-01   8.466586e-01   6.959774e-01   6.910906e-01   9.005481e-01   8.318435e-01   8.806697e-01   6.925963e-01   5.511716e-01   7.535997e-01   6.229985e-01
   4.021973e-04   7.237413e-01   8.018058e-06   9.910064e-01   9.476356e-01   5.190892e-03   0.000000e+00   0.000000e+00   5.651186e-02   6.649625e-01   9.016226e-01   6.756578e-01   6.476726e-01   7.488708e-01   7.113203e-01   8.323403e-01   6.643807e-01   6.604728e-01   7.501319e-01   7.569687e-01
   1.689714e-05   7.280568e-01   7.656502e-06   9.963545e-01   8.704354e-01   3.737088e-09   1.214665e-03   0.000000e+00   6.322239e-02   6.062918e-01   6.957401e-01   7.686252e-01   6.433271e-01   8.552251e-01   7.917303e-01   8.923362e-01   6.869258e-01   6.621192e-01   7.308191e-01   8.096987e-01
   4.358760e-04   7.068179e-01   6.374306e-06   9.659457e-01   9.312694e-01   2.355677e-07   0.000000e+00   0.000000e+00   8.646171e-05   5.822124e-01   8.487751e-01   6.843387e-01   6.739351e-01   7.697376e-01   7.173027e-01   8.322478e-01   7.100852e-01   6.281940e-01   6.899224e-01   7.526468e-01
   0.000000e+00   6.939745e-01   8.042912e-06   9.360943e-01   9.495717e-01   2.675191e-07   1.408554e-06   0.000000e+00   6.908839e-06   5.807379e-01   8.409546e-01   6.890871e-01   7.712311e-01   7.691077e-01   7.589149e-01   9.747343e-01   6.035379e-01   6.508770e-01   7.456028e-01   8.052466e-01
   2.152516e-05   6.712657e-01   8.176694e-06   9.325987e-01   9.475023e-01   2.836701e-07   0.000000e+00   0.000000e+00   1.145673e-08   6.027012e-01   7.089374e-01   6.886726e-01   8.549903e-01   8.997774e-01   7.373581e-01   9.735207e-01   6.362959e-01   6.521656e-01   7.455933e-01   7.997060e-01
   2.238829e-02   7.125670e-01   8.127611e-06   9.974157e-01   9.552395e-01   9.239034e-03   5.557599e-07   0.000000e+00   0.000000e+00   5.571396e-01   9.050205e-01   6.764682e-01   6.682961e-01   7.672358e-01   6.026728e-01   9.983527e-01   6.426329e-01   6.579760e-01   7.348040e-01   7.249412e-01
   1.842546e-05   7.901841e-01   2.397236e-04   9.666039e-01   9.477781e-01   5.777200e-07   0.000000e+00   0.000000e+00   6.172594e-03   6.541230e-01   8.856794e-01   6.830041e-01   6.941766e-01   7.513334e-01   7.166012e-01   9.265111e-01   6.400370e-01   6.057660e-01   7.312130e-01   8.206688e-01
   2.160489e-05   6.971779e-01   3.354967e-02   9.972229e-01   9.561714e-01   2.025008e-07   6.534626e-07   0.000000e+00   9.033014e-02   6.534384e-01   7.180679e-01   6.987434e-01   6.428579e-01   7.514930e-01   6.270778e-01   9.427638e-01   7.228352e-01   6.579395e-01   6.942227e-01   7.450823e-01
   1.317871e-05   6.730097e-01   1.291452e-05   9.789503e-01   9.217366e-01   1.847168e-02   2.118935e-06   0.000000e+00   7.686429e-06   6.446392e-01   8.413959e-01   7.624926e-01   6.440013e-01   8.476555e-01   7.207300e-01   9.796135e-01   6.869668e-01   6.615156e-01   6.580555e-01   6.185774e-01
   2.592177e-05   7.027639e-01   3.873180e-02   9.314527e-01   9.364573e-01   3.011230e-07   6.898473e-02   0.000000e+00   7.669208e-05   6.512954e-01   8.243548e-01   7.067897e-01   7.288026e-01   8.860823e-01   7.152733e-01   9.342315e-01   6.863018e-01   6.647889e-01   6.983980e-01   7.337515e-01
   4.358760e-04   7.903510e-01   8.179593e-06   9.661451e-01   9.309137e-01   2.355677e-07   6.006685e-07   0.000000e+00   8.646171e-05   5.822124e-01   8.873346e-01   6.837908e-01   6.739351e-01   7.660648e-01   7.997040e-01   8.322478e-01   7.019587e-01   6.055171e-01   6.919746e-01   8.049228e-01
   2.005571e-05   7.020980e-01   7.635121e-06   1.000000e+00   9.213744e-01   1.106802e-04   2.458932e-02   0.000000e+00   7.686429e-06   6.446359e-01   8.413817e-01   7.647596e-01   6.437218e-01   8.648289e-01   7.850649e-01   7.340290e-01   6.987828e-01   6.620425e-01   6.958018e-01   6.217557e-01
   4.021973e-04   7.264057e-01   8.090390e-06   9.668246e-01   9.483175e-01   2.357593e-07   5.766492e-07   0.000000e+00   0.000000e+00   6.671764e-01   8.426348e-01   7.004444e-01   6.424562e-01   7.649697e-01   7.244276e-01   8.678140e-01   6.855580e-01   6.523086e-01   7.178032e-01   8.113046e-01
   3.637422e-02   6.969983e-01   4.864663e-02   9.711005e-01   8.978783e-01   2.044967e-07   3.303945e-04   0.000000e+00   6.958458e-06   5.518732e-01   8.493943e-01   6.552069e-01   6.420199e-01   7.670679e-01   7.241804e-01   9.425073e-01   7.032041e-01   6.579225e-01   7.338652e-01   7.486183e-01
   1.842546e-05   7.219385e-01   3.352150e-04   9.021088e-01   9.500830e-01   3.526484e-04   0.000000e+00   0.000000e+00   1.361383e-03   6.544649e-01   7.097664e-01   6.827670e-01   6.435895e-01   7.508426e-01   7.157065e-01   9.261918e-01   6.785429e-01   6.071820e-01   7.309111e-01   8.124338e-01
   4.445542e-04   6.911851e-01   6.682585e-04   1.000000e+00   9.460606e-01   2.616858e-07   6.562117e-07   0.000000e+00   4.479402e-06   7.148565e-01   6.746723e-01   7.197209e-01   7.732145e-01   7.488321e-01   7.210799e-01   8.921028e-01   6.014944e-01   6.565653e-01   7.296116e-01   7.370826e-01
   4.358760e-04   7.125983e-01   7.607256e-06   9.964408e-01   9.312711e-01   2.255798e-07   1.833214e-02   0.000000e+00   6.788559e-02   5.843906e-01   7.202305e-01   6.708051e-01   6.739351e-01   7.722938e-01   7.173027e-01   9.027594e-01   5.945288e-01   6.440831e-01   6.922793e-01   8.052684e-01
   2.615468e-05   7.139733e-01   0.000000e+00   9.280402e-01   9.498816e-01   1.658821e-09   4.852345e-04   0.000000e+00   0.000000e+00   7.262597e-01   8.425130e-01   6.755174e-01   7.720757e-01   7.701794e-01   7.191269e-01   9.512343e-01   5.933233e-01   6.590498e-01   7.764452e-01   7.348417e-01
   1.825998e-05   7.096181e-01   1.300141e-04   9.361142e-01   9.520769e-01   3.554726e-07   9.253986e-03   0.000000e+00   6.785141e-06   6.534089e-01   7.272922e-01   7.740822e-01   6.410608e-01   8.995560e-01   7.178869e-01   9.737069e-01   6.069368e-01   6.122739e-01   7.456097e-01   8.070368e-01
   1.152859e-05   7.256006e-01   2.133600e-02   9.792182e-01   7.414124e-01   0.000000e+00   7.590531e-04   0.000000e+00   1.366122e-03   5.857137e-01   6.844451e-01   6.844951e-01   6.433269e-01   7.479704e-01   7.219761e-01   8.341193e-01   7.027328e-01   6.578406e-01   7.123383e-01   7.350860e-01
   4.569134e-05   7.280573e-01   3.226187e-02   9.781049e-01   9.549606e-01   2.777165e-07   1.945922e-02   0.000000e+00   2.241914e-03   6.486356e-01   8.386364e-01   6.615329e-01   6.672236e-01   7.987406e-01   7.825031e-01   8.311448e-01   6.834205e-01   6.570809e-01   7.496396e-01   7.991783e-01
   3.944808e-04   7.033047e-01   7.246514e-06   9.665925e-01   8.958562e-01   9.085219e-09   0.000000e+00   0.000000e+00   9.827225e-04   6.409905e-01   8.348631e-01   6.966433e-01   6.500441e-01   7.697824e-01   7.794474e-01   8.488945e-01   7.503487e-01   6.112679e-01   7.497900e-01   7.513822e-01
   1.683101e-05   7.267813e-01   3.248620e-04   9.778976e-01   9.221597e-01   1.852501e-09   1.003795e-06   0.000000e+00   6.902926e-06   6.540634e-01   8.942747e-01   6.959774e-01   6.405547e-01   8.031404e-01   7.196252e-01   9.986984e-01   7.590325e-01   6.480054e-01   7.298830e-01   7.349881e-01
   1.682306e-05   6.863755e-01   8.149298e-06   1.000000e+00   9.529308e-01   8.835063e-13   0.000000e+00   0.000000e+00   1.094496e-01   6.601487e-01   7.026547e-01   7.178649e-01   6.907494e-01   7.675789e-01   7.166025e-01   8.665672e-01   6.984383e-01   5.512543e-01   7.310948e-01   7.390171e-01
   6.130666e-07   7.933056e-01   7.328949e-06   9.959566e-01   9.518319e-01   4.372251e-04   1.044187e-06   0.000000e+00   6.137930e-02   6.511357e-01   8.399098e-01   6.956967e-01   7.659253e-01   7.141173e-01   5.784758e-01   9.792099e-01   5.967494e-01   6.583869e-01   6.543637e-01   7.543555e-01
   4.021973e-04   7.264057e-01   8.090390e-06   9.381056e-01   9.483175e-01   2.357593e-07   5.778286e-07   0.000000e+00   7.002162e-06   6.671764e-01   8.426348e-01   7.004444e-01   6.424562e-01   7.652688e-01   7.244836e-01   8.971892e-01   6.047893e-01   6.523086e-01   7.455448e-01   8.113046e-01
   2.013573e-05   7.097375e-01   8.136430e-06   9.671475e-01   9.339636e-01   1.850498e-02   9.776659e-02   0.000000e+00   7.633547e-06   6.468178e-01   8.442743e-01   7.547469e-01   6.428289e-01   7.974164e-01   7.179513e-01   8.426025e-01   7.053489e-01   6.621238e-01   7.230969e-01   8.044338e-01
   2.152516e-05   6.744948e-01   1.842325e-01   9.325987e-01   9.470547e-01   2.836701e-07   0.000000e+00   0.000000e+00   1.145673e-08   5.751848e-01   8.226272e-01   7.695905e-01   7.478692e-01   8.997774e-01   7.362558e-01   9.735207e-01   6.362959e-01   6.525614e-01   7.455933e-01   7.997060e-01
   4.574905e-02   6.907850e-01   6.682585e-04   9.999894e-01   8.707405e-01   1.672586e-07   2.227643e-04   0.000000e+00   4.479402e-06   7.134221e-01   6.650219e-01   7.197209e-01   8.312891e-01   7.488321e-01   7.210799e-01   8.923280e-01   6.014944e-01   6.565653e-01   7.295983e-01   7.370826e-01
   2.017849e-05   7.264662e-01   8.021918e-06   9.999831e-01   9.640109e-01   2.595123e-07   0.000000e+00   6.542231e-02   3.834367e-05   6.503526e-01   8.452876e-01   7.674570e-01   7.488541e-01   9.062063e-01   7.259311e-01   8.227576e-01   7.115950e-01   6.664378e-01   7.450452e-01   7.429110e-01
   3.743137e-04   7.604264e-01   2.004215e-02   9.972229e-01   9.376902e-01   2.609296e-08   0.000000e+00   0.000000e+00   0.000000e+00   6.791268e-01   8.443905e-01   7.652177e-01   6.425320e-01   7.662844e-01   6.378422e-01   8.508536e-01   6.042779e-01   6.523083e-01   7.532569e-01   8.924037e-01
   1.104456e-05   7.021125e-01   5.041881e-06   9.788306e-01   8.973688e-01   3.107491e-07   5.727276e-04   7.805108e-05   1.355339e-03   6.014490e-01   6.422159e-01   6.997092e-01   6.439360e-01   7.511627e-01   7.818361e-01   8.502839e-01   6.399493e-01   6.579252e-01   7.574009e-01   8.303642e-01
   2.079482e-08   6.939745e-01   8.045148e-06   9.360943e-01   9.495717e-01   2.185249e-07   1.408554e-06   0.000000e+00   6.908839e-06   5.807379e-01   8.409701e-01   6.890871e-01   7.712311e-01   7.104010e-01   7.589149e-01   9.747343e-01   6.034406e-01   6.508770e-01   7.456028e-01   7.547130e-01
   2.510454e-05   8.057669e-01   1.669280e-06   9.132250e-01   9.305373e-01   6.149856e-06   0.000000e+00   0.000000e+00   5.214384e-04   6.011487e-01   8.438856e-01   6.825565e-01   6.742011e-01   7.697357e-01   7.377293e-01   8.305943e-01   6.633401e-01   6.579884e-01   6.728335e-01   8.107053e-01
   4.018665e-04   7.255356e-01   8.179593e-06   9.691187e-01   9.309137e-01   2.355677e-07   6.006685e-07   0.000000e+00   1.891562e-05   5.822124e-01   8.873346e-01   6.837908e-01   6.390387e-01   7.660648e-01   7.991356e-01   8.322478e-01   6.026581e-01   6.490170e-01   7.450292e-01   8.049228e-01
   4.358760e-04   7.066847e-01   6.223471e-06   9.905346e-01   9.218934e-01   2.355680e-07   2.372692e-06   0.000000e+00   2.121865e-04   6.427609e-01   7.155847e-01   6.830901e-01   6.739351e-01   7.697376e-01   7.196809e-01   8.322478e-01   7.100852e-01   6.055273e-01   7.537314e-01   8.049228e-01
   1.646607e-05   8.058026e-01   7.924856e-06   9.358836e-01   9.360480e-01   3.244901e-09   9.918385e-07   0.000000e+00   0.000000e+00   6.675446e-01   9.299735e-01   7.004631e-01   6.428565e-01   7.649104e-01   7.220123e-01   9.425172e-01   6.186238e-01   6.527978e-01   7.457778e-01   6.362215e-01
   2.588210e-05   7.263138e-01   3.074186e-04   1.000000e+00   9.339636e-01   2.879124e-07   1.014255e-01   4.723616e-02   7.633547e-06   5.856109e-01   8.441841e-01   6.028285e-01   6.424446e-01   7.974164e-01   8.122763e-01   8.637280e-01   6.875131e-01   6.621260e-01   7.231377e-01   8.331150e-01
   1.197540e-05   7.016621e-01   7.387016e-06   1.000000e+00   9.384601e-01   1.554038e-04   0.000000e+00   0.000000e+00   6.437301e-06   6.610177e-01   8.224836e-01   6.940500e-01   7.435876e-01   6.863006e-01   7.196781e-01   9.479724e-01   7.144411e-01   6.505162e-01   7.763787e-01   7.433088e-01
   7.821050e-04   6.851119e-01   1.536045e-06   9.998272e-01   9.503845e-01   0.000000e+00   0.000000e+00   0.000000e+00   0.000000e+00   6.488483e-01   7.695984e-01   6.954758e-01   6.561537e-01   7.514594e-01   7.175371e-01   9.962793e-01   6.794343e-01   6.568680e-01   7.855969e-01   9.482092e-01
   1.695608e-05   7.981837e-01   7.138866e-06   9.976681e-01   9.550280e-01   3.128295e-07   1.000436e-06   0.000000e+00   7.012187e-06   5.797134e-01   7.657174e-01   6.900093e-01   6.225513e-01   7.001401e-01   7.840085e-01   9.411724e-01   7.101779e-01   6.555066e-01   7.458227e-01   8.049148e-01
   1.682306e-05   8.029744e-01   2.861646e-02   9.912859e-01   8.957245e-01   3.182876e-07   6.681398e-03   0.000000e+00   0.000000e+00   6.743194e-01   8.373318e-01   5.987837e-01   6.884524e-01   7.230642e-01   7.158478e-01   8.801635e-01   6.981808e-01   5.865196e-01   6.938821e-01   7.342702e-01
   4.020935e-04   7.019768e-01   1.370327e-05   9.775989e-01   9.531364e-01   8.310633e-02   9.902733e-07   0.000000e+00   0.000000e+00   6.672189e-01   8.445830e-01   6.881917e-01   6.421513e-01   7.852620e-01   7.235235e-01   8.989169e-01   7.012425e-01   6.570056e-01   7.455241e-01   7.387446e-01
   1.894347e-06   7.016166e-01   7.635121e-06   1.000000e+00   9.214536e-01   1.106802e-04   2.419662e-02   0.000000e+00   7.686429e-06   6.446359e-01   8.413817e-01   7.674634e-01   7.492143e-01   9.062976e-01   7.271706e-01   7.362431e-01   6.990510e-01   6.620425e-01   7.467591e-01   6.217557e-01
   2.535348e-05   7.266961e-01   3.246110e-04   9.999921e-01   9.486202e-01   2.792896e-07   5.725968e-07   0.000000e+00   7.119104e-06   6.490836e-01   8.957240e-01   6.883347e-01   6.669512e-01   8.035902e-01   7.605825e-01   9.992513e-01   7.017095e-01   6.584707e-01   7.223036e-01   7.364993e-01
   2.539619e-05   7.279213e-01   9.972215e-06   1.000000e+00   9.549291e-01   2.848293e-07   9.443605e-04   0.000000e+00   0.000000e+00   6.491259e-01   8.395351e-01   6.958038e-01   6.744904e-01   7.987135e-01   7.173823e-01   8.021328e-01   6.894467e-01   6.575451e-01   7.458175e-01   8.089129e-01
   2.154358e-05   7.264602e-01   8.176694e-06   9.998919e-01   8.728571e-01   2.836701e-07   5.793566e-07   0.000000e+00   0.000000e+00   7.162559e-01   8.347175e-01   6.706080e-01   6.730874e-01   7.377766e-01   7.175651e-01   8.716955e-01   6.350795e-01   6.521656e-01   7.455933e-01   8.038186e-01
   3.964509e-04   7.278924e-01   8.090390e-06   9.662116e-01   9.483733e-01   2.357593e-07   0.000000e+00   0.000000e+00   0.000000e+00   6.655302e-01   8.427250e-01   7.004444e-01   6.428404e-01   7.649697e-01   7.244276e-01   8.680159e-01   6.855580e-01   6.523086e-01   7.178032e-01   8.327311e-01
   1.682298e-05   7.088350e-01   1.370327e-05   9.782503e-01   9.531364e-01   7.534095e-02   9.902733e-07   0.000000e+00   0.000000e+00   6.443932e-01   6.894814e-01   6.899960e-01   6.841290e-01   7.852620e-01   7.837730e-01   9.928919e-01   7.012900e-01   6.570374e-01   7.299048e-01   8.007954e-01
   1.680879e-05   7.219385e-01   6.960017e-06   9.973648e-01   9.376241e-01   3.526484e-04   0.000000e+00   0.000000e+00   1.361383e-03   5.777867e-01   8.611255e-01   6.968897e-01   6.227586e-01   7.508426e-01   7.157065e-01   9.404176e-01   6.785429e-01   6.071820e-01   7.311643e-01   8.124338e-01
   1.842546e-05   7.219385e-01   3.408370e-04   8.993175e-01   8.983670e-01   3.650462e-04   1.411971e-06   0.000000e+00   1.369468e-03   6.544649e-01   7.154398e-01   6.827388e-01   6.435895e-01   7.652061e-01   7.156329e-01   9.261918e-01   6.533552e-01   6.071820e-01   7.307444e-01   8.124338e-01
   1.653797e-05   6.962289e-01   3.231342e-04   9.782755e-01   9.217614e-01   2.675191e-07   1.408554e-06   0.000000e+00   6.785141e-06   6.542403e-01   6.912654e-01   6.960029e-01   7.712311e-01   7.691052e-01   7.591151e-01   9.747343e-01   6.940526e-01   6.575366e-01   7.456097e-01   7.524714e-01
   1.684394e-05   7.099308e-01   7.448532e-06   9.338479e-01   8.961944e-01   2.961991e-07   1.048122e-06   0.000000e+00   1.118082e-05   6.537331e-01   8.466586e-01   6.959774e-01   6.914790e-01   9.005481e-01   8.330671e-01   8.806696e-01   7.496214e-01   5.511716e-01   7.534959e-01   7.534359e-01
   8.085500e-03   7.025511e-01   3.021926e-04   9.906929e-01   8.978577e-01   2.721028e-04   5.605625e-07   0.000000e+00   0.000000e+00   7.182067e-01   8.395513e-01   5.983082e-01   6.901207e-01   7.560125e-01   7.177132e-01   8.613207e-01   6.394400e-01   6.588446e-01   7.310500e-01   8.333306e-01
   2.152516e-05   6.712257e-01   7.624747e-06   9.329949e-01   9.475023e-01   2.836701e-07   0.000000e+00   0.000000e+00   1.145673e-08   6.032417e-01   7.089374e-01   7.645179e-01   6.486384e-01   9.004948e-01   7.825261e-01   9.669105e-01   6.362959e-01   6.177976e-01   7.455933e-01   7.997060e-01
   4.386941e-04   7.022589e-01   8.149298e-06   1.000000e+00   8.961224e-01   2.199877e-07   6.496254e-03   0.000000e+00   9.814564e-06   6.557851e-01   7.091229e-01   7.179264e-01   6.740266e-01   7.231121e-01   7.197004e-01   8.779947e-01   7.034921e-01   5.474081e-01   6.954884e-01   7.352641e-01
   1.653935e-05   7.062947e-01   2.134909e-02   9.294749e-01   9.353774e-01   5.301369e-07   1.000544e-06   0.000000e+00   4.086138e-07   5.620304e-01   7.627664e-01   6.826217e-01   8.558770e-01   7.472137e-01   7.176546e-01   8.669354e-01   7.001767e-01   6.128797e-01   7.474815e-01   8.001089e-01
   2.253961e-02   7.967291e-01   7.375211e-06   9.976577e-01   9.376929e-01   1.874488e-07   6.042551e-07   0.000000e+00   0.000000e+00   5.801036e-01   7.096324e-01   7.002194e-01   6.451676e-01   8.022224e-01   7.247404e-01   8.868690e-01   6.582349e-01   6.520848e-01   6.502192e-01   8.048275e-01
   2.877286e-05   7.280985e-01   8.107079e-06   9.778318e-01   9.232376e-01   1.149550e-08   2.081695e-06   0.000000e+00   7.786516e-06   6.511945e-01   8.376300e-01   7.599337e-01   6.435495e-01   7.634750e-01   7.825700e-01   7.329351e-01   6.869677e-01   6.618304e-01   7.460410e-01   8.394853e-01
   2.950318e-05   7.219385e-01   3.408370e-04   8.993175e-01   8.974098e-01   1.962206e-05   2.383303e-07   0.000000e+00   5.661967e-05   5.836382e-01   7.154398e-01   6.827388e-01   6.740145e-01   7.652061e-01   7.154832e-01   9.261918e-01   6.533552e-01   6.071820e-01   7.292107e-01   8.124338e-01
   4.322650e-04   7.263138e-01   3.074186e-04   1.000000e+00   9.312233e-01   2.879124e-07   1.014255e-01   4.723616e-02   7.633547e-06   5.856109e-01   8.445286e-01   5.583749e-01   6.736691e-01   7.725539e-01   8.137423e-01   6.636522e-01   6.902741e-01   6.621260e-01   7.231377e-01   8.326861e-01
   2.018189e-05   7.538748e-01   2.067789e-05   9.999831e-01   9.381183e-01   2.595123e-07   1.062914e-03   6.537136e-02   4.121539e-05   5.988953e-01   8.226960e-01   7.674570e-01   6.681995e-01   9.065290e-01   7.196693e-01   8.926532e-01   7.123113e-01   6.572799e-01   7.739055e-01   7.432151e-01
   2.079482e-08   6.939745e-01   8.023135e-06   9.360943e-01   9.642314e-01   2.561043e-07   0.000000e+00   0.000000e+00   3.750221e-05   6.494080e-01   8.409701e-01   6.894746e-01   7.703107e-01   7.104010e-01   7.589149e-01   9.747343e-01   7.097949e-01   6.518774e-01   7.456028e-01   7.547130e-01
   2.152516e-05   6.743693e-01   2.607887e-03   9.329032e-01   9.470547e-01   1.607507e-04   0.000000e+00   0.000000e+00   1.145673e-08   5.748990e-01   8.224865e-01   7.695905e-01   7.478692e-01   8.997774e-01   7.362558e-01   9.737625e-01   6.325005e-01   6.525614e-01   7.455933e-01   7.997060e-01
   4.089742e-04   6.921549e-01   8.062752e-06   9.662116e-01   9.378378e-01   2.324183e-07   0.000000e+00   0.000000e+00   0.000000e+00   5.340872e-01   8.624104e-01   6.758934e-01   6.424071e-01   6.998103e-01   7.244276e-01   9.370822e-01   6.354797e-01   6.523086e-01   7.473337e-01   8.327311e-01
   1.689358e-05   7.266408e-01   8.130481e-06   9.666289e-01   8.726162e-01   0.000000e+00   9.918385e-07   0.000000e+00   6.902862e-06   6.540679e-01   8.894310e-01   7.671741e-01   6.428295e-01   8.028769e-01   7.228699e-01   8.661173e-01   6.842987e-01   5.623453e-01   7.230954e-01   8.052464e-01
   0.000000e+00   6.939745e-01   8.042912e-06   9.360943e-01   9.495717e-01   2.675191e-07   1.408554e-06   0.000000e+00   6.908839e-06   5.807379e-01   7.620613e-01   6.890871e-01   7.712311e-01   7.681002e-01   7.587773e-01   9.747343e-01   6.082544e-01   6.508770e-01   7.466163e-01   8.044069e-01
   1.842546e-05   7.901841e-01   2.861834e-02   9.666039e-01   8.970389e-01   5.777200e-07   0.000000e+00   0.000000e+00   5.764906e-03   6.541230e-01   8.857102e-01   6.011020e-01   6.941766e-01   7.490277e-01   7.165749e-01   9.275918e-01   6.400370e-01   6.057660e-01   7.321019e-01   8.206688e-01
   0.000000e+00   6.940506e-01   8.042818e-06   9.380988e-01   9.495717e-01   2.675191e-07   6.638838e-07   0.000000e+00   3.209546e-07   6.496405e-01   8.393144e-01   6.881971e-01   7.712311e-01   7.854453e-01   7.591151e-01   9.747343e-01   6.035379e-01   6.709955e-01   7.298111e-01   7.523892e-01
   1.852549e-05   7.248783e-01   7.144916e-06   9.208876e-01   9.550529e-01   2.682326e-03   1.000436e-06   0.000000e+00   7.012187e-06   6.467652e-01   7.653470e-01   6.900093e-01   6.212500e-01   7.001401e-01   7.247071e-01   9.411724e-01   7.101779e-01   5.983482e-01   7.861722e-01   8.049148e-01
   1.765069e-06   7.182652e-01   1.370327e-05   9.782503e-01   9.343301e-01   7.534095e-02   9.902733e-07   0.000000e+00   0.000000e+00   6.443896e-01   9.067261e-01   7.042258e-01   6.845041e-01   7.857891e-01   5.812945e-01   9.929435e-01   7.012900e-01   6.559937e-01   7.299048e-01   8.007954e-01
   2.013573e-05   7.269140e-01   8.136430e-06   9.163446e-01   9.339636e-01   5.975949e-06   9.776659e-02   0.000000e+00   7.633547e-06   5.784965e-01   8.442743e-01   6.827194e-01   6.435236e-01   7.974164e-01   7.871860e-01   8.316406e-01   6.628036e-01   6.623619e-01   7.230969e-01   8.036711e-01
   1.972264e-05   6.998348e-01   7.165479e-06   9.358806e-01   9.726595e-01   2.750575e-07   0.000000e+00   0.000000e+00   7.532298e-10   6.678461e-01   8.860079e-01   7.140807e-01   6.423573e-01   7.649886e-01   7.221078e-01   9.421294e-01   6.184005e-01   6.270801e-01   7.447056e-01   7.512531e-01
   2.054155e-05   6.965949e-01   7.391511e-06   9.971372e-01   9.724859e-01   2.320931e-07   1.848661e-02   0.000000e+00   6.069767e-09   6.490163e-01   7.756186e-01   6.757189e-01   6.679524e-01   7.929646e-01   7.599243e-01   9.058737e-01   6.890328e-01   6.033981e-01   7.458268e-01   8.841431e-01
   1.653935e-05   7.062947e-01   2.134909e-02   9.325113e-01   9.354706e-01   3.124112e-07   1.035025e-06   0.000000e+00   1.087796e-05   6.514861e-01   7.598071e-01   6.998071e-01   6.743518e-01   7.511901e-01   7.196841e-01   8.808651e-01   6.989727e-01   6.593820e-01   7.534866e-01   8.042215e-01
   4.550222e-04   7.286638e-01   8.070044e-06   9.959509e-01   9.457249e-01   3.328012e-07   0.000000e+00   0.000000e+00   4.644436e-02   6.399800e-01   7.590050e-01   6.949471e-01   7.696385e-01   7.959155e-01   7.214684e-01   8.399092e-01   5.983783e-01   6.657922e-01   6.901242e-01   7.516283e-01
   4.021973e-04   7.253232e-01   8.090390e-06   9.784307e-01   9.483519e-01   7.519002e-02   0.000000e+00   0.000000e+00   0.000000e+00   6.489386e-01   6.871022e-01   6.757056e-01   6.427169e-01   7.646706e-01   7.831991e-01   9.276245e-01   7.009385e-01   6.522519e-01   7.849821e-01   8.327311e-01
   2.154358e-05   7.264952e-01   8.176694e-06   9.980827e-01   8.654337e-01   3.001491e-07   4.779275e-06   0.000000e+00   0.000000e+00   7.162559e-01   8.433049e-01   6.708547e-01   7.709112e-01   7.630550e-01   7.190593e-01   8.716955e-01   6.350795e-01   6.593078e-01   7.455933e-01   8.808445e-01
   2.541611e-05   6.712257e-01   3.571246e-04   9.329949e-01   9.769294e-01   2.835594e-07   7.348521e-02   0.000000e+00   1.145673e-08   6.506944e-01   7.089374e-01   6.950920e-01   6.486384e-01   8.988621e-01   7.927321e-01   8.875491e-01   6.375768e-01   6.568788e-01   9.005604e-01   7.997060e-01
   4.428176e-04   7.022589e-01   8.098105e-06   9.999725e-01   8.961224e-01   2.199877e-07   6.697995e-03   0.000000e+00   7.072248e-06   6.557851e-01   7.658734e-01   7.192681e-01   6.264372e-01   7.231121e-01   7.848783e-01   8.779947e-01   7.100214e-01   6.575327e-01   6.947118e-01   7.352641e-01
   2.005571e-05   7.033192e-01   7.635121e-06   9.334564e-01   9.213561e-01   1.073610e-04   2.458932e-02   0.000000e+00   0.000000e+00   6.491715e-01   8.413328e-01   7.008593e-01   6.437218e-01   7.726964e-01   7.814882e-01   9.017366e-01   6.985635e-01   6.572116e-01   6.959537e-01   7.033347e-01
   1.442440e-05   7.096049e-01   8.176694e-06   9.325987e-01   9.476492e-01   2.836701e-07   0.000000e+00   0.000000e+00   0.000000e+00   6.477901e-01   7.089374e-01   6.886726e-01   6.418364e-01   7.983073e-01   7.373581e-01   9.735207e-01   6.366721e-01   6.521656e-01   7.231568e-01   7.997060e-01
   1.684394e-05   7.117274e-01   7.448532e-06   9.329875e-01   9.469821e-01   2.947891e-07   0.000000e+00   0.000000e+00   7.422125e-06   6.537331e-01   8.475883e-01   7.653395e-01   6.910906e-01   9.004913e-01   8.312152e-01   8.806697e-01   6.355608e-01   6.182299e-01   7.535997e-01   6.293151e-01
   1.653832e-05   8.058026e-01   7.640778e-06   9.785307e-01   9.339228e-01   1.870992e-08   1.023978e-06   0.000000e+00   2.139859e-03   7.054979e-01   8.346315e-01   7.656985e-01   5.991331e-01   8.022058e-01   7.136231e-01   7.498607e-01   6.871003e-01   6.517632e-01   7.571691e-01   5.953540e-01
   1.789080e-05   7.945528e-01   8.058199e-06   9.378536e-01   9.519312e-01   4.283747e-04   9.263654e-03   0.000000e+00   6.137930e-02   6.128691e-01   8.399086e-01   6.833985e-01   7.714792e-01   7.997352e-01   5.784758e-01   9.740908e-01   5.968753e-01   6.121605e-01   6.543637e-01   7.536052e-01
   2.147378e-05   7.282827e-01   8.135984e-06   9.960047e-01   9.339636e-01   2.864834e-07   9.670861e-02   0.000000e+00   8.884986e-02   6.513819e-01   8.445966e-01   6.832885e-01   6.427481e-01   7.498222e-01   7.508820e-01   8.118533e-01   6.869258e-01   6.577782e-01   6.939795e-01   7.463740e-01
   8.474881e-07   7.020558e-01   7.826752e-04   9.728460e-01   9.500188e-01   7.037388e-04   9.609089e-02   0.000000e+00   4.559921e-01   6.500205e-01   7.175146e-01   6.988134e-01   6.978484e-01   8.032301e-01   7.871015e-01   8.806309e-01   6.894730e-01   6.584045e-01   7.238490e-01   8.060694e-01
   2.154358e-05   6.966256e-01   8.176694e-06   9.912594e-01   8.728571e-01   2.836701e-07   5.793566e-07   0.000000e+00   0.000000e+00   6.555641e-01   8.347175e-01   6.734001e-01   6.730874e-01   7.377766e-01   7.175651e-01   8.764810e-01   6.989027e-01   5.964335e-01   7.444116e-01   8.038186e-01
   0.000000e+00   6.931998e-01   8.042912e-06   9.380988e-01   9.488602e-01   1.486114e-07   6.173365e-04   0.000000e+00   0.000000e+00   6.478243e-01   8.392871e-01   6.881971e-01   6.534665e-01   7.853161e-01   7.605021e-01   9.747343e-01   6.035379e-01   6.431044e-01   7.298111e-01   7.523840e-01
   2.017849e-05   7.264662e-01   8.043931e-06   9.999831e-01   9.493512e-01   2.219329e-07   1.465506e-06   6.542231e-02   7.750297e-06   5.816825e-01   8.452876e-01   7.610649e-01   7.497744e-01   9.062063e-01   7.259311e-01   8.439656e-01   6.052406e-01   8.048956e-01   7.450452e-01   7.429110e-01
   1.577525e-05   7.062947e-01   2.150728e-02   9.289611e-01   9.353774e-01   2.992048e-07   0.000000e+00   0.000000e+00   4.086138e-07   6.017082e-01   7.627664e-01   7.191671e-01   6.739741e-01   7.511901e-01   7.196841e-01   8.486925e-01   6.020100e-01   6.198308e-01   7.533665e-01   8.042215e-01
   3.982989e-08   7.930898e-01   7.393652e-06   9.959566e-01   9.383774e-01   0.000000e+00   1.069915e-06   0.000000e+00   6.137930e-02   6.880641e-01   9.075505e-01   7.004572e-01   6.330732e-01   7.578992e-01   6.264928e-01   9.728246e-01   7.172363e-01   5.973413e-01   6.638274e-01   7.876510e-01
   2.013573e-05   7.098766e-01   8.136430e-06   9.782606e-01   9.339636e-01   1.876059e-02   9.776659e-02   0.000000e+00   7.633547e-06   6.468178e-01   8.442743e-01   7.544079e-01   6.428195e-01   7.974164e-01   7.179513e-01   8.426025e-01   7.062817e-01   6.621238e-01   7.313941e-01   8.430128e-01
   1.685416e-05   7.012733e-01   9.206148e-05   9.910196e-01   8.969914e-01   2.617666e-07   0.000000e+00   0.000000e+00   7.425537e-06   6.579460e-01   6.740664e-01   7.683519e-01   7.716698e-01   9.073925e-01   7.225055e-01   8.735759e-01   6.073326e-01   6.581735e-01   7.818601e-01   7.505254e-01
   1.682298e-05   7.261931e-01   3.268014e-04   9.660612e-01   9.548955e-01   5.396772e-07   1.000485e-06   0.000000e+00   6.894841e-06   6.540634e-01   8.403412e-01   6.957953e-01   6.701451e-01   8.037110e-01   7.175942e-01   9.986984e-01   7.051748e-01   6.570070e-01   6.906017e-01   8.052241e-01
   1.575678e-05   7.836596e-01   7.393652e-06   9.959566e-01   9.485542e-01   5.145870e-04   1.069915e-06   0.000000e+00   6.137930e-02   6.446000e-01   6.909418e-01   6.902479e-01   6.330181e-01   7.326592e-01   7.809543e-01   9.727731e-01   7.172363e-01   5.983849e-01   6.638274e-01   7.876510e-01
   4.465636e-04   8.069690e-01   5.123767e-07   9.935888e-01   8.736873e-01   4.618194e-07   0.000000e+00   0.000000e+00   1.131174e-02   6.639782e-01   8.438856e-01   7.003297e-01   6.746820e-01   7.686225e-01   7.233870e-01   8.306076e-01   6.871651e-01   6.576908e-01   6.728335e-01   8.022558e-01
   4.465636e-04   8.057669e-01   1.669280e-06   9.132250e-01   8.736873e-01   5.975172e-06   2.504223e-03   0.000000e+00   0.000000e+00   5.860543e-01   8.445304e-01   6.825565e-01   6.896286e-01   7.686225e-01   7.223748e-01   8.618282e-01   6.886769e-01   6.579268e-01   6.860828e-01   8.024315e-01
   1.679964e-05   7.012733e-01   2.166678e-06   9.269413e-01   7.335661e-01   2.592980e-07   8.386096e-09   0.000000e+00   7.555511e-06   6.582720e-01   8.422765e-01   6.800074e-01   6.735928e-01   9.084957e-01   7.225055e-01   8.725063e-01   6.082503e-01   6.258851e-01   7.818601e-01   7.505174e-01
   1.855109e-05   7.998515e-01   7.328949e-06   9.968496e-01   9.520662e-01   0.000000e+00   9.263654e-03   0.000000e+00   6.249560e-02   6.143785e-01   8.399098e-01   6.770920e-01   6.434170e-01   9.408339e-01   5.784758e-01   9.740817e-01   5.968984e-01   6.597844e-01   6.528512e-01   7.536410e-01
   2.615468e-05   7.552153e-01   0.000000e+00   9.997573e-01   9.573049e-01   0.000000e+00   4.810346e-04   0.000000e+00   0.000000e+00   6.868602e-01   8.346002e-01   6.763013e-01   6.742519e-01   7.379414e-01   7.176327e-01   9.512343e-01   6.044779e-01   6.519076e-01   7.535781e-01   8.041129e-01
   2.151713e-05   7.099162e-01   8.176694e-06   9.326123e-01   9.475023e-01   2.836701e-07   0.000000e+00   0.000000e+00   1.112310e-05   6.511684e-01   8.476318e-01   6.958900e-01   8.544333e-01   8.997774e-01   8.357639e-01   9.735207e-01   6.368978e-01   6.569310e-01   7.536717e-01   7.533141e-01
   2.253961e-02   7.967186e-01   8.110410e-06   9.976577e-01   9.376929e-01   2.021681e-07   6.041739e-07   0.000000e+00   0.000000e+00   5.801068e-01   9.024306e-01   6.995813e-01   6.424340e-01   7.631756e-01   7.247437e-01   8.251649e-01   6.582349e-01   6.489453e-01   7.450126e-01   8.048275e-01
   2.152516e-05   6.694290e-01   7.624747e-06   9.361598e-01   8.967194e-01   2.835229e-07   1.036806e-06   0.000000e+00   1.145673e-08   6.031265e-01   7.080076e-01   6.951558e-01   6.486384e-01   9.005516e-01   7.832101e-01   9.669105e-01   6.933313e-01   5.507392e-01   7.420433e-01   7.933894e-01
   1.763339e-02   6.939745e-01   7.313661e-06   9.970948e-01   7.840057e-01   2.675191e-07   1.003195e-06   0.000000e+00   3.209546e-07   6.511499e-01   8.393156e-01   6.499063e-01   6.431689e-01   9.001903e-01   7.591151e-01   9.747251e-01   6.035610e-01   6.206753e-01   7.298111e-01   7.524250e-01
   1.695608e-05   7.916061e-01   7.138866e-06   9.976383e-01   9.375522e-01   3.117720e-07   9.054136e-07   0.000000e+00   1.856974e-04   5.797134e-01   8.405766e-01   6.889630e-01   6.741725e-01   7.001401e-01   7.198796e-01   9.408274e-01   6.358881e-01   6.609195e-01   7.458234e-01   8.049148e-01
   1.949174e-05   7.239387e-01   1.215153e-05   9.323963e-01   9.336697e-01   1.862141e-09   8.654046e-04   0.000000e+00   6.894841e-06   6.494595e-01   8.391705e-01   6.885958e-01   5.528863e-01   7.982538e-01   7.196252e-01   9.886166e-01   6.032474e-01   6.201457e-01   7.299048e-01   7.349060e-01
