   9.978169e-01   9.911556e-01   0.000000e+00   7.605925e-02   0.000000e+00   2.045588e-03   0.000000e+00   0.000000e+00   8.778870e-06   4.616576e-06   3.311985e-02   1.877528e-02   1.230794e-01   0.000000e+00   2.400503e-02   4.092023e-06   7.241263e-02   8.208644e-02   4.641823e-02   2.470774e-01
   9.872580e-01   9.260707e-01   0.000000e+00   5.280770e-02   1.299044e-03   0.000000e+00   4.904166e-02   2.359793e-02   0.000000e+00   0.000000e+00   5.517848e-02   7.495077e-02   2.652710e-01   1.522402e-01   1.699188e-02   1.841020e-03   1.596650e-01   3.628852e-02   4.581796e-02   2.371120e-01
   9.603046e-01   9.999875e-01   0.000000e+00   1.978836e-01   3.692034e-06   3.089394e-03   0.000000e+00   0.000000e+00   2.910804e-03   8.743995e-04   3.295884e-02   3.833099e-02   8.674895e-02   1.137770e-01   6.749002e-03   9.420236e-02   1.809027e-01   9.167208e-03   4.983257e-02   3.845972e-02
   9.922110e-01   9.964726e-01   0.000000e+00   1.193733e-01   9.573379e-03   2.867803e-01   0.000000e+00   1.476764e-01   1.909780e-03   2.798121e-02   3.551106e-02   9.420926e-02   2.180048e-01   8.560467e-02   9.467749e-03   6.493080e-03   1.791911e-01   5.031006e-02   9.342801e-03   1.612477e-01
   9.994450e-01   9.449244e-01   0.000000e+00   8.920624e-02   1.299044e-03   1.948645e-02   6.888409e-02   7.030280e-02   0.000000e+00   0.000000e+00   5.517848e-02   4.634895e-02   2.620208e-01   1.512871e-01   1.361155e-02   1.841020e-03   1.596650e-01   3.628852e-02   4.581796e-02   2.371120e-01
   9.724026e-01   1.000000e+00   0.000000e+00   1.474742e-01   1.965689e-01   5.411956e-02   4.821279e-02   0.000000e+00   0.000000e+00   0.000000e+00   1.003185e-01   4.682912e-02   2.462764e-02   0.000000e+00   1.489142e-01   3.166546e-02   1.669898e-01   4.139112e-02   5.629006e-02   3.561957e-01
   9.647849e-01   8.793380e-01   0.000000e+00   2.535451e-01   3.080177e-02   1.492988e-01   0.000000e+00   3.873455e-04   3.585589e-05   0.000000e+00   4.779400e-02   1.232168e-02   4.227077e-02   6.422440e-02   4.686322e-02   4.669332e-02   1.798423e-01   4.144889e-02   1.215597e-01   2.354530e-01
   1.000000e+00   1.000000e+00   3.171482e-03   1.192349e-01   0.000000e+00   1.023386e-02   0.000000e+00   0.000000e+00   1.730388e-04   1.139829e-03   6.000286e-02   1.370068e-02   2.836020e-02   2.913254e-02   1.403903e-01   2.847814e-03   1.703190e-01   4.418799e-02   5.403086e-02   5.219667e-02
   9.655230e-01   9.933174e-01   0.000000e+00   1.147148e-01   9.061140e-02   2.402389e-01   9.410474e-02   2.771437e-01   0.000000e+00   4.797737e-02   4.163397e-02   1.785201e-02   1.268860e-01   1.225623e-03   1.399261e-01   1.942378e-03   1.598829e-01   1.819215e-01   4.531125e-02   2.332078e-01
   1.000000e+00   9.926138e-01   9.526653e-01   1.193111e-01   0.000000e+00   1.697817e-02   4.927286e-03   6.949461e-02   0.000000e+00   0.000000e+00   1.104827e-02   7.720594e-03   1.996892e-01   3.772945e-04   9.059705e-03   2.990631e-02   1.742780e-01   2.046902e-02   5.623652e-02   2.570924e-01
   9.971497e-01   1.000000e+00   0.000000e+00   7.284717e-02   1.392581e-01   0.000000e+00   5.586906e-08   2.386835e-02   1.395505e-01   1.842375e-04   2.361481e-02   4.595647e-02   4.128889e-02   1.142586e-01   9.347890e-02   0.000000e+00   1.794001e-01   4.327497e-02   4.580822e-02   2.327450e-01
   9.639471e-01   9.898698e-01   1.058983e-01   9.412394e-02   0.000000e+00   0.000000e+00   0.000000e+00   0.000000e+00   0.000000e+00   6.618375e-04   2.477010e-02   4.135704e-02   9.403717e-02   3.033006e-02   1.417101e-01   5.085451e-02   1.786525e-01   4.488187e-02   4.340306e-02   1.568818e-01
   9.989517e-01   9.539646e-01   0.000000e+00   8.403690e-02   0.000000e+00   2.381234e-01   0.000000e+00   1.654360e-01   4.067463e-02   5.568927e-02   4.657276e-02   5.454306e-02   9.468361e-02   1.142586e-01   4.428276e-02   0.000000e+00   1.789968e-01   4.705641e-02   4.265627e-02   2.330041e-01
   9.746194e-01   9.991654e-01   0.000000e+00   2.553014e-01   1.930398e-01   9.055749e-02   2.926381e-02   4.213270e-01   0.000000e+00   0.000000e+00   2.547366e-02   5.087679e-02   1.172299e-01   1.019020e-01   4.783401e-02   5.892098e-02   1.791222e-01   4.579895e-02   1.111864e-01   1.571468e-01
   9.998877e-01   9.926138e-01   5.308174e-02   1.193111e-01   0.000000e+00   1.032081e-01   4.841969e-03   1.271456e-03   0.000000e+00   0.000000e+00   1.104827e-02   7.720594e-03   1.285146e-01   3.772945e-04   1.451234e-01   2.990631e-02   1.742780e-01   2.049135e-02   5.623652e-02   2.556788e-01
   8.702936e-01   9.898698e-01   1.058983e-01   3.167663e-01   0.000000e+00   1.341763e-01   0.000000e+00   0.000000e+00   0.000000e+00   3.474895e-06   2.477010e-02   5.059387e-02   9.392008e-02   2.902707e-02   1.417101e-01   7.103752e-02   1.786525e-01   4.488187e-02   4.340306e-02   1.568986e-01
   9.631155e-01   9.934782e-01   0.000000e+00   1.073700e-01   4.544380e-02   2.415166e-01   2.174201e-01   3.943171e-01   6.129011e-02   2.732935e-03   3.532880e-02   9.199488e-03   8.667949e-02   1.142586e-01   2.513829e-02   0.000000e+00   1.555840e-01   4.592603e-02   5.574375e-02   2.336126e-01
   9.996505e-01   9.539847e-01   0.000000e+00   1.102647e-01   1.569338e-01   2.424262e-01   0.000000e+00   0.000000e+00   4.243636e-02   5.044022e-03   3.374412e-02   1.915629e-02   2.311905e-01   4.377558e-02   8.115444e-03   1.576721e-01   1.555566e-01   4.231335e-02   1.708588e-02   2.475905e-02
   9.715838e-01   9.567842e-01   8.768280e-01   0.000000e+00   1.105094e-01   3.807342e-02   2.894507e-04   0.000000e+00   3.725239e-04   2.589160e-02   6.772341e-04   4.455783e-02   1.286774e-01   2.285452e-03   1.509054e-01   2.749941e-04   1.702059e-01   4.360056e-02   4.967864e-02   1.903183e-01
   9.417617e-01   9.489155e-01   0.000000e+00   9.181365e-02   3.262970e-02   3.821758e-02   8.789349e-05   1.881523e-01   4.113841e-02   2.574116e-03   4.661874e-02   5.210792e-02   1.184157e-01   6.012455e-02   1.399470e-01   0.000000e+00   1.558887e-01   3.514517e-02   7.744532e-03   2.818107e-01
   9.917174e-01   9.439778e-01   0.000000e+00   1.214388e-01   3.259823e-02   0.000000e+00   6.888409e-02   2.358174e-01   0.000000e+00   5.434140e-02   7.427969e-02   5.838225e-02   1.799039e-02   6.029430e-02   1.336720e-02   1.447667e-01   1.700964e-01   5.423785e-02   4.594010e-02   2.288863e-01
   9.994450e-01   9.449244e-01   0.000000e+00   8.920624e-02   0.000000e+00   3.315502e-02   1.006647e-01   7.030280e-02   0.000000e+00   0.000000e+00   5.496196e-02   4.510020e-02   2.740284e-01   1.389689e-01   1.361155e-02   1.841020e-03   1.601662e-01   4.435378e-02   4.530575e-02   2.371120e-01
   9.642876e-01   9.733232e-01   9.573614e-02   1.124042e-01   0.000000e+00   2.387407e-04   6.740651e-04   0.000000e+00   0.000000e+00   0.000000e+00   5.844159e-02   3.374618e-02   8.341096e-02   9.577497e-02   1.020191e-02   2.688531e-05   1.868294e-01   1.486786e-02   4.425120e-02   2.291578e-01
   8.463369e-01   9.934798e-01   1.576519e-01   1.073700e-01   4.544380e-02   1.310135e-01   2.120035e-01   4.485477e-01   1.351447e-01   2.732935e-03   2.993621e-02   9.199488e-03   1.262214e-01   1.153812e-01   2.513829e-02   2.616138e-03   1.556962e-01   4.642101e-02   5.574375e-02   2.336126e-01
   9.871873e-01   9.987200e-01   5.173185e-02   1.168051e-01   2.141223e-02   0.000000e+00   9.389036e-04   2.082322e-04   1.227753e-01   5.723954e-02   4.583268e-02   6.798517e-03   8.787559e-02   7.865850e-02   6.844381e-03   2.049789e-01   1.515466e-01   1.981871e-01   7.007685e-03   1.773940e-01
   9.946531e-01   9.985694e-01   4.345872e-02   1.132339e-01   0.000000e+00   1.687310e-02   0.000000e+00   0.000000e+00   1.216698e-01   1.783482e-03   1.026711e-02   2.046750e-02   1.195418e-01   1.791278e-03   8.089445e-03   2.002053e-01   1.797981e-01   6.147821e-02   4.483421e-02   2.527843e-02
   9.991110e-01   9.884822e-01   8.698988e-01   6.803240e-02   1.323270e-03   0.000000e+00   0.000000e+00   1.166308e-01   1.137028e-05   0.000000e+00   4.957483e-02   4.543015e-02   2.503461e-02   1.144917e-01   0.000000e+00   7.119060e-02   2.479035e-01   1.971203e-04   5.262568e-02   1.806165e-01
   9.983279e-01   9.708950e-01   1.686185e-01   1.419474e-01   1.869512e-01   1.636598e-02   0.000000e+00   1.511882e-01   0.000000e+00   0.000000e+00   6.067922e-02   1.894510e-02   8.356118e-02   7.967529e-02   2.762103e-03   2.215215e-03   1.555457e-01   4.019953e-02   4.567387e-02   1.564458e-01
   9.989517e-01   9.983226e-01   0.000000e+00   8.403690e-02   1.352233e-01   1.398609e-01   5.219048e-08   1.634586e-01   1.292593e-01   5.568927e-02   4.657276e-02   5.471736e-02   9.468361e-02   1.142586e-01   1.743393e-01   0.000000e+00   1.767615e-01   4.730708e-02   4.174951e-02   2.091603e-01
   9.635732e-01   9.712517e-01   0.000000e+00   1.877465e-01   1.602536e-01   0.000000e+00   8.571480e-03   0.000000e+00   8.547697e-05   5.112377e-03   3.347214e-02   4.135704e-02   1.444457e-01   1.153000e-01   9.756789e-03   0.000000e+00   2.053076e-01   4.358897e-02   3.915965e-02   1.663389e-01
   8.459803e-01   9.847154e-01   1.350567e-01   1.185711e-01   0.000000e+00   1.477352e-01   2.457616e-01   5.954869e-02   5.186560e-03   1.968114e-04   1.043429e-02   4.546213e-02   0.000000e+00   1.230399e-01   1.890279e-02   5.995358e-02   1.708714e-01   6.729263e-02   4.094853e-02   1.800773e-01
   9.617638e-01   9.846010e-01   1.273422e-01   5.319016e-02   1.024509e-04   1.265537e-01   4.581079e-09   6.657808e-06   0.000000e+00   0.000000e+00   3.377973e-01   2.994144e-02   0.000000e+00   1.064177e-01   1.547507e-01   1.750894e-02   7.855279e-02   4.379418e-02   1.311062e-01   1.845131e-01
   9.945745e-01   9.548775e-01   0.000000e+00   1.780009e-01   3.048116e-02   2.328713e-01   0.000000e+00   0.000000e+00   1.168849e-01   1.624585e-07   2.839033e-01   5.210494e-02   1.283466e-01   1.604361e-03   1.364488e-01   0.000000e+00   1.246107e-01   8.308058e-02   1.251433e-01   2.803572e-03
   9.871873e-01   9.987142e-01   5.173185e-02   1.168051e-01   1.799018e-02   0.000000e+00   0.000000e+00   2.082322e-04   1.242886e-01   5.723954e-02   4.519602e-02   6.798517e-03   8.787559e-02   1.028610e-01   6.844381e-03   3.748254e-05   1.516693e-01   1.981871e-01   7.142401e-03   1.771994e-01
   1.000000e+00   9.926138e-01   7.839690e-01   1.710327e-01   0.000000e+00   1.232119e-02   8.774587e-03   6.757114e-02   0.000000e+00   0.000000e+00   6.403843e-04   7.720594e-03   2.063918e-01   3.772945e-04   9.320544e-03   2.990631e-02   1.533013e-01   1.981211e-02   5.609454e-02   2.598309e-01
   9.928618e-01   9.774473e-01   1.716695e-01   1.154500e-01   2.450072e-03   1.749009e-02   1.910092e-01   1.462286e-01   0.000000e+00   1.812222e-03   3.927497e-02   1.902248e-02   8.733726e-02   8.752202e-04   1.499153e-02   6.645730e-02   1.956932e-01   4.065358e-02   6.039615e-02   8.334770e-02
   9.746194e-01   9.991654e-01   0.000000e+00   2.590152e-01   2.471122e-02   9.055749e-02   2.754375e-02   5.321010e-01   0.000000e+00   0.000000e+00   2.473880e-02   5.087679e-02   1.172299e-01   1.019020e-01   1.807492e-02   5.892098e-02   1.791222e-01   4.579895e-02   1.111864e-01   1.569292e-01
   9.627467e-01   9.926138e-01   6.450126e-01   4.061045e-01   2.084713e-01   8.809741e-03   4.832523e-03   7.113432e-02   0.000000e+00   0.000000e+00   1.137180e-02   7.720594e-03   8.923290e-02   1.132106e-01   9.059705e-03   2.990631e-02   1.742311e-01   4.652991e-02   5.660788e-02   2.557231e-01
   9.638375e-01   9.811678e-01   0.000000e+00   1.689177e-01   4.543645e-02   1.617347e-02   2.174201e-01   4.287360e-01   8.916663e-04   2.683708e-03   3.594807e-02   9.167326e-03   1.513537e-01   1.081663e-01   1.781908e-01   0.000000e+00   1.547236e-01   1.233128e-01   3.416823e-02   4.773919e-02
   9.946189e-01   9.985694e-01   3.993279e-02   4.025810e-01   1.571523e-01   8.704676e-03   0.000000e+00   0.000000e+00   1.216698e-01   1.816110e-02   1.033643e-02   2.046750e-02   1.235667e-01   1.099742e-01   8.089445e-03   2.002053e-01   1.798180e-01   6.338846e-02   4.520558e-02   2.897275e-02
   9.992985e-01   9.770950e-01   1.501137e-01   7.787887e-02   0.000000e+00   0.000000e+00   0.000000e+00   1.166308e-01   0.000000e+00   3.147986e-02   5.407248e-02   4.189667e-02   6.505341e-02   1.144917e-01   4.604628e-03   7.119060e-02   2.548629e-01   4.662808e-02   5.262568e-02   1.823674e-01
   8.708210e-01   9.786964e-01   1.953620e-01   3.167663e-01   0.000000e+00   1.336099e-01   0.000000e+00   0.000000e+00   1.212308e-03   3.207302e-04   7.393397e-02   5.059387e-02   9.548936e-02   1.505146e-01   1.445381e-01   7.174210e-02   1.533491e-01   4.492928e-02   4.340306e-02   1.775902e-01
   9.923912e-01   9.933680e-01   5.173185e-02   1.170937e-01   2.140710e-02   2.591792e-02   2.221750e-04   1.415113e-01   1.269103e-02   0.000000e+00   3.384949e-02   6.027144e-03   8.787559e-02   3.004909e-02   8.601929e-03   1.246668e-02   1.515466e-01   2.111919e-01   4.542487e-02   1.498475e-01
   9.953497e-01   9.788376e-01   8.418317e-01   2.553858e-01   1.707412e-01   1.808137e-02   2.297381e-03   4.179213e-01   0.000000e+00   0.000000e+00   2.544138e-02   4.497499e-02   1.309297e-01   2.049674e-03   4.836697e-02   0.000000e+00   1.808781e-01   6.825011e-02   1.015368e-02   6.393367e-02
   9.947000e-01   9.985694e-01   4.041174e-02   4.012786e-01   1.654651e-03   8.704676e-03   0.000000e+00   0.000000e+00   1.216698e-01   6.744273e-04   5.941923e-02   2.046750e-02   1.235667e-01   3.377634e-02   1.956182e-01   2.002053e-01   1.416773e-01   4.350364e-02   4.520558e-02   2.573537e-02
   9.637117e-01   9.834307e-01   1.804249e-01   2.524962e-01   5.151051e-04   0.000000e+00   2.589352e-02   1.514211e-01   3.013625e-03   1.265502e-03   3.739112e-02   6.439170e-03   3.290884e-03   1.235214e-01   1.402211e-01   1.490460e-01   1.243431e-01   7.717113e-03   5.615903e-02   1.234909e-01
   9.652980e-01   9.984062e-01   9.541160e-01   1.275790e-01   1.635930e-01   3.430964e-03   1.193194e-03   2.363238e-06   3.177334e-03   1.287357e-03   3.483842e-02   7.377850e-03   0.000000e+00   7.059354e-03   1.394803e-01   6.551409e-03   1.788092e-01   8.945066e-03   1.133176e-01   2.572443e-01
   9.940790e-01   8.686445e-01   8.257797e-01   4.035541e-01   3.286232e-03   6.121490e-03   2.613544e-01   5.345735e-01   2.227539e-03   0.000000e+00   7.139808e-04   4.497499e-02   1.309297e-01   2.613313e-03   1.597848e-01   5.973726e-02   1.718073e-01   8.264265e-02   1.015368e-02   7.101922e-02
   9.991110e-01   9.932221e-01   1.497995e-01   6.803240e-02   0.000000e+00   4.787752e-02   3.171181e-04   0.000000e+00   1.137028e-05   0.000000e+00   3.510038e-02   4.189667e-02   8.597470e-02   1.145130e-01   1.190387e-02   6.790710e-02   2.548629e-01   5.135302e-03   4.527173e-02   1.823674e-01
   9.746194e-01   9.991626e-01   0.000000e+00   2.525524e-01   1.930398e-01   9.915848e-02   2.929586e-02   4.213270e-01   0.000000e+00   0.000000e+00   1.759421e-02   6.637375e-03   8.347058e-02   1.020661e-01   1.433483e-01   6.016775e-02   1.792800e-01   8.651218e-03   1.111864e-01   1.574284e-01
   9.639471e-01   9.898698e-01   1.061492e-01   9.412394e-02   0.000000e+00   0.000000e+00   0.000000e+00   0.000000e+00   0.000000e+00   6.634531e-04   1.728463e-02   4.135704e-02   9.381877e-02   1.375267e-01   1.417101e-01   4.921842e-02   8.201624e-02   7.702241e-03   4.340306e-02   1.571706e-01
   9.863919e-01   9.995589e-01   8.081307e-01   1.780009e-01   1.762202e-01   1.377198e-01   0.000000e+00   0.000000e+00   1.328186e-01   3.463381e-06   2.131979e-02   4.567575e-02   1.283051e-01   1.604361e-03   1.396469e-02   0.000000e+00   1.780784e-01   8.336329e-02   4.267651e-02   6.373594e-02
   9.943795e-01   9.984297e-01   1.676906e-01   1.334844e-01   1.878570e-01   1.574550e-02   0.000000e+00   0.000000e+00   0.000000e+00   2.930648e-06   5.941923e-02   2.046750e-02   1.235667e-01   2.670236e-02   1.956182e-01   2.002053e-01   1.423205e-01   4.350205e-02   4.520558e-02   2.573537e-02
   1.000000e+00   9.934402e-01   9.719991e-02   3.932631e-01   6.857604e-03   2.356629e-01   6.860385e-04   1.494216e-03   0.000000e+00   0.000000e+00   3.377973e-01   7.426516e-03   4.581442e-02   2.127326e-03   9.802835e-02   1.847770e-02   1.750436e-01   1.480260e-02   1.312408e-01   2.345797e-01
   9.637883e-01   9.934782e-01   0.000000e+00   1.677552e-01   4.543645e-02   1.306337e-02   0.000000e+00   1.013105e-01   8.916663e-04   0.000000e+00   3.594807e-02   9.210414e-03   2.194278e-02   1.134173e-01   1.743393e-01   0.000000e+00   1.547236e-01   4.706584e-02   3.416823e-02   2.332785e-01
   9.954065e-01   9.788376e-01   8.411767e-01   2.553858e-01   0.000000e+00   3.755774e-04   2.297381e-03   4.179213e-01   0.000000e+00   0.000000e+00   2.937011e-02   4.534022e-02   1.317028e-01   2.416479e-03   4.836697e-02   0.000000e+00   1.808781e-01   6.801242e-02   1.617386e-03   7.819346e-02
   9.659860e-01   9.995733e-01   1.669674e-02   8.556213e-02   6.765627e-03   6.991665e-04   0.000000e+00   2.864501e-02   3.771823e-03   3.183389e-02   3.000459e-02   4.536073e-02   1.274178e-01   1.016895e-01   0.000000e+00   0.000000e+00   2.564263e-01   5.006221e-02   4.012415e-02   7.704015e-02
   9.963568e-01   9.790573e-01   8.716543e-01   2.560499e-01   8.183265e-02   1.042641e-01   5.773197e-04   5.211405e-01   0.000000e+00   0.000000e+00   3.353806e-01   4.475207e-02   1.238869e-01   2.049674e-03   1.440559e-01   2.957914e-02   1.809385e-01   3.779550e-02   7.410333e-02   2.357970e-01
   9.639471e-01   9.998950e-01   5.825005e-02   1.168589e-01   0.000000e+00   1.361696e-01   1.562643e-02   1.726585e-03   4.450112e-02   6.012318e-02   1.084945e-02   1.072693e-02   9.702974e-02   0.000000e+00   6.740751e-03   6.603979e-02   1.732962e-01   4.546821e-02   5.503349e-03   1.571393e-01
   9.637117e-01   9.834035e-01   1.802566e-01   2.526378e-01   4.143674e-03   0.000000e+00   0.000000e+00   4.566295e-02   3.013625e-03   1.265502e-03   3.739112e-02   1.572423e-02   1.774630e-01   1.232110e-01   1.351272e-01   1.490460e-01   1.243431e-01   7.717113e-03   5.615903e-02   1.234909e-01
   9.937715e-01   9.927937e-01   8.937080e-02   1.124877e-01   1.616093e-02   0.000000e+00   9.097614e-02   2.606184e-01   1.223901e-02   0.000000e+00   4.505240e-02   7.516629e-03   6.798256e-02   7.769072e-02   6.787594e-03   6.447418e-02   1.710894e-01   1.816927e-01   4.429504e-02   5.565346e-02
   8.463369e-01   9.934798e-01   1.887054e-01   1.073700e-01   4.544380e-02   1.310135e-01   2.109058e-01   4.485477e-01   1.742255e-04   2.732935e-03   2.993621e-02   9.199488e-03   1.262214e-01   1.153812e-01   1.499796e-03   2.616138e-03   1.551367e-01   4.642101e-02   5.574375e-02   2.294354e-01
   9.724026e-01   1.000000e+00   0.000000e+00   1.478982e-01   1.965689e-01   5.377615e-02   4.821279e-02   0.000000e+00   1.359503e-01   2.125615e-03   1.598398e-01   4.149895e-02   2.781470e-02   0.000000e+00   1.489142e-01   3.166546e-02   1.669231e-01   4.175113e-02   5.629006e-02   3.561957e-01
   8.702936e-01   9.898698e-01   1.311152e-01   3.167663e-01   0.000000e+00   1.341897e-01   0.000000e+00   0.000000e+00   0.000000e+00   1.739729e-07   3.326190e-01   1.172555e-02   9.396159e-02   2.902707e-02   1.417101e-01   7.103752e-02   1.229495e-01   4.488187e-02   1.249631e-01   1.568986e-01
   9.923289e-01   9.987471e-01   5.173185e-02   1.170937e-01   1.861275e-02   8.876405e-03   1.874560e-04   5.516522e-04   1.269103e-02   3.542179e-05   3.150795e-02   5.502994e-03   8.784344e-02   3.004909e-02   8.601929e-03   1.246668e-02   1.515466e-01   2.111919e-01   4.542487e-02   1.584744e-02
   9.599844e-01   9.439778e-01   9.498159e-01   1.483803e-01   9.812807e-03   0.000000e+00   3.672628e-02   0.000000e+00   1.843383e-03   4.340999e-02   7.427969e-02   5.850848e-02   2.007616e-01   1.501608e-01   1.347859e-02   0.000000e+00   1.740683e-01   5.479879e-02   4.445010e-02   1.777883e-01
   9.601966e-01   9.779392e-01   4.090970e-02   1.126849e-01   7.233812e-02   2.726564e-03   3.027478e-03   2.986416e-02   1.750163e-03   0.000000e+00   4.121648e-02   2.521166e-03   5.008726e-02   1.102247e-01   9.055425e-03   3.048512e-02   4.265187e-02   6.662173e-02   1.514252e-01   6.859616e-02
   1.000000e+00   9.926138e-01   9.496183e-01   4.072670e-01   1.635766e-01   2.375758e-01   2.240961e-01   3.985598e-01   0.000000e+00   2.692125e-03   1.111760e-02   7.709668e-03   2.039090e-01   1.085373e-01   9.059705e-03   2.990631e-02   1.788184e-01   1.219572e-01   5.660788e-02   2.574266e-01
   9.617865e-01   9.846010e-01   1.273422e-01   4.038090e-01   2.121311e-01   1.265537e-01   4.581079e-09   0.000000e+00   0.000000e+00   0.000000e+00   3.353951e-01   6.091050e-03   0.000000e+00   1.134648e-01   9.322409e-03   2.991223e-02   1.722842e-01   4.378927e-02   1.311062e-01   1.855281e-01
   9.989493e-01   9.981227e-01   1.150182e-01   8.489198e-02   1.782368e-01   1.561088e-01   0.000000e+00   4.410249e-02   1.260351e-03   4.189307e-04   2.389846e-02   5.641623e-02   1.786083e-01   7.405100e-02   1.227787e-02   0.000000e+00   1.811122e-01   6.360427e-02   5.678566e-02   1.726605e-01
   9.940066e-01   8.675629e-01   8.257797e-01   1.189236e-01   3.176741e-04   1.304954e-01   2.109804e-01   5.280280e-01   9.016071e-02   2.631291e-03   1.153386e-02   4.497499e-02   1.309297e-01   1.265909e-01   1.860788e-02   2.652873e-03   1.564883e-01   8.153351e-02   1.033304e-02   7.101922e-02
   9.983443e-01   9.982536e-01   7.557997e-02   4.025810e-01   1.856942e-01   1.520006e-01   0.000000e+00   2.735555e-03   1.199196e-01   1.883710e-02   5.911269e-02   2.046750e-02   1.235667e-01   1.230578e-01   8.089445e-03   2.002053e-01   1.798180e-01   4.339651e-02   5.422645e-02   3.042302e-02
   9.856486e-01   9.800430e-01   8.085942e-01   1.775233e-01   1.762202e-01   1.377198e-01   0.000000e+00   0.000000e+00   1.328186e-01   0.000000e+00   2.131979e-02   4.567575e-02   8.994857e-02   1.604361e-03   1.401507e-02   2.942583e-02   1.742760e-01   8.336329e-02   4.243254e-02   6.526023e-02
   9.724700e-01   9.926083e-01   5.308174e-02   1.193243e-01   7.249865e-02   3.394487e-02   1.576654e-04   0.000000e+00   0.000000e+00   0.000000e+00   1.104827e-02   1.988317e-02   1.263450e-01   1.392044e-02   1.451234e-01   3.082474e-02   1.468018e-01   2.209156e-02   5.571418e-02   2.556788e-01
   9.618290e-01   1.000000e+00   9.574675e-02   9.687695e-02   0.000000e+00   1.843586e-02   1.358373e-02   1.789486e-03   4.524589e-02   6.584449e-04   1.035227e-02   2.054281e-02   8.415239e-02   2.624236e-02   9.568370e-02   1.777919e-02   1.559631e-01   6.253996e-02   1.630159e-01   4.772878e-02
   9.940066e-01   8.661417e-01   9.714191e-02   3.902792e-01   5.453357e-03   5.713087e-03   2.540460e-04   5.345735e-01   8.814991e-02   0.000000e+00   3.497705e-02   6.968630e-03   1.307074e-01   2.531852e-03   9.567841e-02   6.274206e-03   1.808963e-01   8.041419e-02   5.313882e-02   6.062804e-02
   9.631155e-01   9.933172e-01   5.160640e-02   5.467209e-02   0.000000e+00   1.225781e-01   2.174201e-01   3.943171e-01   1.248030e-03   2.535585e-03   3.383404e-01   3.024399e-02   0.000000e+00   1.065094e-01   2.513829e-02   0.000000e+00   1.541432e-01   4.594139e-02   5.457357e-02   1.850540e-01
   9.635272e-01   9.997109e-01   1.087167e-01   1.670600e-01   9.675013e-03   1.107188e-02   6.463263e-02   2.953922e-01   0.000000e+00   0.000000e+00   3.361670e-01   5.078464e-03   1.239152e-01   1.212651e-01   1.548521e-01   1.951711e-01   1.716104e-01   8.204027e-02   1.262664e-01   8.023002e-02
   9.873025e-01   9.708950e-01   1.965337e-01   1.181889e-01   1.869512e-01   1.636598e-02   0.000000e+00   1.501578e-01   0.000000e+00   0.000000e+00   6.066948e-02   9.542616e-02   8.345532e-02   7.966943e-02   8.103445e-02   2.215215e-03   1.555457e-01   2.946750e-02   4.567387e-02   1.564458e-01
   9.992846e-01   9.996144e-01   1.082130e-01   1.929816e-01   0.000000e+00   1.371366e-01   2.993441e-02   7.534524e-02   0.000000e+00   5.063432e-04   2.801193e-03   5.280815e-03   8.595744e-02   2.309968e-02   8.027776e-03   2.003109e-01   2.561880e-01   4.390523e-02   4.767149e-02   2.439796e-02
   9.652980e-01   9.927870e-01   9.541160e-01   1.275790e-01   1.635930e-01   3.430964e-03   2.255723e-01   2.363238e-06   3.177334e-03   1.240231e-03   3.483931e-02   2.445347e-03   2.115313e-01   7.026821e-03   1.394803e-01   6.551409e-03   1.788092e-01   6.293355e-02   1.133176e-01   2.570984e-01
   8.459803e-01   9.825215e-01   0.000000e+00   1.185711e-01   0.000000e+00   9.390141e-02   2.647413e-01   5.954869e-02   5.186560e-03   2.263496e-04   1.043429e-02   4.546213e-02   0.000000e+00   1.219298e-01   1.890279e-02   5.995358e-02   1.708714e-01   6.729263e-02   1.122308e-01   1.567505e-01
   9.631155e-01   9.934782e-01   0.000000e+00   1.188650e-01   1.606209e-05   9.076053e-03   2.173187e-01   3.943171e-01   6.129011e-02   2.732935e-03   1.196751e-02   9.199488e-03   1.337841e-01   1.142586e-01   2.513829e-02   0.000000e+00   1.553051e-01   4.592603e-02   5.574375e-02   7.814305e-02
   9.989493e-01   9.980335e-01   2.464559e-01   8.489198e-02   1.782368e-01   1.415391e-01   0.000000e+00   4.410249e-02   0.000000e+00   2.082789e-05   2.389846e-02   5.641623e-02   1.786083e-01   7.405100e-02   1.227787e-02   0.000000e+00   1.811122e-01   1.223080e-01   5.677983e-02   1.726605e-01
   9.652980e-01   9.984062e-01   2.057078e-01   1.072184e-01   5.250769e-04   1.415462e-01   2.170458e-01   2.363238e-06   3.187716e-03   1.287357e-03   3.483842e-02   7.385762e-03   1.230211e-01   7.059354e-03   1.402932e-01   2.270016e-03   1.808896e-01   4.619389e-02   1.132950e-01   1.832953e-01
   9.634421e-01   9.984897e-01   1.502057e-01   3.857525e-01   1.654651e-03   8.848716e-03   3.281882e-04   0.000000e+00   0.000000e+00   6.744273e-04   5.944912e-02   1.939603e-02   1.235558e-01   2.371048e-02   1.956182e-01   2.044260e-01   1.403798e-01   4.551554e-02   4.518923e-02   2.458880e-02
   9.641420e-01   9.926138e-01   6.336382e-01   4.061045e-01   0.000000e+00   1.652153e-02   4.798957e-03   1.171069e-01   0.000000e+00   1.329148e-03   4.944789e-02   4.632459e-02   1.480726e-02   1.151513e-01   1.323139e-01   0.000000e+00   2.489557e-01   8.776166e-03   5.655127e-02   2.557231e-01
   9.940576e-01   9.984297e-01   1.692684e-01   2.373996e-02   1.878570e-01   1.574550e-02   0.000000e+00   0.000000e+00   0.000000e+00   1.260882e-03   3.416280e-02   8.310338e-03   1.234272e-01   2.670236e-02   1.853412e-01   2.002053e-01   1.707185e-01   4.350205e-02   4.520558e-02   6.065411e-02
   9.614978e-01   1.000000e+00   9.489836e-01   1.074194e-01   3.385588e-02   9.134299e-04   0.000000e+00   1.514211e-01   1.265002e-01   8.445630e-07   3.503837e-02   6.475631e-03   9.154102e-02   2.455401e-02   1.415968e-01   1.321915e-02   1.230796e-01   2.080615e-01   4.580182e-02   6.135954e-02
   1.000000e+00   9.996144e-01   1.085810e-01   1.929816e-01   0.000000e+00   1.368991e-01   1.984902e-01   7.534524e-02   0.000000e+00   0.000000e+00   2.300104e-03   4.124390e-03   8.640506e-02   1.229973e-01   8.276571e-03   2.003109e-01   1.286285e-01   4.342887e-02   4.322091e-02   2.439796e-02
   9.873016e-01   9.990356e-01   1.966570e-01   1.192053e-01   0.000000e+00   1.370190e-01   6.786633e-02   3.794109e-01   1.211874e-05   0.000000e+00   7.376314e-02   9.625796e-02   2.755099e-02   7.880928e-02   7.732672e-02   1.908766e-01   1.511904e-01   2.993117e-02   5.541325e-02   1.770112e-01
   9.998064e-01   9.779687e-01   9.213515e-02   1.929816e-01   0.000000e+00   1.994884e-02   2.005623e-03   7.534524e-02   0.000000e+00   0.000000e+00   2.300104e-03   2.755671e-03   8.595744e-02   2.309968e-02   5.205403e-03   2.003109e-01   1.286285e-01   6.971857e-02   6.070280e-02   6.385856e-02
   9.625254e-01   9.936730e-01   8.989444e-02   1.199723e-01   1.545783e-02   2.769096e-02   0.000000e+00   0.000000e+00   7.153647e-02   4.910625e-02   3.466522e-02   4.999625e-02   5.654150e-02   1.227426e-01   2.903247e-03   2.163090e-01   1.798507e-01   2.144371e-01   7.979080e-03   1.518889e-01
   9.746194e-01   9.999223e-01   0.000000e+00   2.538144e-01   1.930398e-01   7.169417e-03   2.929586e-02   4.199735e-01   6.298660e-05   0.000000e+00   1.759421e-02   4.717021e-02   8.347058e-02   1.020661e-01   1.590547e-01   5.973344e-02   1.792800e-01   8.651218e-03   5.136654e-03   1.583136e-01
   9.617891e-01   9.811298e-01   1.512410e-01   2.615401e-01   7.935625e-02   1.825253e-02   1.291380e-01   2.725593e-03   0.000000e+00   0.000000e+00   0.000000e+00   2.071725e-02   8.415239e-02   6.718072e-05   1.009347e-01   1.777919e-02   1.559631e-01   4.896266e-02   1.268679e-01   4.870625e-02
   9.996505e-01   9.539847e-01   0.000000e+00   1.102647e-01   1.648536e-01   2.424262e-01   0.000000e+00   0.000000e+00   4.213074e-02   5.044022e-03   3.374412e-02   4.483394e-02   2.292439e-01   4.377558e-02   1.891849e-02   1.576721e-01   1.555566e-01   1.139724e-01   1.714946e-02   7.107149e-02
   8.944538e-01   9.942118e-01   4.377358e-02   3.979444e-01   3.751301e-02   1.446176e-01   3.845544e-03   1.482482e-03   0.000000e+00   0.000000e+00   5.355903e-02   2.805134e-03   1.278666e-01   7.452821e-03   8.825366e-03   9.735523e-02   1.716187e-01   6.445908e-02   1.309735e-01   4.438321e-02
   8.278119e-01   9.847065e-01   1.243441e-01   4.072670e-01   1.482754e-01   1.444673e-01   2.240961e-01   4.191953e-02   0.000000e+00   2.692125e-03   1.111760e-02   7.709668e-03   2.039090e-01   1.085373e-01   9.059705e-03   3.002163e-02   1.788184e-01   1.219572e-01   5.660788e-02   2.597162e-01
   9.992863e-01   9.983687e-01   1.669056e-01   1.269887e-01   2.082105e-01   1.626177e-02   0.000000e+00   1.565487e-01   0.000000e+00   0.000000e+00   1.077448e-02   8.124089e-03   8.360746e-02   1.127750e-01   1.393887e-01   2.215215e-03   1.562936e-01   9.027405e-03   4.648838e-02   2.556607e-01
   9.924233e-01   9.936814e-01   5.262254e-02   1.170772e-01   2.450072e-03   1.750965e-02   1.099953e-02   1.462286e-01   0.000000e+00   0.000000e+00   3.927497e-02   5.962739e-03   8.733726e-02   8.752202e-04   1.499153e-02   6.693883e-02   1.956932e-01   4.065358e-02   5.970610e-02   1.480836e-01
   9.069675e-01   9.706138e-01   8.193806e-01   1.184958e-01   2.047854e-02   8.933747e-03   1.792505e-01   3.626929e-02   1.316538e-01   6.696789e-04   6.179460e-02   4.530276e-02   1.244250e-01   1.431763e-03   2.501982e-03   6.764345e-02   1.964752e-01   5.002940e-02   1.225571e-01   3.575891e-01
   9.651811e-01   9.896573e-01   2.211802e-01   1.762576e-01   1.975853e-01   1.515572e-02   0.000000e+00   1.121907e-03   0.000000e+00   1.483577e-07   3.368541e-01   7.787102e-02   9.371337e-02   1.496203e-03   1.417042e-01   3.771664e-02   1.757677e-01   4.345906e-02   1.223008e-01   1.582012e-01
   8.702936e-01   9.883537e-01   8.817099e-02   3.244003e-01   0.000000e+00   1.341763e-01   0.000000e+00   5.116222e-04   0.000000e+00   1.928602e-05   2.477010e-02   1.983506e-02   9.392008e-02   8.712849e-02   6.043515e-03   7.245071e-02   1.785603e-01   4.490099e-02   4.340261e-02   1.568963e-01
   9.613861e-01   1.000000e+00   1.919898e-01   4.089992e-01   2.742306e-03   8.710612e-02   1.905374e-01   1.405768e-01   0.000000e+00   0.000000e+00   3.324375e-01   8.963334e-02   4.501336e-02   1.244012e-01   1.688962e-02   6.420919e-02   1.727603e-01   1.850928e-03   4.332979e-02   5.007426e-02
   9.943848e-01   9.984297e-01   1.676906e-01   1.334844e-01   1.593152e-01   1.125982e-02   0.000000e+00   0.000000e+00   0.000000e+00   2.930648e-06   9.370873e-03   2.046750e-02   1.235667e-01   2.779524e-02   1.956182e-01   2.002053e-01   1.423205e-01   6.349401e-02   4.520558e-02   2.563331e-02
   9.636501e-01   9.935825e-01   0.000000e+00   2.679608e-01   7.979459e-02   0.000000e+00   0.000000e+00   4.251454e-01   1.389013e-01   3.348940e-02   3.584246e-02   1.210236e-02   8.613393e-02   8.835933e-03   1.385492e-01   1.080448e-04   1.815463e-01   4.970138e-02   5.658122e-02   5.156652e-02
   9.653552e-01   9.991626e-01   0.000000e+00   2.525524e-01   2.009214e-01   1.408972e-01   1.140012e-02   5.068601e-03   9.902470e-06   1.256691e-03   1.759421e-02   6.637375e-03   8.267529e-02   1.014672e-01   1.433483e-01   6.272444e-03   1.792800e-01   8.647397e-03   1.111785e-01   1.576236e-01
   9.940066e-01   8.602378e-01   8.257797e-01   1.189236e-01   2.860318e-04   6.121490e-03   2.658407e-01   5.345735e-01   9.072808e-02   1.595905e-04   1.264050e-02   4.463181e-02   8.792231e-02   1.466367e-02   1.860788e-02   1.947630e-04   1.959212e-01   4.286846e-02   6.151480e-02   7.101922e-02
   9.940066e-01   8.686445e-01   8.257797e-01   1.189236e-01   4.718612e-03   3.329415e-05   2.613544e-01   2.796120e-02   9.072808e-02   1.570931e-07   1.128358e-02   4.497499e-02   1.266330e-01   1.269284e-01   1.855885e-02   1.947630e-04   1.807097e-01   8.264265e-02   1.180941e-01   7.087276e-02
   9.617638e-01   9.847620e-01   1.293188e-01   9.430453e-02   4.708389e-02   2.454922e-01   4.581079e-09   6.657808e-06   6.004208e-02   7.856683e-05   3.478571e-02   8.896941e-03   9.236524e-02   1.141669e-01   1.547507e-01   1.765009e-02   7.999354e-02   4.377882e-02   1.322764e-01   2.330717e-01
   9.941162e-01   8.673381e-01   7.958292e-01   1.122477e-01   3.966974e-04   6.643831e-03   2.483079e-01   5.345735e-01   9.072808e-02   0.000000e+00   3.064854e-02   4.608781e-02   8.228464e-02   9.672630e-02   1.756526e-01   1.947630e-04   1.808963e-01   2.036896e-02   1.033304e-02   7.944632e-02
   9.946189e-01   9.985694e-01   3.993279e-02   4.025810e-01   2.869716e-03   9.357714e-06   0.000000e+00   0.000000e+00   1.210547e-01   1.816110e-02   5.883759e-02   1.590704e-02   1.231540e-01   1.099742e-01   8.017342e-03   2.002053e-01   1.798180e-01   4.582046e-02   4.522670e-02   1.808392e-01
   1.000000e+00   9.770950e-01   1.504816e-01   7.787887e-02   0.000000e+00   0.000000e+00   0.000000e+00   1.166308e-01   0.000000e+00   3.097352e-02   5.357139e-02   4.189667e-02   6.505341e-02   2.073649e-01   4.651132e-03   7.119060e-02   1.273034e-01   4.662808e-02   5.244143e-02   1.823674e-01
   9.618148e-01   9.709717e-01   1.727725e-01   4.053140e-01   8.197195e-02   1.782219e-02   0.000000e+00   1.510177e-01   0.000000e+00   6.499014e-04   2.448568e-02   4.116368e-02   4.564184e-02   2.973477e-02   2.762103e-03   1.204582e-03   1.558296e-01   1.534429e-02   1.315731e-01   1.575397e-01
   9.746194e-01   1.000000e+00   1.376870e-01   2.553014e-01   1.930398e-01   1.446291e-01   1.028410e-02   4.213270e-01   0.000000e+00   0.000000e+00   1.759421e-02   6.644712e-03   8.347058e-02   1.031762e-01   4.783401e-02   5.795307e-02   1.791222e-01   4.181537e-02   3.990410e-02   1.807552e-01
   9.974169e-01   9.933018e-01   3.909900e-02   6.803240e-02   0.000000e+00   4.787752e-02   3.809797e-04   0.000000e+00   5.774765e-06   0.000000e+00   3.510038e-02   4.189667e-02   8.598565e-02   1.145130e-01   1.190387e-02   6.478849e-02   2.563181e-01   3.123405e-03   4.527173e-02   1.814114e-01
   9.612931e-01   9.926138e-01   6.450126e-01   4.061045e-01   0.000000e+00   1.338822e-01   0.000000e+00   1.225009e-01   0.000000e+00   0.000000e+00   4.944789e-02   4.632459e-02   9.055149e-02   1.145865e-01   3.830170e-04   2.990631e-02   1.785017e-01   2.680119e-04   5.655127e-02   1.594733e-01
   9.857038e-01   9.984093e-01   9.534674e-01   1.272782e-01   1.635930e-01   3.427152e-03   9.312006e-04   2.363238e-06   3.177334e-03   5.148536e-02   3.423392e-02   7.377850e-03   1.238580e-01   7.602604e-02   6.721560e-03   2.027483e-01   1.755377e-01   8.945066e-03   1.133176e-01   2.560928e-01
   8.708210e-01   9.786964e-01   1.953620e-01   3.167663e-01   0.000000e+00   0.000000e+00   0.000000e+00   0.000000e+00   1.212308e-03   3.207302e-04   4.430059e-02   5.059387e-02   9.548936e-02   1.504722e-01   1.445381e-01   7.032635e-02   1.534004e-01   4.492928e-02   4.340306e-02   1.775869e-01
   9.955433e-01   1.000000e+00   8.582775e-01   2.553858e-01   1.707412e-01   1.352691e-01   3.022617e-02   4.179213e-01   0.000000e+00   0.000000e+00   2.544138e-02   4.497499e-02   1.309297e-01   5.303439e-04   5.123585e-02   0.000000e+00   1.808781e-01   4.243677e-02   9.593598e-03   2.447307e-02
   9.994450e-01   9.449244e-01   0.000000e+00   8.834405e-02   0.000000e+00   1.338548e-01   9.954043e-02   7.030280e-02   4.461289e-02   4.360051e-05   5.496196e-02   1.075198e-02   2.740284e-01   1.680384e-02   1.361155e-02   2.933880e-03   1.732898e-01   4.435378e-02   4.365508e-02   2.371120e-01
   9.652655e-01   1.000000e+00   9.742424e-01   4.062893e-01   3.063264e-02   1.968260e-02   3.573070e-05   2.363238e-06   4.870745e-04   2.270003e-05   7.093638e-02   8.415720e-03   7.873514e-02   1.497768e-01   1.397688e-01   6.234143e-03   7.510923e-02   5.599420e-02   3.267285e-02   1.832953e-01
   9.923912e-01   9.996950e-01   5.173185e-02   1.170937e-01   2.140710e-02   2.245818e-01   2.221750e-04   1.421540e-01   1.269103e-02   0.000000e+00   1.004979e-02   6.027144e-03   8.812473e-02   3.004909e-02   8.601929e-03   1.917060e-02   1.515466e-01   2.217694e-03   4.581364e-02   7.611912e-02
   9.722567e-01   9.926138e-01   3.966070e-02   1.193243e-01   1.604220e-01   3.394487e-02   1.669712e-04   0.000000e+00   0.000000e+00   1.788970e-02   1.104827e-02   2.062287e-02   1.290499e-01   4.986140e-03   2.807055e-01   1.185020e-01   1.449705e-01   1.868356e-02   5.571418e-02   3.171580e-02
   9.940790e-01   8.686445e-01   8.257797e-01   4.022921e-01   3.286232e-03   9.811055e-02   2.613544e-01   5.397924e-01   2.164552e-03   0.000000e+00   7.139808e-04   4.442153e-03   7.262855e-02   2.613313e-03   1.440783e-01   6.017156e-02   1.718073e-01   8.264265e-02   1.162034e-01   7.013406e-02
   9.940066e-01   8.675629e-01   8.257797e-01   1.189236e-01   0.000000e+00   1.304954e-01   2.109804e-01   5.280280e-01   9.046632e-02   2.631291e-03   1.153386e-02   1.929735e-02   1.328763e-01   1.265909e-01   7.804830e-03   2.652873e-03   1.564883e-01   8.153351e-02   1.026945e-02   2.470678e-02
   9.617883e-01   9.923616e-01   6.467256e-01   4.061045e-01   1.161741e-01   8.913464e-03   4.832523e-03   7.113432e-02   0.000000e+00   1.343829e-03   6.127655e-02   7.720594e-03   8.918662e-02   8.011090e-02   8.325774e-03   2.990631e-02   1.734832e-01   4.652991e-02   5.660788e-02   2.576531e-01
   9.928297e-01   9.771339e-01   1.707788e-01   1.154665e-01   2.140710e-02   2.589836e-02   1.802318e-01   1.415113e-01   1.269103e-02   1.836643e-03   3.384949e-02   1.908688e-02   8.787559e-02   3.004909e-02   8.601929e-03   1.198515e-02   1.515466e-01   2.111919e-01   4.611491e-02   8.511157e-02
   9.641053e-01   9.925896e-01   1.058983e-01   9.202645e-02   0.000000e+00   1.247316e-02   0.000000e+00   0.000000e+00   0.000000e+00   6.618375e-04   2.477010e-02   7.574120e-03   9.403717e-02   3.033006e-02   1.417101e-01   5.085451e-02   1.783439e-01   4.488187e-02   4.364334e-02   1.568818e-01
   9.929660e-01   9.998108e-01   4.133966e-02   4.637924e-01   7.544142e-04   3.303265e-03   2.482150e-02   1.453084e-01   5.213536e-03   2.502862e-04   2.828415e-02   1.894510e-02   8.220129e-02   8.607241e-02   1.538700e-01   0.000000e+00   1.549025e-01   4.020113e-02   4.567387e-02   1.564458e-01
   9.724700e-01   9.979750e-01   1.595653e-01   1.193243e-01   7.206656e-02   1.710544e-02   3.416581e-06   1.579448e-01   0.000000e+00   2.321853e-05   1.104827e-02   2.062287e-02   8.094089e-02   1.392044e-02   1.453101e-01   1.529300e-03   1.453755e-01   2.049423e-02   5.571418e-02   2.556788e-01
   9.620641e-01   9.985822e-01   8.579772e-01   3.969811e-01   1.595532e-01   0.000000e+00   3.573070e-05   6.552770e-03   8.140968e-02   1.180400e-03   3.483842e-02   1.912054e-02   6.293461e-02   1.836827e-02   1.192481e-01   7.882920e-03   1.230955e-01   4.578952e-02   5.610852e-02   1.830065e-01
