   1.430735e+00   1.157090e+00   1.120632e+00   1.067576e+00   1.052639e+00   1.028739e+00   1.027822e+00   1.019401e+00   1.044357e+00   1.005728e+00
   1.665520e+00   1.016064e+00   1.115862e+00   1.057390e+00   1.051031e+00   1.029855e+00   1.033421e+00   1.034101e+00   1.025404e+00   1.006037e+00
   9.972435e-01   9.972435e-01   4.222668e+00   1.057244e+00   1.055043e+00   1.027027e+00   1.021693e+00   1.039207e+00   1.037569e+00   1.005748e+00
   1.459699e+00   1.167124e+00   1.107534e+00   1.059222e+00   1.056546e+00   1.030680e+00   1.022287e+00   1.020542e+00   1.023187e+00   1.005767e+00
   1.594420e+00   1.038884e+00   1.119490e+00   1.070053e+00   1.061516e+00   1.030250e+00   1.022054e+00   1.030560e+00   1.025895e+00   1.005741e+00
   1.660993e+00   1.018838e+00   1.129537e+00   1.059519e+00   1.043981e+00   1.035873e+00   1.035015e+00   1.019896e+00   1.020881e+00   1.007092e+00
   1.443346e+00   1.161093e+00   1.109491e+00   1.058429e+00   1.045206e+00   1.038981e+00   1.029253e+00   1.019476e+00   1.041460e+00   1.006064e+00
   1.673686e+00   1.019712e+00   1.096893e+00   1.057957e+00   1.048091e+00   1.038964e+00   1.029261e+00   1.019460e+00   1.041444e+00   1.006047e+00
   1.620794e+00   1.033257e+00   1.123544e+00   1.054247e+00   1.052694e+00   1.039566e+00   1.023788e+00   1.030321e+00   1.023088e+00   1.005752e+00
   1.632713e+00   1.020027e+00   1.128009e+00   1.067823e+00   1.052605e+00   1.029108e+00   1.027820e+00   1.019400e+00   1.044512e+00   1.005730e+00
   1.458866e+00   1.167114e+00   1.109751e+00   1.060110e+00   1.044379e+00   1.036199e+00   1.027189e+00   1.019863e+00   1.021834e+00   1.005709e+00
   1.638900e+00   1.028304e+00   1.123245e+00   1.046937e+00   1.052597e+00   1.041695e+00   1.034412e+00   1.019840e+00   1.022514e+00   1.007673e+00
   1.629997e+00   1.021315e+00   1.118919e+00   1.063735e+00   1.049864e+00   1.034536e+00   1.034503e+00   1.030674e+00   1.031686e+00   1.005807e+00
   1.639669e+00   1.030736e+00   1.086165e+00   1.056829e+00   1.053847e+00   1.047070e+00   1.032197e+00   1.019640e+00   1.040762e+00   1.005766e+00
   1.505047e+00   1.188697e+00   1.043619e+00   1.063278e+00   1.049207e+00   1.030747e+00   1.033034e+00   1.019907e+00   1.023126e+00   1.005785e+00
   1.411813e+00   1.154778e+00   1.118528e+00   1.089856e+00   1.048113e+00   1.038636e+00   1.032332e+00   1.029187e+00   1.023076e+00   1.005716e+00
   1.454635e+00   1.164819e+00   1.105518e+00   1.059880e+00   1.046319e+00   1.029692e+00   1.032205e+00   1.030947e+00   1.020357e+00   1.006011e+00
   1.440064e+00   1.185248e+00   1.121417e+00   1.043652e+00   1.053635e+00   1.030333e+00   1.031393e+00   1.019893e+00   1.023078e+00   1.005851e+00
   1.618119e+00   1.040081e+00   1.106019e+00   1.066505e+00   1.056507e+00   1.030570e+00   1.034488e+00   1.019942e+00   1.021602e+00   1.006082e+00
   1.442131e+00   1.164024e+00   1.103354e+00   1.070661e+00   1.055364e+00   1.040038e+00   1.022165e+00   1.020943e+00   1.025593e+00   1.007118e+00
   1.417950e+00   1.176880e+00   1.119765e+00   1.071286e+00   1.053339e+00   1.029295e+00   1.033807e+00   1.019826e+00   1.024245e+00   1.005844e+00
   1.678424e+00   1.018537e+00   1.102126e+00   1.063242e+00   1.048688e+00   1.035218e+00   1.028901e+00   1.026941e+00   1.022735e+00   1.007158e+00
   1.458832e+00   1.170957e+00   1.095295e+00   1.059232e+00   1.049716e+00   1.030245e+00   1.022950e+00   1.019494e+00   1.041511e+00   1.005769e+00
   1.427562e+00   1.173757e+00   1.088259e+00   1.059859e+00   1.058679e+00   1.028004e+00   1.028321e+00   1.028805e+00   1.058345e+00   1.005770e+00
   1.669947e+00   1.020904e+00   1.101961e+00   1.057672e+00   1.051679e+00   1.028122e+00   1.032353e+00   1.019489e+00   1.042903e+00   1.005784e+00
   1.700977e+00   1.017965e+00   1.096857e+00   1.055192e+00   1.056366e+00   1.030474e+00   1.034283e+00   1.020272e+00   1.020014e+00   1.005734e+00
   1.435946e+00   1.163046e+00   1.099566e+00   1.082058e+00   1.048574e+00   1.028736e+00   1.029444e+00   1.019564e+00   1.041397e+00   1.005811e+00
   1.723059e+00   1.034080e+00   1.039426e+00   1.058322e+00   1.058946e+00   1.034280e+00   1.021948e+00   1.031696e+00   1.025498e+00   1.005727e+00
   1.414518e+00   1.180305e+00   1.120017e+00   1.075269e+00   1.052669e+00   1.034803e+00   1.023491e+00   1.019793e+00   1.025511e+00   1.006774e+00
   1.445015e+00   1.166030e+00   1.090459e+00   1.094719e+00   1.047198e+00   1.034931e+00   1.022368e+00   1.020357e+00   1.026593e+00   1.005753e+00
   1.652586e+00   1.029033e+00   1.106005e+00   1.063148e+00   1.056877e+00   1.030902e+00   1.028978e+00   1.020088e+00   1.022372e+00   1.005803e+00
   1.664066e+00   1.025630e+00   1.091690e+00   1.060483e+00   1.055549e+00   1.029746e+00   1.035716e+00   1.028987e+00   1.022042e+00   1.006024e+00
   1.423495e+00   1.180222e+00   1.092417e+00   1.083526e+00   1.048754e+00   1.030054e+00   1.033647e+00   1.028656e+00   1.025237e+00   1.005862e+00
   1.488077e+00   1.177634e+00   1.043964e+00   1.066337e+00   1.055643e+00   1.030125e+00   1.021568e+00   1.030398e+00   1.043512e+00   1.006062e+00
   1.420873e+00   1.158128e+00   1.118333e+00   1.080812e+00   1.051611e+00   1.039588e+00   1.024614e+00   1.029831e+00   1.022283e+00   1.005756e+00
   1.446866e+00   1.162386e+00   1.110376e+00   1.058911e+00   1.045411e+00   1.040278e+00   1.021831e+00   1.019478e+00   1.041423e+00   1.007075e+00
   1.465441e+00   1.169763e+00   1.093307e+00   1.057922e+00   1.061323e+00   1.030931e+00   1.022223e+00   1.019804e+00   1.025959e+00   1.006216e+00
   1.413032e+00   1.162108e+00   1.117123e+00   1.068855e+00   1.050600e+00   1.041660e+00   1.034712e+00   1.029954e+00   1.025497e+00   1.007770e+00
   1.446162e+00   1.163002e+00   1.104493e+00   1.065451e+00   1.043043e+00   1.041722e+00   1.022558e+00   1.020017e+00   1.040516e+00   1.005727e+00
   1.433131e+00   1.175403e+00   1.101123e+00   1.063103e+00   1.052760e+00   1.039217e+00   1.021889e+00   1.035108e+00   1.023428e+00   1.006058e+00
   1.639263e+00   1.029991e+00   1.104348e+00   1.062038e+00   1.054157e+00   1.039802e+00   1.033030e+00   1.019890e+00   1.023107e+00   1.005768e+00
   1.437606e+00   1.163869e+00   1.104403e+00   1.081905e+00   1.049138e+00   1.030225e+00   1.023704e+00   1.028882e+00   1.025904e+00   1.005736e+00
   1.408507e+00   1.154642e+00   1.122076e+00   1.080215e+00   1.053926e+00   1.028252e+00   1.039392e+00   1.033081e+00   1.020556e+00   1.017497e+00
   1.462482e+00   1.167664e+00   1.093150e+00   1.059508e+00   1.043945e+00   1.040360e+00   1.032948e+00   1.020017e+00   1.023086e+00   1.007618e+00
   1.463256e+00   1.173682e+00   1.093954e+00   1.058518e+00   1.053720e+00   1.035803e+00   1.023803e+00   1.020575e+00   1.022097e+00   1.006285e+00
   1.666925e+00   1.032116e+00   1.088170e+00   1.060022e+00   1.057113e+00   1.029032e+00   1.032702e+00   1.020596e+00   1.021543e+00   1.006572e+00
   1.433165e+00   1.175366e+00   1.109812e+00   1.058669e+00   1.049193e+00   1.028475e+00   1.021859e+00   1.029610e+00   1.041826e+00   1.005742e+00
   1.448223e+00   1.163242e+00   1.110377e+00   1.059108e+00   1.045795e+00   1.039450e+00   1.021894e+00   1.019514e+00   1.040247e+00   1.005770e+00
   1.465404e+00   1.173878e+00   1.094960e+00   1.059997e+00   1.044293e+00   1.036131e+00   1.027134e+00   1.019838e+00   1.023396e+00   1.005707e+00
   1.448507e+00   1.166799e+00   1.102307e+00   1.062510e+00   1.048240e+00   1.039796e+00   1.033013e+00   1.019893e+00   1.023086e+00   1.006411e+00
   1.451624e+00   1.163747e+00   1.105622e+00   1.064887e+00   1.046145e+00   1.034078e+00   1.022427e+00   1.030802e+00   1.025795e+00   1.005861e+00
   1.429953e+00   1.182955e+00   1.093853e+00   1.063923e+00   1.048169e+00   1.040661e+00   1.030276e+00   1.028591e+00   1.025574e+00   1.005761e+00
   1.439225e+00   1.159187e+00   1.107936e+00   1.065544e+00   1.054599e+00   1.028642e+00   1.039277e+00   1.029073e+00   1.022314e+00   1.005861e+00
   1.438662e+00   1.164097e+00   1.126440e+00   1.063454e+00   1.049323e+00   1.024903e+00   1.031172e+00   1.026034e+00   1.023204e+00   1.005768e+00
   1.443674e+00   1.165771e+00   1.104892e+00   1.058498e+00   1.054386e+00   1.026452e+00   1.022428e+00   1.032164e+00   1.039375e+00   1.005748e+00
   1.418324e+00   1.157495e+00   1.117935e+00   1.079888e+00   1.047906e+00   1.030199e+00   1.022136e+00   1.029807e+00   1.044342e+00   1.007694e+00
   1.405824e+00   1.169931e+00   1.127819e+00   1.069883e+00   1.051624e+00   1.029752e+00   1.034638e+00   1.029882e+00   1.025776e+00   1.007709e+00
   1.769446e+00   1.025195e+00   1.034717e+00   1.063194e+00   1.052715e+00   1.029054e+00   1.032879e+00   1.019910e+00   1.021542e+00   1.006585e+00
   1.455206e+00   1.171808e+00   1.092443e+00   1.068272e+00   1.043337e+00   1.028852e+00   1.035887e+00   1.022543e+00   1.026662e+00   1.005759e+00
   1.475687e+00   1.172298e+00   1.095618e+00   1.049208e+00   1.043934e+00   1.035538e+00   1.023046e+00   1.027172e+00   1.024365e+00   1.005781e+00
   1.457682e+00   1.167018e+00   1.106761e+00   1.066752e+00   1.048136e+00   1.033341e+00   1.022780e+00   1.020105e+00   1.023049e+00   1.006547e+00
   1.437369e+00   1.164305e+00   1.104506e+00   1.073875e+00   1.052910e+00   1.030559e+00   1.030532e+00   1.025539e+00   1.025810e+00   1.005852e+00
   1.461344e+00   1.167670e+00   1.090305e+00   1.062484e+00   1.048953e+00   1.029503e+00   1.032768e+00   1.025812e+00   1.023345e+00   1.009118e+00
   1.436702e+00   1.159515e+00   1.124868e+00   1.061840e+00   1.053562e+00   1.029968e+00   1.026738e+00   1.030304e+00   1.022806e+00   1.005747e+00
   1.429698e+00   1.182073e+00   1.104574e+00   1.063428e+00   1.058616e+00   1.030239e+00   1.022012e+00   1.033790e+00   1.022156e+00   1.005860e+00
   1.381508e+00   1.141838e+00   1.072756e+00   1.230265e+00   1.051394e+00   1.040370e+00   1.023122e+00   1.029649e+00   1.022266e+00   1.005751e+00
   1.429915e+00   1.182654e+00   1.101913e+00   1.053324e+00   1.064466e+00   1.028674e+00   1.034279e+00   1.029328e+00   1.020899e+00   1.007595e+00
   9.972773e-01   2.611473e+00   1.104848e+00   1.064509e+00   1.056376e+00   1.029640e+00   1.033679e+00   1.019852e+00   1.025516e+00   1.005782e+00
   1.492990e+00   1.186417e+00   1.051195e+00   1.066847e+00   1.043479e+00   1.029253e+00   1.035098e+00   1.019846e+00   1.026647e+00   1.007835e+00
   1.424981e+00   1.178943e+00   1.119379e+00   1.057186e+00   1.052234e+00   1.029977e+00   1.031030e+00   1.028628e+00   1.023068e+00   1.006276e+00
   1.460043e+00   1.173713e+00   1.093583e+00   1.063622e+00   1.058973e+00   1.029724e+00   1.022952e+00   1.020877e+00   1.022939e+00   1.005777e+00
   1.401582e+00   1.157372e+00   1.114278e+00   1.084615e+00   1.064439e+00   1.042386e+00   1.023658e+00   1.032328e+00   1.025470e+00   1.007725e+00
   1.648318e+00   1.023159e+00   1.103200e+00   1.067492e+00   1.055716e+00   1.029672e+00   1.035946e+00   1.029063e+00   1.022041e+00   1.005717e+00
   1.463694e+00   1.168651e+00   1.095673e+00   1.058573e+00   1.043282e+00   1.039205e+00   1.022200e+00   1.030903e+00   1.022981e+00   1.005767e+00
   1.642038e+00   1.028464e+00   1.102198e+00   1.062234e+00   1.052614e+00   1.041566e+00   1.034420e+00   1.019849e+00   1.022534e+00   1.007682e+00
   1.452192e+00   1.174435e+00   1.095584e+00   1.058607e+00   1.046963e+00   1.040329e+00   1.022181e+00   1.030878e+00   1.023015e+00   1.006502e+00
   1.694942e+00   1.020833e+00   1.088527e+00   1.068602e+00   1.051755e+00   1.029927e+00   1.022178e+00   1.019662e+00   1.031453e+00   1.005733e+00
   1.465423e+00   1.173885e+00   1.094879e+00   1.059991e+00   1.044289e+00   1.036127e+00   1.027130e+00   1.019836e+00   1.023393e+00   1.005795e+00
   1.475088e+00   1.172092e+00   1.095512e+00   1.049093e+00   1.043889e+00   1.035505e+00   1.022881e+00   1.028612e+00   1.024386e+00   1.005802e+00
   1.456492e+00   1.166672e+00   1.106169e+00   1.060261e+00   1.044395e+00   1.035568e+00   1.024061e+00   1.030981e+00   1.020371e+00   1.005718e+00
   1.437869e+00   1.168857e+00   1.092488e+00   1.082050e+00   1.046972e+00   1.040336e+00   1.022064e+00   1.030901e+00   1.023016e+00   1.006503e+00
   1.677914e+00   1.018740e+00   1.101965e+00   1.063218e+00   1.048662e+00   1.035191e+00   1.028796e+00   1.026910e+00   1.022704e+00   1.007127e+00
   1.442540e+00   1.185708e+00   1.090018e+00   1.062370e+00   1.052293e+00   1.030055e+00   1.032876e+00   1.025900e+00   1.023095e+00   1.005831e+00
   1.418867e+00   1.152246e+00   1.119239e+00   1.080090e+00   1.051873e+00   1.035370e+00   1.026433e+00   1.030723e+00   1.031376e+00   1.005785e+00
   1.433251e+00   1.180955e+00   1.093891e+00   1.064498e+00   1.056006e+00   1.036155e+00   1.023129e+00   1.030261e+00   1.026616e+00   1.005744e+00
   1.460884e+00   1.167166e+00   1.092787e+00   1.062628e+00   1.048770e+00   1.035261e+00   1.024146e+00   1.025796e+00   1.025572e+00   1.007498e+00
   1.434955e+00   1.162688e+00   1.107604e+00   1.070316e+00   1.058644e+00   1.029042e+00   1.022726e+00   1.020276e+00   1.042811e+00   1.005803e+00
   1.435385e+00   1.162788e+00   1.102543e+00   1.082260e+00   1.048667e+00   1.026376e+00   1.029370e+00   1.019491e+00   1.041323e+00   1.005736e+00
   1.474927e+00   1.172532e+00   1.095472e+00   1.049157e+00   1.043888e+00   1.036179e+00   1.023040e+00   1.027188e+00   1.024387e+00   1.005772e+00
   1.522714e+00   1.189517e+00   1.036365e+00   1.047878e+00   1.048738e+00   1.035563e+00   1.033518e+00   1.025736e+00   1.022448e+00   1.005936e+00
   1.438475e+00   1.183142e+00   1.095031e+00   1.061127e+00   1.056562e+00   1.035795e+00   1.023524e+00   1.030544e+00   1.020688e+00   1.005720e+00
   1.456512e+00   1.169979e+00   1.107485e+00   1.059180e+00   1.056520e+00   1.030668e+00   1.022279e+00   1.020946e+00   1.023192e+00   1.005771e+00
   1.460957e+00   1.167167e+00   1.093139e+00   1.062681e+00   1.048868e+00   1.029601e+00   1.030745e+00   1.025832e+00   1.023364e+00   1.009138e+00
   1.677516e+00   1.016597e+00   1.108866e+00   1.058856e+00   1.045800e+00   1.025956e+00   1.038071e+00   1.030440e+00   1.028208e+00   1.005761e+00
   1.499356e+00   1.186197e+00   1.047095e+00   1.063153e+00   1.049049e+00   1.029727e+00   1.034050e+00   1.020242e+00   1.025737e+00   1.006372e+00
   1.405407e+00   1.212509e+00   1.096904e+00   1.065870e+00   1.052336e+00   1.029245e+00   1.035935e+00   1.029079e+00   1.019709e+00   1.006033e+00
   1.424003e+00   1.182493e+00   1.113599e+00   1.057519e+00   1.052109e+00   1.033722e+00   1.030862e+00   1.028686e+00   1.022213e+00   1.005749e+00
   1.457880e+00   1.166525e+00   1.111862e+00   1.057071e+00   1.043860e+00   1.035634e+00   1.022743e+00   1.019822e+00   1.030967e+00   1.006035e+00
   1.615071e+00   1.039862e+00   1.105477e+00   1.066156e+00   1.056207e+00   1.030397e+00   1.027048e+00   1.030583e+00   1.020644e+00   1.008329e+00
   1.451062e+00   1.163408e+00   1.088431e+00   1.063200e+00   1.053614e+00   1.041651e+00   1.022690e+00   1.019428e+00   1.044385e+00   1.005756e+00
   1.442298e+00   1.160969e+00   1.105684e+00   1.082351e+00   1.044095e+00   1.040407e+00   1.027164e+00   1.019843e+00   1.022538e+00   1.005707e+00
   1.439367e+00   1.164420e+00   1.107172e+00   1.064205e+00   1.050639e+00   1.035772e+00   1.032455e+00   1.030749e+00   1.019802e+00   1.005811e+00
   1.430938e+00   1.190328e+00   1.098048e+00   1.049298e+00   1.051574e+00   1.041280e+00   1.032986e+00   1.031008e+00   1.019702e+00   1.006026e+00
   1.423924e+00   1.157095e+00   1.115468e+00   1.068875e+00   1.054221e+00   1.039030e+00   1.034634e+00   1.020845e+00   1.031384e+00   1.005802e+00
   1.763328e+00   1.024947e+00   1.034393e+00   1.059417e+00   1.048886e+00   1.031902e+00   1.032443e+00   1.030525e+00   1.020700e+00   1.006557e+00
   1.426886e+00   1.172874e+00   1.129578e+00   1.058259e+00   1.045600e+00   1.034409e+00   1.021902e+00   1.035122e+00   1.023435e+00   1.006063e+00
   1.435853e+00   1.181795e+00   1.095007e+00   1.064927e+00   1.045827e+00   1.035283e+00   1.023119e+00   1.036574e+00   1.026650e+00   1.005847e+00
   1.461689e+00   1.167791e+00   1.090367e+00   1.062525e+00   1.048983e+00   1.028990e+00   1.032593e+00   1.025799e+00   1.022839e+00   1.010072e+00
   1.449369e+00   1.192506e+00   1.095484e+00   1.055039e+00   1.043761e+00   1.028647e+00   1.034653e+00   1.019909e+00   1.026814e+00   1.006309e+00
   1.458268e+00   1.171368e+00   1.090301e+00   1.065614e+00   1.043722e+00   1.030867e+00   1.022655e+00   1.029413e+00   1.031883e+00   1.008313e+00
   1.594864e+00   1.050042e+00   1.108625e+00   1.058602e+00   1.045417e+00   1.026019e+00   1.038072e+00   1.034066e+00   1.028245e+00   1.005797e+00
   1.450719e+00   1.163787e+00   1.090976e+00   1.065163e+00   1.052365e+00   1.033041e+00   1.035837e+00   1.029000e+00   1.023056e+00   1.005882e+00
   1.447216e+00   1.179432e+00   1.091541e+00   1.058947e+00   1.053210e+00   1.030485e+00   1.032810e+00   1.029110e+00   1.020798e+00   1.007663e+00
   1.469540e+00   1.171960e+00   1.101366e+00   1.059557e+00   1.044416e+00   1.036092e+00   1.023186e+00   1.020233e+00   1.019805e+00   1.005766e+00
   1.440789e+00   1.164802e+00   1.100236e+00   1.062496e+00   1.055196e+00   1.030313e+00   1.029259e+00   1.030483e+00   1.031808e+00   1.005861e+00
   1.661760e+00   1.028374e+00   1.093475e+00   1.062391e+00   1.052227e+00   1.029360e+00   1.029026e+00   1.030110e+00   1.023104e+00   1.007591e+00
   1.417018e+00   1.175558e+00   1.116936e+00   1.070424e+00   1.052223e+00   1.029969e+00   1.031021e+00   1.028620e+00   1.023224e+00   1.006198e+00
   1.409284e+00   1.149459e+00   1.114392e+00   1.077465e+00   1.046426e+00   1.040111e+00   1.031379e+00   1.029683e+00   1.049450e+00   1.007706e+00
   1.668963e+00   1.025631e+00   1.106899e+00   1.060501e+00   1.056090e+00   1.030869e+00   1.022216e+00   1.020434e+00   1.025526e+00   1.005769e+00
   1.672947e+00   1.021549e+00   1.098391e+00   1.070813e+00   1.049907e+00   1.030398e+00   1.023027e+00   1.030493e+00   1.024295e+00   1.005755e+00
   1.428805e+00   1.191059e+00   1.097764e+00   1.049126e+00   1.051116e+00   1.041144e+00   1.031935e+00   1.034663e+00   1.019708e+00   1.006022e+00
   1.465422e+00   1.168849e+00   1.093940e+00   1.062531e+00   1.043494e+00   1.030075e+00   1.035408e+00   1.019822e+00   1.025840e+00   1.006254e+00
   1.438871e+00   1.188517e+00   1.099054e+00   1.058170e+00   1.052746e+00   1.034104e+00   1.032316e+00   1.020593e+00   1.020677e+00   1.005721e+00
   1.447139e+00   1.162571e+00   1.116188e+00   1.065100e+00   1.049487e+00   1.030371e+00   1.033172e+00   1.020855e+00   1.020773e+00   1.005817e+00
   1.439936e+00   1.164363e+00   1.103995e+00   1.064301e+00   1.054391e+00   1.026457e+00   1.022433e+00   1.032169e+00   1.039380e+00   1.005754e+00
   1.453185e+00   1.169748e+00   1.108175e+00   1.046518e+00   1.048183e+00   1.041375e+00   1.023918e+00   1.028855e+00   1.025878e+00   1.005710e+00
   1.449856e+00   1.163688e+00   1.110471e+00   1.056111e+00   1.043100e+00   1.035004e+00   1.036584e+00   1.019702e+00   1.031193e+00   1.005745e+00
   1.431668e+00   1.156969e+00   1.133288e+00   1.065106e+00   1.048469e+00   1.030756e+00   1.030622e+00   1.029089e+00   1.020831e+00   1.005782e+00
   1.446453e+00   1.179138e+00   1.091296e+00   1.064826e+00   1.053224e+00   1.035485e+00   1.033248e+00   1.020608e+00   1.020858e+00   1.005881e+00
   1.628835e+00   1.041504e+00   1.106004e+00   1.056481e+00   1.044559e+00   1.035473e+00   1.035161e+00   1.020160e+00   1.026334e+00   1.005857e+00
   1.435715e+00   1.164911e+00   1.107550e+00   1.091758e+00   1.053320e+00   1.029571e+00   1.023589e+00   1.019992e+00   1.021598e+00   1.006705e+00
   1.404788e+00   1.180917e+00   1.105584e+00   1.068964e+00   1.057511e+00   1.038737e+00   1.034401e+00   1.031704e+00   1.021358e+00   1.006930e+00
   1.462154e+00   1.167640e+00   1.093084e+00   1.061598e+00   1.048862e+00   1.034379e+00   1.024148e+00   1.025809e+00   1.025585e+00   1.007511e+00
   1.452549e+00   1.165062e+00   1.121135e+00   1.058484e+00   1.053553e+00   1.030692e+00   1.022544e+00   1.020312e+00   1.023073e+00   1.005749e+00
   1.452754e+00   1.169697e+00   1.091977e+00   1.057140e+00   1.052393e+00   1.041459e+00   1.036220e+00   1.020564e+00   1.022105e+00   1.006044e+00
   1.463952e+00   1.173329e+00   1.097098e+00   1.060011e+00   1.044138e+00   1.036131e+00   1.026921e+00   1.019814e+00   1.023388e+00   1.005976e+00
   1.656784e+00   1.030330e+00   1.092562e+00   1.049293e+00   1.052088e+00   1.047586e+00   1.027962e+00   1.019781e+00   1.033528e+00   1.005780e+00
   1.433955e+00   1.157224e+00   1.101675e+00   1.064272e+00   1.054679e+00   1.041551e+00   1.035875e+00   1.028941e+00   1.025850e+00   1.005809e+00
   1.449166e+00   1.167951e+00   1.105952e+00   1.065103e+00   1.046309e+00   1.034209e+00   1.022563e+00   1.030925e+00   1.023198e+00   1.005889e+00
   1.416331e+00   1.156551e+00   1.119860e+00   1.085735e+00   1.043571e+00   1.038597e+00   1.029626e+00   1.029059e+00   1.026742e+00   1.005714e+00
   1.439211e+00   1.159129e+00   1.117453e+00   1.065132e+00   1.046217e+00   1.029658e+00   1.031023e+00   1.030288e+00   1.026569e+00   1.006007e+00
   1.423601e+00   1.159560e+00   1.119207e+00   1.080958e+00   1.048670e+00   1.030679e+00   1.022519e+00   1.019874e+00   1.044425e+00   1.007777e+00
   1.462276e+00   1.167991e+00   1.090186e+00   1.062634e+00   1.049011e+00   1.029527e+00   1.032792e+00   1.025884e+00   1.022743e+00   1.007498e+00
   1.433958e+00   1.160688e+00   1.101334e+00   1.093041e+00   1.049679e+00   1.040080e+00   1.022175e+00   1.020443e+00   1.025543e+00   1.005730e+00
   1.606974e+00   1.028046e+00   1.117849e+00   1.079923e+00   1.052623e+00   1.041898e+00   1.024576e+00   1.029793e+00   1.022246e+00   1.005719e+00
   1.434345e+00   1.191848e+00   1.098825e+00   1.049772e+00   1.056961e+00   1.041890e+00   1.022158e+00   1.031013e+00   1.019708e+00   1.006032e+00
   1.459879e+00   1.173640e+00   1.093536e+00   1.063590e+00   1.058937e+00   1.029697e+00   1.023333e+00   1.020693e+00   1.022917e+00   1.005760e+00
   1.428961e+00   1.173682e+00   1.101079e+00   1.062537e+00   1.052278e+00   1.039064e+00   1.032364e+00   1.030432e+00   1.023329e+00   1.005765e+00
   1.475029e+00   1.172062e+00   1.095490e+00   1.049664e+00   1.043912e+00   1.035522e+00   1.023038e+00   1.027161e+00   1.024356e+00   1.006546e+00
   1.443373e+00   1.169825e+00   1.109351e+00   1.061571e+00   1.056328e+00   1.034281e+00   1.022634e+00   1.027260e+00   1.020381e+00   1.006022e+00
   1.661015e+00   1.026332e+00   1.093022e+00   1.060514e+00   1.055572e+00   1.029763e+00   1.035292e+00   1.028987e+00   1.022043e+00   1.006025e+00
   1.441060e+00   1.164919e+00   1.099978e+00   1.062525e+00   1.055224e+00   1.040379e+00   1.029680e+00   1.019923e+00   1.031939e+00   1.005889e+00
   1.444588e+00   1.174900e+00   1.105657e+00   1.050516e+00   1.054942e+00   1.039726e+00   1.022010e+00   1.031071e+00   1.021523e+00   1.007124e+00
   1.454313e+00   1.164704e+00   1.110582e+00   1.059785e+00   1.046219e+00   1.026635e+00   1.038741e+00   1.021079e+00   1.024189e+00   1.005786e+00
   1.446301e+00   1.162168e+00   1.110981e+00   1.048960e+00   1.044886e+00   1.046041e+00   1.028635e+00   1.019485e+00   1.040106e+00   1.006048e+00
   1.418859e+00   1.157300e+00   1.117909e+00   1.082267e+00   1.051435e+00   1.039498e+00   1.024564e+00   1.032366e+00   1.022307e+00   1.005779e+00
   1.462396e+00   1.169331e+00   1.096589e+00   1.058365e+00   1.043568e+00   1.035360e+00   1.023134e+00   1.029812e+00   1.026667e+00   1.005789e+00
   1.403865e+00   1.217780e+00   1.110409e+00   1.060052e+00   1.045916e+00   1.026503e+00   1.035832e+00   1.029162e+00   1.019578e+00   1.005758e+00
   1.443754e+00   1.171704e+00   1.097211e+00   1.062813e+00   1.052177e+00   1.040392e+00   1.022173e+00   1.030872e+00   1.023046e+00   1.006059e+00
   1.459086e+00   1.167193e+00   1.109802e+00   1.059595e+00   1.044364e+00   1.036186e+00   1.027179e+00   1.019854e+00   1.021825e+00   1.005978e+00
   1.437780e+00   1.188048e+00   1.098808e+00   1.059882e+00   1.052754e+00   1.034111e+00   1.032323e+00   1.020601e+00   1.020684e+00   1.005728e+00
   1.463093e+00   1.168265e+00   1.092684e+00   1.061966e+00   1.046508e+00   1.031142e+00   1.039240e+00   1.020598e+00   1.021897e+00   1.005758e+00
   1.448967e+00   1.163237e+00   1.116665e+00   1.058598e+00   1.049624e+00   1.030220e+00   1.036886e+00   1.020597e+00   1.020755e+00   1.006294e+00
   1.447766e+00   1.162289e+00   1.115411e+00   1.067863e+00   1.043886e+00   1.035659e+00   1.022656e+00   1.019841e+00   1.030986e+00   1.006054e+00
   1.438175e+00   1.176451e+00   1.102168e+00   1.062424e+00   1.052205e+00   1.039468e+00   1.032940e+00   1.019952e+00   1.021026e+00   1.005775e+00
   1.457425e+00   1.170809e+00   1.107843e+00   1.067631e+00   1.047716e+00   1.028997e+00   1.023037e+00   1.019892e+00   1.023286e+00   1.005753e+00
   1.441087e+00   1.178198e+00   1.103040e+00   1.064266e+00   1.052534e+00   1.029924e+00   1.032794e+00   1.020131e+00   1.023097e+00   1.006065e+00
   1.450645e+00   1.163241e+00   1.088330e+00   1.063120e+00   1.053598e+00   1.041593e+00   1.022647e+00   1.019388e+00   1.045333e+00   1.005734e+00
   1.443618e+00   1.178667e+00   1.111536e+00   1.060121e+00   1.053202e+00   1.026951e+00   1.032995e+00   1.019990e+00   1.019836e+00   1.005782e+00
   1.440561e+00   1.166155e+00   1.096025e+00   1.066631e+00   1.064056e+00   1.033928e+00   1.036217e+00   1.020562e+00   1.020678e+00   1.005734e+00
   1.427304e+00   1.172015e+00   1.094722e+00   1.069139e+00   1.051455e+00   1.039772e+00   1.032752e+00   1.030790e+00   1.024132e+00   1.007066e+00
   1.463923e+00   1.169485e+00   1.100067e+00   1.058782e+00   1.043831e+00   1.036229e+00   1.032769e+00   1.020239e+00   1.019812e+00   1.005773e+00
   1.449443e+00   1.167170e+00   1.102065e+00   1.063697e+00   1.048411e+00   1.039944e+00   1.030014e+00   1.020485e+00   1.023187e+00   1.006444e+00
   1.438255e+00   1.182783e+00   1.094561e+00   1.057945e+00   1.055662e+00   1.039654e+00   1.022002e+00   1.031648e+00   1.023129e+00   1.005788e+00
   1.423543e+00   1.187617e+00   1.096417e+00   1.057698e+00   1.051406e+00   1.041143e+00   1.032617e+00   1.030289e+00   1.023336e+00   1.005831e+00
   1.436737e+00   1.158563e+00   1.098707e+00   1.063037e+00   1.059849e+00   1.029001e+00   1.038373e+00   1.019406e+00   1.044096e+00   1.005732e+00
   1.672052e+00   1.015535e+00   1.099493e+00   1.065067e+00   1.052060e+00   1.030061e+00   1.035561e+00   1.028731e+00   1.031675e+00   1.005769e+00
   1.451915e+00   1.163880e+00   1.105123e+00   1.057872e+00   1.051477e+00   1.039548e+00   1.032419e+00   1.020261e+00   1.022121e+00   1.005753e+00
   1.457357e+00   1.165813e+00   1.089701e+00   1.064257e+00   1.054143e+00   1.042257e+00   1.023016e+00   1.020357e+00   1.028375e+00   1.005741e+00
   1.454513e+00   1.164535e+00   1.110512e+00   1.063414e+00   1.046511e+00   1.034253e+00   1.022607e+00   1.028275e+00   1.020373e+00   1.006014e+00
   1.439230e+00   1.187786e+00   1.099386e+00   1.058176e+00   1.043377e+00   1.035241e+00   1.033199e+00   1.028711e+00   1.019829e+00   1.005790e+00
   1.426382e+00   1.188308e+00   1.110477e+00   1.049709e+00   1.052001e+00   1.035061e+00   1.032995e+00   1.031017e+00   1.019714e+00   1.006282e+00
   1.635425e+00   1.030498e+00   1.085562e+00   1.056327e+00   1.053279e+00   1.041496e+00   1.031736e+00   1.030345e+00   1.040745e+00   1.005740e+00
   1.461809e+00   1.167522e+00   1.107337e+00   1.067700e+00   1.047772e+00   1.030894e+00   1.023119e+00   1.019983e+00   1.020608e+00   1.005775e+00
   1.438629e+00   1.183208e+00   1.095065e+00   1.061150e+00   1.046752e+00   1.035356e+00   1.032844e+00   1.030297e+00   1.020688e+00   1.005728e+00
   1.433021e+00   1.180603e+00   1.094398e+00   1.070503e+00   1.052189e+00   1.029945e+00   1.030996e+00   1.029004e+00   1.023241e+00   1.006191e+00
   1.455473e+00   1.165819e+00   1.108917e+00   1.059645e+00   1.048827e+00   1.036142e+00   1.027221e+00   1.019834e+00   1.023114e+00   1.005712e+00
   1.430164e+00   1.162797e+00   1.098704e+00   1.081266e+00   1.048497e+00   1.030157e+00   1.039099e+00   1.030569e+00   1.024335e+00   1.005994e+00
   1.430465e+00   1.162846e+00   1.106327e+00   1.090581e+00   1.052498e+00   1.029111e+00   1.023199e+00   1.029881e+00   1.021515e+00   1.006622e+00
   1.435653e+00   1.168420e+00   1.109232e+00   1.058380e+00   1.045168e+00   1.039763e+00   1.029277e+00   1.019480e+00   1.041284e+00   1.006065e+00
   1.447245e+00   1.162112e+00   1.120238e+00   1.059075e+00   1.052815e+00   1.030363e+00   1.022339e+00   1.028605e+00   1.023208e+00   1.006183e+00
   1.438575e+00   1.160225e+00   1.102711e+00   1.071775e+00   1.042733e+00   1.038984e+00   1.022334e+00   1.019819e+00   1.053392e+00   1.005767e+00
   1.335367e+00   1.175567e+00   1.079799e+00   1.241956e+00   1.051196e+00   1.029138e+00   1.038965e+00   1.029079e+00   1.019712e+00   1.006034e+00
   1.460394e+00   1.167593e+00   1.104408e+00   1.056777e+00   1.043554e+00   1.039637e+00   1.022734e+00   1.019815e+00   1.030963e+00   1.006031e+00
   1.456717e+00   1.176172e+00   1.094327e+00   1.054287e+00   1.065633e+00   1.035886e+00   1.022582e+00   1.020386e+00   1.020862e+00   1.005995e+00
   1.408188e+00   1.176311e+00   1.118381e+00   1.067050e+00   1.052337e+00   1.026221e+00   1.035444e+00   1.028640e+00   1.034494e+00   1.005762e+00
   1.467096e+00   1.169612e+00   1.094306e+00   1.037797e+00   1.077614e+00   1.030320e+00   1.031528e+00   1.019886e+00   1.023102e+00   1.006235e+00
   1.461954e+00   1.167907e+00   1.090443e+00   1.062581e+00   1.049038e+00   1.029035e+00   1.031963e+00   1.026052e+00   1.022874e+00   1.010102e+00
   1.439487e+00   1.169487e+00   1.092838e+00   1.079768e+00   1.047004e+00   1.040364e+00   1.022080e+00   1.030923e+00   1.023033e+00   1.005747e+00
   1.448765e+00   1.162733e+00   1.096549e+00   1.058816e+00   1.051567e+00   1.041248e+00   1.032887e+00   1.030972e+00   1.019675e+00   1.005991e+00
   1.458295e+00   1.171779e+00   1.093223e+00   1.058035e+00   1.053123e+00   1.035464e+00   1.032208e+00   1.020550e+00   1.021497e+00   1.006245e+00
   1.690713e+00   1.016966e+00   1.095196e+00   1.064853e+00   1.048789e+00   1.030132e+00   1.030288e+00   1.028603e+00   1.025509e+00   1.005770e+00
   1.439075e+00   1.159707e+00   1.119023e+00   1.056772e+00   1.048450e+00   1.029161e+00   1.035131e+00   1.028616e+00   1.025237e+00   1.012596e+00
   1.443791e+00   1.160874e+00   1.109056e+00   1.058647e+00   1.054629e+00   1.028669e+00   1.039306e+00   1.028976e+00   1.022337e+00   1.005875e+00
   1.438418e+00   1.159344e+00   1.108441e+00   1.084653e+00   1.046333e+00   1.027026e+00   1.029495e+00   1.029300e+00   1.023096e+00   1.005734e+00
   1.492982e+00   1.178592e+00   1.039198e+00   1.064092e+00   1.051771e+00   1.029337e+00   1.038037e+00   1.033931e+00   1.028422e+00   1.006043e+00
   1.418115e+00   1.183043e+00   1.091538e+00   1.081204e+00   1.046476e+00   1.041265e+00   1.031889e+00   1.031032e+00   1.019693e+00   1.006474e+00
   1.424573e+00   1.183417e+00   1.116081e+00   1.062821e+00   1.049126e+00   1.031282e+00   1.022841e+00   1.028289e+00   1.025375e+00   1.009067e+00
   1.428440e+00   1.160277e+00   1.106059e+00   1.069340e+00   1.057846e+00   1.028697e+00   1.022398e+00   1.033041e+00   1.043823e+00   1.005983e+00
   1.422530e+00   1.157694e+00   1.118581e+00   1.080981e+00   1.051718e+00   1.035841e+00   1.026946e+00   1.029277e+00   1.022275e+00   1.005748e+00
   1.436297e+00   1.176721e+00   1.102022e+00   1.063553e+00   1.053202e+00   1.030524e+00   1.032577e+00   1.025956e+00   1.024025e+00   1.006120e+00
   1.454530e+00   1.170384e+00   1.092150e+00   1.063925e+00   1.052630e+00   1.035397e+00   1.032620e+00   1.020832e+00   1.022134e+00   1.005822e+00
   1.440181e+00   1.177837e+00   1.103115e+00   1.064166e+00   1.053652e+00   1.029911e+00   1.032799e+00   1.020137e+00   1.023227e+00   1.006309e+00
   1.444338e+00   1.184844e+00   1.095244e+00   1.058071e+00   1.056162e+00   1.031376e+00   1.022135e+00   1.030457e+00   1.022979e+00   1.005716e+00
   1.453135e+00   1.164799e+00   1.092312e+00   1.054710e+00   1.051918e+00   1.029860e+00   1.035673e+00   1.028654e+00   1.034400e+00   1.005773e+00
   1.453293e+00   1.169506e+00   1.094872e+00   1.058138e+00   1.051565e+00   1.039574e+00   1.021957e+00   1.033104e+00   1.023131e+00   1.006057e+00
   1.450309e+00   1.163336e+00   1.091067e+00   1.081286e+00   1.053598e+00   1.034901e+00   1.026973e+00   1.020399e+00   1.023169e+00   1.005707e+00
   1.595192e+00   1.050074e+00   1.108688e+00   1.058638e+00   1.045409e+00   1.026036e+00   1.038095e+00   1.034087e+00   1.027761e+00   1.005800e+00
   1.442772e+00   1.160905e+00   1.102490e+00   1.065268e+00   1.052461e+00   1.032934e+00   1.035487e+00   1.029057e+00   1.023113e+00   1.005938e+00
   1.631521e+00   1.021370e+00   1.119209e+00   1.060817e+00   1.050988e+00   1.034685e+00   1.034500e+00   1.030671e+00   1.031682e+00   1.005804e+00
   1.455123e+00   1.165077e+00   1.105751e+00   1.058140e+00   1.049015e+00   1.031247e+00   1.028593e+00   1.028993e+00   1.022327e+00   1.006655e+00
   1.462505e+00   1.174651e+00   1.094094e+00   1.059870e+00   1.058969e+00   1.029721e+00   1.022949e+00   1.020913e+00   1.022938e+00   1.005776e+00
   1.440063e+00   1.164528e+00   1.100542e+00   1.061386e+00   1.055058e+00   1.030235e+00   1.032222e+00   1.029527e+00   1.031704e+00   1.005859e+00
   1.472305e+00   1.176328e+00   1.096293e+00   1.051162e+00   1.044344e+00   1.036173e+00   1.029227e+00   1.020260e+00   1.019744e+00   1.005990e+00
   1.459579e+00   1.166639e+00   1.092506e+00   1.065093e+00   1.048836e+00   1.029589e+00   1.030707e+00   1.025854e+00   1.025630e+00   1.005752e+00
   1.450183e+00   1.163683e+00   1.109612e+00   1.059763e+00   1.046014e+00   1.030181e+00   1.032373e+00   1.030900e+00   1.022248e+00   1.006082e+00
   1.455085e+00   1.166167e+00   1.095651e+00   1.065367e+00   1.046053e+00   1.035597e+00   1.023997e+00   1.030409e+00   1.026662e+00   1.005800e+00
   1.443461e+00   1.165706e+00   1.100808e+00   1.064485e+00   1.050325e+00   1.040151e+00   1.022857e+00   1.019991e+00   1.038885e+00   1.005778e+00
   1.432425e+00   1.161531e+00   1.102188e+00   1.062951e+00   1.053411e+00   1.040194e+00   1.021926e+00   1.032160e+00   1.039386e+00   1.005757e+00
   1.595466e+00   1.035063e+00   1.123498e+00   1.057526e+00   1.044639e+00   1.028775e+00   1.037447e+00   1.032309e+00   1.043870e+00   1.005763e+00
