   7.907017e-01   0.000000e+00   2.718535e-01   1.958984e-01   2.937546e-02   2.502404e-03   3.816224e-07   8.833314e-01   8.968330e-01   3.096640e-01   8.744745e-01   1.000000e+00   9.901659e-01   8.904942e-01   9.872256e-01   9.923288e-01   9.595684e-01
   7.379895e-01   4.721770e-01   3.475806e-01   2.362986e-02   6.756410e-02   1.508775e-03   3.638067e-07   8.126597e-01   9.534888e-01   9.204888e-01   9.740750e-01   9.231286e-01   9.848456e-01   9.838967e-01   9.586601e-01   9.842644e-01   9.545467e-01
   9.992106e-01   3.442671e-01   4.008544e-01   2.102537e-01   3.808901e-02   1.506853e-03   0.000000e+00   9.577655e-01   9.452407e-01   7.313031e-01   9.723788e-01   9.986883e-01   9.723616e-01   9.840310e-01   9.790708e-01   9.985280e-01   9.588025e-01
   8.455321e-01   3.181572e-01   2.619043e-01   1.704719e-01   7.102158e-02   2.343146e-03   0.000000e+00   7.625955e-01   9.543093e-01   7.373538e-01   9.998497e-01   9.563865e-01   9.024907e-01   9.795490e-01   9.973381e-01   9.889010e-01   9.992777e-01
   9.450776e-01   2.891094e-01   1.455611e-02   1.602326e-01   8.646007e-02   1.499770e-03   3.677165e-07   9.756239e-01   9.309086e-01   9.568862e-01   9.975710e-01   9.285718e-01   9.744212e-01   7.079830e-01   9.965199e-01   8.383329e-01   9.999443e-01
   9.981140e-01   3.070952e-01   4.721044e-01   3.519124e-01   7.057485e-02   0.000000e+00   3.018355e-07   8.684179e-01   9.175222e-01   8.628017e-01   9.762053e-01   9.292237e-01   9.308476e-01   9.819295e-01   9.703804e-01   9.999207e-01   9.998008e-01
   9.935965e-01   3.447765e-01   2.723168e-01   2.115906e-01   8.437777e-02   1.592493e-01   1.092449e-01   8.750600e-01   8.889716e-01   8.646366e-01   9.672887e-01   9.966662e-01   1.000000e+00   9.972493e-01   9.953565e-01   9.926297e-01   9.988272e-01
   9.999056e-01   3.521226e-01   3.606635e-01   2.498615e-01   1.981906e-01   2.027295e-03   2.936467e-07   9.042624e-01   9.482564e-01   8.637496e-01   9.978110e-01   9.910161e-01   9.851383e-01   9.819354e-01   1.000000e+00   9.479060e-01   1.000000e+00
   7.910599e-01   2.318362e-01   2.295587e-01   1.924059e-01   4.844262e-02   1.914275e-03   4.599258e-02   8.771700e-01   8.585751e-01   7.251485e-01   9.435277e-01   9.806961e-01   9.593146e-01   9.786799e-01   9.820785e-01   9.822440e-01   9.753239e-01
   7.921558e-01   3.445855e-01   2.523364e-01   2.450680e-01   8.261790e-02   1.235209e-03   3.728908e-07   9.502391e-01   9.833822e-01   7.857411e-01   9.631683e-01   9.426150e-01   9.714259e-01   9.984444e-01   9.999090e-01   8.480348e-01   1.000000e+00
   8.944579e-01   3.180732e-01   3.985037e-01   2.091365e-01   8.491395e-02   8.101682e-02   1.749100e-01   9.697020e-01   9.312451e-01   7.876651e-01   9.056789e-01   9.980539e-01   9.908310e-01   9.751693e-01   9.806109e-01   9.482516e-01   9.975071e-01
   8.421275e-01   3.190828e-01   2.620868e-01   3.705806e-01   9.909696e-02   1.864442e-03   3.230177e-07   8.813636e-01   9.179694e-01   8.624617e-01   9.034691e-01   9.542145e-01   9.884100e-01   9.844110e-01   9.769462e-01   9.957448e-01   9.989461e-01
   7.382792e-01   4.592206e-01   3.401979e-01   2.362986e-02   3.864106e-02   1.511305e-03   1.950051e-07   9.299636e-01   9.518071e-01   9.429047e-01   9.737036e-01   9.843166e-01   9.574819e-01   9.941133e-01   9.925707e-01   9.841485e-01   9.986022e-01
   8.423759e-01   3.176781e-01   4.004179e-01   1.907223e-01   3.365875e-02   1.499976e-03   0.000000e+00   8.326508e-01   9.549991e-01   9.320331e-01   9.732737e-01   9.531924e-01   9.435163e-01   9.482345e-01   9.956012e-01   9.735756e-01   9.959773e-01
   8.412618e-01   3.064146e-01   3.528862e-01   3.674704e-01   3.557033e-02   1.674795e-03   3.652101e-07   8.923804e-01   9.194345e-01   9.187220e-01   9.441275e-01   9.532859e-01   9.427652e-01   9.780702e-01   9.926668e-01   9.972161e-01   9.989377e-01
   8.757052e-01   3.165560e-01   2.681604e-01   1.020902e-01   7.103419e-02   2.095961e-03   3.230767e-07   8.815317e-01   9.862217e-01   6.802665e-01   9.707969e-01   9.113855e-01   9.033937e-01   9.794651e-01   9.976899e-01   9.331827e-01   9.987918e-01
   7.379895e-01   4.721770e-01   3.471834e-01   2.362986e-02   6.750506e-02   1.506231e-03   3.638067e-07   8.193813e-01   9.818312e-01   7.875685e-01   9.740750e-01   9.231286e-01   9.848456e-01   9.831364e-01   9.580558e-01   9.829076e-01   9.953059e-01
   1.000000e+00   3.269550e-01   2.741600e-01   2.047842e-02   6.625337e-02   2.320987e-03   2.998032e-07   8.761770e-01   9.791717e-01   9.204733e-01   9.770901e-01   9.510944e-01   9.942710e-01   9.676776e-01   9.575023e-01   9.991417e-01   9.577705e-01
   9.584939e-01   3.531205e-01   1.385736e-01   1.663184e-01   1.210691e-01   1.860732e-03   3.654506e-07   8.935623e-01   9.777562e-01   7.251122e-01   9.010157e-01   9.996922e-01   9.844182e-01   9.010249e-01   9.762369e-01   9.789137e-01   1.000000e+00
   7.916616e-01   3.476490e-01   2.523246e-01   1.638889e-01   3.855973e-02   2.287842e-03   2.985318e-07   9.518561e-01   9.856358e-01   9.434742e-01   9.473252e-01   9.961883e-01   9.719989e-01   9.994171e-01   9.994150e-01   9.783869e-01   9.984441e-01
   8.389982e-01   3.351145e-01   2.582142e-01   2.114917e-01   8.537431e-02   1.499746e-03   2.750947e-07   9.406100e-01   8.889716e-01   8.628996e-01   9.446270e-01   1.000000e+00   9.941761e-01   9.973165e-01   9.326230e-01   9.846398e-01   9.755506e-01
   7.596378e-01   2.919252e-01   3.786513e-01   1.648721e-01   6.761650e-02   2.305683e-03   2.393599e-07   8.718708e-01   9.522204e-01   8.503808e-01   9.959896e-01   9.946667e-01   1.000000e+00   9.923167e-01   9.731858e-01   9.489004e-01   9.999992e-01
   1.000000e+00   3.200380e-01   4.057087e-01   2.906830e-01   7.593413e-02   2.088816e-03   9.951314e-03   9.793531e-01   9.769107e-01   9.597182e-01   9.990755e-01   9.539455e-01   9.877380e-01   9.010720e-01   9.762031e-01   9.826422e-01   9.998062e-01
   7.801204e-01   2.291167e-01   2.621493e-01   1.909332e-01   2.594187e-02   2.345553e-03   2.966533e-07   9.405822e-01   9.314699e-01   9.522018e-01   9.676456e-01   9.806961e-01   9.716553e-01   9.788816e-01   9.820785e-01   9.826322e-01   9.753239e-01
   1.000000e+00   3.414358e-01   2.618986e-01   4.280936e-01   4.726121e-02   1.508784e-03   3.607270e-07   8.126570e-01   9.545447e-01   9.628929e-01   9.273201e-01   8.903731e-01   9.906764e-01   9.997096e-01   9.775352e-01   1.000000e+00   9.991918e-01
   9.652113e-01   3.521226e-01   3.606635e-01   2.493300e-01   2.239908e-01   2.023373e-03   2.936467e-07   9.043847e-01   9.163575e-01   8.649808e-01   9.853191e-01   9.544656e-01   9.972037e-01   9.813077e-01   9.936517e-01   9.454532e-01   9.999079e-01
   7.789322e-01   3.316181e-01   2.287382e-01   1.893642e-01   6.617230e-02   2.030417e-03   2.747070e-07   9.806125e-01   9.162651e-01   8.644696e-01   9.454098e-01   9.975039e-01   9.941761e-01   9.675416e-01   9.319805e-01   9.698105e-01   9.749747e-01
   9.862658e-01   3.080357e-01   2.302974e-01   5.035141e-02   6.881025e-02   2.027009e-03   2.927256e-07   8.998269e-01   9.616962e-01   8.658896e-01   9.696123e-01   9.684811e-01   9.258214e-01   9.820284e-01   9.700469e-01   9.991987e-01   9.999439e-01
   9.751794e-01   3.397889e-01   5.236477e-01   1.850684e-01   2.679996e-02   1.229258e-03   2.992913e-07   8.684490e-01   9.662522e-01   9.246529e-01   9.698585e-01   9.546036e-01   9.697213e-01   9.874377e-01   8.622251e-01   1.000000e+00   9.985030e-01
   9.269197e-01   2.924189e-01   2.681442e-01   4.176039e-01   2.782551e-02   1.848718e-03   2.865931e-07   7.703275e-01   9.845234e-01   7.424725e-01   9.700768e-01   9.962712e-01   9.880046e-01   9.940142e-01   8.722254e-01   8.442997e-01   9.669105e-01
   9.999056e-01   3.521226e-01   3.616525e-01   2.498615e-01   1.981906e-01   2.027295e-03   2.936467e-07   9.061917e-01   9.499668e-01   8.630101e-01   9.762582e-01   9.910161e-01   9.851383e-01   9.819354e-01   1.000000e+00   9.692578e-01   1.000000e+00
   7.913312e-01   3.195637e-01   2.524928e-01   1.928766e-01   1.219593e-01   1.868311e-03   2.915886e-07   9.804137e-01   9.951275e-01   9.196055e-01   9.985580e-01   9.996490e-01   9.880554e-01   9.504199e-01   9.795109e-01   9.471370e-01   9.999854e-01
   7.587066e-01   2.919252e-01   3.786513e-01   1.648721e-01   6.761650e-02   2.305683e-03   2.393599e-07   9.696494e-01   9.522204e-01   9.319481e-01   9.959896e-01   9.947186e-01   1.000000e+00   9.923167e-01   9.731858e-01   9.489004e-01   9.967948e-01
   8.757052e-01   3.536576e-01   2.681604e-01   1.020902e-01   2.248727e-01   2.027462e-03   3.231198e-07   7.687281e-01   9.774057e-01   7.345485e-01   9.851719e-01   9.113855e-01   9.023656e-01   9.794089e-01   9.977134e-01   9.307792e-01   9.998890e-01
   7.546355e-01   2.910849e-01   2.643067e-01   1.672040e-01   3.852891e-02   2.325693e-03   2.871419e-07   8.921688e-01   9.173922e-01   9.645889e-01   9.733282e-01   9.993516e-01   9.782204e-01   9.933614e-01   9.795033e-01   9.826279e-01   9.760111e-01
   7.109566e-01   4.793556e-01   3.471845e-01   1.578842e-01   6.591643e-02   1.497058e-03   3.638651e-07   9.764116e-01   8.544393e-01   8.700334e-01   9.734454e-01   9.265932e-01   9.309222e-01   9.831599e-01   9.580393e-01   9.828579e-01   9.997556e-01
   7.845667e-01   3.203617e-01   2.285711e-01   1.813872e-01   2.865825e-02   1.856044e-03   3.287688e-07   8.613200e-01   9.176948e-01   8.567427e-01   9.664483e-01   9.806961e-01   9.726779e-01   9.807994e-01   9.820785e-01   9.822440e-01   1.000000e+00
   7.854756e-01   6.497556e-02   2.281478e-01   1.893286e-01   6.641876e-02   2.026868e-03   1.537725e-07   9.804988e-01   9.520640e-01   8.745647e-01   9.730756e-01   9.531936e-01   9.319910e-01   9.470857e-01   9.144328e-01   9.991356e-01   9.753239e-01
   8.360302e-01   1.862770e-01   1.532456e-01   3.294539e-01   2.603468e-02   1.497705e-03   1.858991e-07   9.841503e-01   9.173868e-01   8.608120e-01   9.969167e-01   9.540441e-01   9.931528e-01   9.469768e-01   9.115437e-01   9.834668e-01   9.753511e-01
   8.194174e-01   2.898234e-01   2.582158e-01   1.649601e-01   8.432759e-02   2.316035e-03   2.899967e-07   8.838728e-01   8.845944e-01   9.484109e-01   9.734073e-01   9.365269e-01   9.096779e-01   9.786295e-01   9.439991e-01   9.830968e-01   9.999804e-01
   8.851923e-01   3.395100e-01   3.753779e-01   2.119654e-01   1.091518e-01   9.063682e-04   3.607386e-07   7.553158e-01   9.548028e-01   8.625611e-01   9.037639e-01   9.515498e-01   9.872309e-01   9.799341e-01   9.769462e-01   9.996650e-01   9.992795e-01
   8.757052e-01   3.166716e-01   2.513803e-01   4.394216e-01   2.122869e-01   1.786627e-03   3.234920e-07   7.681987e-01   9.795687e-01   7.814828e-01   9.897968e-01   9.585999e-01   9.061292e-01   9.791202e-01   9.976899e-01   9.341069e-01   8.646504e-01
   7.931397e-01   2.891094e-01   1.409167e-02   1.602326e-01   9.867384e-02   1.499770e-03   3.714792e-07   9.730254e-01   9.309086e-01   8.624898e-01   9.975710e-01   9.285718e-01   9.745701e-01   7.147279e-01   9.965199e-01   8.349747e-01   9.992023e-01
   9.953184e-01   2.446437e-01   3.507890e-01   3.745453e-01   2.722846e-02   1.486178e-03   3.674508e-07   8.739821e-01   9.557843e-01   8.655458e-01   9.454947e-01   1.000000e+00   1.000000e+00   9.507410e-01   9.926668e-01   9.925845e-01   9.987576e-01
   9.144013e-01   2.933234e-01   3.745076e-01   3.519217e-01   3.786064e-03   1.960174e-03   2.404241e-07   8.856344e-01   9.861514e-01   8.503808e-01   9.959896e-01   9.855909e-01   9.830918e-01   9.992783e-01   9.728943e-01   8.575858e-01   9.999664e-01
   8.397308e-01   3.247073e-01   5.197999e-01   4.150089e-01   2.958513e-02   9.954455e-04   2.939167e-07   8.669278e-01   9.296639e-01   7.843623e-01   9.782479e-01   9.852316e-01   9.895649e-01   9.817953e-01   9.765559e-01   8.456678e-01   9.968970e-01
   8.230281e-01   2.897672e-01   2.505197e-01   1.634455e-01   4.604930e-02   1.504575e-03   0.000000e+00   8.772248e-01   9.318010e-01   8.621280e-01   9.754790e-01   9.540613e-01   9.852971e-01   9.994171e-01   9.453195e-01   9.927301e-01   7.666141e-01
   8.305305e-01   3.487198e-01   2.498788e-01   3.624770e-01   4.604930e-02   2.347701e-03   2.914923e-07   8.838490e-01   9.281638e-01   8.196973e-01   8.687714e-01   1.000000e+00   9.852971e-01   9.994171e-01   8.930354e-01   9.734777e-01   9.763958e-01
   8.425908e-01   3.646846e-01   5.197999e-01   1.907572e-01   3.020961e-02   2.377389e-03   2.939167e-07   8.082685e-01   9.309614e-01   8.671034e-01   9.824092e-01   9.852739e-01   9.308476e-01   9.819295e-01   9.765559e-01   8.557130e-01   9.968970e-01
   9.999935e-01   3.521226e-01   3.616525e-01   2.498615e-01   1.981906e-01   2.027295e-03   2.950410e-07   9.060528e-01   9.206663e-01   9.179165e-01   9.867018e-01   9.574324e-01   9.851383e-01   9.864264e-01   1.000000e+00   9.692578e-01   1.000000e+00
   9.748305e-01   3.416478e-01   5.236477e-01   1.726721e-01   2.679996e-02   9.478596e-04   2.992913e-07   8.888595e-01   9.659705e-01   8.625268e-01   9.707521e-01   9.542120e-01   9.019752e-01   9.875330e-01   9.322499e-01   9.926502e-01   9.985030e-01
   7.865073e-01   6.497556e-02   2.244441e-01   1.883909e-01   6.579722e-02   2.325609e-03   1.537819e-07   8.811491e-01   9.523754e-01   8.745647e-01   9.730756e-01   9.531936e-01   9.319910e-01   9.934536e-01   9.144328e-01   9.983861e-01   9.753239e-01
   1.000000e+00   2.282891e-01   2.412184e-01   1.384549e-01   4.766682e-02   2.342776e-03   2.881051e-02   9.401421e-01   9.559219e-01   9.511140e-01   9.849116e-01   9.574335e-01   9.967106e-01   9.998758e-01   9.870525e-01   9.991606e-01   9.987886e-01
   1.000000e+00   3.448299e-01   2.622734e-01   2.452834e-01   1.200200e-02   2.324029e-03   2.967191e-07   9.494779e-01   9.792250e-01   7.426906e-01   9.680443e-01   9.510944e-01   9.951366e-01   9.990241e-01   9.186881e-01   1.000000e+00   9.982257e-01
   7.826962e-01   3.203617e-01   2.285711e-01   1.893637e-01   2.866119e-02   9.796418e-04   3.285976e-07   8.613200e-01   9.176948e-01   8.567427e-01   9.774988e-01   9.806961e-01   9.891751e-01   9.807996e-01   9.820785e-01   9.822440e-01   1.000000e+00
   7.540122e-01   2.875038e-01   2.300384e-01   2.136377e-01   4.646933e-02   2.330550e-03   8.091783e-08   9.858631e-01   9.862703e-01   8.654919e-01   9.712982e-01   9.699569e-01   9.756045e-01   9.473723e-01   9.780824e-01   9.818338e-01   9.624241e-01
   9.232084e-01   2.910362e-01   2.681442e-01   4.176039e-01   2.955633e-02   1.848718e-03   2.921804e-07   7.706096e-01   9.850576e-01   7.424725e-01   9.688696e-01   9.937245e-01   9.872592e-01   9.940142e-01   8.722254e-01   8.442997e-01   9.669105e-01
   1.000000e+00   3.395309e-01   2.552201e-01   2.115238e-01   2.156785e-01   1.466520e-03   3.261626e-07   9.758597e-01   9.584316e-01   9.189855e-01   9.954614e-01   9.956516e-01   9.086028e-01   9.999433e-01   9.741478e-01   8.730299e-01   9.988344e-01
   6.972839e-01   3.573054e-01   2.643067e-01   1.672040e-01   3.852891e-02   2.323252e-03   2.533033e-07   8.818086e-01   9.176912e-01   9.951376e-01   8.772928e-01   9.993516e-01   9.782204e-01   9.933614e-01   9.793842e-01   9.826279e-01   8.621696e-01
   7.541763e-01   4.661074e-01   3.790637e-01   2.136377e-01   4.575797e-02   2.347716e-03   1.665752e-07   9.180583e-01   9.862703e-01   8.986698e-01   9.712982e-01   9.704481e-01   9.761615e-01   9.473723e-01   9.741587e-01   9.838033e-01   9.988366e-01
   8.222105e-01   2.948580e-01   2.614739e-01   1.915331e-01   2.628093e-02   2.326490e-03   2.844551e-07   8.839506e-01   9.573949e-01   9.431792e-01   9.993575e-01   9.691651e-01   9.883622e-01   9.934157e-01   9.446855e-01   8.535010e-01   9.998020e-01
   8.135133e-01   3.162523e-01   2.539021e-01   1.641726e-01   7.507392e-02   2.324044e-03   2.901306e-07   8.837510e-01   9.331635e-01   9.407143e-01   9.679255e-01   9.501947e-01   9.951356e-01   9.990405e-01   9.588886e-01   9.854013e-01   9.981502e-01
   7.801204e-01   2.291167e-01   2.622040e-01   1.886462e-01   2.594187e-02   2.354142e-03   3.231274e-07   7.699658e-01   9.314699e-01   9.522018e-01   9.671786e-01   9.810939e-01   9.716553e-01   9.788816e-01   9.965156e-01   9.826322e-01   9.753239e-01
   7.515553e-01   2.777653e-01   2.643067e-01   1.672040e-01   3.852891e-02   2.325997e-03   2.871419e-07   8.845108e-01   9.173922e-01   9.645889e-01   9.747193e-01   9.999945e-01   9.781892e-01   9.990995e-01   9.803468e-01   9.736785e-01   9.764103e-01
   8.758116e-01   3.409567e-01   2.459323e-01   1.419788e-01   4.690671e-02   1.479935e-03   3.633817e-07   8.904987e-01   9.573846e-01   9.210700e-01   9.848301e-01   9.574106e-01   9.967106e-01   9.748273e-01   9.910317e-01   9.839109e-01   9.750804e-01
   8.235223e-01   3.745430e-01   2.737593e-01   2.450680e-01   8.261790e-02   1.310876e-03   2.524473e-07   8.820323e-01   9.322502e-01   7.845144e-01   9.750610e-01   9.437741e-01   9.847242e-01   9.984444e-01   9.416782e-01   9.977668e-01   1.000000e+00
   8.835745e-01   3.950684e-01   3.505210e-01   1.976839e-01   2.103284e-01   1.914275e-03   7.946268e-03   8.937041e-01   9.542013e-01   9.198396e-01   9.675359e-01   9.578725e-01   9.716553e-01   9.787740e-01   9.919699e-01   9.975488e-01   9.753239e-01
   7.555156e-01   3.454279e-01   2.548425e-01   1.928766e-01   1.219593e-01   1.868311e-03   2.395658e-07   9.804137e-01   9.932461e-01   9.196055e-01   9.128008e-01   8.862722e-01   9.880554e-01   9.504199e-01   9.795109e-01   9.982709e-01   9.999854e-01
   9.737199e-01   3.397889e-01   5.236477e-01   1.850684e-01   1.467131e-01   1.244670e-03   3.246455e-07   8.684490e-01   9.662522e-01   8.618291e-01   9.875844e-01   9.546036e-01   9.671582e-01   9.310506e-01   8.622251e-01   1.000000e+00   9.985030e-01
   7.550982e-01   3.213265e-01   2.644813e-01   2.010241e-01   3.811781e-02   2.316247e-03   2.922526e-07   8.877644e-01   9.178259e-01   9.757032e-01   9.632543e-01   9.995525e-01   9.885376e-01   8.731089e-01   9.628080e-01   9.984190e-01   9.981301e-01
   7.921558e-01   3.055932e-01   2.523364e-01   1.659344e-01   8.261790e-02   1.235209e-03   3.728908e-07   8.747013e-01   9.834483e-01   7.857411e-01   9.630181e-01   9.426150e-01   9.714259e-01   9.984444e-01   9.999521e-01   8.423942e-01   1.000000e+00
   1.000000e+00   1.421966e-01   3.815558e-01   1.395982e-01   3.538680e-02   7.294164e-04   3.634011e-07   8.911069e-01   9.217963e-01   9.189374e-01   9.867090e-01   9.871437e-01   9.962267e-01   9.989860e-01   9.768994e-01   1.000000e+00   9.998985e-01
   7.771892e-01   2.455944e-01   2.287382e-01   1.904087e-01   3.791950e-02   2.325607e-03   2.747070e-07   9.806125e-01   9.174798e-01   8.644696e-01   9.454098e-01   9.975039e-01   9.746190e-01   9.677678e-01   9.786049e-01   9.832334e-01   9.749747e-01
   8.757052e-01   3.166297e-01   2.695027e-01   2.119104e-01   1.104907e-01   1.846379e-03   3.613922e-07   7.688488e-01   9.774057e-01   7.321179e-01   9.070419e-01   9.092860e-01   9.023656e-01   9.794439e-01   9.774411e-01   9.307792e-01   9.988177e-01
   9.923937e-01   3.247073e-01   5.197999e-01   4.150089e-01   2.958417e-02   1.492013e-03   3.689995e-07   8.743577e-01   9.296639e-01   7.853313e-01   9.492643e-01   9.852316e-01   9.998067e-01   9.817953e-01   9.765559e-01   8.456678e-01   9.968970e-01
   7.872283e-01   2.374921e-01   2.621493e-01   1.890500e-01   6.574930e-02   2.291195e-03   3.619321e-07   9.405822e-01   9.572327e-01   9.526771e-01   9.676456e-01   9.806961e-01   9.716553e-01   9.995874e-01   9.819349e-01   9.826067e-01   9.753239e-01
   1.000000e+00   2.907385e-01   2.738741e-01   2.881891e-01   6.745019e-02   1.998169e-03   2.871455e-07   7.624000e-01   9.278418e-01   9.644703e-01   9.782329e-01   9.997048e-01   9.851528e-01   9.329887e-01   8.932750e-01   9.732025e-01   9.739667e-01
   8.201853e-01   3.443924e-01   4.339921e-01   1.645511e-01   8.526519e-02   2.999597e-02   2.401239e-07   8.714050e-01   9.615207e-01   9.450643e-01   9.729261e-01   9.892346e-01   9.854204e-01   9.765438e-01   9.411842e-01   8.553844e-01   9.999421e-01
   1.000000e+00   3.568419e-01   2.623124e-01   1.661498e-01   1.200200e-02   2.322236e-03   2.967191e-07   8.740381e-01   9.765244e-01   7.426906e-01   9.733920e-01   9.370376e-01   9.857364e-01   9.999671e-01   9.384498e-01   9.995563e-01   1.000000e+00
   8.757052e-01   3.166297e-01   2.592845e-01   7.332863e-02   7.103419e-02   1.837790e-03   2.499247e-07   9.385363e-01   9.774057e-01   8.629829e-01   9.902637e-01   9.538227e-01   9.023656e-01   9.792454e-01   9.976899e-01   9.320565e-01   9.982758e-01
   8.757052e-01   3.538670e-01   2.679192e-01   1.020902e-01   2.246330e-01   1.482758e-03   3.231198e-07   7.655062e-01   9.774057e-01   7.345485e-01   9.892274e-01   9.152501e-01   9.023656e-01   9.794089e-01   9.326008e-01   9.292214e-01   9.998890e-01
   8.757052e-01   3.167489e-01   2.593392e-01   9.874778e-02   7.158472e-02   1.846379e-03   3.234920e-07   7.653309e-01   9.785747e-01   9.413455e-01   9.476633e-01   1.000000e+00   9.832352e-01   9.793886e-01   9.976899e-01   8.554173e-01   9.984951e-01
   8.757052e-01   3.171345e-01   2.586495e-01   1.650067e-01   7.155192e-02   1.846379e-03   3.234920e-07   7.644295e-01   9.284721e-01   9.770217e-01   9.483246e-01   9.322443e-01   9.838639e-01   9.768084e-01   9.976899e-01   9.835234e-01   9.984951e-01
   7.543858e-01   2.918662e-01   2.472651e-01   2.000687e-01   6.591416e-02   1.465675e-03   1.896497e-07   8.721248e-01   9.505146e-01   8.505310e-01   9.708268e-01   9.631297e-01   9.098072e-01   9.998360e-01   9.808137e-01   9.937868e-01   9.977691e-01
   9.996766e-01   3.568419e-01   3.811506e-01   1.661498e-01   1.200200e-02   2.322174e-03   2.967191e-07   8.740381e-01   9.822698e-01   7.501558e-01   9.734322e-01   9.370376e-01   9.863543e-01   9.999671e-01   9.384498e-01   9.995563e-01   9.978632e-01
   8.754401e-01   3.205831e-01   2.610509e-01   1.379837e-01   7.490702e-02   2.360922e-03   3.605492e-07   8.913990e-01   9.565961e-01   9.072915e-01   9.018190e-01   9.679221e-01   9.875401e-01   9.065364e-01   9.909943e-01   9.784270e-01   9.763379e-01
   8.255017e-01   3.526307e-01   1.586039e-01   1.384896e-01   4.776496e-02   1.493518e-03   8.364281e-09   8.904992e-01   9.570413e-01   8.450985e-01   9.964289e-01   9.363750e-01   9.720606e-01   9.992472e-01   9.729858e-01   8.607200e-01   9.978674e-01
   8.194174e-01   2.299864e-01   2.621791e-01   1.578390e-01   8.432759e-02   2.316035e-03   2.967453e-07   9.459013e-01   9.299667e-01   9.484305e-01   9.734073e-01   9.800181e-01   9.693198e-01   9.786295e-01   9.819171e-01   9.830968e-01   9.999804e-01
   9.400420e-01   3.201408e-01   2.514678e-01   3.825082e-01   2.975364e-02   8.038111e-02   3.607528e-07   7.647033e-01   9.168519e-01   7.139557e-01   9.783509e-01   9.720158e-01   9.595213e-01   9.000026e-01   9.886981e-01   8.458369e-01   8.614527e-01
   9.318425e-01   2.896549e-01   2.406224e-01   7.932786e-02   1.355968e-02   1.503680e-03   3.560065e-07   9.771357e-01   9.035896e-01   6.456663e-01   9.954105e-01   9.875167e-01   9.966386e-01   8.556074e-01   9.573069e-01   1.000000e+00   9.982525e-01
   7.550982e-01   3.213265e-01   2.537810e-01   1.640328e-01   3.811781e-02   2.316247e-03   2.922526e-07   8.877706e-01   9.329608e-01   9.757032e-01   9.679549e-01   9.499548e-01   9.885522e-01   8.731089e-01   9.589079e-01   9.853915e-01   9.981300e-01
   7.845667e-01   2.918838e-01   2.285711e-01   1.657757e-01   2.860646e-02   1.856044e-03   2.386854e-07   8.613200e-01   9.176948e-01   8.567427e-01   9.664483e-01   9.806961e-01   9.719154e-01   9.924189e-01   9.820785e-01   9.822440e-01   1.000000e+00
   1.000000e+00   3.414781e-01   3.782240e-01   4.280936e-01   6.705375e-02   2.339759e-03   3.599573e-07   8.122330e-01   9.545447e-01   9.637364e-01   9.273201e-01   8.903731e-01   1.000000e+00   9.923524e-01   9.775352e-01   1.000000e+00   9.991918e-01
   7.901877e-01   3.197446e-01   3.710012e-01   2.460856e-01   8.222303e-02   1.181789e-03   3.742736e-07   8.928944e-01   9.831414e-01   7.875446e-01   9.982726e-01   9.978730e-01   9.095574e-01   9.919699e-01   9.552694e-01   9.487469e-01   9.999199e-01
   7.543721e-01   3.150144e-01   2.697744e-01   2.428828e-01   4.581195e-02   2.379150e-03   3.256823e-07   8.915419e-01   9.770672e-01   8.986698e-01   9.134619e-01   9.672931e-01   9.085523e-01   9.792496e-01   9.554413e-01   9.999714e-01   9.979165e-01
   8.192373e-01   2.948556e-01   2.471199e-01   2.000687e-01   6.742893e-02   1.465675e-03   2.396044e-07   8.721173e-01   9.505146e-01   9.422736e-01   9.703918e-01   9.629287e-01   9.861404e-01   9.759314e-01   9.431424e-01   9.914849e-01   9.999670e-01
   7.872283e-01   2.297759e-01   2.621493e-01   1.890500e-01   2.523229e-02   2.291195e-03   3.619321e-07   9.373748e-01   9.572327e-01   9.522103e-01   9.676456e-01   9.806961e-01   9.716553e-01   9.995215e-01   9.819349e-01   9.826067e-01   9.753239e-01
   9.144013e-01   2.916988e-01   2.717627e-01   3.519217e-01   7.452198e-02   1.955345e-03   2.454218e-07   8.730852e-01   9.861514e-01   8.503808e-01   9.959896e-01   9.857296e-01   9.997968e-01   9.043372e-01   9.719530e-01   8.576194e-01   9.994255e-01
   7.894194e-01   3.167489e-01   2.594486e-01   9.874778e-02   7.158472e-02   1.846379e-03   2.998028e-07   9.482509e-01   9.790766e-01   9.413455e-01   9.476683e-01   9.963473e-01   9.832352e-01   9.793886e-01   9.993989e-01   8.554173e-01   9.984951e-01
   8.195612e-01   2.898690e-01   2.584543e-01   2.114917e-01   8.561406e-02   2.317091e-03   2.745193e-07   9.435046e-01   8.889716e-01   8.745192e-01   9.730038e-01   9.938404e-01   9.941761e-01   9.786286e-01   9.977356e-01   9.861975e-01   9.755506e-01
   7.847625e-01   2.114233e-01   3.215330e-01   2.119654e-01   7.558693e-02   1.656830e-03   3.607421e-07   8.671877e-01   9.545657e-01   9.180794e-01   9.660273e-01   9.531228e-01   9.884100e-01   9.906172e-01   9.769462e-01   9.966827e-01   9.999095e-01
   9.862658e-01   3.080357e-01   2.310960e-01   5.035141e-02   6.881025e-02   2.313402e-03   2.927256e-07   8.998269e-01   9.606244e-01   8.615470e-01   9.696123e-01   9.684582e-01   9.255270e-01   9.798220e-01   9.700469e-01   9.996582e-01   9.999439e-01
   8.417666e-01   2.913111e-01   3.753436e-01   2.540975e-01   2.688714e-02   1.842516e-03   3.615314e-07   8.653061e-01   9.302651e-01   7.422977e-01   9.729638e-01   9.531228e-01   9.883650e-01   9.060956e-01   9.708964e-01   8.407891e-01   9.989384e-01
   7.849307e-01   2.291167e-01   2.401890e-01   1.909332e-01   4.750045e-02   1.980230e-03   2.404174e-07   8.917267e-01   9.562180e-01   9.522018e-01   9.960323e-01   9.580632e-01   9.714518e-01   9.992761e-01   9.907524e-01   9.826207e-01   9.763217e-01
   9.287216e-01   3.533213e-01   2.424032e-01   1.443353e-01   1.426445e-01   2.151750e-02   3.560065e-07   9.771357e-01   9.035896e-01   6.694307e-01   9.978672e-01   9.687598e-01   9.966386e-01   8.556074e-01   9.695598e-01   9.850189e-01   9.982525e-01
   7.379895e-01   3.263575e-01   3.459391e-01   2.362986e-02   6.750506e-02   1.506231e-03   3.636080e-07   8.205618e-01   9.818312e-01   6.772614e-01   9.740750e-01   9.552968e-01   9.848456e-01   9.831364e-01   9.580558e-01   9.829076e-01   9.953251e-01
   7.744988e-01   1.833912e-01   1.594021e-01   3.647316e-01   4.854139e-02   1.494428e-03   2.494376e-02   9.537498e-01   9.583942e-01   8.504699e-01   9.677120e-01   9.585204e-01   9.715685e-01   9.992197e-01   9.913209e-01   9.825369e-01   9.976968e-01
   8.642138e-01   2.928917e-01   3.808249e-01   2.886248e-01   6.615304e-02   1.960174e-03   2.404241e-07   8.730852e-01   9.175921e-01   9.982171e-01   9.965751e-01   9.811687e-01   9.986173e-01   9.992730e-01   9.726910e-01   8.576194e-01   9.999664e-01
   7.341206e-01   2.364441e-01   3.512083e-01   3.716381e-01   2.601806e-02   1.467665e-03   3.669987e-07   9.311293e-01   9.534888e-01   9.425608e-01   9.734512e-01   9.776962e-01   1.000000e+00   9.940824e-01   9.927426e-01   9.823302e-01   9.986342e-01
   8.778705e-01   3.404323e-01   2.743261e-01   1.024591e-01   8.490932e-02   5.886823e-02   2.886989e-07   9.394250e-01   8.900699e-01   9.198962e-01   9.733179e-01   9.971916e-01   1.000000e+00   9.792005e-01   9.880405e-01   9.050502e-01   9.987373e-01
   7.948425e-01   2.299446e-01   2.584506e-01   1.407983e-01   8.527702e-02   7.294164e-04   3.634012e-07   9.500740e-01   8.892667e-01   9.707672e-01   9.455467e-01   9.430051e-01   9.962267e-01   9.745894e-01   9.768994e-01   8.461266e-01   9.977656e-01
   7.026107e-01   2.919252e-01   3.775712e-01   1.648612e-01   1.163638e-02   2.305683e-03   2.393599e-07   9.696494e-01   9.522204e-01   7.392122e-01   9.961837e-01   9.955897e-01   1.000000e+00   9.923167e-01   9.731858e-01   9.489004e-01   1.000000e+00
   9.942866e-01   3.540812e-01   2.712679e-01   1.642550e-01   1.081189e-01   1.168317e-02   3.566690e-07   7.188231e-01   9.537558e-01   8.619963e-01   9.052578e-01   9.360395e-01   9.084746e-01   9.439631e-01   1.000000e+00   9.854447e-01   9.989739e-01
   9.737199e-01   3.397889e-01   5.236477e-01   2.129492e-01   1.467131e-01   1.244670e-03   3.246455e-07   8.684490e-01   9.189710e-01   8.618291e-01   9.875844e-01   9.544261e-01   9.671582e-01   9.305686e-01   8.625224e-01   9.968088e-01   9.985019e-01
   7.543721e-01   2.861333e-01   3.805747e-01   2.138649e-01   4.646933e-02   2.330550e-03   3.620300e-07   8.685330e-01   9.862703e-01   8.986698e-01   9.705150e-01   9.390844e-01   9.754953e-01   9.617743e-01   9.780824e-01   9.819118e-01   9.969488e-01
   7.801204e-01   2.731934e-01   2.581859e-01   1.916690e-01   2.594187e-02   2.345553e-03   2.899047e-07   8.785538e-01   8.860976e-01   9.521822e-01   9.676456e-01   9.372049e-01   9.120134e-01   9.788816e-01   9.441605e-01   9.826322e-01   9.753239e-01
   8.541344e-01   3.905902e-01   2.739734e-01   3.704021e-01   1.673992e-02   1.864442e-03   3.230177e-07   8.813876e-01   9.179694e-01   8.624617e-01   9.034691e-01   9.539111e-01   9.848678e-01   9.848512e-01   9.783768e-01   9.957448e-01   9.989461e-01
   8.853837e-01   2.549663e-01   2.410431e-01   2.091030e-01   0.000000e+00   1.959556e-03   3.664601e-07   7.588141e-01   9.856254e-01   7.226783e-01   9.030782e-01   9.202469e-01   9.711438e-01   9.010249e-01   9.767569e-01   9.788532e-01   9.775917e-01
   7.789322e-01   3.299033e-01   2.264106e-01   2.494554e-01   6.617230e-02   2.030417e-03   1.020975e-08   9.806125e-01   9.162651e-01   9.358947e-01   9.731349e-01   9.975039e-01   9.941761e-01   9.675416e-01   9.319805e-01   9.698105e-01   9.749747e-01
   9.954400e-01   3.167391e-01   2.681604e-01   4.191419e-01   2.783143e-02   1.236738e-03   2.953226e-07   9.482062e-01   9.913129e-01   7.331919e-01   9.057862e-01   9.550807e-01   9.890756e-01   9.825964e-01   8.697347e-01   1.000000e+00   9.990182e-01
   8.071980e-01   3.335559e-01   1.592435e-01   1.088874e-01   2.584690e-02   2.451388e-03   3.223106e-07   9.858186e-01   9.189528e-01   8.789604e-01   9.838606e-01   9.110581e-01   9.964077e-01   9.469232e-01   9.970405e-01   9.907237e-01   9.987612e-01
   8.820940e-01   3.166297e-01   2.983243e-01   3.968494e-01   7.103419e-02   1.459697e-03   3.234920e-07   7.679198e-01   9.773871e-01   8.628943e-01   9.182921e-01   9.687589e-01   8.385672e-01   9.285708e-01   9.975214e-01   9.339906e-01   9.982708e-01
   8.135133e-01   3.162523e-01   2.646024e-01   2.011639e-01   7.507392e-02   2.324044e-03   2.901306e-07   8.837448e-01   9.180287e-01   9.407143e-01   9.632249e-01   9.997924e-01   9.951210e-01   9.990405e-01   9.627886e-01   9.984288e-01   9.981502e-01
   1.000000e+00   3.482140e-01   2.622734e-01   2.452834e-01   1.200200e-02   2.324029e-03   2.967191e-07   9.494779e-01   9.538248e-01   7.504167e-01   9.678014e-01   9.503852e-01   9.951366e-01   9.986655e-01   9.186881e-01   8.511550e-01   9.982550e-01
   9.192357e-01   2.910362e-01   2.681442e-01   4.176039e-01   2.955633e-02   1.846866e-03   2.345405e-07   7.706096e-01   9.858848e-01   7.424725e-01   9.958597e-01   9.937245e-01   9.872401e-01   8.944696e-01   8.722254e-01   8.442997e-01   1.000000e+00
   7.587066e-01   3.204031e-01   3.786513e-01   1.804836e-01   7.278025e-02   2.305683e-03   3.294433e-07   9.696494e-01   9.522204e-01   9.319481e-01   9.959896e-01   9.947186e-01   1.000000e+00   9.806972e-01   9.731858e-01   9.489004e-01   9.967948e-01
   9.960044e-01   3.540812e-01   2.722934e-01   1.429958e-01   6.539529e-02   2.052837e-03   3.566690e-07   7.177784e-01   9.613382e-01   8.625634e-01   9.401065e-01   8.849270e-01   9.357886e-01   9.785470e-01   9.997812e-01   9.854176e-01   9.989966e-01
   8.758116e-01   3.409567e-01   2.459323e-01   1.495572e-01   4.690671e-02   1.479935e-03   3.633817e-07   8.904987e-01   9.573846e-01   9.480148e-01   9.055690e-01   9.574106e-01   9.975820e-01   9.737272e-01   9.917862e-01   9.839109e-01   9.995104e-01
   7.596378e-01   2.918829e-01   2.623259e-01   1.648721e-01   4.782395e-02   1.474708e-03   2.401296e-07   8.722949e-01   9.522204e-01   8.495373e-01   9.959896e-01   9.946667e-01   9.905130e-01   9.996739e-01   9.731858e-01   9.489004e-01   9.999992e-01
   8.757052e-01   2.913354e-01   3.789606e-01   1.020902e-01   7.124979e-02   1.797704e-03   3.594593e-07   7.695972e-01   9.562676e-01   8.667574e-01   9.707969e-01   9.128704e-01   9.023656e-01   9.475259e-01   9.981987e-01   9.307838e-01   9.982556e-01
   7.541773e-01   4.695241e-01   3.790637e-01   2.136377e-01   4.647018e-02   2.347716e-03   1.666200e-07   9.180583e-01   9.862703e-01   8.986698e-01   9.712982e-01   9.704481e-01   9.761615e-01   9.473723e-01   9.741587e-01   9.838033e-01   9.988366e-01
   7.548363e-01   2.918530e-01   2.616598e-01   1.638889e-01   2.578820e-02   1.045081e-03   1.651817e-07   8.714125e-01   9.573928e-01   8.513998e-01   9.731998e-01   9.692056e-01   9.508091e-01   1.000000e+00   9.712697e-01   8.576862e-01   9.977526e-01
   8.433294e-01   3.193005e-01   2.622779e-01   3.713145e-01   4.759309e-02   1.864442e-03   3.237094e-07   8.813636e-01   9.191916e-01   8.624617e-01   9.695957e-01   9.542145e-01   9.884100e-01   9.924393e-01   9.770718e-01   9.957448e-01   9.758982e-01
   7.771892e-01   2.447278e-01   2.287382e-01   1.904087e-01   3.813406e-02   2.325607e-03   2.747070e-07   9.806125e-01   9.544720e-01   9.629357e-01   9.454098e-01   1.000000e+00   9.902684e-01   9.677678e-01   9.785729e-01   9.832334e-01   9.749747e-01
   8.221527e-01   3.162523e-01   2.539411e-01   1.641726e-01   7.113007e-02   2.322223e-03   2.904298e-07   7.722389e-01   8.044285e-01   9.407143e-01   9.147247e-01   9.361378e-01   9.443549e-01   1.000000e+00   9.595765e-01   9.852729e-01   1.000000e+00
   7.801204e-01   2.368329e-01   2.622040e-01   1.886462e-01   1.872377e-01   2.354142e-03   3.231274e-07   7.887411e-01   8.939492e-01   9.526686e-01   9.787302e-01   9.810939e-01   9.716553e-01   9.789476e-01   9.965156e-01   9.826322e-01   9.753239e-01
   8.729135e-01   2.880051e-01   3.864123e-01   1.400115e-01   3.409484e-02   2.344050e-03   3.634012e-07   8.761089e-01   9.825002e-01   9.707672e-01   9.469704e-01   9.569038e-01   9.962267e-01   9.731799e-01   9.768994e-01   9.839239e-01   1.000000e+00
   8.388544e-01   2.843544e-01   2.582169e-01   1.649601e-01   8.432759e-02   2.043394e-03   2.905721e-07   8.842001e-01   8.845944e-01   9.479889e-01   9.409751e-01   9.388220e-01   9.096779e-01   9.973175e-01   9.439991e-01   9.830968e-01   9.999804e-01
   7.981574e-01   3.487198e-01   2.498788e-01   3.624770e-01   3.851789e-02   2.000387e-03   2.986082e-07   8.856188e-01   9.855424e-01   9.420011e-01   8.688441e-01   7.669491e-01   9.926573e-01   9.994171e-01   9.004363e-01   9.734777e-01   9.763958e-01
   7.810579e-01   3.624090e-01   2.681604e-01   1.915861e-01   2.556476e-02   1.846379e-03   3.231198e-07   7.686822e-01   9.774057e-01   9.508951e-01   9.670728e-01   9.116350e-01   9.023656e-01   9.794033e-01   9.965005e-01   9.307838e-01   9.982564e-01
   8.765518e-01   2.880051e-01   3.864123e-01   1.914075e-01   3.538206e-02   7.341240e-04   3.235025e-07   8.874692e-01   8.892667e-01   9.517144e-01   9.675289e-01   9.811598e-01   9.717033e-01   9.784944e-01   9.768994e-01   9.826583e-01   9.976373e-01
   1.000000e+00   2.589482e-01   2.498788e-01   1.377914e-01   4.604930e-02   2.358287e-03   2.901639e-07   8.838490e-01   9.550334e-01   9.849308e-01   8.688441e-01   1.000000e+00   9.951756e-01   9.994171e-01   8.925697e-01   9.734777e-01   9.766317e-01
   7.957059e-01   3.207934e-01   2.229918e-01   1.893637e-01   2.866119e-02   9.796418e-04   3.285976e-07   8.613200e-01   9.265352e-01   8.567427e-01   9.774988e-01   9.987360e-01   9.891751e-01   9.807996e-01   9.822829e-01   9.822440e-01   1.000000e+00
   9.144013e-01   3.577906e-01   3.712298e-01   3.519217e-01   1.802289e-02   2.315277e-03   2.404241e-07   8.730852e-01   9.841140e-01   8.503808e-01   8.805001e-01   9.857296e-01   1.000000e+00   9.994855e-01   9.726041e-01   8.557435e-01   9.999664e-01
   9.990779e-01   4.674202e-01   3.475997e-01   2.989851e-02   4.789154e-02   1.869463e-03   1.954573e-07   8.771165e-01   9.557843e-01   8.658897e-01   9.454947e-01   9.208080e-01   9.925024e-01   9.507410e-01   9.926634e-01   9.925845e-01   9.987576e-01
   8.935672e-01   3.069791e-01   2.593175e-01   1.997109e-01   7.103419e-02   3.076551e-03   3.234920e-07   8.684718e-01   9.776874e-01   8.666984e-01   9.700338e-01   9.561155e-01   9.698747e-01   9.798542e-01   9.983991e-01   9.348676e-01   9.982758e-01
   8.738651e-01   3.445855e-01   3.802981e-01   2.450680e-01   3.272768e-02   6.602761e-04   3.728908e-07   8.876343e-01   9.833822e-01   7.857411e-01   9.633899e-01   9.565137e-01   9.714259e-01   9.970349e-01   9.999090e-01   9.864657e-01   9.998717e-01
   1.000000e+00   3.414358e-01   2.591904e-01   4.280936e-01   4.860977e-02   1.493285e-03   2.848883e-07   8.126570e-01   9.614996e-01   9.458457e-01   9.311580e-01   9.822046e-01   9.906764e-01   9.931261e-01   9.775352e-01   1.000000e+00   9.997926e-01
   1.000000e+00   2.907385e-01   2.734999e-01   2.881891e-01   6.745019e-02   1.998169e-03   2.871455e-07   7.555302e-01   9.728376e-01   9.644703e-01   9.781558e-01   9.997048e-01   9.851528e-01   9.317204e-01   8.889757e-01   9.303464e-01   9.736225e-01
   8.759307e-01   3.192126e-01   2.525495e-01   1.382109e-01   4.018407e-02   2.284980e-03   3.605574e-07   8.674961e-01   9.568345e-01   9.072915e-01   9.018856e-01   1.000000e+00   9.881082e-01   9.065364e-01   9.911535e-01   9.784270e-01   9.753711e-01
   8.194174e-01   2.898234e-01   2.591345e-01   1.437010e-01   8.399111e-02   2.720933e-03   2.899967e-07   8.828281e-01   8.845944e-01   9.489780e-01   9.770486e-01   8.854144e-01   9.354131e-01   9.786295e-01   9.418003e-01   9.830698e-01   1.000000e+00
   9.796289e-01   3.404443e-01   5.236477e-01   1.740129e-01   2.735889e-02   9.478596e-04   2.694065e-07   8.723430e-01   9.578688e-01   8.625633e-01   9.707521e-01   9.544693e-01   9.019752e-01   9.875330e-01   9.980861e-01   9.935780e-01   9.985030e-01
   8.198913e-01   2.897218e-01   2.582158e-01   1.649601e-01   8.432759e-02   2.316035e-03   3.619706e-07   8.838705e-01   8.839428e-01   9.484109e-01   9.734073e-01   9.367558e-01   9.096779e-01   9.777098e-01   9.440333e-01   9.830968e-01   9.999863e-01
   7.916616e-01   3.476490e-01   2.283987e-01   1.638889e-01   4.184748e-02   2.287842e-03   2.985318e-07   9.518561e-01   9.520440e-01   9.434742e-01   9.473252e-01   9.961883e-01   9.321633e-01   1.000000e+00   9.994150e-01   9.780502e-01   9.984441e-01
   8.937031e-01   3.400055e-01   2.744720e-01   2.909148e-01   8.490932e-02   2.316122e-03   2.886989e-07   8.938436e-01   9.174055e-01   8.615388e-01   9.733560e-01   9.986872e-01   1.000000e+00   9.798781e-01   9.879890e-01   9.009288e-01   9.765183e-01
   8.367070e-01   3.190828e-01   3.760353e-01   1.841093e-01   7.622790e-02   1.668822e-03   1.309152e-04   8.672008e-01   9.659588e-01   8.623863e-01   9.004525e-01   9.545995e-01   9.731003e-01   9.079062e-01   9.766489e-01   9.998739e-01   9.989395e-01
