   1.328074e-01   1.121689e-02   1.431970e-04   0.000000e+00   0.000000e+00   1.099702e-04   1.125664e-01   1.080318e-02   0.000000e+00   1.179382e-04   8.739421e-01   6.849943e-01   7.683554e-01   7.737820e-01   8.113479e-01   8.911385e-01   5.956853e-01   5.988861e-01   9.962911e-01   2.271850e-01
   7.699257e-02   0.000000e+00   7.125413e-06   1.594422e-03   0.000000e+00   4.008548e-04   2.420925e-03   3.977718e-04   0.000000e+00   0.000000e+00   8.865991e-01   6.818271e-01   7.432497e-01   7.768602e-01   8.482443e-01   9.439570e-01   5.993683e-01   6.806363e-01   9.952824e-01   2.070593e-01
   3.110102e-04   8.184529e-04   1.797714e-02   4.720092e-02   3.902546e-02   2.318449e-02   6.642592e-04   0.000000e+00   1.628621e-02   2.670162e-04   8.821137e-01   6.546765e-01   7.710222e-01   8.796703e-01   8.109016e-01   8.945153e-01   5.956655e-01   6.170200e-01   9.951900e-01   2.083013e-01
   7.607538e-02   3.383295e-04   2.166949e-04   3.558907e-02   1.572632e-03   2.973897e-04   8.765900e-04   4.822325e-04   5.971265e-02   0.000000e+00   8.811539e-01   6.994581e-01   7.695706e-01   7.736356e-01   8.116309e-01   9.153086e-01   6.140839e-01   5.753637e-01   9.999346e-01   2.110318e-01
   2.848554e-02   1.946154e-03   0.000000e+00   2.894944e-02   4.693016e-02   7.476679e-02   5.462599e-03   8.299423e-04   0.000000e+00   2.159779e-02   8.552636e-01   7.182117e-01   7.763330e-01   7.732750e-01   7.997261e-01   8.912605e-01   5.495822e-01   5.722414e-01   9.951386e-01   2.069755e-01
   6.265694e-02   3.702430e-01   1.590764e-02   8.838658e-01   4.121888e-03   2.731323e-03   1.690366e-04   5.646356e-06   1.848617e-02   1.254350e-03   8.788729e-01   6.745736e-01   7.680937e-01   7.640625e-01   9.639928e-01   8.918984e-01   6.150727e-01   5.350327e-01   6.936887e-01   2.054403e-01
   9.633377e-02   1.222241e-02   6.791144e-05   9.305348e-03   5.682269e-02   1.174231e-02   7.190556e-02   5.444101e-04   1.244772e-03   1.119138e-03   8.475203e-01   4.563485e-01   7.878888e-01   8.949988e-01   8.149021e-01   9.471138e-01   7.470596e-01   5.970361e-01   9.983265e-01   2.229731e-01
   2.237390e-03   3.928597e-04   4.073443e-02   1.854611e-03   4.874244e-05   0.000000e+00   0.000000e+00   4.501519e-04   0.000000e+00   6.147819e-05   8.755015e-01   6.997237e-01   7.429606e-01   7.721693e-01   8.088076e-01   9.140416e-01   6.013032e-01   6.182006e-01   9.842232e-01   2.109704e-01
   1.569118e-03   1.243580e-03   7.707208e-04   3.836156e-02   5.542304e-02   1.712167e-02   3.086887e-06   1.338672e-04   1.303693e-05   1.423486e-02   8.826169e-01   7.101993e-01   7.673268e-01   7.731431e-01   9.171614e-01   8.947075e-01   6.185210e-01   5.666234e-01   9.834863e-01   2.110658e-01
   3.423912e-02   4.602896e-03   8.493485e-04   0.000000e+00   0.000000e+00   1.652429e-05   0.000000e+00   3.999983e-04   3.872435e-02   9.483645e-01   8.751559e-01   6.830777e-01   7.696861e-01   7.692879e-01   9.178847e-01   8.935799e-01   5.973716e-01   6.499434e-01   9.992949e-01   2.866075e-01
   7.291292e-02   2.199581e-02   0.000000e+00   2.448263e-03   4.516936e-04   3.329121e-03   1.505870e-01   4.026121e-04   6.869993e-02   3.908890e-02   8.821081e-01   6.369287e-01   7.271240e-01   7.752420e-01   8.086019e-01   8.912639e-01   5.989054e-01   6.501804e-01   9.825458e-01   2.354118e-01
   1.791239e-03   1.151107e-02   1.409121e-01   0.000000e+00   6.036360e-02   2.120004e-01   2.180127e-03   3.837607e-04   0.000000e+00   1.067781e-03   8.756246e-01   6.849556e-01   7.693153e-01   7.742472e-01   9.197422e-01   8.941677e-01   6.244606e-01   5.728842e-01   9.979664e-01   2.313208e-01
   4.548580e-04   4.644892e-02   7.698674e-04   0.000000e+00   1.997910e-05   6.168966e-02   1.132719e-01   3.355912e-04   7.406130e-01   3.087882e-03   8.559535e-01   6.563287e-01   7.351767e-01   8.665494e-01   8.105105e-01   8.944981e-01   5.995410e-01   6.602749e-01   9.995372e-01   2.482107e-01
   5.007726e-02   2.082592e-02   1.470068e-04   0.000000e+00   3.697407e-04   2.737369e-03   0.000000e+00   4.453858e-04   7.547008e-03   3.148683e-03   8.756936e-01   7.096286e-01   7.696078e-01   7.749154e-01   8.100442e-01   8.851093e-01   5.989446e-01   5.865811e-01   9.952102e-01   2.274288e-01
   2.223577e-03   2.397229e-03   6.701258e-02   2.991414e-04   5.659323e-02   1.039643e-01   0.000000e+00   3.908242e-02   0.000000e+00   9.179837e-04   8.818328e-01   6.976084e-01   7.524543e-01   7.746349e-01   8.021173e-01   8.943953e-01   6.036992e-01   6.141063e-01   9.950869e-01   2.110658e-01
   2.263290e-03   3.922742e-04   4.071603e-02   2.928300e-04   4.874244e-05   1.104892e-01   0.000000e+00   4.501519e-04   4.408636e-02   6.147819e-05   8.755015e-01   6.997237e-01   7.429808e-01   8.688695e-01   7.999573e-01   9.134830e-01   5.973081e-01   5.822288e-01   6.821134e-01   2.084852e-01
   3.024399e-02   4.430625e-02   3.597637e-03   0.000000e+00   5.661781e-02   1.683340e-02   1.772760e-04   4.066190e-04   4.382640e-02   4.104133e-02   8.916337e-01   6.927087e-01   7.693457e-01   8.037084e-01   9.193538e-01   8.914027e-01   6.085549e-01   5.845046e-01   9.949137e-01   2.109104e-01
   4.473492e-04   9.434656e-03   2.033951e-04   7.009161e-05   0.000000e+00   2.492365e-04   1.163713e-01   3.229869e-04   4.717406e-02   4.983952e-02   8.821283e-01   7.013604e-01   7.449556e-01   7.732126e-01   8.084460e-01   8.941691e-01   5.971160e-01   6.890830e-01   9.914903e-01   2.065472e-01
   2.711787e-03   1.222241e-02   3.744568e-02   2.855446e-02   5.795759e-02   1.174231e-02   7.190556e-02   5.444101e-04   1.047334e-02   1.119138e-03   8.475203e-01   4.563485e-01   7.409778e-01   8.989530e-01   8.149021e-01   9.436128e-01   7.470596e-01   6.486664e-01   9.985032e-01   2.228233e-01
   1.338636e-01   1.175393e-03   2.009382e-04   0.000000e+00   0.000000e+00   1.567612e-02   1.311929e-01   3.930628e-02   4.607009e-02   9.177256e-04   8.818328e-01   6.976084e-01   7.430969e-01   7.732106e-01   8.084505e-01   8.911572e-01   5.484207e-01   6.883588e-01   9.808201e-01   2.509580e-01
   4.242794e-02   3.093451e-04   3.027002e-02   1.854670e-03   1.666186e-03   8.079397e-02   2.227145e-03   5.120439e-02   3.956804e-02   2.186030e-03   8.808615e-01   6.684693e-01   7.701284e-01   8.665006e-01   8.106350e-01   9.133524e-01   5.844724e-01   5.601739e-01   9.994011e-01   2.065522e-01
   5.939853e-02   0.000000e+00   1.643884e-02   3.040949e-04   4.683548e-02   1.739936e-05   2.674262e-05   3.030767e-04   6.067762e-03   2.999859e-03   8.757088e-01   6.904384e-01   7.306001e-01   8.701140e-01   8.272178e-01   8.912758e-01   5.976027e-01   5.846970e-01   9.961746e-01   2.227721e-01
   5.500153e-02   0.000000e+00   1.797714e-02   0.000000e+00   3.902546e-02   0.000000e+00   5.021864e-06   0.000000e+00   1.666134e-02   2.670162e-04   8.820809e-01   6.556042e-01   7.710222e-01   8.796703e-01   8.805377e-01   8.945153e-01   5.956655e-01   6.170200e-01   9.951900e-01   2.109042e-01
   1.463701e-03   4.155481e-04   2.252165e-02   1.338156e-03   0.000000e+00   3.360078e-05   1.516361e-03   1.059426e-03   4.371505e-02   1.016963e-03   8.776730e-01   6.811421e-01   7.322075e-01   8.010908e-01   8.099147e-01   8.921397e-01   5.990940e-01   5.822193e-01   9.905570e-01   1.982269e-01
   7.954250e-02   2.402766e-04   5.323901e-03   1.193066e-03   2.188233e-05   5.872728e-04   8.301736e-02   5.832368e-05   0.000000e+00   3.249237e-03   8.757199e-01   6.904567e-01   7.359652e-01   7.739893e-01   9.187206e-01   8.908345e-01   5.973664e-01   6.155119e-01   9.965624e-01   2.075041e-01
   4.548580e-04   3.562077e-03   7.698674e-04   0.000000e+00   1.997910e-05   6.098591e-02   1.132719e-01   3.175639e-04   7.406130e-01   9.310179e-04   8.559535e-01   7.002667e-01   7.351767e-01   8.665494e-01   8.105105e-01   8.944981e-01   6.083647e-01   6.890418e-01   9.995372e-01   2.254049e-01
   3.166421e-04   6.954268e-04   3.062814e-02   0.000000e+00   5.048811e-04   6.052404e-02   3.314041e-03   8.784870e-06   7.219160e-01   7.764084e-02   8.939087e-01   6.568023e-01   7.702184e-01   6.348283e-01   8.111810e-01   8.944982e-01   5.995885e-01   4.893401e-01   9.999364e-01   2.062078e-01
   4.711901e-04   6.517684e-05   3.696598e-02   1.927440e-07   4.712890e-02   2.400185e-03   2.354366e-03   5.059916e-04   1.081976e-02   3.380511e-03   8.549076e-01   6.881574e-01   7.776675e-01   8.954911e-01   8.120193e-01   8.912468e-01   6.181617e-01   6.474956e-01   9.950497e-01   2.091083e-01
   2.223577e-03   2.397229e-03   6.275481e-02   7.678709e-03   5.672950e-02   1.039643e-01   0.000000e+00   3.929991e-02   0.000000e+00   9.179837e-04   8.818328e-01   6.976084e-01   7.524543e-01   7.746349e-01   8.543995e-01   8.943953e-01   5.993804e-01   6.140557e-01   9.949817e-01   2.110247e-01
   7.699257e-02   2.493328e-03   0.000000e+00   8.127845e-03   0.000000e+00   1.675314e-03   2.420925e-03   0.000000e+00   0.000000e+00   0.000000e+00   8.817494e-01   6.975370e-01   7.432497e-01   7.744239e-01   8.508047e-01   9.439570e-01   5.993161e-01   6.141085e-01   9.950961e-01   2.070028e-01
   3.768463e-02   0.000000e+00   0.000000e+00   1.860285e-03   1.582167e-03   2.145365e-03   0.000000e+00   3.994525e-04   4.332695e-02   9.380057e-01   8.810572e-01   6.922422e-01   7.696015e-01   7.733632e-01   7.292382e-01   9.110077e-01   6.006885e-01   5.428004e-01   1.000000e+00   2.359735e-01
   1.634244e-03   2.653641e-02   1.780062e-04   1.197883e-03   1.993588e-06   1.588784e-04   7.780616e-02   6.199906e-02   2.026576e-03   4.699387e-02   8.822366e-01   7.105485e-01   7.675252e-01   8.681223e-01   8.011461e-01   8.948633e-01   6.191005e-01   5.829093e-01   9.990495e-01   2.337001e-01
   5.331665e-02   4.034316e-02   1.088326e-04   2.239707e-04   2.006108e-07   3.214876e-03   5.374677e-03   3.273085e-02   5.291915e-06   3.367582e-03   8.729213e-01   6.953152e-01   7.685222e-01   7.675440e-01   8.049744e-01   8.928116e-01   6.522407e-01   6.522152e-01   9.976361e-01   2.081838e-01
   4.027404e-04   4.612081e-02   6.392487e-04   0.000000e+00   2.523174e-03   2.574937e-05   7.194415e-02   4.009692e-02   7.340384e-01   2.057211e-03   8.562078e-01   6.953145e-01   7.261853e-01   9.198134e-01   9.358072e-01   8.945033e-01   5.257651e-01   5.827640e-01   9.999337e-01   2.065375e-01
   3.166421e-04   3.973791e-04   3.084229e-02   1.890817e-03   5.048811e-04   1.640748e-05   3.314041e-03   8.784870e-06   5.814419e-02   7.764084e-02   8.939087e-01   6.897599e-01   7.702184e-01   6.432324e-01   8.080304e-01   8.945136e-01   6.013114e-01   4.953766e-01   1.000000e+00   2.062078e-01
   4.022173e-04   9.425885e-03   3.806341e-02   3.744635e-05   2.628610e-03   7.418139e-04   1.302056e-01   4.533787e-04   1.050748e-02   1.282085e-03   8.816376e-01   6.880922e-01   7.360492e-01   7.732162e-01   8.119805e-01   8.931576e-01   5.967505e-01   6.480905e-01   9.920010e-01   2.116003e-01
   3.675144e-05   0.000000e+00   6.710580e-02   0.000000e+00   5.659323e-02   1.022890e-01   0.000000e+00   3.997900e-02   0.000000e+00   9.302918e-04   8.130100e-01   7.043218e-01   7.524543e-01   7.746377e-01   8.021173e-01   8.943953e-01   6.085321e-01   6.151538e-01   9.996280e-01   2.111223e-01
   2.506643e-03   4.444301e-02   6.793960e-04   2.737290e-02   0.000000e+00   6.222445e-04   1.311958e-01   8.906033e-05   1.516045e-02   2.831792e-02   8.801521e-01   6.927087e-01   7.877156e-01   7.737200e-01   8.108660e-01   8.915431e-01   5.990082e-01   6.210449e-01   6.986279e-01   2.106455e-01
   2.266279e-03   3.746974e-04   0.000000e+00   0.000000e+00   6.722413e-07   1.052984e-01   1.085993e-01   3.807190e-02   2.729117e-03   4.625947e-02   8.926534e-01   6.563248e-01   7.430600e-01   8.954276e-01   8.011207e-01   8.942711e-01   5.982805e-01   6.844287e-01   6.854901e-01   1.878231e-01
   4.605297e-04   9.380677e-04   0.000000e+00   8.814045e-04   6.272915e-05   8.206332e-02   1.290619e-01   6.161285e-02   7.846820e-01   6.088219e-05   8.919856e-01   6.978381e-01   7.689224e-01   7.724831e-01   8.072170e-01   9.138028e-01   5.999064e-01   5.845152e-01   9.843503e-01   2.345712e-01
   4.548580e-04   4.644892e-02   7.698674e-04   0.000000e+00   1.625321e-03   6.168966e-02   0.000000e+00   3.992138e-04   7.209581e-01   3.087882e-03   8.581272e-01   6.563287e-01   7.351767e-01   8.665494e-01   8.099567e-01   9.106394e-01   5.997101e-01   6.602749e-01   9.950636e-01   2.482107e-01
   1.172197e-03   4.217843e-04   2.011083e-04   4.503588e-03   4.502267e-02   0.000000e+00   3.081780e-03   2.229249e-03   0.000000e+00   0.000000e+00   8.755523e-01   6.976084e-01   7.435601e-01   7.731034e-01   9.140432e-01   9.137032e-01   6.014524e-01   6.875103e-01   9.950841e-01   2.108177e-01
   4.548580e-04   4.644892e-02   2.300409e-04   0.000000e+00   0.000000e+00   6.379770e-02   1.132719e-01   3.355912e-04   7.498093e-01   3.061441e-03   8.559535e-01   6.563501e-01   7.683734e-01   8.665494e-01   8.105155e-01   9.151488e-01   5.975715e-01   6.602749e-01   9.995372e-01   2.482107e-01
   1.992014e-06   4.068168e-04   7.839088e-04   1.798629e-03   1.452928e-03   2.186058e-04   1.228274e-05   6.858110e-05   0.000000e+00   2.223716e-04   8.826192e-01   6.597435e-01   7.849961e-01   7.736537e-01   8.109310e-01   9.141640e-01   6.166570e-01   6.543832e-01   9.951251e-01   2.263705e-01
   4.734940e-04   3.562077e-03   7.698674e-04   0.000000e+00   1.863094e-04   9.499941e-02   1.132719e-01   3.175639e-04   7.406130e-01   9.310179e-04   8.553569e-01   7.002667e-01   7.351767e-01   8.665494e-01   8.113629e-01   9.128566e-01   6.083647e-01   6.890418e-01   9.995372e-01   2.113732e-01
   5.444069e-02   2.115333e-05   7.744175e-04   3.738287e-02   3.651140e-04   4.743491e-04   0.000000e+00   1.338672e-04   1.297077e-05   1.423486e-02   8.826859e-01   7.100599e-01   7.673268e-01   7.733612e-01   8.191224e-01   7.894612e-01   6.177018e-01   5.666234e-01   9.995513e-01   2.110658e-01
   1.257717e-03   3.752895e-07   2.433478e-02   0.000000e+00   7.006214e-07   4.605636e-02   5.346818e-06   3.732820e-04   7.465668e-02   0.000000e+00   9.957997e-01   7.009217e-01   7.695487e-01   7.777697e-01   8.092852e-01   8.944521e-01   5.165889e-01   6.876024e-01   1.000000e+00   2.249879e-01
   0.000000e+00   1.600595e-03   0.000000e+00   8.425316e-04   0.000000e+00   6.465929e-04   1.782266e-01   3.330438e-02   2.222151e-02   2.211038e-03   8.753449e-01   6.469380e-01   7.624972e-01   8.057429e-01   8.073477e-01   8.948879e-01   5.988835e-01   6.451813e-01   9.998137e-01   2.275564e-01
   8.590328e-04   4.305298e-02   4.267371e-02   7.268559e-03   1.441397e-03   0.000000e+00   0.000000e+00   4.509299e-04   0.000000e+00   1.250693e-04   8.819117e-01   6.998654e-01   7.696413e-01   7.731439e-01   8.088021e-01   9.138203e-01   6.612702e-01   6.436704e-01   9.998794e-01   2.109927e-01
   0.000000e+00   1.550865e-03   4.531768e-02   0.000000e+00   2.843019e-06   4.577746e-03   1.821532e-03   2.931013e-05   1.750955e-04   3.467734e-03   8.740240e-01   6.955788e-01   7.679963e-01   7.779869e-01   8.354280e-01   8.944505e-01   5.882587e-01   5.655064e-01   9.999346e-01   2.253611e-01
   2.104621e-02   9.611433e-03   5.148238e-02   1.504693e-04   0.000000e+00   3.631009e-04   2.042906e-03   5.944850e-04   7.585695e-01   1.002430e-03   8.821349e-01   7.048494e-01   7.451730e-01   8.014560e-01   8.477231e-01   8.921333e-01   5.971023e-01   5.822193e-01   9.916392e-01   2.253133e-01
   0.000000e+00   6.110997e-04   0.000000e+00   1.983646e-03   2.405849e-03   5.207018e-03   2.007699e-03   2.869074e-04   0.000000e+00   0.000000e+00   8.799106e-01   7.140949e-01   7.576232e-01   7.849259e-01   8.107198e-01   9.151175e-01   5.797652e-01   6.588381e-01   9.951980e-01   2.249647e-01
   3.894730e-02   4.289693e-04   4.514427e-03   1.550171e-03   4.231639e-05   2.120888e-03   0.000000e+00   4.501519e-04   4.408636e-02   6.147819e-05   8.755015e-01   6.927524e-01   7.422256e-01   8.688695e-01   8.399355e-01   8.902248e-01   5.973639e-01   5.846075e-01   6.821134e-01   2.341523e-01
   1.485793e-03   1.112520e-03   3.717886e-05   3.112442e-03   5.424316e-02   1.689454e-02   0.000000e+00   0.000000e+00   7.924437e-01   9.486303e-04   8.825028e-01   7.041042e-01   7.424044e-01   7.892889e-01   8.021959e-01   8.596065e-01   6.083988e-01   6.885775e-01   9.788099e-01   2.111473e-01
   1.992014e-06   4.094805e-04   2.235480e-05   1.798629e-03   1.594579e-05   1.998264e-03   0.000000e+00   1.043916e-03   0.000000e+00   1.306324e-03   8.826192e-01   6.597435e-01   7.871830e-01   7.737215e-01   8.302020e-01   9.148724e-01   6.166570e-01   6.551060e-01   9.951980e-01   2.109502e-01
   2.237390e-03   1.856704e-06   4.019351e-02   1.791611e-03   7.689419e-03   1.096559e-01   0.000000e+00   5.178436e-02   0.000000e+00   1.100146e-03   8.755015e-01   7.031985e-01   7.429798e-01   7.734364e-01   8.087913e-01   9.133404e-01   5.846514e-01   6.182006e-01   9.840678e-01   2.084902e-01
   1.832122e-03   8.441606e-04   5.222308e-02   1.031054e-03   4.886728e-02   2.363939e-03   2.354533e-03   4.475605e-05   6.514775e-02   2.595788e-04   8.554214e-01   7.180226e-01   7.345122e-01   7.835079e-01   8.108802e-01   8.912280e-01   6.161691e-01   6.872493e-01   9.950471e-01   2.103886e-01
   1.959966e-03   2.014009e-03   2.632044e-04   0.000000e+00   0.000000e+00   1.052984e-01   1.085993e-01   3.807190e-02   2.729117e-03   4.625947e-02   8.923880e-01   6.563248e-01   7.426889e-01   8.954276e-01   8.008913e-01   8.942711e-01   5.983376e-01   6.844287e-01   6.854901e-01   1.884837e-01
   1.361587e-03   4.657150e-02   3.822450e-06   1.119161e-03   0.000000e+00   0.000000e+00   1.512458e-03   5.235315e-04   7.224444e-01   5.870717e-06   8.983742e-01   7.051312e-01   7.302224e-01   8.009160e-01   8.508047e-01   8.935525e-01   5.993683e-01   5.897905e-01   9.996289e-01   2.076903e-01
   3.121821e-04   2.927709e-05   1.113041e-02   2.654124e-05   1.803350e-06   3.567838e-02   7.179947e-04   3.336907e-03   3.476647e-02   5.568230e-03   8.862994e-01   7.057531e-01   7.723384e-01   8.065593e-01   9.331871e-01   9.432605e-01   5.996106e-01   6.499800e-01   9.948969e-01   2.497609e-01
   2.128065e-02   4.131186e-04   0.000000e+00   1.142995e-02   6.824131e-08   6.684275e-04   2.465434e-03   1.404731e-03   7.479164e-01   4.511205e-02   8.757199e-01   7.101179e-01   7.283899e-01   7.739444e-01   8.292944e-01   8.934440e-01   5.969855e-01   6.003921e-01   1.000000e+00   2.306216e-01
   2.084385e-02   6.388505e-03   7.968151e-04   7.153029e-03   2.417484e-03   1.015232e-01   1.958339e-03   3.996549e-04   3.914319e-02   2.218330e-02   8.751697e-01   7.034899e-01   7.696838e-01   7.731710e-01   8.115689e-01   8.949982e-01   5.956945e-01   6.436976e-01   9.991160e-01   2.126174e-01
   2.083829e-02   3.160893e-04   5.032790e-02   5.018402e-02   0.000000e+00   2.142759e-03   2.030624e-03   6.023792e-04   7.174303e-01   1.002430e-03   8.783288e-01   7.943190e-01   7.684538e-01   8.020060e-01   8.475119e-01   8.930933e-01   5.964694e-01   5.832964e-01   9.917121e-01   2.098930e-01
   0.000000e+00   5.453156e-02   3.822450e-06   7.987289e-03   0.000000e+00   3.491565e-05   0.000000e+00   5.275845e-04   7.803053e-01   0.000000e+00   8.983742e-01   7.051312e-01   7.671474e-01   7.752020e-01   8.763653e-01   8.914690e-01   6.070400e-01   5.671770e-01   9.978791e-01   2.265642e-01
   4.556413e-04   5.077485e-02   4.053795e-02   1.854611e-03   0.000000e+00   9.504808e-02   0.000000e+00   1.268681e-03   2.731994e-03   3.528915e-02   8.759219e-01   6.994108e-01   7.348575e-01   7.721693e-01   8.113277e-01   9.137150e-01   6.013032e-01   6.429395e-01   1.000000e+00   2.109158e-01
   1.524589e-03   1.941766e-04   0.000000e+00   8.197376e-06   0.000000e+00   0.000000e+00   1.483596e-03   4.469644e-04   1.089734e-04   8.131810e-02   8.942744e-01   6.894842e-01   7.702589e-01   7.722114e-01   8.477865e-01   8.953474e-01   6.186820e-01   6.836594e-01   9.998755e-01   2.245387e-01
   4.581908e-04   4.975447e-02   7.176220e-04   0.000000e+00   0.000000e+00   6.585998e-02   1.104005e-01   2.863094e-04   0.000000e+00   3.064256e-03   8.741359e-01   6.983100e-01   7.685103e-01   8.656507e-01   8.689266e-01   8.945133e-01   6.204875e-01   6.462374e-01   1.000000e+00   2.062183e-01
   4.695292e-04   1.000264e-03   1.223440e-04   1.202660e-03   5.505813e-02   1.701721e-02   5.483163e-03   4.196420e-02   6.616875e-08   3.367582e-03   8.781624e-01   6.954547e-01   7.686567e-01   7.731611e-01   9.167326e-01   9.688171e-01   6.523667e-01   6.516422e-01   9.836550e-01   2.138150e-01
   3.161692e-04   7.336194e-04   2.831751e-02   1.334164e-03   0.000000e+00   8.070913e-02   2.181678e-03   9.755509e-04   1.505452e-01   3.571335e-03   8.684658e-01   6.691101e-01   7.700969e-01   7.476686e-01   8.030001e-01   8.331361e-01   6.011057e-01   5.471782e-01   9.822979e-01   2.101066e-01
   3.167358e-04   2.277362e-02   1.266774e-02   8.288972e-06   1.214468e-05   8.448052e-04   1.963685e-03   4.146517e-04   7.810360e-01   0.000000e+00   8.823754e-01   6.932836e-01   7.351173e-01   7.677208e-01   8.103850e-01   8.949934e-01   6.203259e-01   5.438239e-01   9.948737e-01   2.363515e-01
   1.763038e-06   1.717509e-03   1.749172e-04   7.877495e-03   2.628610e-03   7.418139e-04   0.000000e+00   4.533787e-04   1.050748e-02   1.282085e-03   8.983064e-01   6.880922e-01   7.360492e-01   7.732162e-01   8.518620e-01   9.438906e-01   5.994080e-01   6.480905e-01   9.920010e-01   2.116028e-01
   2.394306e-04   2.326163e-04   0.000000e+00   7.009161e-05   0.000000e+00   2.492365e-04   1.163713e-01   3.308810e-04   4.499955e-02   4.983952e-02   8.783222e-01   6.947176e-01   7.682364e-01   7.736982e-01   8.084460e-01   8.941755e-01   5.964832e-01   6.890830e-01   9.914903e-01   2.065472e-01
   1.734522e-04   3.135122e-04   8.131146e-04   1.995965e-03   7.447914e-04   5.375565e-03   1.993448e-03   8.148120e-06   1.688657e-01   0.000000e+00   8.940640e-01   7.148187e-01   7.690358e-01   7.737182e-01   8.107198e-01   9.151122e-01   5.796236e-01   6.588381e-01   9.951980e-01   2.109502e-01
   2.263290e-03   3.910030e-04   4.011889e-02   3.786195e-04   4.864089e-05   8.332909e-04   0.000000e+00   4.466363e-04   4.440938e-02   6.329498e-02   8.755015e-01   6.996690e-01   7.429616e-01   8.613682e-01   7.986759e-01   9.290992e-01   5.936102e-01   5.837724e-01   7.897652e-01   2.109654e-01
   3.675144e-05   4.563577e-06   6.710580e-02   1.285573e-03   5.330410e-02   1.022890e-01   1.402703e-01   7.933372e-02   0.000000e+00   9.302918e-04   8.130100e-01   7.043218e-01   7.430779e-01   7.746377e-01   8.021295e-01   9.005575e-01   6.085321e-01   6.342691e-01   9.996280e-01   2.510553e-01
   3.647061e-05   1.941766e-04   2.546276e-04   0.000000e+00   0.000000e+00   1.105386e-08   1.483596e-03   4.469644e-04   0.000000e+00   5.884813e-03   8.818484e-01   6.988172e-01   7.268045e-01   8.755494e-01   8.052771e-01   8.953622e-01   6.186820e-01   6.813668e-01   9.949805e-01   2.244639e-01
   1.172197e-03   4.217843e-04   2.011083e-04   4.503588e-03   4.619691e-02   0.000000e+00   3.081780e-03   1.357841e-03   2.478532e-03   4.815611e-02   8.755523e-01   6.838757e-01   7.349339e-01   7.730878e-01   9.167172e-01   9.137032e-01   6.014524e-01   6.877448e-01   9.950841e-01   2.108177e-01
   8.561015e-04   4.332954e-02   3.062814e-02   0.000000e+00   5.048811e-04   4.305143e-03   3.314041e-03   8.784870e-06   5.814419e-02   7.864160e-02   8.939087e-01   6.897599e-01   7.702316e-01   7.729052e-01   8.486051e-01   8.945155e-01   5.883794e-01   4.953766e-01   9.999364e-01   2.062078e-01
   3.167358e-04   2.279724e-02   1.290468e-02   3.831347e-05   2.273874e-01   1.119720e-02   1.963685e-03   1.577308e-04   3.248571e-03   4.732686e-04   8.708404e-01   7.076641e-01   7.351240e-01   7.677208e-01   8.095757e-01   8.949934e-01   6.198269e-01   6.480741e-01   9.948038e-01   2.064452e-01
   5.734934e-02   0.000000e+00   1.797714e-02   0.000000e+00   3.902546e-02   0.000000e+00   6.534913e-06   0.000000e+00   1.666134e-02   2.670162e-04   8.820449e-01   7.037257e-01   7.421429e-01   8.848945e-01   8.805377e-01   8.945153e-01   5.956655e-01   6.170200e-01   9.839251e-01   2.109042e-01
   2.111991e-02   4.156086e-04   0.000000e+00   1.142995e-02   6.824131e-08   6.667015e-04   2.465434e-03   1.404731e-03   7.479164e-01   4.511205e-02   8.757199e-01   6.805244e-01   7.324090e-01   8.010773e-01   8.641647e-01   8.921086e-01   5.991299e-01   6.003906e-01   1.000000e+00   1.979574e-01
   4.548580e-04   6.565710e-03   7.700608e-04   0.000000e+00   1.997910e-05   6.168966e-02   0.000000e+00   3.355912e-04   7.299472e-01   3.456309e-03   8.559535e-01   6.180218e-01   7.351767e-01   8.665494e-01   8.105105e-01   9.125807e-01   5.974510e-01   6.602749e-01   9.995372e-01   2.472122e-01
   1.497279e-03   1.983033e-04   0.000000e+00   8.136924e-06   5.314319e-02   3.482487e-05   1.054981e-05   6.037042e-02   7.883590e-01   1.141697e-02   8.564051e-01   6.967715e-01   7.679329e-01   7.721820e-01   8.468390e-01   8.831077e-01   6.067557e-01   5.655855e-01   1.000000e+00   2.273376e-01
   2.272660e-03   0.000000e+00   5.182900e-02   2.543134e-04   4.864089e-05   7.455071e-04   0.000000e+00   4.183749e-05   4.410505e-02   6.436675e-02   8.751903e-01   7.187076e-01   7.429808e-01   8.626353e-01   7.788600e-01   9.134830e-01   5.936102e-01   5.855519e-01   6.821134e-01   2.084482e-01
   8.590328e-04   4.239811e-02   1.773075e-04   7.861352e-03   1.466533e-03   6.200803e-04   0.000000e+00   3.996549e-04   7.615420e-04   3.074203e-03   8.816636e-01   6.883604e-01   7.357311e-01   7.731710e-01   8.509171e-01   8.949747e-01   5.950134e-01   6.480915e-01   1.000000e+00   2.130320e-01
   2.083829e-02   4.093409e-04   5.032790e-02   1.442866e-04   1.611218e-06   3.632661e-04   1.405698e-03   6.023792e-04   7.416332e-01   1.002430e-03   8.755218e-01   7.048494e-01   7.690439e-01   7.535664e-01   8.477231e-01   8.921397e-01   5.964694e-01   5.779643e-01   9.916392e-01   2.110234e-01
   1.328049e-01   1.175393e-03   2.009382e-04   1.013148e-02   0.000000e+00   1.120905e-01   1.311929e-01   4.054501e-02   4.607009e-02   0.000000e+00   8.818978e-01   6.976084e-01   7.430969e-01   7.733841e-01   7.988554e-01   8.911572e-01   5.484207e-01   6.883588e-01   6.873101e-01   2.088279e-01
   1.763038e-06   2.179220e-04   1.749172e-04   2.216923e-03   2.700323e-03   7.560206e-04   1.222738e-05   4.531839e-04   7.337209e-04   8.370671e-02   8.946048e-01   6.880922e-01   7.695269e-01   7.732162e-01   8.478705e-01   9.438906e-01   5.989337e-01   6.480905e-01   9.920010e-01   2.116028e-01
   9.160553e-04   1.197932e-02   7.562734e-04   1.000379e-04   4.147035e-02   2.367587e-05   1.714304e-03   2.800298e-03   4.558498e-02   4.498195e-03   8.771614e-01   6.585586e-01   7.709125e-01   8.084865e-01   8.083952e-01   8.941761e-01   5.965734e-01   5.831630e-01   9.999637e-01   2.849995e-01
   8.590328e-04   9.854347e-05   4.254900e-02   0.000000e+00   1.441397e-03   0.000000e+00   0.000000e+00   4.511753e-04   0.000000e+00   1.250693e-04   8.819117e-01   6.998654e-01   7.702336e-01   7.731495e-01   8.088021e-01   9.125720e-01   6.604914e-01   6.822487e-01   9.998794e-01   2.109927e-01
   4.131228e-04   0.000000e+00   2.235480e-05   1.798629e-03   1.806437e-05   7.315589e-04   3.478538e-03   4.321265e-04   0.000000e+00   1.648831e-01   8.825923e-01   6.494402e-01   7.364840e-01   7.939765e-01   8.302020e-01   9.148236e-01   6.166570e-01   6.552286e-01   9.921199e-01   2.109502e-01
   2.260925e-03   1.927552e-04   4.117658e-02   2.543134e-04   4.964144e-05   1.104892e-01   0.000000e+00   4.466372e-04   7.632739e-05   6.436675e-02   8.754995e-01   7.031438e-01   7.428966e-01   8.626353e-01   7.986624e-01   9.134830e-01   5.934745e-01   5.837724e-01   6.821134e-01   2.084852e-01
   0.000000e+00   1.600595e-03   0.000000e+00   7.993826e-04   0.000000e+00   6.465929e-04   1.784298e-01   3.344330e-02   2.222151e-02   0.000000e+00   8.750357e-01   6.469380e-01   7.623257e-01   8.057123e-01   8.073477e-01   8.948879e-01   5.988835e-01   6.451813e-01   9.996958e-01   2.275564e-01
   0.000000e+00   5.698905e-02   3.822450e-06   0.000000e+00   0.000000e+00   6.792730e-05   0.000000e+00   5.297057e-04   7.803053e-01   0.000000e+00   8.217263e-01   7.051312e-01   7.679817e-01   7.780074e-01   8.754773e-01   8.534282e-01   6.070400e-01   5.671538e-01   9.978791e-01   2.265642e-01
   3.167358e-04   7.257240e-02   1.253432e-03   8.288972e-06   0.000000e+00   8.448052e-04   1.964429e-03   2.039030e-05   1.677997e-01   0.000000e+00   8.940794e-01   6.932836e-01   7.351173e-01   7.677208e-01   8.107136e-01   8.958127e-01   6.204771e-01   5.438239e-01   9.948731e-01   2.363515e-01
   3.655514e-05   3.241930e-05   8.034222e-03   4.584368e-05   5.659323e-02   9.346585e-03   0.000000e+00   3.997900e-02   0.000000e+00   9.302918e-04   8.139184e-01   7.043218e-01   7.525554e-01   7.850001e-01   8.021876e-01   8.943953e-01   6.093179e-01   6.131335e-01   9.952933e-01   2.111223e-01
   2.014680e-02   4.106293e-04   1.828002e-03   8.375003e-04   0.000000e+00   7.673967e-04   2.042906e-03   2.620748e-02   7.563950e-01   2.181949e-02   8.925436e-01   7.036367e-01   7.343917e-01   8.019416e-01   9.144057e-01   8.944685e-01   5.948981e-01   6.905434e-01   9.920104e-01   2.913461e-01
   2.394306e-04   2.326163e-04   1.969714e-04   3.694593e-05   0.000000e+00   2.492365e-04   1.307005e-01   3.457828e-04   4.532801e-02   4.977478e-02   8.783375e-01   6.948025e-01   7.682364e-01   7.737031e-01   9.131649e-01   9.549558e-01   5.964703e-01   6.890864e-01   9.950429e-01   2.113408e-01
   3.161692e-04   1.705719e-03   0.000000e+00   1.545623e-03   0.000000e+00   2.008998e-02   1.295741e-01   4.146857e-02   0.000000e+00   9.049434e-04   8.681133e-01   6.974146e-01   7.256709e-01   7.725497e-01   8.030001e-01   9.133108e-01   6.023376e-01   5.794217e-01   9.528074e-01   2.095266e-01
   2.048717e-02   3.171502e-04   7.615540e-04   1.222456e-02   3.530007e-02   6.684275e-04   2.465434e-03   3.314652e-02   7.806781e-01   2.161854e-03   8.753580e-01   6.474351e-01   7.615872e-01   7.742931e-01   8.072873e-01   8.916351e-01   5.969032e-01   6.453664e-01   1.000000e+00   2.306216e-01
   1.064396e-03   0.000000e+00   2.088497e-02   2.507956e-03   4.482704e-09   8.063734e-02   1.683876e-04   9.872469e-05   3.362474e-03   4.632834e-02   8.626348e-01   6.748926e-01   7.704399e-01   7.954739e-01   8.504352e-01   8.928374e-01   5.969242e-01   7.671993e-01   1.000000e+00   2.089683e-01
   4.523839e-04   1.111495e-01   7.176220e-04   0.000000e+00   2.438032e-05   6.585998e-02   1.104005e-01   2.882986e-04   0.000000e+00   3.009769e-03   8.740710e-01   6.982298e-01   7.691146e-01   8.620032e-01   8.120866e-01   8.945133e-01   6.004340e-01   6.176366e-01   1.000000e+00   2.131509e-01
   1.668850e-04   2.226758e-03   4.810634e-02   7.426500e-03   4.874244e-05   0.000000e+00   6.180890e-06   4.002908e-04   0.000000e+00   6.147819e-05   8.755015e-01   6.997237e-01   7.417745e-01   7.722287e-01   8.087769e-01   9.140416e-01   6.023112e-01   6.182006e-01   9.844297e-01   2.108897e-01
   4.548580e-04   5.243577e-02   2.300409e-04   2.636277e-03   1.213452e-02   6.379770e-02   1.132719e-01   3.189377e-04   7.498093e-01   9.272065e-02   8.559535e-01   6.901151e-01   7.683734e-01   8.678571e-01   9.112349e-01   8.945154e-01   6.015919e-01   6.602749e-01   9.995372e-01   2.059538e-01
   2.724589e-04   1.607127e-04   0.000000e+00   1.045228e-04   3.649631e-05   2.228321e-03   0.000000e+00   3.977329e-04   7.218786e-01   9.380057e-01   8.566678e-01   6.176861e-01   7.696015e-01   7.733632e-01   7.306747e-01   9.109959e-01   6.006885e-01   5.428004e-01   1.000000e+00   2.360266e-01
   1.959966e-03   3.600706e-04   2.535017e-04   0.000000e+00   1.459926e-05   3.904779e-03   1.083838e-01   3.711460e-02   2.859024e-03   4.819037e-02   8.923880e-01   6.430278e-01   7.411536e-01   8.954276e-01   8.310083e-01   8.948002e-01   6.173907e-01   6.551300e-01   6.854901e-01   2.116618e-01
   0.000000e+00   2.382053e-03   6.701258e-02   3.029036e-04   0.000000e+00   1.039643e-01   1.740780e-01   3.343554e-02   0.000000e+00   9.179837e-04   9.152390e-01   6.979552e-01   7.524543e-01   7.747704e-01   8.021173e-01   8.943953e-01   6.036992e-01   6.141063e-01   9.999490e-01   2.110658e-01
   2.114437e-02   1.432265e-03   5.119463e-02   1.504693e-04   0.000000e+00   3.631009e-04   2.042906e-03   5.944850e-04   7.578824e-01   1.002430e-03   8.821342e-01   7.048494e-01   7.423882e-01   8.014560e-01   8.483004e-01   8.921333e-01   5.971023e-01   5.996737e-01   9.783632e-01   2.253133e-01
   4.027404e-04   4.545425e-02   6.392487e-04   0.000000e+00   2.849203e-03   0.000000e+00   7.284306e-02   4.009692e-02   7.467547e-01   8.659142e-04   8.131348e-01   6.953145e-01   7.261853e-01   7.738869e-01   8.061848e-01   8.942653e-01   5.158118e-01   5.310540e-01   9.999337e-01   2.512824e-01
   0.000000e+00   4.415991e-02   5.323901e-03   4.739885e-04   2.188233e-05   5.872728e-04   8.383087e-02   4.074350e-04   0.000000e+00   3.249237e-03   8.757199e-01   6.904567e-01   7.359652e-01   7.739893e-01   8.156227e-01   8.908345e-01   5.992419e-01   6.428127e-01   9.965726e-01   2.129878e-01
   4.022173e-04   9.425885e-03   4.084561e-02   3.744635e-05   2.775073e-03   3.046627e-05   1.389100e-01   4.533787e-04   1.050748e-02   1.282085e-03   8.817564e-01   6.878740e-01   7.361121e-01   7.721794e-01   8.118509e-01   9.135328e-01   5.967505e-01   6.480905e-01   9.842436e-01   2.116003e-01
   1.763038e-06   2.372382e-03   1.749172e-04   7.284702e-03   2.628610e-03   9.800754e-02   0.000000e+00   4.533787e-04   9.745934e-03   1.282085e-03   8.985545e-01   7.044932e-01   7.700012e-01   7.732162e-01   8.125138e-01   9.438906e-01   6.656648e-01   6.436694e-01   9.918341e-01   2.116028e-01
   3.675144e-05   4.563577e-06   0.000000e+00   1.285573e-03   5.161859e-02   1.421199e-01   1.398148e-01   7.933372e-02   8.009591e-01   9.302918e-04   8.554202e-01   7.043218e-01   7.430779e-01   7.714198e-01   8.788839e-01   9.006768e-01   6.084908e-01   6.340287e-01   9.996280e-01   2.300176e-01
   2.263290e-03   3.910561e-04   4.011889e-02   3.848022e-04   4.702967e-05   8.331257e-04   7.715195e-05   4.466363e-04   5.917112e-02   6.329498e-02   8.783086e-01   6.996690e-01   7.423715e-01   8.021485e-01   7.986759e-01   9.290992e-01   5.936102e-01   5.837724e-01   7.897652e-01   2.252553e-01
   2.394306e-04   2.326163e-04   6.769233e-05   1.031827e-03   6.193747e-04   2.436402e-04   1.163713e-01   3.308810e-04   0.000000e+00   9.562192e-01   8.573592e-01   6.947176e-01   7.685075e-01   7.736982e-01   8.011968e-01   8.942705e-01   5.946200e-01   6.890830e-01   9.914903e-01   2.065472e-01
   1.634244e-03   4.482607e-02   1.780062e-04   1.197883e-03   1.993588e-06   1.588784e-04   7.780616e-02   1.995980e-04   2.026576e-03   4.813515e-02   8.822366e-01   7.105485e-01   7.675252e-01   8.681223e-01   8.011461e-01   8.944929e-01   5.184455e-01   5.829093e-01   9.996254e-01   2.342034e-01
   1.980518e-02   2.397229e-03   6.275481e-02   7.678709e-03   5.686250e-02   1.015401e-01   0.000000e+00   3.929991e-02   0.000000e+00   9.179837e-04   8.815711e-01   6.976084e-01   7.524543e-01   7.746349e-01   8.543995e-01   8.943908e-01   5.993804e-01   6.140557e-01   9.949280e-01   2.110247e-01
   0.000000e+00   5.453156e-02   3.822450e-06   8.030438e-03   0.000000e+00   3.491565e-05   0.000000e+00   3.886710e-04   7.803053e-01   2.220063e-03   8.986834e-01   7.051312e-01   7.673189e-01   7.752325e-01   8.763653e-01   8.914690e-01   6.070400e-01   5.671770e-01   9.979970e-01   2.265642e-01
   0.000000e+00   3.971535e-04   3.307835e-02   1.791611e-03   0.000000e+00   1.067340e-03   0.000000e+00   5.178436e-02   0.000000e+00   1.100146e-03   8.825616e-01   7.031985e-01   7.443155e-01   8.539066e-01   8.308796e-01   9.148847e-01   5.846514e-01   6.546657e-01   9.840678e-01   2.084902e-01
   2.282051e-03   2.300558e-02   1.353921e-02   1.646471e-05   1.214468e-05   8.448052e-04   0.000000e+00   4.146517e-04   7.402193e-01   0.000000e+00   8.824652e-01   6.992483e-01   7.351173e-01   8.577455e-01   8.102532e-01   9.304653e-01   6.203259e-01   5.415608e-01   1.000000e+00   2.363515e-01
   2.251599e-03   1.974652e-03   1.995400e-04   0.000000e+00   0.000000e+00   0.000000e+00   1.085993e-01   3.807190e-02   2.729117e-03   4.625947e-02   8.924057e-01   6.965082e-01   7.428637e-01   7.718186e-01   9.174159e-01   8.942711e-01   5.984773e-01   6.844287e-01   6.703991e-01   1.884837e-01
   2.237390e-03   3.928597e-04   4.046571e-02   1.854611e-03   7.689419e-03   1.809023e-05   0.000000e+00   5.178436e-02   0.000000e+00   2.911507e-05   8.755015e-01   7.001529e-01   7.415297e-01   7.736381e-01   8.088076e-01   9.133404e-01   5.846514e-01   6.182006e-01   9.839885e-01   2.265533e-01
   1.964258e-06   4.068168e-04   7.839088e-04   1.798629e-03   4.528358e-04   2.186058e-04   1.859175e-03   6.858110e-05   1.747546e-04   2.223716e-04   8.826706e-01   6.596395e-01   7.849961e-01   7.736537e-01   8.782310e-01   9.137840e-01   6.166570e-01   5.664462e-01   9.951382e-01   2.263705e-01
   1.962982e-07   5.487675e-04   5.907158e-02   1.937802e-03   2.405849e-03   9.814941e-02   2.024674e-03   2.869074e-04   0.000000e+00   0.000000e+00   8.790021e-01   7.140949e-01   7.575222e-01   7.745636e-01   8.106496e-01   9.151175e-01   5.789794e-01   6.608585e-01   9.995327e-01   2.249647e-01
   1.209136e-03   1.243580e-03   4.379428e-02   1.096712e-02   4.512255e-02   0.000000e+00   1.297831e-01   2.265209e-03   0.000000e+00   2.609266e-03   8.818328e-01   6.976084e-01   7.305876e-01   7.731431e-01   8.269472e-01   8.945137e-01   5.990567e-01   6.502222e-01   9.950841e-01   2.111807e-01
   2.223577e-03   2.398943e-03   1.616335e-03   7.817248e-03   5.672950e-02   8.006999e-02   2.177884e-03   1.412547e-03   4.440648e-02   9.183642e-04   8.818626e-01   6.976073e-01   7.509529e-01   7.746349e-01   8.543750e-01   8.940708e-01   5.984774e-01   6.140557e-01   9.995358e-01   2.110247e-01
   4.985908e-04   1.600595e-03   0.000000e+00   1.367790e-04   1.546368e-03   6.465929e-04   1.782266e-01   2.618138e-02   0.000000e+00   2.722390e-04   8.757068e-01   7.091810e-01   7.279337e-01   8.051290e-01   8.112842e-01   8.948879e-01   5.989292e-01   6.552606e-01   9.998137e-01   2.275564e-01
   1.968066e-03   3.230881e-02   7.968151e-04   1.911234e-03   2.417484e-03   1.012662e-01   1.958339e-03   4.495159e-04   0.000000e+00   0.000000e+00   8.799736e-01   7.047614e-01   7.708699e-01   7.731116e-01   8.115996e-01   8.949747e-01   5.764699e-01   6.436704e-01   9.997108e-01   2.131127e-01
   2.228063e-03   2.326163e-04   3.995121e-02   1.808129e-03   0.000000e+00   2.492365e-04   1.163713e-01   3.308810e-04   4.499955e-02   4.983952e-02   8.783222e-01   6.947176e-01   7.689768e-01   7.736982e-01   8.105104e-01   8.941755e-01   5.964832e-01   6.439378e-01   9.914903e-01   2.068630e-01
   1.939214e-03   1.140201e-01   5.222308e-02   1.333626e-03   4.886728e-02   2.363939e-03   9.126823e-02   4.475605e-05   6.514775e-02   2.909134e-03   8.554214e-01   7.190634e-01   7.343781e-01   7.835018e-01   8.284766e-01   9.126252e-01   5.911444e-01   6.875453e-01   9.950471e-01   2.234610e-01
   3.786703e-02   6.404997e-03   7.704176e-04   1.755763e-03   1.565649e-03   6.160671e-02   0.000000e+00   3.373108e-04   3.910383e-02   3.456309e-03   8.803430e-01   6.925779e-01   7.351767e-01   8.665494e-01   8.090740e-01   8.945099e-01   5.974510e-01   6.602749e-01   9.995372e-01   2.471591e-01
   2.987582e-05   2.085034e-01   7.968151e-04   7.307042e-03   2.417484e-03   0.000000e+00   1.958339e-03   3.993683e-04   0.000000e+00   4.285272e-05   8.818416e-01   7.048732e-01   7.694781e-01   7.731710e-01   8.114402e-01   8.949747e-01   5.778047e-01   6.884817e-01   9.998672e-01   2.130320e-01
