   1.758031e-01   1.759243e-01   1.861110e-01   8.194042e-01   5.913723e+00   9.956257e+00
   1.763339e-01   1.789402e-01   2.470078e-01   1.523329e+00   6.739731e+00   9.000309e+00
   1.773841e-01   1.783114e-01   1.993546e-01   4.016662e-01   7.012755e+00   8.929760e+00
   1.759250e-01   1.759914e-01   1.834189e-01   6.839728e-01   7.148972e+00   8.743378e+00
   1.755471e-01   1.755471e-01   1.755471e-01   1.755479e-01   1.756507e-01   1.217555e+01
   1.759656e-01   1.764896e-01   2.350863e-01   6.939282e-01   7.147170e+00   8.743403e+00
   1.755248e-01   1.755640e-01   1.764959e-01   2.256665e-01   7.190189e+00   8.727622e+00
   1.788164e-01   1.790149e-01   1.986738e-01   8.585254e-01   6.966892e+00   8.931329e+00
   1.764692e-01   1.768839e-01   1.885419e-01   2.819483e-01   6.371534e+00   9.594988e+00
   1.760746e-01   1.764957e-01   1.837681e-01   6.320981e-01   7.188136e+00   8.704142e+00
   1.823954e-01   1.824069e-01   1.827266e-01   1.945768e-01   7.252886e+00   8.668349e+00
   1.756045e-01   1.771225e-01   2.318959e-01   6.669247e-01   2.531606e+00   1.181389e+01
   1.788836e-01   1.791079e-01   2.006660e-01   9.232540e-01   7.075213e+00   8.796640e+00
   1.786363e-01   1.786426e-01   1.787425e-01   1.834256e-01   3.314949e+00   1.157317e+01
   1.849829e-01   1.851991e-01   2.064648e-01   9.203413e-01   6.987045e+00   8.911681e+00
   1.776963e-01   1.863891e-01   3.241046e-01   1.537687e+00   6.946041e+00   8.766928e+00
   1.792420e-01   1.800473e-01   1.983551e-01   9.411434e-01   4.319785e+00   1.104222e+01
   1.782164e-01   1.786816e-01   2.120124e-01   4.780957e-01   3.924236e+00   1.129512e+01
   1.755196e-01   1.755651e-01   1.767982e-01   2.239220e-01   7.188035e+00   8.730176e+00
   1.812472e-01   1.814415e-01   1.920422e-01   8.441196e-01   3.598373e+00   1.141495e+01
   1.768342e-01   1.770305e-01   1.882773e-01   1.305241e+00   5.549467e+00   1.015523e+01
   1.788086e-01   1.790097e-01   1.989224e-01   8.672957e-01   7.067092e+00   8.816281e+00
   1.869632e-01   1.872291e-01   1.968588e-01   1.190308e+00   5.862763e+00   9.951445e+00
   1.756149e-01   1.771341e-01   2.319503e-01   6.673188e-01   2.533457e+00   1.181333e+01
   1.755589e-01   1.755761e-01   1.760658e-01   1.969952e-01   2.446241e+00   1.186206e+01
   1.774615e-01   1.786778e-01   1.982994e-01   3.615023e-01   1.125313e+00   1.212013e+01
   1.764252e-01   1.768745e-01   2.312047e-01   6.967929e-01   7.153177e+00   8.737154e+00
   1.837675e-01   1.868108e-01   2.489987e-01   8.287024e-01   6.698021e+00   9.235741e+00
   1.756839e-01   1.757578e-01   1.770807e-01   2.253923e-01   6.254817e+00   9.703430e+00
   1.759518e-01   1.801572e-01   3.332359e-01   1.548841e+00   6.926796e+00   8.779896e+00
   1.806735e-01   1.814015e-01   1.922512e-01   8.435043e-01   3.597783e+00   1.141436e+01
   1.758572e-01   1.759479e-01   1.908028e-01   7.117097e-01   7.210198e+00   8.666967e+00
   1.764194e-01   1.766816e-01   2.041930e-01   4.197462e-01   3.686415e+00   1.140685e+01
   1.775409e-01   1.781419e-01   1.891538e-01   6.598971e-01   5.653344e+00   1.019241e+01
   1.756102e-01   1.778720e-01   2.447753e-01   1.556732e+00   6.871061e+00   8.843532e+00
   1.760325e-01   1.778319e-01   2.563307e-01   9.556657e-01   3.967137e+00   1.121727e+01
   1.756056e-01   1.765271e-01   2.041506e-01   1.403959e+00   6.632540e+00   9.151374e+00
   1.818210e-01   1.820641e-01   1.869012e-01   8.332408e-01   3.408506e+00   1.149784e+01
   1.796583e-01   1.806626e-01   2.000807e-01   9.151016e-01   4.174361e+00   1.112504e+01
   1.882803e-01   1.900465e-01   3.130475e-01   1.407246e+00   6.447907e+00   9.362644e+00
   1.760485e-01   1.760798e-01   1.782756e-01   7.746560e-01   3.165086e+00   1.159219e+01
   1.809028e-01   1.839390e-01   2.463093e-01   7.849839e-01   3.358256e+00   1.152203e+01
   1.757036e-01   1.757080e-01   1.758016e-01   1.798513e-01   6.970243e-01   1.215938e+01
   1.763501e-01   1.784180e-01   2.157652e-01   1.607721e+00   7.016336e+00   8.662265e+00
   1.807677e-01   1.807754e-01   1.809140e-01   1.880058e-01   1.142460e+00   1.212514e+01
   1.760877e-01   1.765167e-01   1.911919e-01   1.127956e+00   4.963822e+00   1.061408e+01
   1.835297e-01   1.852982e-01   2.177612e-01   1.382993e+00   6.088701e+00   9.698897e+00
   1.776265e-01   1.780213e-01   1.922597e-01   6.751773e-01   2.685299e+00   1.177014e+01
   1.763324e-01   1.766410e-01   2.089469e-01   4.652704e-01   3.777650e+00   1.136255e+01
   1.775603e-01   1.775988e-01   1.788855e-01   1.899317e-01   4.780998e-01   1.217212e+01
   1.851419e-01   1.872512e-01   2.282768e-01   5.818673e-01   6.365128e+00   9.599960e+00
   1.758064e-01   1.758921e-01   1.795272e-01   2.104707e-01   4.448307e+00   1.102528e+01
   1.771051e-01   1.771107e-01   1.772535e-01   1.837669e-01   5.056441e+00   1.065167e+01
   1.787418e-01   1.792782e-01   1.997196e-01   3.679279e-01   5.181324e+00   1.056527e+01
   1.808745e-01   1.837630e-01   2.426276e-01   7.511886e-01   3.338612e+00   1.153392e+01
   1.847311e-01   1.848919e-01   1.989658e-01   9.014743e-01   3.606042e+00   1.140914e+01
   1.785372e-01   1.785418e-01   1.788664e-01   1.906496e-01   7.242301e+00   8.672555e+00
   1.810014e-01   1.823454e-01   2.024347e-01   9.913534e-01   4.355265e+00   1.101742e+01
   1.838926e-01   1.864371e-01   2.265826e-01   5.678433e-01   6.521803e+00   9.447485e+00
   1.782003e-01   1.787976e-01   2.428298e-01   7.835403e-01   3.385137e+00   1.150730e+01
   1.813910e-01   1.819138e-01   1.897989e-01   2.596915e-01   2.258858e+00   1.191896e+01
   1.820988e-01   1.835724e-01   2.407082e-01   7.728681e-01   3.286604e+00   1.155404e+01
   1.788730e-01   1.798599e-01   2.016926e-01   1.295648e+00   6.177432e+00   9.632740e+00
   1.767058e-01   1.770904e-01   1.841292e-01   4.612380e-01   3.682136e+00   1.140713e+01
   1.819494e-01   1.820954e-01   1.858582e-01   7.892010e-01   3.035504e+00   1.164688e+01
   1.780653e-01   1.781005e-01   1.817888e-01   4.134008e-01   3.689219e+00   1.140850e+01
   1.778198e-01   1.778245e-01   1.779234e-01   1.832634e-01   3.301959e+00   1.157717e+01
   1.863502e-01   1.880901e-01   2.289403e-01   5.834197e-01   2.150739e+00   1.193709e+01
   1.764714e-01   1.769700e-01   1.885344e-01   2.819483e-01   6.371534e+00   9.594988e+00
   1.758253e-01   1.758439e-01   1.772281e-01   2.232877e-01   3.639323e+00   1.143286e+01
   1.759437e-01   1.764729e-01   2.289692e-01   6.664580e-01   2.524965e+00   1.181644e+01
   1.757333e-01   1.757365e-01   1.757996e-01   1.796817e-01   6.930477e-01   1.215966e+01
   1.762357e-01   1.762371e-01   1.766163e-01   2.220114e-01   7.011327e+00   8.935270e+00
   1.820365e-01   1.829566e-01   2.549301e-01   8.658942e-01   3.486163e+00   1.146054e+01
   1.802147e-01   1.802304e-01   1.805693e-01   1.897686e-01   7.161416e+00   8.771970e+00
   1.793473e-01   1.840413e-01   2.705502e-01   1.040413e+00   4.287331e+00   1.104182e+01
   1.810496e-01   1.853872e-01   2.698374e-01   1.002575e+00   4.108046e+00   1.114633e+01
   1.772938e-01   1.776142e-01   1.859407e-01   2.623539e-01   2.540439e+00   1.183669e+01
   1.765323e-01   1.772850e-01   2.020304e-01   4.138988e-01   3.672022e+00   1.141376e+01
   1.792547e-01   1.792828e-01   1.801660e-01   1.881411e-01   7.090390e+00   8.852196e+00
   1.843673e-01   1.843683e-01   1.843970e-01   1.861771e-01   1.234398e+00   1.211803e+01
   1.785702e-01   1.786729e-01   1.824804e-01   3.598037e-01   5.130641e+00   1.060032e+01
   1.793449e-01   1.794110e-01   1.819441e-01   2.035180e-01   3.687553e+00   1.141659e+01
   1.757296e-01   1.760630e-01   1.820341e-01   2.332522e-01   6.208210e+00   9.745961e+00
   1.758184e-01   1.759089e-01   1.846830e-01   6.699791e-01   7.077273e+00   8.828149e+00
   1.798256e-01   1.798526e-01   1.814177e-01   2.350526e-01   5.704660e+00   1.018177e+01
   1.779265e-01   1.779267e-01   1.779490e-01   1.794163e-01   4.459023e-01   1.217362e+01
   1.775833e-01   1.775915e-01   1.777523e-01   1.871794e-01   7.182868e+00   8.741065e+00
   1.797902e-01   1.805730e-01   2.372908e-01   6.845020e-01   6.427943e+00   9.517660e+00
   1.784967e-01   1.784993e-01   1.786020e-01   1.832236e-01   3.273902e+00   1.158913e+01
   1.836382e-01   1.868574e-01   2.688948e-01   9.845801e-01   4.046460e+00   1.118534e+01
   1.832823e-01   1.842840e-01   2.177576e-01   4.920712e-01   6.518087e+00   9.456501e+00
   1.829766e-01   1.832419e-01   1.883548e-01   3.815099e-01   1.261896e+00   1.210920e+01
   1.783977e-01   1.789053e-01   2.000368e-01   3.672079e-01   6.369811e+00   9.597372e+00
   1.775457e-01   1.850498e-01   3.299596e-01   1.601488e+00   6.972384e+00   8.712893e+00
   1.826978e-01   1.854014e-01   2.404373e-01   7.222386e-01   3.169336e+00   1.160568e+01
   1.874590e-01   1.895720e-01   2.305432e-01   5.929832e-01   2.141907e+00   1.193991e+01
   1.762022e-01   1.762104e-01   1.775523e-01   2.379064e-01   7.245548e+00   8.663044e+00
   1.758836e-01   1.759813e-01   1.795720e-01   2.102546e-01   4.448217e+00   1.102545e+01
   1.766288e-01   1.768788e-01   2.029290e-01   4.210806e-01   3.787583e+00   1.136083e+01
   1.783296e-01   1.783451e-01   1.792431e-01   2.107649e-01   5.762202e+00   1.013317e+01
   1.769075e-01   1.775876e-01   1.883503e-01   6.160460e-01   5.679361e+00   1.017520e+01
   1.810562e-01   1.825221e-01   2.111239e-01   4.593387e-01   3.433964e+00   1.152053e+01
   1.807075e-01   1.849288e-01   2.718038e-01   9.774673e-01   4.203415e+00   1.110006e+01
   1.780923e-01   1.781225e-01   1.789936e-01   2.187335e-01   5.707211e+00   1.017678e+01
   1.780271e-01   1.780851e-01   1.968313e-01   1.358729e+00   7.032251e+00   8.734319e+00
   1.763449e-01   1.765973e-01   1.804794e-01   3.947550e-01   3.344346e+00   1.155352e+01
   1.763110e-01   1.763693e-01   1.824894e-01   4.282036e-01   3.847090e+00   1.133219e+01
   1.763508e-01   1.763552e-01   1.764435e-01   1.808789e-01   6.867874e-01   1.216071e+01
   1.760532e-01   1.781086e-01   2.564546e-01   9.570287e-01   3.980725e+00   1.121031e+01
   1.761839e-01   1.762250e-01   1.787911e-01   2.473159e-01   7.141085e+00   8.786316e+00
   1.784300e-01   1.802802e-01   2.083844e-01   4.509129e-01   3.780766e+00   1.136505e+01
   1.781512e-01   1.797516e-01   2.664500e-01   1.014961e+00   4.564652e+00   1.088721e+01
   1.817200e-01   1.825131e-01   1.983474e-01   8.481726e-01   3.403470e+00   1.149772e+01
   1.833471e-01   1.834893e-01   1.871514e-01   7.651700e-01   3.045169e+00   1.164827e+01
   1.780536e-01   1.794341e-01   2.009751e-01   3.922978e-01   3.678144e+00   1.141426e+01
   1.833145e-01   1.833181e-01   1.834203e-01   1.906757e-01   4.230137e+00   1.115680e+01
   1.789145e-01   1.819963e-01   2.408128e-01   7.524024e-01   3.336335e+00   1.153171e+01
   1.757204e-01   1.757345e-01   1.759713e-01   1.926927e-01   3.478446e+00   1.150232e+01
   1.775559e-01   1.782786e-01   1.893591e-01   2.858406e-01   3.548053e+00   1.147417e+01
   1.756375e-01   1.771820e-01   2.337103e-01   6.824898e-01   2.606127e+00   1.179031e+01
   1.776570e-01   1.783471e-01   1.889210e-01   2.820957e-01   3.468881e+00   1.150796e+01
   1.764183e-01   1.768777e-01   1.885347e-01   2.823213e-01   6.371618e+00   9.594795e+00
   1.795174e-01   1.802861e-01   2.023454e-01   3.915878e-01   5.430475e+00   1.038694e+01
   1.763596e-01   1.770536e-01   1.997541e-01   4.122882e-01   3.570526e+00   1.145832e+01
   1.807280e-01   1.813605e-01   1.943443e-01   7.990798e-01   3.400378e+00   1.150376e+01
   1.809518e-01   1.809952e-01   1.822019e-01   1.923739e-01   7.225999e+00   8.697323e+00
   1.811675e-01   1.826663e-01   2.963285e-01   1.237916e+00   5.612747e+00   1.012849e+01
   1.794435e-01   1.795646e-01   1.814008e-01   2.629833e-01   2.380304e+00   1.188453e+01
   1.810238e-01   1.823857e-01   2.203853e-01   1.628753e+00   7.015652e+00   8.666938e+00
   1.760650e-01   1.805207e-01   2.555708e-01   9.204742e-01   7.183593e+00   8.661952e+00
   1.788247e-01   1.788361e-01   1.794985e-01   2.133459e-01   2.521821e+00   1.184468e+01
