   6.082237e-01   6.252697e-01   6.918229e-01   8.326049e+00
   7.487019e-01   9.657093e-01   1.650501e+00   5.743755e+00
   6.819880e-01   7.778580e-01   1.213396e+00   6.988854e+00
   6.777524e-01   7.861356e-01   1.166385e+00   7.043229e+00
   6.793757e-01   7.737877e-01   1.260456e+00   6.934511e+00
   7.134237e-01   8.492191e-01   1.370319e+00   6.494073e+00
   6.825480e-01   7.969925e-01   1.200783e+00   6.947970e+00
   6.711587e-01   7.708274e-01   1.122675e+00   7.154837e+00
   6.720549e-01   7.801949e-01   1.153428e+00   7.077355e+00
   6.824779e-01   7.971316e-01   1.195261e+00   6.965849e+00
   6.770968e-01   7.945066e-01   1.233239e+00   6.957124e+00
   6.832535e-01   7.813854e-01   1.262126e+00   6.899809e+00
   6.747771e-01   7.630058e-01   1.195083e+00   7.071807e+00
   6.773660e-01   7.858707e-01   1.227748e+00   6.968368e+00
   7.535042e-01   9.760178e-01   1.680364e+00   5.664226e+00
   6.975326e-01   8.097307e-01   1.260980e+00   6.789067e+00
   6.870181e-01   7.889783e-01   1.195868e+00   6.958983e+00
   7.623232e-01   9.559930e-01   1.696861e+00   5.644402e+00
   7.660794e-01   9.465448e-01   1.666681e+00   5.708229e+00
   6.771030e-01   7.712231e-01   1.220251e+00   6.988242e+00
   6.807868e-01   7.933445e-01   1.190528e+00   6.974698e+00
   7.303428e-01   8.749612e-01   1.452581e+00   6.278772e+00
   6.825502e-01   7.993896e-01   1.201473e+00   6.941702e+00
   6.796125e-01   7.756490e-01   1.162824e+00   7.051933e+00
   7.658099e-01   9.481150e-01   1.689904e+00   5.663924e+00
   6.860747e-01   7.902674e-01   1.274259e+00   6.868512e+00
   7.414549e-01   9.299326e-01   1.801766e+00   5.637766e+00
   6.836582e-01   7.833078e-01   1.186875e+00   6.987241e+00
   7.604554e-01   9.681270e-01   1.687463e+00   5.650276e+00
   6.778241e-01   7.868532e-01   1.172469e+00   7.024043e+00
   7.635361e-01   9.736960e-01   1.707600e+00   5.600609e+00
   7.624814e-01   9.743606e-01   1.714387e+00   5.590340e+00
   7.486169e-01   9.403224e-01   1.721501e+00   5.715050e+00
   7.609281e-01   9.703769e-01   1.700856e+00   5.623959e+00
   6.025406e-01   6.144156e-01   6.588714e-01   8.412193e+00
   6.817337e-01   7.944569e-01   1.189138e+00   6.975265e+00
   6.720315e-01   7.765286e-01   1.136159e+00   7.114259e+00
   7.192916e-01   8.771079e-01   1.522819e+00   6.224489e+00
   7.578895e-01   9.394111e-01   1.776663e+00   5.588088e+00
   6.734142e-01   7.781495e-01   1.248103e+00   6.964060e+00
   6.830622e-01   7.973211e-01   1.200412e+00   6.951445e+00
   7.470318e-01   9.202589e-01   1.800896e+00   5.644910e+00
   7.651840e-01   9.560364e-01   1.687203e+00   5.644156e+00
   6.765697e-01   7.836707e-01   1.238479e+00   6.962455e+00
   7.498881e-01   9.414387e-01   1.616391e+00   5.834922e+00
   7.216792e-01   8.611514e-01   1.499710e+00   6.278686e+00
   6.803874e-01   7.938438e-01   1.198205e+00   6.968297e+00
   7.682618e-01   9.555886e-01   1.698285e+00   5.625449e+00
   7.506305e-01   9.159563e-01   1.740521e+00   5.727024e+00
   6.760454e-01   7.838864e-01   1.260319e+00   6.925946e+00
   7.508632e-01   9.296019e-01   1.732185e+00   5.695962e+00
   7.231729e-01   8.605206e-01   1.495860e+00   6.283335e+00
   7.627365e-01   9.529372e-01   1.672668e+00   5.690271e+00
   7.470525e-01   9.437864e-01   1.703895e+00   5.726212e+00
   7.669470e-01   9.616518e-01   1.706243e+00   5.604305e+00
   7.660562e-01   9.616432e-01   1.704773e+00   5.605970e+00
   6.763721e-01   7.955162e-01   1.241771e+00   6.923436e+00
   7.567063e-01   9.253502e-01   1.715748e+00   5.741005e+00
   7.639022e-01   9.730899e-01   1.709703e+00   5.599169e+00
   7.276288e-01   8.776574e-01   1.540629e+00   6.179940e+00
   7.578690e-01   9.629454e-01   1.688269e+00   5.674411e+00
   7.319726e-01   8.783798e-01   1.463156e+00   6.250063e+00
   7.441927e-01   9.337149e-01   1.726338e+00   5.745901e+00
   5.995583e-01   6.125063e-01   6.609735e-01   8.392017e+00
   6.858552e-01   7.899404e-01   1.199889e+00   6.950861e+00
   6.838110e-01   7.999904e-01   1.209961e+00   6.929698e+00
   6.756995e-01   7.677433e-01   1.142824e+00   7.112842e+00
   7.211886e-01   8.632993e-01   1.473676e+00   6.331431e+00
   6.926713e-01   7.997397e-01   1.228820e+00   6.875779e+00
   7.705015e-01   9.579777e-01   1.700976e+00   5.610723e+00
   7.580004e-01   9.624022e-01   1.688189e+00   5.665068e+00
   7.400743e-01   9.244631e-01   1.784213e+00   5.684467e+00
   7.641847e-01   9.577058e-01   1.686829e+00   5.645026e+00
   7.658423e-01   9.600558e-01   1.698170e+00   5.628362e+00
   7.688424e-01   9.514263e-01   1.701811e+00   5.646722e+00
   7.611886e-01   9.718176e-01   1.706858e+00   5.604904e+00
   7.534343e-01   9.747643e-01   1.675364e+00   5.680590e+00
   7.684356e-01   9.525187e-01   1.712922e+00   5.609073e+00
   7.158468e-01   8.575050e-01   1.482797e+00   6.311000e+00
   7.516871e-01   9.470047e-01   1.724068e+00   5.678651e+00
   7.667048e-01   9.611498e-01   1.721359e+00   5.589208e+00
   6.880732e-01   7.913587e-01   1.219394e+00   6.914141e+00
   7.616406e-01   9.416479e-01   1.742487e+00   5.637278e+00
   7.623377e-01   9.743010e-01   1.711124e+00   5.590675e+00
   7.320196e-01   8.794187e-01   1.469438e+00   6.231492e+00
   6.829174e-01   7.814907e-01   1.261723e+00   6.900332e+00
   7.451740e-01   9.350791e-01   1.724921e+00   5.746669e+00
   7.574846e-01   9.614260e-01   1.668728e+00   5.711065e+00
   7.648560e-01   9.574449e-01   1.688517e+00   5.641619e+00
   7.622278e-01   9.515190e-01   1.671376e+00   5.695876e+00
   7.319686e-01   8.825482e-01   1.475290e+00   6.213192e+00
   7.702320e-01   9.538783e-01   1.686708e+00   5.658483e+00
   6.886832e-01   7.920425e-01   1.206269e+00   6.934722e+00
   7.598692e-01   9.453055e-01   1.655369e+00   5.739363e+00
   7.543055e-01   9.233940e-01   1.620435e+00   5.855966e+00
   6.940237e-01   8.228371e-01   1.274781e+00   6.758475e+00
   7.707721e-01   9.566412e-01   1.717315e+00   5.590490e+00
   6.779902e-01   7.699137e-01   1.218856e+00   7.009525e+00
   7.501871e-01   9.497390e-01   1.720311e+00   5.687255e+00
   7.190340e-01   8.612884e-01   1.468506e+00   6.331775e+00
   7.503051e-01   9.309046e-01   1.692797e+00   5.751712e+00
   7.703418e-01   9.571664e-01   1.716038e+00   5.593301e+00
   6.984147e-01   8.114566e-01   1.266189e+00   6.775264e+00
   7.591893e-01   9.668195e-01   1.732497e+00   5.590909e+00
   7.505275e-01   9.690569e-01   1.761270e+00   5.587681e+00
   7.684580e-01   9.606473e-01   1.696617e+00   5.624684e+00
   7.612848e-01   9.737705e-01   1.708402e+00   5.593274e+00
   7.455893e-01   9.164174e-01   1.788884e+00   5.674395e+00
   6.791524e-01   7.887691e-01   1.180987e+00   7.003075e+00
   6.762981e-01   7.812839e-01   1.226328e+00   6.997079e+00
   7.625723e-01   9.517583e-01   1.666086e+00   5.708685e+00
   7.499480e-01   9.207921e-01   1.738972e+00   5.726916e+00
   7.237629e-01   8.623788e-01   1.511215e+00   6.249959e+00
   6.829173e-01   7.985094e-01   1.202355e+00   6.947366e+00
   7.611074e-01   9.460503e-01   1.755044e+00   5.590281e+00
   7.506914e-01   9.443034e-01   1.735222e+00   5.684327e+00
   7.687109e-01   9.541352e-01   1.715531e+00   5.599919e+00
   7.569710e-01   9.419752e-01   1.772350e+00   5.604706e+00
   7.603942e-01   9.376479e-01   1.763474e+00   5.604517e+00
   7.584384e-01   9.578190e-01   1.663616e+00   5.719774e+00
