   3.209908e-01   1.871233e-01   9.615353e-01   9.981144e-01   7.046263e-01   7.102457e-01   4.430057e-01   2.112815e-02   8.923901e-02   9.045249e-01   9.964894e-01   9.169135e-01   9.951505e-01   9.333191e-01   9.996786e-01   9.444894e-01   9.988104e-01   9.460794e-01   9.987471e-01
   2.988607e-01   9.998364e-01   5.011833e-01   9.132745e-01   6.897681e-01   3.917272e-01   5.640218e-01   7.495581e-03   3.553821e-01   9.068735e-01   9.976718e-01   9.237866e-01   9.996403e-01   9.367990e-01   9.996893e-01   9.431039e-01   9.993266e-01   9.458392e-01   9.986591e-01
   7.228307e-01   8.250655e-01   4.035200e-01   8.042780e-01   3.294576e-01   3.397804e-01   5.486676e-01   4.191708e-02   3.592368e-01   9.138470e-01   9.971780e-01   9.232526e-01   1.000000e+00   9.345635e-01   9.999735e-01   9.396181e-01   9.986663e-01   9.565547e-01   9.977201e-01
   3.024219e-01   1.871233e-01   2.093806e-01   1.000000e+00   7.046263e-01   6.361704e-01   4.549548e-01   2.145496e-02   5.523363e-01   9.045587e-01   9.964894e-01   9.235352e-01   9.999798e-01   9.339514e-01   9.996785e-01   9.444894e-01   9.988104e-01   9.473963e-01   9.999997e-01
   4.173916e-01   6.301962e-02   9.901350e-01   7.185235e-01   7.635461e-01   3.820089e-01   5.031928e-01   2.871341e-01   4.778903e-01   9.093619e-01   1.000000e+00   9.234444e-01   1.000000e+00   9.343334e-01   1.000000e+00   9.413506e-01   9.995172e-01   9.481923e-01   1.000000e+00
   8.119243e-01   4.317150e-02   9.900586e-01   7.186294e-01   7.382399e-01   3.814554e-01   5.042539e-01   2.865201e-01   4.458912e-01   9.093459e-01   9.999706e-01   9.234444e-01   1.000000e+00   9.343314e-01   1.000000e+00   9.413062e-01   9.995179e-01   9.473901e-01   9.999997e-01
   3.096234e-01   8.161438e-01   9.637326e-01   1.000000e+00   7.046124e-01   5.171872e-01   5.043265e-01   2.150892e-01   9.233822e-02   9.094881e-01   1.000000e+00   9.231234e-01   1.000000e+00   9.401661e-01   9.989467e-01   9.497534e-01   9.988932e-01   9.461067e-01   9.987424e-01
   3.327197e-01   1.871233e-01   2.543707e-01   1.915617e-02   7.566690e-01   7.102457e-01   4.430057e-01   3.594397e-03   8.923901e-02   9.058340e-01   9.964894e-01   9.169135e-01   9.951505e-01   9.333191e-01   9.996786e-01   9.444894e-01   9.988619e-01   9.460794e-01   9.987596e-01
   2.043011e-01   6.147031e-01   9.470265e-01   5.604873e-02   3.609675e-01   3.826457e-01   7.051904e-01   3.447687e-01   3.058923e-01   9.056551e-01   9.999989e-01   9.285958e-01   1.000000e+00   9.371346e-01   9.997516e-01   9.412649e-01   9.994913e-01   9.424354e-01   9.977848e-01
   7.961044e-01   1.000000e+00   0.000000e+00   9.443206e-01   7.191488e-01   3.634798e-01   3.914592e-01   8.824131e-03   3.105471e-01   9.078490e-01   9.987195e-01   9.234060e-01   9.999958e-01   9.337708e-01   9.999998e-01   9.417276e-01   9.999648e-01   9.466638e-01   9.986439e-01
   7.174645e-01   6.816165e-02   0.000000e+00   9.443206e-01   7.186917e-01   3.636053e-01   3.914592e-01   8.824131e-03   3.105471e-01   9.078490e-01   9.987195e-01   9.234441e-01   9.999957e-01   9.337708e-01   1.000000e+00   9.417276e-01   9.999505e-01   9.466638e-01   9.986452e-01
   3.008554e-01   8.381402e-01   4.304568e-01   8.290913e-01   7.790458e-01   2.338470e-01   4.873418e-01   3.829298e-02   3.108330e-01   9.085532e-01   9.995142e-01   9.460079e-01   9.998734e-01   9.373477e-01   9.999375e-01   8.767159e-01   9.789661e-01   9.525868e-01   9.999975e-01
   3.874114e-01   1.000000e+00   1.895604e-03   8.898899e-01   7.059736e-01   7.154889e-01   5.055410e-01   0.000000e+00   4.251517e-01   9.077737e-01   9.986851e-01   9.234236e-01   9.998050e-01   9.356368e-01   9.996739e-01   9.412888e-01   1.000000e+00   9.466638e-01   9.995118e-01
   2.982538e-01   1.000000e+00   9.988433e-01   9.193646e-01   7.270470e-01   2.127181e-01   5.054766e-01   1.772057e-01   4.313500e-01   9.077052e-01   9.986953e-01   9.329630e-01   9.999774e-01   9.373848e-01   9.999954e-01   9.411558e-01   9.997782e-01   9.441427e-01   9.975615e-01
   7.188913e-01   2.057278e-01   9.616942e-01   7.407342e-02   7.260549e-01   2.563536e-01   4.850079e-01   2.514544e-01   4.471131e-01   9.042305e-01   9.996035e-01   9.267174e-01   1.000000e+00   9.458194e-01   9.970964e-01   9.390118e-01   9.932871e-01   8.453660e-01   1.000000e+00
   7.712144e-01   3.285240e-01   3.595668e-01   1.202471e-01   3.228961e-01   3.864115e-01   4.802789e-01   2.849003e-01   6.079200e-01   9.313584e-01   9.999928e-01   8.896065e-01   9.949521e-01   9.399820e-01   9.989777e-01   9.485143e-01   9.999894e-01   9.585521e-01   9.993361e-01
   4.099745e-01   2.167379e-01   9.736743e-01   6.146327e-02   4.645276e-01   3.684160e-01   4.991183e-01   3.129841e-01   2.922427e-01   9.127185e-01   9.999987e-01   8.916997e-01   9.999947e-01   9.499265e-01   9.885818e-01   9.359421e-01   1.000000e+00   9.575042e-01   9.997048e-01
   8.072093e-01   6.058263e-01   1.175321e-02   1.230641e-01   7.529676e-01   3.244411e-01   5.031880e-01   1.203485e-02   3.129709e-01   9.093823e-01   9.999985e-01   9.236998e-01   1.000000e+00   9.333601e-01   1.000000e+00   9.425327e-01   9.995415e-01   9.469100e-01   1.000000e+00
   7.359525e-01   2.193396e-01   4.115091e-01   7.160877e-01   7.163131e-01   3.897531e-01   3.898306e-01   1.792452e-01   6.628460e-01   9.117616e-01   9.998463e-01   9.369318e-01   9.940109e-01   9.372380e-01   9.999954e-01   9.414827e-01   9.995053e-01   9.429018e-01   9.998709e-01
   7.417445e-01   2.553113e-01   4.457355e-01   9.764136e-01   7.374574e-01   4.315045e-01   4.640024e-01   2.613464e-01   5.257597e-01   9.079226e-01   9.999954e-01   9.249231e-01   1.000000e+00   9.642544e-01   9.989930e-01   9.500541e-01   9.996424e-01   9.282850e-01   9.996641e-01
   7.702063e-01   8.384897e-01   3.547059e-01   7.135802e-01   9.180124e-01   6.008707e-01   4.742131e-01   5.672149e-03   6.177879e-01   9.318736e-01   9.998970e-01   8.558994e-01   9.934195e-01   9.453121e-01   9.993901e-01   8.855445e-01   1.000000e+00   8.320264e-01   9.986350e-01
   3.964541e-01   9.771826e-01   9.821011e-01   9.140897e-02   7.694780e-01   6.101987e-01   5.035046e-01   5.334600e-03   4.575341e-01   9.072245e-01   9.986564e-01   9.055493e-01   7.149259e-01   9.569134e-01   9.999425e-01   9.431143e-01   9.995193e-01   9.565955e-01   9.986161e-01
   4.016233e-01   8.598860e-01   1.000000e+00   1.526551e-02   7.784225e-01   5.454367e-01   4.871392e-01   2.287414e-02   4.755463e-01   9.091028e-01   9.992856e-01   9.161564e-01   7.137333e-01   9.391947e-01   9.753700e-01   9.018064e-01   9.999956e-01   9.449689e-01   1.000000e+00
   3.870828e-01   9.743983e-01   4.610428e-01   7.610226e-01   7.243775e-01   3.450996e-01   4.193545e-01   1.127470e-02   2.297163e-01   9.104686e-01   9.995500e-01   9.409756e-01   9.999592e-01   9.343318e-01   9.989533e-01   9.412952e-01   9.999685e-01   9.469412e-01   1.000000e+00
   3.307216e-01   1.916802e-01   1.000000e+00   1.915617e-02   7.566690e-01   7.102457e-01   4.430057e-01   3.898971e-03   8.033632e-02   9.111814e-01   9.984020e-01   9.169135e-01   9.951505e-01   9.333191e-01   9.996786e-01   9.444894e-01   9.988619e-01   9.460794e-01   9.987596e-01
   3.993495e-01   2.423437e-01   5.707262e-02   2.040818e-01   8.193856e-01   3.193259e-01   5.573291e-01   5.417642e-02   5.318564e-01   9.094004e-01   9.999959e-01   9.374896e-01   9.999983e-01   9.616748e-01   9.998676e-01   9.428830e-01   9.998003e-01   9.468605e-01   9.795468e-01
   3.870828e-01   9.855994e-01   4.610428e-01   7.610226e-01   6.624322e-01   4.246556e-01   4.850931e-01   3.331250e-01   4.775434e-01   9.104686e-01   9.994226e-01   9.223282e-01   9.999592e-01   9.343318e-01   1.000000e+00   9.412952e-01   9.999415e-01   9.469643e-01   9.994454e-01
   7.218841e-01   9.321404e-01   7.449900e-03   1.000000e+00   4.666799e-01   4.199214e-01   6.541667e-01   1.871368e-02   3.094244e-01   9.098559e-01   9.985795e-01   9.231167e-01   9.999326e-01   9.129078e-01   9.833425e-01   9.394697e-01   1.000000e+00   9.821030e-01   9.986302e-01
   7.425768e-01   6.910240e-01   9.806340e-01   1.000000e+00   7.681675e-01   3.855287e-01   5.035648e-01   1.020065e-02   5.756819e-01   9.071151e-01   1.000000e+00   9.226110e-01   6.083863e-01   9.380480e-01   9.999299e-01   9.430938e-01   1.000000e+00   9.475234e-01   9.999094e-01
   7.619129e-01   1.000000e+00   3.336499e-01   7.803312e-01   7.762922e-01   3.425430e-01   4.136028e-01   3.174867e-01   6.097733e-01   9.079449e-01   1.000000e+00   9.281370e-01   9.934195e-01   8.574472e-01   9.212226e-01   9.402363e-01   9.997904e-01   7.616043e-01   9.728345e-01
   3.870828e-01   8.412460e-01   4.610428e-01   7.610226e-01   7.025097e-01   4.246556e-01   4.850931e-01   3.244495e-01   4.775434e-01   9.104686e-01   9.994226e-01   9.223282e-01   9.999592e-01   9.343318e-01   1.000000e+00   9.398958e-01   9.999415e-01   9.470943e-01   9.994454e-01
   3.764190e-01   8.149497e-01   9.770074e-01   7.955634e-01   4.153370e-01   3.626040e-01   4.990464e-01   3.029216e-01   1.388190e-01   9.105120e-01   9.995271e-01   9.377053e-01   7.008846e-01   9.353224e-01   1.000000e+00   9.783924e-01   9.994741e-01   9.474908e-01   9.984854e-01
   4.142642e-01   9.877842e-01   9.687256e-01   7.629785e-02   6.439219e-01   7.370158e-01   5.555100e-01   1.777959e-02   6.365970e-01   9.093357e-01   9.997239e-01   9.245502e-01   9.986467e-01   9.377481e-01   1.000000e+00   9.413721e-01   9.988687e-01   9.768980e-01   9.994801e-01
   7.279477e-01   2.156448e-01   1.000000e+00   9.936744e-01   7.171815e-01   3.912672e-01   4.557311e-01   2.847489e-01   4.855277e-01   9.913427e-01   9.951336e-01   9.276277e-01   1.000000e+00   9.346118e-01   9.999999e-01   9.416899e-01   9.994794e-01   9.468179e-01   9.999873e-01
   7.409853e-01   3.316666e-01   3.599243e-01   9.230724e-01   7.342050e-01   4.237894e-01   4.715702e-01   2.652041e-01   3.466115e-01   9.314965e-01   9.999878e-01   9.300211e-01   1.000000e+00   9.397566e-01   9.999363e-01   9.498635e-01   9.994310e-01   9.449747e-01   1.000000e+00
   7.366510e-01   7.477239e-01   3.112517e-01   9.202489e-02   7.923998e-01   3.391359e-01   5.000542e-01   9.139800e-02   4.358385e-01   9.079634e-01   9.998382e-01   9.215165e-01   1.000000e+00   9.323405e-01   9.994844e-01   9.414528e-01   9.999976e-01   9.761981e-01   9.999369e-01
   4.000242e-01   3.268183e-01   1.523424e-02   1.658995e-01   7.843876e-01   3.650663e-01   6.541667e-01   3.112611e-02   3.094244e-01   9.098697e-01   9.985793e-01   9.158541e-01   9.999997e-01   9.371750e-01   9.826077e-01   9.435308e-01   1.000000e+00   9.824403e-01   9.999989e-01
   7.903753e-01   8.186893e-01   9.825955e-01   1.498100e-01   7.886839e-01   3.856588e-01   4.990464e-01   2.519604e-02   1.388190e-01   9.105120e-01   9.975986e-01   9.228513e-01   7.008846e-01   8.413694e-01   1.000000e+00   9.413188e-01   9.956842e-01   9.475402e-01   1.000000e+00
   7.445728e-01   2.066528e-01   2.581913e-01   9.397466e-01   4.153818e-01   3.699843e-01   5.124442e-01   1.347257e-01   4.237955e-01   9.095527e-01   9.997527e-01   9.238997e-01   1.000000e+00   9.335612e-01   9.989717e-01   9.398066e-01   9.997914e-01   9.255997e-01   9.971976e-01
   4.073775e-01   7.576367e-01   9.771765e-01   7.983605e-01   4.367434e-01   2.495745e-01   4.670349e-01   5.473666e-03   4.426822e-01   9.070004e-01   9.998264e-01   9.310373e-01   9.968125e-01   9.337078e-01   9.983526e-01   9.432819e-01   9.998224e-01   9.475232e-01   9.982911e-01
   7.621994e-01   6.293549e-01   1.000000e+00   6.629054e-01   7.882601e-01   6.132054e-01   4.718763e-01   6.182938e-02   4.548896e-01   9.114252e-01   9.982579e-01   8.563298e-01   5.838789e-01   9.443369e-01   9.885626e-01   9.642226e-01   9.985637e-01   9.347763e-01   9.979252e-01
   7.630171e-01   9.985048e-01   3.309861e-01   0.000000e+00   7.763003e-01   6.143781e-01   4.642677e-01   4.859010e-02   2.936056e-01   9.078865e-01   1.000000e+00   8.901570e-01   9.481824e-01   9.063535e-01   9.212226e-01   8.997428e-01   1.000000e+00   9.383208e-01   9.727936e-01
   7.419247e-01   9.391303e-01   9.826147e-01   1.442693e-01   7.885751e-01   2.082503e-01   4.835785e-01   3.115204e-01   1.295760e-01   9.067576e-01   9.995271e-01   9.226265e-01   7.006840e-01   8.436411e-01   9.740788e-01   9.098333e-01   9.994741e-01   9.474400e-01   9.993327e-01
   7.727850e-01   1.000000e+00   9.424902e-01   1.405345e-01   3.282557e-01   3.250094e-01   3.859738e-01   3.182648e-01   4.901262e-01   9.095503e-01   9.563783e-01   8.918040e-01   6.722689e-01   9.335534e-01   9.325571e-01   9.552116e-01   9.999997e-01   9.452215e-01   9.975188e-01
   8.070038e-01   1.550288e-01   4.114497e-01   9.303520e-01   5.197908e-01   4.406404e-01   4.193300e-01   6.575985e-02   3.047947e-01   9.265709e-01   9.999773e-01   9.277535e-01   9.998805e-01   9.292204e-01   1.000000e+00   9.414419e-01   9.999762e-01   9.467071e-01   9.986361e-01
   8.074845e-01   6.357326e-01   1.000000e+00   6.625092e-01   9.089638e-01   6.110465e-01   5.013665e-01   2.875826e-01   4.879021e-01   9.095139e-01   1.000000e+00   8.899201e-01   6.065910e-01   9.275333e-01   1.000000e+00   9.642226e-01   9.988161e-01   9.447246e-01   9.999574e-01
   4.120515e-01   8.722967e-01   3.140741e-01   9.139886e-01   7.532535e-01   3.731560e-01   5.043378e-01   2.955620e-03   4.467607e-01   9.186913e-01   9.997052e-01   9.037381e-01   1.000000e+00   9.342698e-01   1.000000e+00   9.415366e-01   9.999395e-01   9.356173e-01   1.000000e+00
   7.724378e-01   3.691774e-01   1.000000e+00   8.635805e-01   4.114416e-01   6.057006e-01   4.866880e-01   3.079998e-01   4.924822e-01   8.563951e-01   9.989126e-01   8.963685e-01   6.551492e-01   8.616541e-01   9.991324e-01   9.780732e-01   9.925371e-01   9.449782e-01   9.924400e-01
   7.614212e-01   8.329976e-01   1.000000e+00   9.739663e-01   7.927849e-01   3.788102e-01   3.516199e-01   5.952167e-02   4.652505e-01   9.146638e-01   9.995650e-01   9.442632e-01   6.727369e-01   9.389015e-01   9.920070e-01   9.462074e-01   9.999987e-01   9.344588e-01   9.995971e-01
   7.375680e-01   8.415589e-01   4.229004e-01   6.294026e-02   4.191676e-01   4.399068e-02   5.127246e-01   7.943545e-03   5.775455e-01   9.070781e-01   9.999788e-01   9.278714e-01   9.953828e-01   9.669817e-01   9.951853e-01   9.415099e-01   9.987732e-01   9.423773e-01   1.000000e+00
   7.626774e-01   7.598521e-01   9.996161e-01   9.739663e-01   7.927849e-01   1.255171e-02   3.530293e-01   8.907506e-02   4.645804e-01   9.146638e-01   9.998369e-01   9.435649e-01   6.727369e-01   9.032624e-01   9.920070e-01   9.462276e-01   1.000000e+00   9.344588e-01   9.999316e-01
   7.626542e-01   7.423220e-01   1.000000e+00   9.752493e-01   7.927849e-01   1.663793e-02   3.577377e-01   5.950317e-02   4.652505e-01   9.146638e-01   1.000000e+00   9.435649e-01   6.824361e-01   9.389015e-01   9.921678e-01   9.461937e-01   9.999987e-01   9.344588e-01   9.986270e-01
   7.555817e-01   8.770288e-01   3.150194e-01   1.098883e-01   7.519516e-01   2.425436e-01   4.136028e-01   3.127213e-01   6.287124e-01   9.186920e-01   1.000000e+00   9.036458e-01   9.934107e-01   8.549053e-01   9.212226e-01   9.415268e-01   9.997904e-01   9.351023e-01   9.697236e-01
   8.081306e-01   6.429558e-01   1.000000e+00   6.625092e-01   9.682937e-01   6.195097e-01   3.536263e-01   2.920478e-01   4.879021e-01   9.095139e-01   1.000000e+00   8.899723e-01   6.065910e-01   9.281641e-01   9.941925e-01   9.504357e-01   9.988161e-01   9.447246e-01   9.999574e-01
   7.494291e-01   8.118582e-01   1.469580e-01   8.094361e-01   7.922163e-01   3.473117e-01   4.666601e-01   3.897028e-02   6.084049e-01   9.007817e-01   9.974090e-01   1.000000e+00   1.000000e+00   9.401024e-01   9.991323e-01   9.498321e-01   9.997970e-01   9.475941e-01   9.993278e-01
   7.301528e-01   6.483604e-01   2.193486e-01   9.905458e-01   9.258563e-01   3.904815e-01   4.432964e-01   7.317768e-02   1.193881e-01   9.021684e-01   9.993642e-01   9.182496e-01   6.720435e-01   9.372806e-01   9.749508e-01   9.414123e-01   9.996575e-01   9.455567e-01   9.768655e-01
   4.260046e-01   9.745663e-01   4.691189e-01   9.045848e-01   6.526710e-01   2.978202e-01   6.810673e-01   8.310831e-02   3.258990e-01   9.097835e-01   9.997185e-01   9.231300e-01   9.998947e-01   9.379226e-01   1.000000e+00   9.413163e-01   9.987237e-01   9.440392e-01   1.000000e+00
   7.723064e-01   8.254448e-01   1.000000e+00   8.623011e-01   3.236953e-01   6.057006e-01   4.866880e-01   3.249354e-01   4.882629e-01   9.087867e-01   9.989126e-01   8.976111e-01   6.577391e-01   9.489040e-01   9.989245e-01   9.780399e-01   9.468387e-01   9.447570e-01   9.924319e-01
   4.251916e-01   8.415026e-01   1.000000e+00   9.045848e-01   4.396536e-01   4.265988e-01   6.844250e-01   1.898241e-01   3.121744e-01   9.115390e-01   9.994526e-01   9.235821e-01   1.000000e+00   9.380068e-01   1.000000e+00   9.412952e-01   9.999138e-01   9.440392e-01   9.993644e-01
   7.614685e-01   7.572445e-01   9.996299e-01   9.274117e-01   7.776699e-01   3.472055e-01   4.740716e-01   8.157635e-04   5.061390e-01   9.905998e-01   9.998395e-01   9.302627e-01   7.068799e-01   8.591611e-01   9.157673e-01   9.502286e-01   9.999918e-01   8.842713e-01   9.999525e-01
   7.626774e-01   7.659097e-01   9.996161e-01   0.000000e+00   7.763521e-01   1.255171e-02   3.530293e-01   8.907506e-02   4.645804e-01   9.147390e-01   9.998396e-01   9.431994e-01   6.727369e-01   9.032624e-01   9.920070e-01   9.457445e-01   1.000000e+00   9.344588e-01   1.000000e+00
   4.144467e-01   9.974325e-01   4.590817e-01   8.862150e-01   8.121472e-01   4.571589e-01   3.750677e-01   3.266361e-01   3.376731e-01   9.094777e-01   9.592844e-01   8.915980e-01   9.999954e-01   9.392482e-01   1.000000e+00   9.205883e-01   9.921535e-01   9.492052e-01   9.987320e-01
   7.416154e-01   9.396795e-01   9.521595e-01   9.215317e-01   3.317832e-01   3.235281e-01   4.818004e-01   3.192629e-01   3.480415e-01   9.096908e-01   9.998273e-01   9.267812e-01   6.725042e-01   9.333000e-01   9.995638e-01   9.399774e-01   9.994045e-01   8.384623e-01   9.985557e-01
   7.724151e-01   7.232307e-01   1.000000e+00   9.859504e-01   5.456034e-01   6.062809e-01   4.445566e-01   2.988036e-01   3.487145e-01   8.987909e-01   9.999347e-01   9.564977e-01   6.587143e-01   8.638260e-01   9.990377e-01   9.890420e-01   9.926613e-01   9.440287e-01   9.921313e-01
   4.065950e-01   1.000000e+00   3.279719e-01   0.000000e+00   6.467224e-01   6.143781e-01   4.636645e-01   4.859010e-02   4.786272e-01   9.078865e-01   9.999918e-01   8.902060e-01   9.963535e-01   9.372208e-01   9.212226e-01   8.993548e-01   9.989611e-01   9.377942e-01   9.989105e-01
   7.347609e-01   8.579671e-01   1.000000e+00   1.532117e-01   8.122815e-01   2.453654e-01   5.338697e-01   2.110158e-02   4.833910e-01   9.026809e-01   9.986646e-01   9.161288e-01   6.668530e-01   9.545005e-01   9.998431e-01   9.392072e-01   9.999504e-01   9.474049e-01   9.999997e-01
   7.807696e-01   9.984891e-01   3.493187e-01   7.790743e-01   3.275381e-01   3.425482e-01   4.602492e-01   9.684561e-07   4.898709e-01   9.084748e-01   9.997351e-01   9.160659e-01   1.000000e+00   9.432155e-01   9.979294e-01   9.216960e-01   9.999361e-01   9.551739e-01   9.993371e-01
   7.736897e-01   6.383012e-01   1.000000e+00   9.756809e-01   9.089638e-01   3.533128e-01   5.013665e-01   2.875826e-01   4.935638e-01   9.095035e-01   9.983520e-01   8.907963e-01   5.511156e-01   9.364595e-01   9.253789e-01   9.642226e-01   9.988161e-01   9.738644e-01   9.999574e-01
   7.416127e-01   2.553113e-01   4.457355e-01   1.000000e+00   7.374574e-01   4.285566e-01   4.844379e-01   2.419921e-01   5.234999e-01   9.079226e-01   9.999771e-01   9.249231e-01   1.000000e+00   9.112367e-01   1.000000e+00   9.500541e-01   9.996424e-01   9.449836e-01   9.996641e-01
   7.781050e-01   8.111363e-01   2.116397e-01   6.632911e-01   9.299761e-01   4.422694e-01   4.769977e-01   2.582500e-01   6.047936e-01   8.570333e-01   9.982884e-01   8.563444e-01   9.998990e-01   9.197451e-01   9.885479e-01   9.631973e-01   9.561615e-01   9.347763e-01   1.000000e+00
   7.630171e-01   9.693468e-01   3.309861e-01   9.974567e-01   7.927331e-01   6.143781e-01   4.642677e-01   4.859010e-02   2.936056e-01   9.254000e-01   9.999973e-01   9.220598e-01   9.474339e-01   9.063535e-01   9.212226e-01   9.002259e-01   1.000000e+00   9.383208e-01   9.717013e-01
   7.724352e-01   7.351617e-01   9.888783e-01   8.624412e-01   7.666386e-01   6.017433e-01   4.872230e-01   3.944613e-02   4.604907e-01   9.089397e-01   9.999712e-01   9.439042e-01   6.548070e-01   9.399585e-01   9.991021e-01   9.821896e-01   1.000000e+00   9.471817e-01   9.922205e-01
   3.995840e-01   9.705189e-01   4.659516e-01   8.862150e-01   8.066175e-01   3.323590e-01   5.156107e-01   3.262566e-01   3.128955e-01   9.098560e-01   1.000000e+00   9.231073e-01   9.999954e-01   9.535508e-01   1.000000e+00   9.205883e-01   9.993669e-01   9.492173e-01   9.999488e-01
   4.130129e-01   3.065231e-01   7.644140e-01   1.676548e-01   6.597563e-01   3.837222e-01   5.043461e-01   2.656584e-02   1.209990e-01   9.093789e-01   9.997232e-01   9.225925e-01   9.955625e-01   9.378951e-01   9.999994e-01   9.413188e-01   9.992365e-01   9.455438e-01   1.000000e+00
   7.900895e-01   1.000000e+00   9.806020e-01   1.187259e-01   7.056483e-01   3.773535e-01   4.369279e-01   1.821299e-03   4.696231e-01   9.143109e-01   9.999920e-01   8.349139e-01   6.628544e-01   8.494497e-01   9.893856e-01   9.720201e-01   9.963942e-01   9.384338e-01   9.999839e-01
   7.520582e-01   1.000000e+00   9.901350e-01   7.185235e-01   7.635461e-01   3.815811e-01   4.349071e-01   2.871341e-01   4.783365e-01   9.093647e-01   9.999999e-01   5.463773e-01   1.000000e+00   9.343024e-01   1.000000e+00   9.413509e-01   9.995172e-01   9.482872e-01   1.000000e+00
   7.720686e-01   8.094766e-01   9.837329e-01   8.643710e-01   4.087708e-01   3.470006e-01   5.214871e-01   2.406280e-01   2.926481e-01   9.090171e-01   9.997599e-01   6.108855e-01   1.000000e+00   8.629460e-01   9.991008e-01   9.410621e-01   9.988356e-01   9.614640e-01   1.000000e+00
   7.956805e-01   8.711615e-01   1.994363e-01   9.408203e-01   7.732523e-01   3.286623e-01   3.928985e-01   6.456356e-02   6.528678e-01   8.993493e-01   9.987142e-01   7.551672e-01   9.887573e-01   8.601549e-01   9.999998e-01   9.415130e-01   9.996736e-01   9.423873e-01   1.000000e+00
   7.583599e-01   8.329976e-01   1.000000e+00   9.739663e-01   7.509872e-01   3.788102e-01   3.516199e-01   1.322568e-02   4.652505e-01   9.146731e-01   9.995650e-01   9.216937e-01   6.727509e-01   9.389015e-01   9.920070e-01   9.462074e-01   9.999987e-01   9.345882e-01   9.995971e-01
   7.702063e-01   8.633235e-01   3.547059e-01   1.000000e+00   7.813170e-01   6.008707e-01   4.774671e-01   5.672149e-03   6.177879e-01   9.313835e-01   9.998970e-01   8.558994e-01   9.933837e-01   9.453121e-01   9.993901e-01   8.857338e-01   1.000000e+00   8.320264e-01   9.989601e-01
   7.425825e-01   9.954673e-01   9.798973e-01   9.987127e-01   7.369237e-01   6.179648e-01   4.853579e-01   3.013363e-01   5.901005e-01   8.522740e-01   9.989668e-01   9.227299e-01   6.577391e-01   9.380605e-01   9.991369e-01   9.410504e-01   9.995642e-01   9.447593e-01   9.805530e-01
   8.033580e-01   7.651608e-01   9.890545e-01   1.407787e-01   7.995206e-01   3.203002e-01   4.215191e-01   2.414523e-02   3.256429e-01   9.089397e-01   9.999706e-01   9.441508e-01   6.256458e-01   9.484068e-01   9.954855e-01   9.548719e-01   9.988251e-01   9.712898e-01   9.999473e-01
   7.734496e-01   8.620439e-01   9.904313e-01   6.659943e-02   7.798698e-01   3.965109e-01   3.566720e-01   2.128041e-01   3.350149e-01   8.618407e-01   9.999881e-01   9.261873e-01   6.529810e-01   9.186259e-01   9.998269e-01   9.494773e-01   9.032454e-01   9.603491e-01   9.972127e-01
   7.998830e-01   1.000000e+00   9.296729e-01   7.176912e-01   7.924281e-01   3.550191e-01   5.205233e-01   2.889116e-01   3.213563e-01   9.088981e-01   9.989206e-01   8.920905e-01   6.070622e-01   9.400481e-01   9.987842e-01   9.212964e-01   9.998766e-01   9.480737e-01   9.996116e-01
   7.923559e-01   9.593566e-01   9.989266e-01   0.000000e+00   3.022822e-01   3.650581e-01   5.115746e-01   2.947689e-01   6.218381e-01   9.066856e-01   9.998484e-01   9.259979e-01   1.000000e+00   9.329251e-01   1.000000e+00   9.403413e-01   9.989678e-01   9.479036e-01   9.993758e-01
   7.648296e-01   1.000000e+00   9.192446e-01   9.783794e-01   4.240512e-01   3.931659e-01   3.556213e-01   2.380114e-01   2.999164e-01   8.776524e-01   9.999734e-01   8.818527e-01   6.826058e-01   9.341707e-01   9.166512e-01   9.543044e-01   9.226013e-01   9.661508e-01   9.998853e-01
   8.075263e-01   1.000000e+00   9.825813e-01   9.217993e-01   7.924281e-01   2.890988e-01   5.212191e-01   2.889116e-01   3.256429e-01   9.088947e-01   9.974090e-01   9.213135e-01   6.091829e-01   9.400481e-01   9.999803e-01   9.214113e-01   1.000000e+00   9.474018e-01   9.999997e-01
   4.000242e-01   9.736311e-01   1.523424e-02   1.658995e-01   7.843876e-01   3.650581e-01   6.541667e-01   2.906909e-01   3.094244e-01   9.098697e-01   9.985793e-01   9.158541e-01   9.999997e-01   9.372039e-01   9.814340e-01   9.435308e-01   1.000000e+00   9.824403e-01   9.999989e-01
   7.980639e-01   8.883577e-01   3.923398e-01   1.884890e-01   7.495390e-01   0.000000e+00   3.581679e-01   7.943545e-03   6.427246e-01   9.060928e-01   9.994351e-01   7.413772e-01   9.986887e-01   9.669817e-01   9.968366e-01   9.622577e-01   9.987990e-01   9.488332e-01   9.727766e-01
   7.904099e-01   9.998444e-01   1.000000e+00   9.208640e-01   4.114144e-01   4.175156e-01   4.878516e-01   7.166368e-02   3.670623e-01   9.087661e-01   9.997362e-01   8.976111e-01   5.922838e-01   9.507615e-01   9.994472e-01   9.372037e-01   9.468314e-01   9.447570e-01   1.000000e+00
   7.915052e-01   7.373419e-01   1.000000e+00   8.270524e-02   4.629658e-01   3.478112e-01   4.634866e-01   6.875103e-06   3.790094e-01   9.088981e-01   9.992281e-01   9.273822e-01   6.671956e-01   9.400481e-01   9.999256e-01   9.229100e-01   9.979807e-01   9.476613e-01   9.999638e-01
   8.072123e-01   3.124650e-01   9.732694e-01   1.867273e-01   7.758560e-01   2.567307e-01   4.209420e-01   1.616383e-01   6.157518e-01   9.115317e-01   9.986316e-01   9.282454e-01   9.977496e-01   9.525242e-01   9.999998e-01   9.407291e-01   9.998224e-01   9.474020e-01   9.980673e-01
   8.064656e-01   7.471977e-01   4.251988e-01   9.146062e-02   6.915131e-01   4.210607e-01   5.016071e-01   1.936530e-02   2.811595e-01   9.949251e-01   9.983571e-01   9.205342e-01   1.000000e+00   9.323213e-01   1.000000e+00   8.663261e-01   9.056500e-01   9.436937e-01   9.999493e-01
   7.597294e-01   1.000000e+00   7.710341e-01   7.397014e-01   7.844844e-01   3.852238e-01   4.780715e-01   2.655035e-01   3.148746e-01   9.074350e-01   9.997434e-01   9.274141e-01   9.934195e-01   8.525475e-01   1.000000e+00   9.416797e-01   9.998158e-01   9.449712e-01   1.000000e+00
   8.061281e-01   2.585293e-01   1.000000e+00   9.360123e-01   2.882135e-01   3.227768e-01   5.082786e-01   4.359962e-02   4.540543e-01   9.093366e-01   9.998453e-01   9.282263e-01   9.999300e-01   9.336468e-01   1.000000e+00   9.426312e-01   9.996287e-01   9.435782e-01   9.999479e-01
   7.599019e-01   7.863986e-01   9.680393e-01   8.673603e-01   9.585378e-01   3.528270e-01   5.013969e-01   1.030190e-01   4.878317e-01   9.095324e-01   9.999888e-01   5.774293e-01   7.353368e-01   9.338279e-01   9.999885e-01   9.396390e-01   9.928019e-01   9.460279e-01   9.999984e-01
   7.409853e-01   8.270169e-01   9.762331e-01   9.230724e-01   4.149333e-01   4.237166e-01   4.715152e-01   2.494058e-01   3.436036e-01   9.259410e-01   9.996067e-01   9.300211e-01   1.000000e+00   9.334040e-01   9.999714e-01   9.498635e-01   9.999724e-01   9.449747e-01   1.000000e+00
   7.470852e-01   7.560829e-01   9.890545e-01   1.000000e+00   4.197146e-01   3.534304e-01   4.215182e-01   8.309458e-03   3.256429e-01   9.070323e-01   9.999706e-01   9.272408e-01   6.256458e-01   9.243609e-01   9.954855e-01   9.547817e-01   9.987743e-01   9.422996e-01   9.999685e-01
   4.098864e-01   1.000000e+00   3.449401e-01   4.558427e-02   8.387345e-01   3.409683e-01   4.641577e-01   2.889116e-01   4.774930e-01   9.088981e-01   9.999554e-01   8.921352e-01   9.951961e-01   9.400481e-01   9.990731e-01   8.990570e-01   1.000000e+00   9.256556e-01   9.989118e-01
   7.705895e-01   7.980297e-01   9.805412e-01   7.728863e-01   7.330176e-01   6.102966e-01   4.613912e-01   3.082868e-01   4.654495e-01   9.069456e-01   9.999965e-01   9.005748e-01   6.551252e-01   8.559468e-01   9.942573e-01   9.792917e-01   1.000000e+00   9.474132e-01   9.999306e-01
   7.227819e-01   3.719569e-01   1.000000e+00   8.044929e-01   3.294576e-01   3.397804e-01   5.486676e-01   4.191708e-02   3.615767e-01   9.138470e-01   9.972436e-01   9.232526e-01   1.000000e+00   9.369084e-01   9.999735e-01   9.770738e-01   9.986663e-01   9.565547e-01   9.976281e-01
   8.028939e-01   7.931324e-01   9.752166e-01   7.748484e-01   7.720141e-01   3.990632e-01   5.156403e-01   4.889138e-02   6.055092e-01   9.060906e-01   9.999987e-01   9.178810e-01   6.639772e-01   8.543442e-01   9.897032e-01   9.544364e-01   9.314830e-01   9.474447e-01   9.997804e-01
   7.998830e-01   1.000000e+00   4.652778e-01   8.507106e-02   8.067244e-01   3.119438e-01   4.819859e-01   3.295101e-01   4.794162e-01   9.159653e-01   9.994593e-01   9.227494e-01   1.000000e+00   9.617929e-01   9.991021e-01   9.214113e-01   9.999695e-01   9.477807e-01   1.000000e+00
   7.409853e-01   6.977367e-01   9.762331e-01   8.970215e-01   4.149333e-01   4.213116e-01   3.032075e-01   0.000000e+00   3.436036e-01   9.259410e-01   9.996067e-01   9.300211e-01   1.000000e+00   8.773554e-01   9.999714e-01   9.498635e-01   9.999724e-01   9.442354e-01   1.000000e+00
   7.614212e-01   9.984097e-01   1.000000e+00   9.739663e-01   7.927849e-01   3.788102e-01   3.516199e-01   6.082646e-02   4.652505e-01   9.152047e-01   9.995650e-01   9.279896e-01   6.727369e-01   9.389015e-01   9.920070e-01   9.462074e-01   9.999987e-01   9.345363e-01   9.995971e-01
   7.658858e-01   7.777171e-01   9.647592e-01   4.563252e-02   4.258610e-01   3.504930e-01   3.104569e-01   1.338901e-02   5.665050e-01   9.015848e-01   9.973239e-01   7.113571e-01   6.071334e-01   9.467970e-01   9.991521e-01   9.027448e-01   9.927654e-01   8.641646e-01   9.999624e-01
   7.798180e-01   7.017778e-01   9.902951e-01   9.778897e-01   7.677281e-01   1.343751e-01   3.524634e-01   4.889138e-02   3.084531e-01   8.759393e-01   9.986801e-01   9.510566e-01   6.739067e-01   9.248779e-01   9.223926e-01   8.628593e-01   9.999984e-01   7.968090e-01   9.999077e-01
   7.844783e-01   8.786290e-01   9.253863e-01   9.865087e-01   4.145992e-01   4.172513e-01   5.232231e-01   6.639019e-02   4.709900e-01   8.993967e-01   9.982251e-01   9.564904e-01   6.083863e-01   9.401728e-01   9.439255e-01   9.520282e-01   9.999694e-01   9.345277e-01   9.999666e-01
   7.897568e-01   1.000000e+00   9.979028e-01   1.403085e-01   3.274833e-01   3.250094e-01   5.314996e-01   2.793035e-02   4.901262e-01   9.097626e-01   9.563783e-01   8.912419e-01   6.722848e-01   9.335534e-01   9.942895e-01   9.339466e-01   1.000000e+00   9.452215e-01   9.974959e-01
   8.069273e-01   8.390406e-01   3.891638e-01   7.547501e-01   7.151424e-01   2.569070e-01   5.181891e-01   0.000000e+00   3.226338e-01   9.070701e-01   9.552687e-01   9.306721e-01   9.395521e-01   8.491377e-01   9.511654e-01   9.406662e-01   9.999927e-01   9.391630e-01   1.000000e+00
   7.425874e-01   6.747838e-01   9.992654e-01   7.746716e-01   9.198484e-01   3.831362e-01   4.988435e-01   6.070352e-02   1.433229e-01   9.112612e-01   1.000000e+00   9.069000e-01   6.352650e-01   8.536607e-01   9.991301e-01   9.793731e-01   9.957112e-01   9.433347e-01   9.922891e-01
   4.260046e-01   9.980007e-01   9.900226e-01   8.615723e-01   6.524056e-01   4.239959e-01   6.892751e-01   1.898241e-01   3.121744e-01   9.069757e-01   9.994897e-01   9.235821e-01   1.000000e+00   9.523845e-01   1.000000e+00   9.411667e-01   9.999138e-01   9.440404e-01   1.000000e+00
   7.912090e-01   6.961469e-01   9.818551e-01   0.000000e+00   9.566607e-01   6.101987e-01   5.055858e-01   2.929669e-02   3.324642e-01   9.073105e-01   9.226206e-01   5.861489e-01   7.781237e-01   9.569134e-01   1.000000e+00   9.413028e-01   9.995052e-01   9.507572e-01   9.986161e-01
   7.778010e-01   7.776856e-01   9.810231e-01   0.000000e+00   7.719164e-01   1.019710e-01   4.378253e-01   2.527597e-02   5.853506e-01   9.148306e-01   9.998396e-01   5.743559e-01   6.775919e-01   9.172005e-01   9.993116e-01   9.396923e-01   1.000000e+00   9.102766e-01   9.985964e-01
   7.705895e-01   7.904060e-01   9.805412e-01   7.781998e-01   7.832418e-01   6.102966e-01   4.850915e-01   3.082868e-01   4.783167e-01   9.067579e-01   9.994465e-01   9.008529e-01   6.718358e-01   8.591626e-01   9.911402e-01   9.388319e-01   9.999415e-01   9.173597e-01   1.000000e+00
   3.947239e-01   9.745663e-01   9.975995e-01   9.045848e-01   6.525421e-01   4.239343e-01   6.844250e-01   1.898241e-01   3.115482e-01   9.097835e-01   9.995912e-01   9.235821e-01   1.000000e+00   9.381936e-01   1.000000e+00   9.412952e-01   1.000000e+00   9.440392e-01   9.986638e-01
   7.495654e-01   8.252177e-01   8.396348e-02   9.248522e-01   7.709358e-01   3.513397e-01   4.619208e-01   2.685968e-01   4.758664e-01   9.015255e-01   9.974097e-01   9.992379e-01   9.994410e-01   9.289071e-01   9.978109e-01   9.498321e-01   9.927609e-01   9.459268e-01   9.972775e-01
   7.975350e-01   8.418440e-01   2.228513e-01   2.528279e-02   6.581896e-01   4.210110e-01   3.339196e-01   6.724613e-02   6.427246e-01   9.070535e-01   9.380301e-01   9.261597e-01   9.910942e-01   9.669306e-01   9.592247e-01   9.469896e-01   9.996748e-01   9.398113e-01   9.994824e-01
   7.920633e-01   6.311979e-01   9.734900e-01   7.815956e-01   3.363440e-01   3.955190e-01   4.605888e-01   1.294777e-01   4.483275e-01   9.230353e-01   9.997397e-01   9.279619e-01   1.000000e+00   9.530156e-01   1.000000e+00   9.334262e-01   9.999990e-01   9.886091e-01   9.980848e-01
   7.999520e-01   6.302588e-01   9.956358e-01   7.298200e-01   9.144019e-01   6.164805e-01   5.234822e-01   8.405729e-03   2.107037e-01   9.080333e-01   9.982613e-01   8.926318e-01   5.994583e-01   9.406614e-01   1.000000e+00   9.381846e-01   9.988157e-01   9.352665e-01   1.000000e+00
   7.797184e-01   8.617798e-01   5.063283e-01   0.000000e+00   7.744239e-01   3.441171e-01   5.649010e-01   3.319533e-01   6.268309e-01   9.066842e-01   9.997670e-01   8.427959e-01   9.912723e-01   8.541772e-01   9.582804e-01   9.471139e-01   9.853674e-01   7.948851e-01   9.999958e-01
   7.672553e-01   8.386041e-01   3.885586e-01   7.545487e-01   7.072788e-01   4.018017e-01   4.195377e-01   2.263785e-04   3.142548e-01   9.070701e-01   9.543153e-01   8.975680e-01   9.934332e-01   8.667368e-01   9.511654e-01   9.429921e-01   1.000000e+00   9.391630e-01   1.000000e+00
   7.920902e-01   3.218864e-01   9.999911e-01   1.060526e-02   7.783096e-01   4.129383e-01   5.115746e-01   3.514967e-02   3.352977e-01   9.084790e-01   9.999448e-01   9.259979e-01   1.000000e+00   9.337102e-01   1.000000e+00   9.403413e-01   1.000000e+00   9.500148e-01   9.999188e-01
   4.073775e-01   9.951918e-01   3.687799e-01   8.020753e-01   8.024788e-01   2.591688e-01   4.218019e-01   3.158203e-01   3.080129e-01   9.089333e-01   9.998651e-01   9.436349e-01   1.000000e+00   9.395242e-01   9.999999e-01   9.789711e-01   9.758569e-01   9.082255e-01   9.999431e-01
   7.652628e-01   9.995589e-01   3.324543e-01   7.359083e-01   7.746495e-01   3.927894e-01   4.603747e-01   6.065596e-02   1.411912e-01   9.083987e-01   9.960557e-01   9.274122e-01   1.000000e+00   9.398703e-01   9.991394e-01   8.646454e-01   1.000000e+00   9.428551e-01   9.985514e-01
   7.597294e-01   8.345879e-01   7.710341e-01   7.397014e-01   7.844844e-01   3.852238e-01   4.780715e-01   2.641988e-01   3.148746e-01   9.068941e-01   9.997434e-01   9.645699e-01   9.934195e-01   8.525475e-01   1.000000e+00   9.416797e-01   9.998158e-01   9.448937e-01   1.000000e+00
   7.724321e-01   8.719410e-01   1.000000e+00   8.649402e-01   7.742830e-01   3.813393e-01   5.039524e-01   1.020065e-02   3.359915e-01   9.669703e-01   9.999321e-01   9.226031e-01   6.034172e-01   9.335720e-01   1.000000e+00   9.430938e-01   1.000000e+00   9.476298e-01   9.997822e-01
   7.904792e-01   7.682054e-01   9.759800e-01   9.437909e-01   7.987395e-01   3.637599e-01   4.181041e-01   1.496320e-02   3.177985e-01   9.089397e-01   9.999394e-01   9.512981e-01   3.852065e-01   9.336361e-01   9.990807e-01   9.406692e-01   9.987922e-01   9.476668e-01   9.999421e-01
   7.814222e-01   6.414455e-01   9.950552e-01   7.408291e-02   9.786642e-01   5.582675e-01   4.625355e-01   2.881440e-01   1.179162e-01   9.603137e-01   9.994852e-01   9.166833e-01   9.888454e-01   9.527353e-01   9.968612e-01   9.514471e-01   9.988547e-01   9.464375e-01   9.999080e-01
   7.366510e-01   7.316406e-01   3.112517e-01   9.202489e-02   7.915884e-01   3.142791e-01   5.000542e-01   9.134505e-02   4.383911e-01   9.079297e-01   9.998382e-01   9.224047e-01   1.000000e+00   9.323405e-01   9.994844e-01   9.414528e-01   9.999976e-01   9.757148e-01   9.999997e-01
   4.173916e-01   7.625122e-01   9.902559e-01   7.185235e-01   7.635461e-01   6.097573e-01   5.031902e-01   2.871341e-01   4.573357e-01   9.093870e-01   9.093333e-01   9.234444e-01   1.000000e+00   9.343334e-01   1.000000e+00   9.413506e-01   9.995172e-01   9.481923e-01   9.999691e-01
   7.762218e-01   6.319891e-01   9.825864e-01   8.244762e-02   9.212783e-01   5.766173e-01   4.625355e-01   3.299322e-02   9.727206e-03   9.110983e-01   8.542307e-01   9.226128e-01   6.326694e-01   8.884171e-01   9.969402e-01   9.413110e-01   9.997369e-01   9.464375e-01   9.924048e-01
   4.110568e-01   6.737219e-01   9.771765e-01   8.016284e-01   4.049636e-01   2.495745e-01   4.241760e-01   5.473666e-03   6.026687e-01   9.090655e-01   9.985891e-01   9.108629e-01   1.000000e+00   9.337078e-01   9.949189e-01   9.415057e-01   9.998224e-01   9.475232e-01   9.982964e-01
   7.887373e-01   8.908802e-01   9.902951e-01   9.348829e-01   7.742313e-01   3.235376e-01   3.524634e-01   3.416597e-02   4.164239e-01   8.775347e-01   9.999841e-01   8.993073e-01   6.739067e-01   9.326491e-01   9.897032e-01   9.543843e-01   9.999984e-01   8.188738e-01   9.999566e-01
   7.612802e-01   8.482565e-01   1.000000e+00   9.739663e-01   7.927849e-01   3.957479e-01   4.117043e-01   6.296479e-02   4.719973e-01   9.146638e-01   9.995799e-01   9.127453e-01   6.713698e-01   8.410736e-01   9.242753e-01   9.463113e-01   9.999988e-01   9.344588e-01   9.995971e-01
   7.721596e-01   6.383012e-01   1.000000e+00   9.756809e-01   9.089638e-01   3.533128e-01   5.224449e-01   2.875826e-01   4.705284e-01   8.997419e-01   9.983520e-01   8.907963e-01   5.511156e-01   9.364595e-01   9.253789e-01   9.630574e-01   9.987840e-01   9.738644e-01   9.999574e-01
   7.559781e-01   8.149497e-01   9.524238e-01   9.211955e-01   3.323112e-01   3.238295e-01   5.005948e-01   3.163631e-01   9.424748e-02   9.097052e-01   9.995271e-01   9.273685e-01   7.093185e-01   9.326940e-01   1.000000e+00   9.409125e-01   9.994741e-01   8.397690e-01   1.000000e+00
   7.775701e-01   9.961525e-01   9.898839e-01   8.914936e-03   7.992923e-01   3.856748e-01   4.215179e-01   2.812404e-02   5.853506e-01   9.247415e-01   9.998392e-01   5.743559e-01   9.419017e-01   9.174743e-01   9.956662e-01   9.396923e-01   9.987763e-01   9.716962e-01   9.985964e-01
   8.031038e-01   7.580198e-01   1.000000e+00   7.196561e-01   9.167106e-01   6.576818e-01   5.028470e-01   6.437357e-02   4.370565e-01   9.094464e-01   9.996896e-01   9.454809e-01   9.981966e-01   9.143152e-01   9.999909e-01   9.477821e-01   9.788456e-01   9.352666e-01   9.844590e-01
   4.000242e-01   7.077941e-01   1.523424e-02   1.624128e-01   7.843876e-01   4.183651e-01   6.541667e-01   2.906909e-01   1.274225e-01   8.994486e-01   9.985793e-01   9.158541e-01   7.434976e-01   9.372039e-01   9.814666e-01   9.435308e-01   1.000000e+00   9.824403e-01   9.999989e-01
   7.723394e-01   6.878041e-01   1.000000e+00   8.649402e-01   7.681110e-01   3.794659e-01   4.117840e-01   1.020065e-02   3.359915e-01   9.687586e-01   9.999425e-01   9.226031e-01   1.000000e+00   9.336865e-01   9.219393e-01   9.430938e-01   1.000000e+00   9.355043e-01   9.999094e-01
   8.049606e-01   3.246448e-01   3.595668e-01   1.202471e-01   3.239016e-01   3.864115e-01   4.981587e-01   2.849003e-01   6.079200e-01   9.313584e-01   9.999928e-01   9.168343e-01   9.949521e-01   9.401087e-01   9.989777e-01   9.494716e-01   9.999894e-01   9.585521e-01   9.993361e-01
   7.998923e-01   8.907177e-01   9.956358e-01   6.663804e-02   9.542868e-01   6.150910e-01   5.242037e-01   3.642468e-02   2.106072e-01   9.000440e-01   9.982251e-01   9.573879e-01   5.994132e-01   9.406401e-01   9.998055e-01   9.513248e-01   9.999665e-01   9.346936e-01   9.175712e-01
   7.648296e-01   9.946573e-01   9.192446e-01   9.783794e-01   6.884682e-01   6.839828e-01   3.556213e-01   8.292434e-03   3.001580e-01   8.776524e-01   1.000000e+00   8.818527e-01   6.913880e-01   9.322177e-01   9.989551e-01   9.604285e-01   9.226013e-01   9.676973e-01   9.998853e-01
   8.002992e-01   9.769893e-01   2.303710e-01   7.808893e-01   7.598416e-01   2.312085e-01   3.312848e-01   3.166474e-01   6.148514e-01   9.061942e-01   1.000000e+00   7.500214e-01   1.000000e+00   9.532009e-01   9.951225e-01   9.415137e-01   1.000000e+00   9.428488e-01   9.986498e-01
   7.725396e-01   3.730792e-01   1.000000e+00   7.210965e-01   3.768491e-01   6.573574e-01   4.866880e-01   3.146682e-01   4.924822e-01   8.563996e-01   9.989126e-01   8.963685e-01   6.551492e-01   8.616541e-01   9.991301e-01   9.653806e-01   9.925316e-01   9.447536e-01   9.923822e-01
   7.775701e-01   1.000000e+00   9.810231e-01   8.704776e-01   7.719164e-01   3.531828e-01   5.041651e-01   2.883941e-02   5.853506e-01   9.249085e-01   9.998392e-01   5.743559e-01   7.136417e-01   9.174743e-01   1.000000e+00   9.396923e-01   1.000000e+00   9.157100e-01   9.999917e-01
   7.618786e-01   9.961525e-01   9.913382e-01   9.083549e-02   7.995961e-01   4.216168e-01   4.224569e-01   2.812404e-02   5.853506e-01   9.926673e-01   9.998645e-01   9.168171e-01   9.419017e-01   9.319559e-01   9.956858e-01   9.446095e-01   9.046496e-01   9.716962e-01   9.985964e-01
   7.944352e-01   7.598346e-01   9.732910e-01   9.437909e-01   7.967376e-01   3.637599e-01   4.190926e-01   1.540948e-02   3.177985e-01   9.089397e-01   9.999897e-01   9.505040e-01   3.852065e-01   9.335982e-01   9.990807e-01   9.406692e-01   9.987922e-01   9.476481e-01   9.999421e-01
   7.726672e-01   8.822427e-01   9.811631e-01   1.000000e+00   7.826343e-01   2.030843e-01   4.834215e-01   1.762913e-03   4.320072e-01   8.874118e-01   9.999672e-01   9.204991e-01   7.000096e-01   9.224074e-01   9.600131e-01   9.469819e-01   1.000000e+00   9.471594e-01   9.999140e-01
   7.798180e-01   8.871208e-01   9.904099e-01   9.657096e-01   7.733095e-01   2.239332e-01   3.530088e-01   3.426950e-01   2.979958e-01   9.076248e-01   9.997773e-01   9.509315e-01   6.727440e-01   9.021629e-01   9.228532e-01   9.543044e-01   9.999999e-01   7.968090e-01   9.997801e-01
   7.552906e-01   8.149497e-01   9.386748e-01   1.497817e-01   7.886839e-01   3.761124e-01   5.003030e-01   1.882264e-02   1.389111e-01   9.104432e-01   9.995999e-01   9.273685e-01   7.065129e-01   8.414343e-01   1.000000e+00   9.408860e-01   9.995152e-01   9.474400e-01   1.000000e+00
   7.377257e-01   6.998646e-01   2.303710e-01   8.923537e-01   7.588283e-01   4.237415e-01   3.298669e-01   3.098549e-01   3.381519e-01   9.067318e-01   9.996027e-01   7.500214e-01   1.000000e+00   9.532009e-01   9.950736e-01   9.499393e-01   1.000000e+00   9.428327e-01   9.986498e-01
   8.004109e-01   9.869164e-01   0.000000e+00   0.000000e+00   7.598416e-01   3.492671e-01   5.614148e-01   6.112164e-03   6.262720e-01   9.066657e-01   1.000000e+00   7.547597e-01   9.999998e-01   9.532009e-01   9.951225e-01   9.417280e-01   9.999639e-01   9.466376e-01   9.986399e-01
   7.317417e-01   9.952124e-01   1.000000e+00   8.020753e-01   7.924162e-01   2.554223e-01   5.334021e-01   3.158203e-01   3.026524e-01   9.089065e-01   9.994886e-01   9.436944e-01   9.999753e-01   9.334509e-01   9.999999e-01   9.783427e-01   9.999945e-01   9.471653e-01   9.999431e-01
   7.798180e-01   7.709704e-01   9.698081e-01   9.652475e-01   5.722100e-01   1.510800e-01   3.891203e-01   7.017440e-02   3.339108e-01   8.998358e-01   9.997740e-01   9.511232e-01   7.739629e-01   9.341707e-01   9.973529e-01   8.680857e-01   9.694699e-01   7.913044e-01   9.989190e-01
   8.037646e-01   6.740797e-01   9.841907e-01   9.306529e-01   7.730924e-01   3.663785e-01   4.326033e-01   6.464772e-02   4.570437e-01   9.187343e-01   9.985786e-01   9.026026e-01   9.907316e-01   9.284414e-01   9.750547e-01   9.416819e-01   1.000000e+00   9.446917e-01   1.000000e+00
   7.652628e-01   9.961740e-01   3.324543e-01   7.359083e-01   7.745452e-01   3.927894e-01   4.603747e-01   1.061960e-03   1.387883e-01   9.079319e-01   9.960557e-01   9.274122e-01   1.000000e+00   9.381636e-01   9.956600e-01   9.386431e-01   9.999819e-01   9.425484e-01   9.985514e-01
   8.087515e-01   6.357326e-01   1.000000e+00   0.000000e+00   9.089638e-01   6.110465e-01   5.013665e-01   2.875826e-01   3.256792e-01   9.189160e-01   9.983520e-01   6.141326e-01   5.511156e-01   9.285558e-01   1.000000e+00   9.658943e-01   9.988161e-01   9.505729e-01   9.999574e-01
   8.041614e-01   3.065231e-01   7.657191e-01   1.667004e-01   7.849857e-01   3.856588e-01   5.043461e-01   2.656584e-02   1.387456e-01   9.093789e-01   9.995271e-01   9.226261e-01   9.991715e-01   9.318263e-01   9.999761e-01   9.413188e-01   9.992258e-01   9.455438e-01   1.000000e+00
   7.603752e-01   8.536535e-01   7.595539e-01   9.539394e-01   4.273805e-01   3.829747e-01   4.780715e-01   2.656073e-01   6.267987e-01   9.093758e-01   9.994974e-01   9.274141e-01   9.934195e-01   8.526178e-01   1.000000e+00   9.416797e-01   9.999948e-01   9.474099e-01   9.983444e-01
   4.088862e-01   8.539910e-01   2.116397e-01   6.632911e-01   8.405708e-01   4.408059e-01   3.544625e-01   5.860688e-02   6.478381e-01   8.559964e-01   9.999336e-01   8.924222e-01   9.949519e-01   9.406292e-01   9.886348e-01   9.631973e-01   9.560673e-01   9.347763e-01   9.988859e-01
   4.251916e-01   8.402788e-01   1.000000e+00   9.045848e-01   4.678318e-01   4.279467e-01   6.013125e-01   1.870777e-01   5.226721e-01   9.106234e-01   9.994506e-01   9.235821e-01   1.000000e+00   9.380068e-01   1.000000e+00   9.412952e-01   9.988204e-01   9.446982e-01   9.993667e-01
   7.783912e-01   9.999139e-01   9.647592e-01   7.856104e-01   7.985933e-01   3.972905e-01   6.534151e-01   1.338901e-02   3.337732e-01   9.089394e-01   9.972936e-01   9.208788e-01   6.071334e-01   8.499990e-01   9.991479e-01   9.222250e-01   9.898095e-01   9.476737e-01   9.997566e-01
   7.812074e-01   6.418711e-01   9.950552e-01   7.408291e-02   9.786642e-01   2.337895e-01   4.625355e-01   3.382644e-01   2.985027e-01   9.603137e-01   9.994731e-01   9.166833e-01   9.881082e-01   9.346364e-01   9.968612e-01   9.514471e-01   9.988547e-01   9.473427e-01   9.999080e-01
   7.621436e-01   8.860344e-01   9.996109e-01   9.778897e-01   7.774849e-01   2.239332e-01   3.524634e-01   4.889138e-02   3.084531e-01   8.764060e-01   9.986664e-01   9.510566e-01   6.739067e-01   9.247634e-01   9.229409e-01   9.504494e-01   9.999984e-01   7.961355e-01   9.997832e-01
   7.812180e-01   9.396795e-01   9.521595e-01   8.664162e-01   3.892542e-01   3.235281e-01   4.878538e-01   3.192629e-01   3.492845e-01   9.093887e-01   9.998246e-01   9.196192e-01   6.725042e-01   9.360479e-01   9.999910e-01   9.387615e-01   9.925702e-01   8.384623e-01   1.000000e+00
   7.720686e-01   7.903961e-01   9.664769e-01   7.755499e-01   7.903116e-01   3.595866e-01   5.214871e-01   2.422620e-01   4.738928e-01   9.090171e-01   9.994355e-01   8.729147e-01   1.000000e+00   8.592894e-01   9.992693e-01   9.410621e-01   9.988356e-01   9.614640e-01   1.000000e+00
   7.985084e-01   8.186893e-01   9.800197e-01   1.565759e-01   7.886839e-01   3.856588e-01   4.990464e-01   2.519604e-02   1.297016e-01   9.105120e-01   9.975986e-01   9.228688e-01   1.000000e+00   8.413694e-01   1.000000e+00   9.380873e-01   9.956581e-01   9.475402e-01   9.999446e-01
   7.407747e-01   6.928206e-01   9.759471e-01   8.744447e-01   3.283159e-01   4.213116e-01   5.248910e-01   0.000000e+00   4.933426e-01   9.259410e-01   9.996067e-01   9.313031e-01   1.000000e+00   8.773554e-01   9.999191e-01   9.498635e-01   1.000000e+00   9.452098e-01   1.000000e+00
   8.083200e-01   8.709144e-01   1.000000e+00   1.234929e-01   7.794690e-01   3.697581e-01   4.933571e-01   2.116372e-01   6.612591e-01   9.267176e-01   8.885303e-01   7.669568e-01   7.636008e-01   8.429347e-01   9.267349e-01   9.415149e-01   1.000000e+00   9.020665e-01   1.000000e+00
   7.556068e-01   8.756957e-01   9.597672e-01   8.837887e-01   4.029768e-01   2.341284e-01   5.214871e-01   3.107712e-01   6.160257e-01   9.187166e-01   9.999867e-01   6.108855e-01   9.690886e-01   8.629460e-01   9.991008e-01   9.410621e-01   9.988356e-01   9.614640e-01   1.000000e+00
   7.703063e-01   1.000000e+00   9.424902e-01   1.405345e-01   3.282557e-01   6.077997e-01   3.864014e-01   0.000000e+00   4.901262e-01   9.323596e-01   9.563783e-01   8.548601e-01   7.907366e-01   8.580872e-01   9.325571e-01   9.596882e-01   1.000000e+00   9.452215e-01   9.975188e-01
   8.058930e-01   6.393289e-01   1.000000e+00   7.185376e-01   9.157156e-01   3.908007e-01   5.202197e-01   6.900162e-02   4.665321e-01   9.091722e-01   9.999832e-01   9.232707e-01   7.514058e-01   9.389434e-01   9.999809e-01   9.202459e-01   9.997544e-01   9.480880e-01   9.999337e-01
   7.713250e-01   3.604587e-01   9.999370e-01   8.624412e-01   7.666386e-01   6.017433e-01   4.872230e-01   3.944613e-02   4.665339e-01   9.089397e-01   9.988961e-01   9.439042e-01   6.548070e-01   9.399585e-01   9.991021e-01   9.979296e-01   1.000000e+00   9.471817e-01   9.922203e-01
   7.912090e-01   6.935965e-01   9.818551e-01   0.000000e+00   7.065307e-01   6.101987e-01   5.051421e-01   2.929669e-02   3.324642e-01   9.073105e-01   9.240626e-01   9.220967e-01   7.781237e-01   9.569134e-01   9.520198e-01   9.412618e-01   9.995035e-01   9.391472e-01   9.999364e-01
   7.555817e-01   8.773221e-01   3.150194e-01   9.850724e-02   7.519516e-01   2.323180e-01   4.136028e-01   3.127213e-01   6.361271e-01   9.186920e-01   9.999742e-01   9.037384e-01   9.934107e-01   9.371892e-01   9.212226e-01   9.533998e-01   9.998983e-01   9.471997e-01   1.000000e+00
   7.849957e-01   6.194642e-01   9.825813e-01   9.214632e-01   9.044929e-01   6.055609e-01   5.175927e-01   6.641049e-02   2.047406e-01   9.088947e-01   9.974090e-01   9.213135e-01   9.185700e-01   9.115782e-01   9.999803e-01   9.214113e-01   9.988271e-01   9.342416e-01   9.999997e-01
   7.887373e-01   9.999027e-01   1.136414e-04   9.348137e-01   7.200050e-01   3.626280e-01   3.915791e-01   8.626540e-03   4.164239e-01   8.771072e-01   9.987114e-01   9.231533e-01   6.739067e-01   9.326491e-01   9.897032e-01   9.413657e-01   9.999670e-01   9.477467e-01   9.999566e-01
   7.948634e-01   6.351390e-01   9.530527e-01   8.670451e-01   3.847953e-01   3.771834e-01   4.878538e-01   3.192629e-01   5.185048e-01   9.093887e-01   9.998246e-01   8.999714e-01   6.725042e-01   9.360638e-01   9.999760e-01   9.399774e-01   9.925702e-01   8.384623e-01   1.000000e+00
   7.495654e-01   8.252177e-01   1.286765e-01   9.248522e-01   4.344713e-01   3.519770e-01   3.484585e-01   2.379471e-01   4.758664e-01   8.779612e-01   9.974097e-01   8.839992e-01   1.000000e+00   9.290531e-01   9.981144e-01   9.498634e-01   9.927609e-01   9.459268e-01   9.972775e-01
   7.775701e-01   9.961525e-01   9.994760e-01   0.000000e+00   8.086430e-01   3.648933e-01   4.215179e-01   1.559175e-02   5.843465e-01   9.247415e-01   9.998484e-01   5.544708e-01   9.400413e-01   9.329453e-01   9.990427e-01   9.396989e-01   9.989705e-01   9.716962e-01   9.984671e-01
   7.345451e-01   8.361210e-01   2.191531e-01   8.297630e-01   7.730456e-01   3.251947e-01   5.277887e-01   3.579596e-01   4.861401e-01   9.088403e-01   9.992537e-01   8.883186e-01   7.050585e-01   9.677010e-01   9.887732e-01   9.799845e-01   9.999976e-01   9.521840e-01   9.997506e-01
   7.778010e-01   7.807055e-01   9.927232e-01   0.000000e+00   7.719164e-01   1.019710e-01   4.378253e-01   2.527597e-02   5.853656e-01   9.148306e-01   9.998373e-01   5.743559e-01   6.830601e-01   9.172051e-01   9.999446e-01   9.394453e-01   1.000000e+00   9.102766e-01   9.985964e-01
   7.573165e-01   8.329976e-01   1.000000e+00   9.739663e-01   7.509872e-01   3.788102e-01   5.050943e-01   1.292195e-02   4.677542e-01   9.146731e-01   9.995650e-01   9.216937e-01   6.734588e-01   9.389428e-01   9.957779e-01   9.462074e-01   9.999987e-01   9.349728e-01   9.995971e-01
   7.906554e-01   6.835108e-01   9.999350e-01   1.403085e-01   7.653129e-01   3.250094e-01   5.295781e-01   2.793035e-02   4.901262e-01   9.085889e-01   9.563783e-01   8.272928e-01   9.496906e-01   9.335536e-01   9.942895e-01   9.339466e-01   1.000000e+00   9.355043e-01   9.974959e-01
   8.081418e-01   6.445166e-01   4.251988e-01   6.567014e-01   7.044076e-01   6.139011e-01   5.015579e-01   1.936530e-02   2.811595e-01   9.045504e-01   9.983571e-01   9.202108e-01   6.116007e-01   9.947322e-01   1.000000e+00   8.663261e-01   9.998893e-01   9.447647e-01   9.999497e-01
   4.000242e-01   9.736311e-01   1.523424e-02   8.822381e-01   7.843876e-01   3.650581e-01   5.210152e-01   2.906886e-01   3.257139e-01   9.098697e-01   9.985793e-01   9.158541e-01   9.999997e-01   9.372039e-01   9.814340e-01   9.435308e-01   1.000000e+00   9.824403e-01   9.999989e-01
   7.419760e-01   3.316666e-01   7.611522e-01   9.084750e-01   7.351122e-01   4.208346e-01   5.043759e-01   2.652041e-01   3.507610e-01   9.315208e-01   9.995379e-01   9.300211e-01   9.954419e-01   9.397566e-01   9.999355e-01   9.498635e-01   9.994310e-01   9.449747e-01   1.000000e+00
   8.037325e-01   6.740797e-01   9.275191e-01   1.029403e-01   7.334292e-01   3.488531e-01   4.326033e-01   8.840244e-02   4.422018e-01   9.187343e-01   9.999995e-01   9.052763e-01   9.906912e-01   9.285035e-01   1.000000e+00   9.415309e-01   1.000000e+00   9.447453e-01   9.999985e-01
   8.072270e-01   1.000000e+00   9.957885e-01   9.217993e-01   7.935374e-01   2.788172e-01   5.245273e-01   2.889116e-01   2.098914e-01   9.000238e-01   9.982284e-01   9.213135e-01   6.091829e-01   9.400500e-01   9.999771e-01   9.211986e-01   9.999671e-01   9.348434e-01   9.999997e-01
   7.425874e-01   9.475264e-01   9.992654e-01   7.746716e-01   9.198484e-01   3.241293e-01   4.988435e-01   6.070352e-02   1.433229e-01   9.113422e-01   1.000000e+00   8.853300e-01   6.352650e-01   8.536607e-01   9.986208e-01   9.793731e-01   9.957112e-01   9.433347e-01   9.922891e-01
   3.914052e-01   3.139998e-02   9.623669e-01   8.783645e-01   8.074075e-01   3.323590e-01   5.152188e-01   3.262566e-01   3.147082e-01   9.098533e-01   1.000000e+00   9.231073e-01   9.999955e-01   9.535508e-01   1.000000e+00   9.414026e-01   9.993669e-01   9.492173e-01   9.999488e-01
   4.026389e-01   1.000000e+00   3.306609e-01   5.717290e-03   6.487242e-01   6.143781e-01   4.626761e-01   4.814381e-02   4.786272e-01   9.078865e-01   9.999415e-01   8.910000e-01   9.963535e-01   9.372587e-01   9.212226e-01   8.993548e-01   9.989611e-01   9.378129e-01   9.989105e-01
   7.793284e-01   8.569050e-01   5.063283e-01   0.000000e+00   7.763861e-01   3.424513e-01   5.649010e-01   2.548763e-03   1.201091e-01   9.066842e-01   9.986883e-01   8.427959e-01   9.913561e-01   8.541772e-01   9.582804e-01   9.385825e-01   9.999299e-01   7.948851e-01   9.999832e-01
   8.048681e-01   3.232256e-01   4.161682e-01   1.101172e-01   9.089638e-01   6.110465e-01   5.013665e-01   2.875826e-01   4.935638e-01   9.312948e-01   9.999314e-01   9.174136e-01   1.000000e+00   9.366432e-01   9.990021e-01   9.495312e-01   1.000000e+00   9.447246e-01   9.999574e-01
   7.959928e-01   1.000000e+00   2.625051e-01   9.443206e-01   7.191488e-01   3.632605e-01   3.914592e-01   3.193593e-01   3.105471e-01   9.078620e-01   9.986427e-01   9.186677e-01   9.999960e-01   9.337708e-01   9.999998e-01   9.415134e-01   1.000000e+00   9.462567e-01   1.000000e+00
   7.894446e-01   6.872219e-01   9.809078e-01   8.643710e-01   7.773369e-01   4.162340e-01   5.228566e-01   1.266610e-02   3.138066e-01   9.093730e-01   9.997599e-01   8.915857e-01   9.950414e-01   9.568170e-01   9.991008e-01   9.424588e-01   9.995946e-01   9.614640e-01   1.000000e+00
   7.631980e-01   9.767581e-01   3.883110e-01   7.545487e-01   7.921611e-01   3.511177e-01   4.642642e-01   4.882379e-02   3.142548e-01   9.253716e-01   9.543153e-01   9.219729e-01   9.449360e-01   8.667368e-01   9.511654e-01   9.023001e-01   1.000000e+00   9.391630e-01   9.700148e-01
   7.965915e-01   1.000000e+00   9.740734e-01   6.584375e-01   6.467224e-01   6.203692e-01   5.207258e-01   4.859010e-02   3.267772e-01   9.533998e-01   9.974311e-01   8.902060e-01   6.139528e-01   9.107137e-01   9.954202e-01   9.303633e-01   9.989611e-01   9.480080e-01   9.948937e-01
   7.956805e-01   8.679759e-01   1.994363e-01   1.606958e-01   7.335892e-01   3.286623e-01   3.928985e-01   1.024287e-01   6.528678e-01   8.993493e-01   1.000000e+00   7.551672e-01   9.887169e-01   8.601549e-01   9.999383e-01   9.415134e-01   9.996736e-01   9.418585e-01   9.999985e-01
   7.415888e-01   7.697883e-01   9.891097e-01   1.812711e-02   8.017385e-01   2.081625e-01   5.201783e-01   3.280994e-01   3.471249e-01   9.145707e-01   9.992611e-01   9.263573e-01   6.255992e-01   9.482371e-01   9.954435e-01   9.102646e-01   9.994174e-01   8.397945e-01   9.999433e-01
   8.098977e-01   9.985048e-01   3.309861e-01   0.000000e+00   8.300770e-01   6.135650e-01   4.642677e-01   5.099247e-02   2.936072e-01   9.078865e-01   1.000000e+00   8.901570e-01   6.912658e-01   9.080071e-01   9.244119e-01   8.997428e-01   1.000000e+00   9.383208e-01   9.727936e-01
   7.617444e-01   8.166436e-01   9.880106e-01   0.000000e+00   6.723831e-01   5.826647e-01   4.642677e-01   3.403252e-01   2.933722e-01   8.993863e-01   9.999301e-01   8.895800e-01   6.579537e-01   8.618079e-01   9.244992e-01   9.619692e-01   1.000000e+00   9.552959e-01   9.729541e-01
   7.915054e-01   7.351401e-01   1.000000e+00   8.270524e-02   4.632781e-01   3.478112e-01   4.634549e-01   0.000000e+00   3.790094e-01   9.088981e-01   9.992281e-01   9.273822e-01   6.671797e-01   9.400481e-01   9.999256e-01   9.239531e-01   9.979807e-01   9.500432e-01   9.999638e-01
   7.725789e-01   1.000000e+00   9.672998e-01   8.808981e-01   6.467224e-01   6.203859e-01   5.207258e-01   4.859010e-02   3.270074e-01   9.078865e-01   9.974454e-01   8.972893e-01   6.081113e-01   9.372208e-01   9.429413e-01   9.217092e-01   9.923860e-01   9.446135e-01   9.996694e-01
   7.765332e-01   9.981374e-01   9.645183e-01   9.567012e-01   4.212750e-01   2.456282e-01   4.987225e-01   2.695077e-02   1.284772e-02   9.105120e-01   9.997645e-01   9.173109e-01   7.033355e-01   8.402165e-01   9.999989e-01   9.415765e-01   9.994932e-01   9.474377e-01   9.983449e-01
   7.977452e-01   7.727133e-01   2.228513e-01   2.528279e-02   6.581896e-01   4.210110e-01   3.339196e-01   6.724613e-02   3.392225e-01   9.070535e-01   9.372284e-01   9.247466e-01   9.910942e-01   9.759068e-01   9.169314e-01   8.234129e-01   9.996748e-01   9.398113e-01   9.994652e-01
   7.998103e-01   8.529612e-01   9.956358e-01   6.719427e-02   8.021064e-01   6.150910e-01   4.103304e-01   3.642468e-02   2.778499e-01   9.085497e-01   9.982251e-01   9.573879e-01   6.218667e-01   9.406401e-01   9.317799e-01   9.513248e-01   9.999661e-01   9.342006e-01   9.175712e-01
   7.800329e-01   9.995744e-01   9.192446e-01   9.783794e-01   7.733095e-01   5.475959e-01   2.204766e-01   2.925746e-01   1.193299e-01   8.776818e-01   9.997882e-01   9.510417e-01   6.746439e-01   9.522696e-01   9.166512e-01   9.543044e-01   9.837359e-01   7.959038e-01   9.986180e-01
   7.722298e-01   1.000000e+00   3.010777e-01   9.741732e-01   7.984722e-01   6.119020e-01   4.857455e-01   4.786099e-02   3.578766e-01   9.606735e-01   1.000000e+00   9.003953e-01   9.234169e-01   8.667446e-01   8.149711e-01   9.463547e-01   1.000000e+00   9.461121e-01   9.416352e-01
   8.036657e-01   7.710049e-01   7.644140e-01   2.366412e-01   6.645591e-01   3.856588e-01   5.119204e-01   2.656584e-02   1.402762e-01   9.089351e-01   9.995271e-01   9.522037e-01   1.000000e+00   9.318671e-01   9.999610e-01   9.413188e-01   9.992377e-01   9.455438e-01   1.000000e+00
   3.785012e-01   9.832343e-01   1.000000e+00   5.501629e-02   7.687430e-01   3.853406e-01   5.202790e-01   4.446830e-03   4.863347e-01   9.142790e-01   9.960772e-01   8.924360e-01   5.529109e-01   9.365004e-01   1.000000e+00   9.549523e-01   1.000000e+00   9.356235e-01   9.974720e-01
   7.954322e-01   9.857174e-01   4.856860e-01   7.856280e-01   7.562483e-01   3.928581e-01   5.333202e-01   6.805973e-02   3.153194e-01   9.115237e-01   9.994987e-01   9.003833e-01   9.999754e-01   9.366975e-01   9.213375e-01   8.212669e-01   9.997525e-01   9.510063e-01   9.966728e-01
   7.705895e-01   8.094865e-01   9.805412e-01   8.670209e-01   4.017010e-01   5.977106e-01   4.850915e-01   3.066528e-01   2.970720e-01   9.067579e-01   9.997709e-01   6.388237e-01   6.615038e-01   8.628192e-01   9.909717e-01   9.388319e-01   9.999415e-01   9.173597e-01   1.000000e+00
   7.899673e-01   1.000000e+00   9.981888e-01   1.628853e-01   4.141008e-01   3.250094e-01   3.035922e-01   2.793035e-02   3.403872e-01   9.097626e-01   9.563783e-01   8.899600e-01   6.722848e-01   9.335534e-01   9.943418e-01   9.339466e-01   9.999721e-01   9.442471e-01   9.974565e-01
   7.997005e-01   1.000000e+00   4.606710e-01   8.507106e-02   8.067747e-01   3.157708e-01   4.819859e-01   3.295101e-01   3.977986e-01   8.784743e-01   9.994593e-01   9.182916e-01   1.000000e+00   9.248567e-01   9.991021e-01   9.233276e-01   9.999023e-01   9.477737e-01   9.997905e-01
   8.184913e-01   7.552625e-01   9.687256e-01   7.352275e-01   9.215648e-01   7.370158e-01   5.032140e-01   2.420409e-05   4.351887e-01   9.094462e-01   9.997239e-01   8.915790e-01   9.986467e-01   9.377481e-01   9.999694e-01   9.478010e-01   9.989217e-01   9.768980e-01   9.994801e-01
   7.657429e-01   1.000000e+00   1.000000e+00   9.783794e-01   4.240512e-01   5.836022e-01   4.622788e-01   2.723107e-01   3.785773e-01   9.078560e-01   9.994260e-01   9.282279e-01   6.816993e-01   9.341707e-01   9.164955e-01   9.016661e-01   9.238784e-01   9.472904e-01   9.998853e-01
   7.734496e-01   8.187883e-01   9.904313e-01   1.536247e-01   7.880252e-01   3.965109e-01   4.963452e-01   2.128041e-01   3.350149e-01   8.618407e-01   9.975136e-01   9.261517e-01   6.515377e-01   8.868829e-01   9.998274e-01   9.494773e-01   9.032454e-01   9.603491e-01   9.972422e-01
   8.095824e-01   9.361691e-01   9.991068e-01   6.696239e-01   9.134226e-01   3.242842e-01   5.013665e-01   3.123176e-01   3.205093e-01   9.106579e-01   9.983533e-01   9.371098e-01   5.503245e-01   9.366785e-01   9.994543e-01   9.068421e-01   9.988161e-01   9.447246e-01   9.999587e-01
   7.977242e-01   8.419717e-01   9.478383e-01   7.066677e-02   6.645826e-01   4.210110e-01   3.616654e-01   6.642245e-02   6.427246e-01   9.070530e-01   9.380301e-01   9.261597e-01   9.922362e-01   9.404681e-01   1.000000e+00   9.415131e-01   9.996748e-01   9.398113e-01   9.999975e-01
   8.135038e-01   6.830806e-01   9.836683e-01   1.520132e-01   8.025984e-01   2.108716e-01   5.201783e-01   3.280994e-01   3.471249e-01   9.653896e-01   9.991828e-01   9.265912e-01   6.575892e-01   9.273325e-01   1.000000e+00   9.102646e-01   9.991748e-01   8.397945e-01   9.997419e-01
   7.721093e-01   8.090378e-01   9.837329e-01   8.643710e-01   4.087708e-01   3.470006e-01   5.250475e-01   2.406280e-01   3.091611e-01   9.090171e-01   9.997599e-01   6.085926e-01   1.000000e+00   8.611904e-01   9.921590e-01   9.179679e-01   9.988356e-01   9.614640e-01   1.000000e+00
   7.798180e-01   7.587879e-01   9.698081e-01   9.924627e-01   5.650531e-01   2.231179e-01   5.154280e-01   3.950500e-02   3.339108e-01   8.998358e-01   9.997771e-01   9.261679e-01   6.739067e-01   9.341885e-01   9.993330e-01   8.295788e-01   1.000000e+00   7.908039e-01   9.986137e-01
   7.910480e-01   3.065231e-01   7.644140e-01   1.667004e-01   6.613217e-01   3.856588e-01   5.043461e-01   2.941641e-02   1.387456e-01   9.093789e-01   9.995271e-01   9.312505e-01   9.955625e-01   9.320108e-01   9.999764e-01   9.413188e-01   9.992242e-01   9.454611e-01   1.000000e+00
   7.904099e-01   7.586706e-01   9.999194e-01   7.902311e-01   4.114144e-01   4.189606e-01   4.878516e-01   2.882633e-01   3.670623e-01   9.087661e-01   9.997362e-01   8.976111e-01   5.844569e-01   9.328486e-01   9.994472e-01   9.372037e-01   9.468314e-01   9.482090e-01   9.999691e-01
   7.612802e-01   7.563770e-01   9.841174e-01   9.739663e-01   7.927849e-01   3.957479e-01   4.325637e-01   1.024457e-01   4.570951e-01   9.146865e-01   9.995799e-01   9.027798e-01   9.869775e-01   8.410736e-01   9.242753e-01   9.463113e-01   9.999999e-01   9.344588e-01   9.995799e-01
   8.031706e-01   3.065231e-01   3.631861e-01   1.812978e-01   6.604145e-01   3.886136e-01   4.715404e-01   2.656584e-02   1.387456e-01   9.093546e-01   9.999771e-01   9.225925e-01   1.000000e+00   9.318671e-01   9.999768e-01   9.413188e-01   9.992242e-01   9.455438e-01   1.000000e+00
   8.104496e-01   8.907177e-01   9.824286e-01   6.663804e-02   9.531775e-01   6.113147e-01   5.208955e-01   3.642468e-02   3.263587e-01   9.089148e-01   9.974057e-01   9.573879e-01   5.994132e-01   9.406382e-01   9.998087e-01   9.515376e-01   9.999994e-01   9.472521e-01   9.175712e-01
