   4.312039e-01   7.051216e-02   0.000000e+00   1.813306e-03
   0.000000e+00   7.158105e-02   3.605701e-01   7.059397e-02
   1.424408e-01   2.147363e-01   7.320899e-02   7.247268e-02
   1.439281e-01   2.157943e-01   1.425290e-01   0.000000e+00
   7.115133e-02   1.430541e-01   2.860372e-01   0.000000e+00
   2.153006e-01   7.197638e-02   7.127861e-02   1.436979e-01
   7.138180e-02   7.186532e-02   1.434087e-01   2.143966e-01
   7.251467e-02   2.848751e-01   0.000000e+00   1.428523e-01
   7.227424e-02   1.433288e-01   1.435141e-01   1.429553e-01
   3.572838e-01   6.584949e-06   1.428962e-01   0.000000e+00
   7.150941e-02   1.436374e-01   7.100373e-02   2.140825e-01
   1.428571e-01   0.000000e+00   2.145006e-01   1.429054e-01
   2.150071e-01   7.222175e-02   1.433548e-01   7.168184e-02
   5.119773e-05   7.149081e-02   4.286556e-01   0.000000e+00
   0.000000e+00   1.429223e-01   1.429033e-01   2.143916e-01
   2.144245e-01   1.428684e-01   0.000000e+00   1.429418e-01
   1.428805e-01   7.159566e-02   2.857379e-01   0.000000e+00
   1.431036e-01   1.427761e-01   7.151110e-02   1.428280e-01
   2.858960e-01   6.238051e-06   2.142824e-01   0.000000e+00
   2.856195e-01   1.431283e-01   7.143674e-02   0.000000e+00
   2.858420e-01   7.140797e-02   0.000000e+00   1.429352e-01
   1.429558e-01   2.142931e-01   0.000000e+00   1.429359e-01
   2.151274e-01   1.439778e-01   6.963159e-02   7.144731e-02
   1.429349e-01   2.858096e-01   0.000000e+00   7.144410e-02
   1.429886e-01   2.857612e-01   7.143621e-02   0.000000e+00
   7.141292e-02   2.857841e-01   7.155047e-02   7.143931e-02
   0.000000e+00   2.143647e-01   7.144235e-02   2.143778e-01
   3.572456e-01   7.150025e-02   0.000000e+00   7.144256e-02
   1.431570e-01   1.428425e-01   1.427426e-01   7.144201e-02
   1.429027e-01   7.150666e-02   7.132312e-02   2.144525e-01
   7.155416e-02   2.141201e-01   7.126767e-02   1.432430e-01
   4.004724e-05   7.148689e-02   2.144608e-01   2.142103e-01
   2.859171e-01   2.142691e-01   0.000000e+00   8.676270e-09
   2.142767e-01   2.144699e-01   0.000000e+00   7.143557e-02
   0.000000e+00   7.163351e-02   2.856154e-01   1.429352e-01
   7.144810e-02   0.000000e+00   3.572756e-01   7.146331e-02
   7.152540e-02   0.000000e+00   2.144562e-01   2.142088e-01
   2.860149e-01   7.167201e-02   1.424991e-01   0.000000e+00
   0.000000e+00   2.142942e-01   1.429562e-01   1.429315e-01
   1.428473e-01   0.000000e+00   7.148874e-02   2.858485e-01
   2.141917e-01   1.430152e-01   1.429771e-01   4.442527e-15
   7.215135e-02   1.433130e-01   2.151312e-01   7.173915e-02
   1.429075e-01   1.429027e-01   0.000000e+00   2.143719e-01
   0.000000e+00   0.000000e+00   1.429117e-01   3.572702e-01
   7.113548e-02   7.163261e-02   2.860762e-01   7.133947e-02
   1.429313e-01   7.144854e-02   2.143637e-01   7.144348e-02
   1.429138e-01   0.000000e+00   1.428948e-01   2.143789e-01
   0.000000e+00   2.143847e-01   2.143562e-01   7.144310e-02
   2.141803e-01   0.000000e+00   2.860037e-01   0.000000e+00
   3.573079e-01   0.000000e+00   7.144485e-02   7.143432e-02
   1.428407e-01   0.000000e+00   2.860048e-01   7.133967e-02
   7.142318e-02   7.139882e-02   2.144872e-01   1.429340e-01
   2.142008e-01   2.145408e-01   7.144228e-02   0.000000e+00
   0.000000e+00   2.141803e-01   2.860037e-01   0.000000e+00
   7.076194e-06   7.145923e-02   7.144612e-02   3.572720e-01
   2.864455e-01   7.138700e-02   7.096751e-02   7.138466e-02
   0.000000e+00   1.429707e-01   7.136512e-02   2.858482e-01
   2.858622e-01   1.561322e-06   1.428786e-01   7.144207e-02
   7.147317e-02   6.672947e-05   4.286430e-01   0.000000e+00
   7.113880e-02   7.145470e-02   7.116853e-02   2.864276e-01
   2.148821e-01   7.094842e-02   2.143553e-01   1.065575e-10
   7.148533e-02   2.143427e-01   2.143541e-01   0.000000e+00
   3.838998e-05   2.859610e-01   1.427426e-01   7.144201e-02
   0.000000e+00   0.000000e+00   2.143358e-01   2.858482e-01
   2.143365e-01   0.000000e+00   0.000000e+00   2.858475e-01
   0.000000e+00   1.429263e-01   3.572573e-01   0.000000e+00
   7.133888e-02   0.000000e+00   1.428676e-01   2.859762e-01
   0.000000e+00   0.000000e+00   3.572507e-01   1.429338e-01
   0.000000e+00   7.147420e-02   1.429559e-01   2.857539e-01
   2.143635e-01   0.000000e+00   7.144196e-02   2.143766e-01
   3.572637e-01   1.429187e-01   0.000000e+00   0.000000e+00
   0.000000e+00   4.287420e-01   7.144047e-02   0.000000e+00
   2.858575e-01   1.433357e-01   2.032426e-04   7.084750e-02
   0.000000e+00   2.857709e-01   7.147842e-02   1.429333e-01
   0.000000e+00   0.000000e+00   4.287392e-01   7.144293e-02
   1.429151e-01   1.428813e-01   2.143857e-01   0.000000e+00
   4.287416e-01   0.000000e+00   7.144228e-02   0.000000e+00
   7.183400e-02   3.576489e-01   7.070135e-02   1.749858e-10
   4.287222e-01   0.000000e+00   0.000000e+00   7.146177e-02
   2.144925e-01   7.166125e-02   0.000000e+00   2.140302e-01
   7.136542e-02   3.573792e-01   0.000000e+00   7.143765e-02
   7.145948e-02   2.858300e-01   1.428954e-01   0.000000e+00
   0.000000e+00   3.571685e-01   7.155275e-02   7.146080e-02
   0.000000e+00   2.859007e-01   2.142815e-01   0.000000e+00
   2.858102e-01   0.000000e+00   0.000000e+00   2.143719e-01
   0.000000e+00   4.287213e-01   0.000000e+00   7.146273e-02
   2.143842e-01   0.000000e+00   2.143555e-01   7.144289e-02
   1.429117e-01   0.000000e+00   0.000000e+00   3.572702e-01
   3.572496e-01   0.000000e+00   0.000000e+00   1.429346e-01
   1.428788e-01   7.148561e-02   1.429417e-01   1.428788e-01
   8.935465e-06   7.137787e-02   1.016009e-05   4.287852e-01
   0.000000e+00   0.000000e+00   5.001821e-01   0.000000e+00
   0.000000e+00   1.429119e-01   0.000000e+00   3.572705e-01
   0.000000e+00   0.000000e+00   0.000000e+00   5.001820e-01
   7.145896e-02   4.287239e-01   0.000000e+00   0.000000e+00
   1.427452e-01   3.574368e-01   0.000000e+00   0.000000e+00
   7.238432e-02   2.142656e-01   1.420929e-01   7.144215e-02
   7.157329e-02   7.129458e-02   0.000000e+00   3.573190e-01
   7.139695e-02   0.000000e+00   0.000000e+00   4.287851e-01
   3.573885e-01   7.135453e-02   7.144069e-02   0.000000e+00
   0.000000e+00   2.143358e-01   0.000000e+00   2.858482e-01
   0.000000e+00   1.427949e-01   2.144667e-01   1.429229e-01
   1.285990e-04   1.430469e-01   2.855657e-01   7.144314e-02
   5.001820e-01   0.000000e+00   0.000000e+00   0.000000e+00
   7.128681e-02   1.430867e-01   2.014200e-04   2.856091e-01
   1.429870e-01   7.157747e-02   5.654289e-05   2.855618e-01
   2.144700e-01   2.857139e-01   0.000000e+00   0.000000e+00
   0.000000e+00   5.001820e-01   0.000000e+00   0.000000e+00
   0.000000e+00   0.000000e+00   7.127862e-02   4.289034e-01
   0.000000e+00   2.858101e-01   0.000000e+00   2.143718e-01
   7.120267e-02   7.171832e-02   3.572616e-01   0.000000e+00
   7.163321e-02   0.000000e+00   2.856142e-01   1.429346e-01
   7.123167e-02   2.145691e-01   0.000000e+00   2.143832e-01
   1.429264e-01   0.000000e+00   3.572576e-01   0.000000e+00
   7.125833e-02   0.000000e+00   7.165344e-02   3.572703e-01
   2.858581e-01   0.000000e+00   7.139204e-02   1.429319e-01
   0.000000e+00   3.572871e-01   1.428949e-01   0.000000e+00
   0.000000e+00   0.000000e+00   2.858053e-01   2.143765e-01
   0.000000e+00   3.572480e-01   0.000000e+00   1.429339e-01
   2.142942e-01   0.000000e+00   1.429562e-01   1.429315e-01
