   0.000000e+00   0.000000e+00   2.462861e-02   8.142724e-01   2.347661e-02   3.160177e-02   2.208125e-02   1.153941e-02   8.124516e-01   1.695778e+01
   7.958876e-01   4.453957e-03   0.000000e+00   6.495208e-02   4.986377e-02   8.619127e-01   7.462726e-02   6.849088e-02   1.000650e-01   1.647134e+01
   0.000000e+00   8.558439e-01   0.000000e+00   8.175907e-01   1.170478e-02   2.994038e-04   7.127423e-02   1.153941e-02   6.757299e-02   1.675030e+01
   8.536578e-01   8.547806e-02   1.350799e-01   8.857795e-01   7.234848e-02   1.100106e-01   1.338100e-01   8.579038e-01   7.645709e-02   1.385114e+01
   2.311489e-01   4.268718e-02   5.833437e-02   1.195800e-01   8.388273e-01   1.145514e-01   7.152744e-02   7.042401e-02   6.251268e-02   1.715022e+01
   8.540627e-01   5.502621e-02   1.362035e-01   8.334266e-01   3.860294e-02   8.132891e-01   5.550420e-02   1.037431e-01   1.456490e-01   1.407759e+01
   1.422441e-01   1.006978e-01   8.395653e-01   8.451100e-01   1.459697e-01   1.691641e-02   8.786002e-01   1.152826e-01   1.622502e-01   1.367446e+01
   7.956081e-01   4.524963e-02   1.054312e-01   6.310664e-02   4.417144e-02   6.693136e-02   6.830280e-02   8.897732e-02   1.224376e-01   1.750973e+01
   1.036482e-01   8.207338e-02   8.584839e-01   9.060387e-01   8.696594e-01   1.686485e-01   1.022906e-01   6.558270e-02   6.755750e-02   1.397914e+01
   2.066043e-01   1.032178e-01   1.054312e-01   5.152764e-02   8.544204e-01   9.060837e-02   8.950219e-01   5.752727e-02   8.760469e-01   1.389551e+01
   8.641832e-01   8.557438e-01   6.406717e-06   7.934686e-01   5.529270e-02   7.325389e-02   7.127423e-02   8.568136e-01   5.661486e-02   1.345913e+01
   8.513838e-01   1.617366e-01   0.000000e+00   1.105937e-02   4.040762e-02   8.698529e-01   1.913914e-01   8.781556e-01   1.736994e-01   1.519571e+01
   1.317831e-01   4.835024e-02   8.820071e-01   2.168216e-01   5.389958e-02   8.322829e-02   9.513310e-02   4.666458e-02   1.399939e-01   1.686406e+01
   8.570698e-01   1.158384e-01   5.291199e-02   8.539822e-01   8.701091e-01   9.633817e-02   9.483462e-02   1.252647e-01   1.220387e-01   1.382672e+01
   1.957504e-01   7.719395e-02   1.050136e-01   9.140243e-02   1.720382e-02   9.557424e-02   0.000000e+00   1.561047e-01   8.922513e-01   1.700284e+01
   7.797924e-01   1.120073e-01   8.621427e-01   6.770266e-02   7.021886e-02   6.923225e-02   8.640532e-02   6.995493e-02   1.257958e-01   1.601240e+01
   3.038953e-02   1.013743e-01   1.100901e-01   8.608869e-01   5.529998e-02   8.505789e-01   1.348346e-01   9.762676e-02   7.932826e-01   1.438631e+01
   8.515012e-01   1.309736e-01   1.411391e-01   7.491160e-02   8.589030e-01   8.614249e-01   1.288229e-01   1.015993e-01   1.685520e-01   1.352761e+01
   7.948348e-01   1.975562e-03   5.627714e-02   6.495208e-02   4.986377e-02   8.618705e-01   7.462726e-02   7.240381e-02   1.001917e-01   1.702112e+01
   1.055098e-01   9.023287e-02   8.103366e-01   1.529479e-02   8.214314e-01   1.894487e-01   8.315640e-01   5.508002e-02   1.052080e-01   1.413610e+01
   8.816901e-01   1.134953e-01   8.768536e-01   9.418516e-01   6.750199e-02   9.555311e-02   7.649150e-02   8.926042e-02   1.420995e-01   1.459147e+01
   1.304115e-01   9.896859e-02   6.306283e-02   1.348602e-01   9.132394e-01   8.987128e-01   1.183877e-01   8.327011e-01   8.118572e-02   1.402569e+01
   1.354442e-01   8.089046e-01   8.530989e-01   1.972614e-02   1.282605e-01   1.085972e-01   5.683292e-02   8.515830e-01   9.911392e-02   1.402503e+01
   9.734353e-02   3.533523e-02   1.252192e-01   9.208657e-02   1.067869e-01   8.868376e-01   7.864797e-02   9.191518e-02   9.637202e-03   1.722526e+01
   1.934567e-01   1.068382e-01   1.136455e-01   9.307406e-02   6.677133e-02   8.086170e-01   0.000000e+00   3.797268e-02   8.425039e-01   1.584525e+01
   8.452584e-01   1.943165e-02   8.445460e-02   8.615803e-02   8.373771e-01   4.729869e-02   8.095304e-02   8.587478e-01   7.642526e-02   1.483234e+01
   1.077505e-01   8.813466e-01   8.554804e-01   7.808692e-02   1.376245e-01   9.009071e-01   5.720103e-02   3.648064e-02   7.058406e-02   1.419654e+01
   5.449168e-02   8.583276e-02   6.975714e-02   9.301054e-02   8.596624e-01   4.902758e-02   1.325240e-01   3.342709e-02   8.821802e-01   1.670512e+01
   1.311490e-01   2.769347e-02   1.092568e-01   8.832051e-02   6.457316e-02   2.715224e-01   7.135343e-01   1.000000e+00   1.080077e-01   1.722203e+01
   1.471351e-01   8.529442e-01   7.699643e-02   9.358763e-02   3.117196e-02   1.122372e-01   9.965537e-01   7.601911e-02   8.518713e-01   1.464234e+01
   3.038953e-02   1.013743e-01   9.561196e-02   2.369640e-01   5.505956e-02   1.135492e-01   1.337761e-01   6.260819e-02   7.932826e-01   1.704292e+01
   8.031538e-01   8.878235e-01   9.948568e-02   2.171110e-01   1.376245e-01   1.387416e-01   1.362192e-01   7.234134e-02   8.796546e-02   1.572004e+01
   1.225329e-01   8.962600e-01   8.924508e-02   2.520344e-01   9.001746e-01   7.874576e-01   8.932630e-02   1.778616e-02   8.256428e-02   1.469979e+01
   1.415947e-01   8.266501e-02   5.349120e-02   3.533030e-02   0.000000e+00   1.171877e-01   7.914902e-01   0.000000e+00   8.171712e-01   1.611323e+01
   7.870663e-02   8.853806e-01   9.362270e-02   1.692033e-01   6.944948e-02   1.419872e-01   1.312085e-01   8.270236e-01   8.108470e-01   1.451141e+01
   9.703174e-02   1.489128e-01   8.619139e-02   7.923808e-01   6.942544e-02   1.747081e-01   1.312085e-01   1.495754e-01   5.771636e-02   1.714804e+01
   1.077505e-01   8.813466e-01   4.385128e-02   5.037843e-02   8.612852e-01   7.392960e-02   7.015554e-02   8.295778e-01   7.058406e-02   1.431376e+01
   1.198806e-01   1.393430e-01   1.073744e-02   1.728929e-01   4.543087e-02   8.701813e-01   8.555489e-01   8.781556e-01   5.951288e-02   1.517596e+01
   1.044870e-01   8.682242e-02   8.325072e-01   8.469250e-01   6.610197e-02   9.329919e-02   9.471004e-02   8.888231e-01   7.782464e-01   1.277372e+01
   1.212130e-01   1.309736e-01   8.250332e-02   8.186392e-01   8.567133e-02   9.390505e-02   1.299689e-01   1.015993e-01   2.288834e-01   1.660675e+01
   4.017878e-02   1.286436e-01   8.726971e-01   7.647713e-02   8.740927e-02   8.515487e-01   8.359238e-02   1.105138e-01   8.946037e-01   1.410382e+01
   8.064417e-01   1.081901e-01   8.922070e-01   7.392376e-02   8.700384e-01   2.607263e-02   6.921124e-02   8.423584e-01   8.786511e-01   1.260929e+01
   7.875506e-02   1.070771e-01   1.806688e-01   6.179981e-02   1.492093e-02   9.722227e-02   1.440375e-01   8.570421e-01   1.279022e-01   1.771275e+01
   6.869574e-02   1.022490e-02   3.398287e-02   6.406037e-02   8.651176e-01   4.681115e-02   9.542356e-02   8.896810e-01   7.695976e-02   1.603499e+01
   8.106370e-01   7.713216e-02   1.618075e-02   8.985935e-01   6.687323e-02   8.136310e-02   6.993118e-02   3.324805e-02   4.620074e-02   1.626570e+01
   1.471351e-01   8.529442e-01   7.699643e-02   9.354793e-02   1.073934e-01   1.122372e-01   7.181618e-02   9.195606e-02   8.518713e-01   1.536025e+01
   8.260438e-01   1.035339e-01   1.163584e-01   8.224955e-02   3.047299e-02   1.597935e-01   7.126581e-02   7.633081e-02   1.242680e-01   1.731039e+01
   1.667344e-01   1.492248e-01   8.815704e-01   2.165793e-01   1.335846e-01   2.627323e-02   1.146537e-01   8.295930e-01   1.007312e-01   1.593992e+01
   6.631300e-02   8.545388e-02   1.090147e-01   8.243298e-01   6.664026e-02   1.127838e-01   7.875808e-02   6.699254e-02   8.685546e-01   1.566727e+01
   1.409894e-01   1.180460e-01   5.767082e-02   8.155834e-01   4.783366e-02   1.312173e-01   8.969975e-01   8.075987e-01   7.791342e-02   1.418868e+01
   1.423610e-01   1.009641e-01   9.612132e-01   2.468231e-01   1.637820e-01   9.313336e-02   1.216109e-01   8.306671e-01   1.057924e-01   1.532054e+01
   8.632835e-01   1.018648e-01   1.130743e-01   1.767241e-02   4.450190e-02   8.054938e-02   9.053865e-01   1.285911e-01   8.509428e-01   1.415820e+01
   8.821016e-02   4.165425e-02   1.236512e-01   1.721302e-02   4.336611e-02   1.505982e-01   7.504181e-02   8.731204e-01   8.073341e-01   1.592619e+01
   8.636442e-01   9.032633e-02   8.843159e-01   8.545619e-02   8.123383e-01   7.531866e-02   7.513191e-01   1.442430e-01   2.176101e-02   1.303993e+01
   8.505560e-01   9.518117e-01   1.497148e-01   1.672777e-02   7.870935e-02   1.406610e-01   8.729494e-01   6.806474e-02   9.563350e-02   1.489335e+01
   8.416523e-01   8.927652e-02   8.513335e-01   2.333745e-01   2.786909e-02   9.077263e-02   1.070455e-01   8.853802e-02   8.916130e-01   1.426442e+01
   8.672160e-01   1.146707e-01   1.312132e-01   1.035132e-01   6.119803e-02   8.294900e-02   1.089702e-01   8.788378e-01   8.578063e-01   1.386204e+01
   1.224747e-01   1.821338e-01   9.135223e-02   9.107390e-01   6.951351e-02   8.463596e-01   8.768582e-01   7.117739e-01   1.296084e-01   1.319271e+01
   8.587371e-01   1.215918e-01   3.717555e-02   9.301021e-02   8.505509e-01   7.099596e-02   6.776838e-02   1.259255e-01   3.635958e-02   1.566393e+01
   9.995779e-02   1.180744e-01   5.825766e-02   9.488934e-02   8.696798e-01   7.956217e-02   8.095304e-02   8.896810e-01   9.058403e-01   1.427225e+01
   9.731307e-02   4.756287e-02   8.386388e-01   9.496020e-02   8.734580e-01   1.212495e-01   1.173453e-01   8.713485e-01   1.399831e-01   1.383999e+01
   2.248488e-02   3.533523e-02   1.252192e-01   9.212627e-02   3.056544e-02   8.868376e-01   1.000000e+00   7.597824e-02   2.739307e-02   1.667427e+01
   1.518759e-01   1.273605e-01   5.690283e-02   6.175714e-02   8.078689e-01   9.105837e-01   1.133148e-01   7.734343e-02   8.699774e-01   1.434657e+01
   8.379143e-01   4.165425e-02   1.517152e-01   7.690498e-02   5.551527e-02   8.042756e-01   1.067641e-01   8.404433e-02   8.700819e-01   1.418678e+01
   8.756734e-01   7.719395e-02   1.054312e-01   6.123849e-02   4.392911e-02   7.396090e-02   8.443485e-01   6.910058e-02   1.280817e-01   1.600905e+01
   8.602508e-01   4.240104e-04   6.114076e-04   9.755215e-02   2.643723e-02   8.679623e-02   5.208442e-02   8.571458e-01   2.083443e-02   1.738124e+01
   2.063431e-01   1.000000e+00   5.348945e-02   7.647713e-02   8.894497e-02   8.197269e-01   1.012232e-01   8.163217e-02   7.746572e-02   1.617637e+01
   8.784993e-01   2.018414e-01   8.482155e-01   1.202769e-01   2.094283e-02   8.835221e-02   1.207642e-01   8.283096e-01   1.078148e-01   1.385633e+01
   8.064351e-01   8.878235e-01   8.799320e-01   8.600005e-01   8.801614e-01   3.229841e-02   8.507014e-01   8.285327e-01   1.746519e-01   8.995809e+00
   8.663241e-01   9.733701e-02   7.401996e-02   5.608774e-02   7.592460e-01   8.131203e-01   8.271515e-02   1.092364e-01   8.717949e-01   1.356787e+01
   8.451992e-01   9.043020e-02   1.468789e-01   8.439336e-02   5.590709e-02   1.458081e-01   8.504937e-01   1.906220e-01   1.749208e-01   1.504124e+01
   3.170916e-02   8.642558e-02   1.350799e-01   8.857795e-01   8.726493e-02   1.141457e-01   1.338100e-01   8.579038e-01   8.826772e-01   1.390709e+01
   8.672160e-01   8.075216e-02   1.312132e-01   1.037103e-01   6.119803e-02   8.294900e-02   1.089702e-01   8.946700e-01   8.479713e-01   1.398076e+01
   1.044950e-01   4.251427e-02   1.105837e-01   7.989021e-01   8.701091e-01   9.633817e-02   1.397868e-01   1.307024e-01   1.231435e-01   1.609179e+01
   1.135221e-01   1.083437e-01   1.261649e-01   7.961164e-01   6.488797e-02   9.053392e-02   7.147224e-02   7.963763e-01   4.756487e-02   1.617387e+01
   4.017878e-02   1.287447e-01   8.726971e-01   1.388229e-01   8.740927e-02   1.307081e-01   8.359238e-02   1.105138e-01   2.604108e-01   1.662572e+01
   8.008725e-01   8.508383e-01   8.599559e-01   1.685312e-01   4.252226e-02   7.917175e-01   8.777795e-01   1.486352e-01   8.478246e-01   1.057961e+01
   2.189344e-02   2.397042e-02   8.445460e-02   9.062977e-02   8.439695e-02   7.228930e-02   7.077444e-02   2.608735e-02   8.930614e-01   1.760442e+01
   2.086682e-01   1.309736e-01   8.250332e-02   5.889307e-02   9.409168e-02   1.136204e-01   1.299697e-01   8.913565e-01   2.288834e-01   1.644171e+01
   4.048648e-02   1.178240e-01   9.111108e-01   8.456482e-01   8.740927e-02   8.515487e-01   7.553720e-02   1.105138e-01   8.946037e-01   1.267829e+01
   1.455452e-01   8.853806e-01   9.362270e-02   1.670499e-01   6.881407e-02   1.419872e-01   8.793821e-01   8.270236e-01   7.793038e-01   1.305234e+01
   1.949192e-01   1.068382e-01   1.136455e-01   2.193060e-01   6.733967e-02   8.086170e-01   7.087127e-02   8.495200e-01   1.116051e-01   1.534835e+01
   1.354442e-01   8.018216e-01   8.121325e-01   1.570323e-02   7.957649e-01   1.062824e-01   7.536208e-01   6.735070e-02   1.056476e-01   1.322359e+01
   3.038953e-02   8.162753e-01   1.100901e-01   8.608869e-01   5.529998e-02   1.255623e-01   1.348346e-01   9.759688e-02   7.932826e-01   1.416039e+01
   8.031604e-01   1.081901e-01   7.237593e-02   7.445550e-02   8.607422e-01   1.385410e-01   1.369055e-01   8.512194e-02   8.658853e-01   1.393251e+01
   8.621274e-01   1.276961e-01   8.726971e-01   7.647713e-02   7.249283e-02   8.474136e-01   8.077776e-02   1.017662e-01   8.838358e-02   1.457518e+01
   8.113354e-01   1.036718e-02   2.116307e-02   9.488934e-02   8.425570e-01   5.152630e-02   8.205890e-01   8.861659e-01   6.953183e-02   1.302991e+01
   8.242398e-01   8.774291e-01   8.743695e-01   1.234162e-01   8.734580e-01   8.355236e-01   1.142194e-01   8.794822e-01   1.498181e-01   9.634586e+00
   1.224747e-01   1.921323e-01   2.370294e-02   8.612217e-01   5.648085e-02   8.463596e-01   1.485560e-01   7.543174e-02   4.285621e-02   1.545954e+01
   3.038953e-02   7.683629e-01   9.561196e-02   1.458131e-01   3.207146e-02   1.135492e-01   1.337761e-01   6.116668e-02   1.288485e-01   1.763798e+01
   1.136639e-01   4.756287e-02   9.372034e-01   9.304694e-02   2.690797e-02   1.478680e-01   8.167361e-01   8.953144e-01   1.394115e-01   1.484267e+01
   7.949250e-01   4.524963e-02   9.332725e-02   9.233620e-02   4.406587e-02   6.693136e-02   6.830280e-02   8.897732e-02   8.574083e-01   1.661295e+01
   8.372647e-01   1.184618e-01   1.107021e-01   7.510685e-02   8.680087e-01   9.335829e-02   9.332673e-01   7.619974e-02   1.614539e-01   1.400821e+01
   1.471351e-01   8.663004e-01   8.905312e-01   1.223734e-01   1.065178e-01   1.122372e-01   2.001500e-01   2.505484e-02   7.902221e-01   1.379289e+01
   2.086682e-01   1.308725e-01   8.250332e-02   8.144832e-01   8.567133e-02   8.344610e-01   1.299689e-01   8.913565e-01   8.630763e-01   1.219437e+01
   1.406817e-01   1.288655e-01   1.925718e-02   4.641234e-02   4.783366e-02   1.312173e-01   9.050527e-01   8.075987e-01   7.791342e-02   1.581620e+01
   8.510623e-01   8.508383e-01   8.599559e-01   1.685312e-01   8.907882e-01   8.599565e-01   8.777795e-01   1.526703e-01   8.478246e-01   8.677577e+00
   8.282800e-01   8.853806e-01   5.575522e-02   1.651607e-01   6.944948e-02   8.280732e-01   8.746860e-02   8.433158e-01   8.610862e-01   1.140636e+01
   6.631300e-02   8.545388e-02   5.019430e-02   7.672475e-01   8.402482e-01   8.399200e-01   8.485106e-02   6.403570e-02   1.051793e-01   1.496237e+01
   6.359845e-02   8.963871e-01   1.073389e-01   9.556528e-02   5.612178e-02   7.009077e-02   8.660151e-01   4.428033e-02   1.139449e-01   1.619213e+01
   7.958016e-01   8.508383e-01   8.599559e-01   1.916440e-01   4.346436e-02   7.917175e-01   8.777795e-01   1.477716e-01   4.692310e-02   1.207831e+01
   8.283505e-01   8.853806e-01   9.351608e-02   9.081854e-02   6.944948e-02   8.113759e-01   1.312085e-01   0.000000e+00   1.153723e-01   1.487010e+01
   9.231047e-02   8.547806e-02   1.247293e-01   8.462722e-01   6.397515e-02   8.466458e-01   9.493644e-02   8.579038e-01   7.645709e-02   1.400710e+01
   8.632835e-01   1.095154e-01   1.130743e-01   1.767241e-02   4.450190e-02   8.175748e-01   8.432192e-01   1.383539e-01   8.939933e-02   1.409831e+01
   8.020044e-01   1.922720e-02   8.351823e-02   8.615803e-02   8.373771e-01   4.732581e-02   8.885510e-01   9.195259e-01   7.642526e-02   1.518162e+01
   6.359845e-02   7.295786e-02   1.073389e-01   1.038387e-01   5.645759e-02   9.762583e-02   1.204469e-01   9.068322e-01   7.768148e-02   1.754570e+01
   8.416523e-01   8.927652e-02   8.520199e-01   2.333745e-01   2.786909e-02   9.077263e-02   8.792284e-01   8.853802e-02   7.016889e-02   1.392250e+01
   9.508732e-02   1.151759e-01   1.313283e-01   1.066577e-01   4.783366e-02   8.245786e-01   1.586729e-01   8.725201e-01   8.578063e-01   1.375808e+01
   8.585217e-02   2.516569e-03   0.000000e+00   9.409386e-02   8.734580e-01   1.135621e-01   1.173453e-01   8.130226e-02   1.382806e-01   1.718582e+01
   8.363054e-01   8.402946e-01   8.908757e-01   8.772169e-01   3.234407e-02   8.156053e-01   9.533806e-02   4.418683e-02   1.377940e-01   1.121480e+01
   1.077319e-01   8.784133e-01   1.381328e-01   8.253006e-01   1.376245e-01   9.493929e-01   1.400126e-01   1.354641e-01   7.058406e-02   1.454656e+01
   8.426493e-01   1.146707e-01   1.244975e-01   1.035132e-01   6.220436e-02   8.294900e-02   1.089702e-01   1.015577e-01   8.578063e-01   1.537807e+01
   7.953215e-01   8.280552e-01   1.456296e-01   1.771684e-01   9.381093e-02   7.904490e-01   8.515692e-01   1.913990e-01   1.381165e-01   1.218195e+01
   1.726467e-01   1.295469e-01   8.482155e-01   1.202769e-01   8.631963e-02   8.835221e-02   1.207642e-01   8.283096e-01   8.594492e-01   1.362956e+01
   8.632835e-01   1.772803e-01   1.130743e-01   5.995193e-02   4.450190e-02   6.557088e-02   7.917149e-02   1.251836e-01   1.469527e-01   1.697449e+01
   2.246237e-01   8.779424e-01   9.594562e-01   1.685828e-01   1.335846e-01   2.627323e-02   1.146537e-01   8.253949e-01   1.272693e-01   1.483995e+01
   4.973279e-02   1.015398e-01   8.590457e-01   1.953453e-01   1.376245e-01   1.520254e-02   8.623355e-01   8.295778e-01   1.007312e-01   1.470566e+01
   6.869574e-02   1.198690e-01   3.398287e-02   6.406037e-02   8.651176e-01   4.681115e-02   8.712837e-01   1.968696e-01   4.171128e-02   1.573897e+01
   6.631300e-02   8.395281e-01   1.087841e-01   7.904978e-01   6.203627e-02   1.127838e-01   7.022054e-02   6.699254e-02   7.411622e-02   1.658177e+01
   1.678673e-01   9.321618e-01   1.901207e-01   4.265012e-02   8.545812e-01   7.575387e-02   1.587992e-01   1.016817e-01   1.413154e-01   1.517132e+01
   6.831225e-02   8.580133e-01   1.501993e-01   8.548178e-02   1.007691e-01   9.705734e-02   8.676960e-01   1.247917e-01   8.056392e-01   1.419324e+01
   1.273445e-01   8.675116e-01   8.203728e-01   6.672399e-02   8.791473e-01   7.476513e-01   8.306108e-01   7.268095e-01   5.009928e-02   1.083585e+01
   8.269421e-01   1.150410e-01   0.000000e+00   8.864263e-01   8.389205e-01   1.382868e-01   6.743387e-01   4.391757e-02   8.710172e-01   1.220937e+01
   8.735568e-01   1.060596e-01   9.044539e-01   8.314874e-01   5.637730e-02   1.352217e-01   8.671407e-01   1.948291e-01   9.205555e-01   1.104711e+01
   1.260588e-01   1.095358e-01   5.267246e-02   8.122093e-01   4.252467e-02   8.162227e-01   7.803706e-02   9.550007e-02   1.213885e-01   1.582250e+01
   1.408449e-01   8.176996e-01   8.188222e-01   9.396901e-02   8.428640e-02   7.370225e-01   9.118210e-01   7.963763e-01   1.411255e-01   1.167056e+01
   1.381896e-01   1.182216e-01   1.223146e-01   8.081802e-01   4.783366e-02   2.362455e-02   9.056960e-01   9.959445e-02   8.530695e-01   1.420246e+01
   1.549590e-01   1.006978e-01   1.797467e-01   5.829272e-02   7.989480e-01   8.657761e-01   8.786002e-01   1.152826e-01   1.498363e-01   1.364359e+01
   1.516014e-01   1.305032e-01   5.690283e-02   6.225313e-02   8.124657e-01   9.105837e-01   1.388560e-01   7.863977e-02   1.697598e-02   1.569858e+01
   8.536578e-01   8.547806e-02   1.350799e-01   8.793870e-01   7.234848e-02   6.609056e-02   1.338100e-01   9.919168e-02   7.381175e-02   1.545934e+01
   8.360064e-01   1.074995e-01   8.856280e-02   8.655131e-01   3.234407e-02   8.697254e-01   8.665149e-01   4.416987e-02   1.085935e-01   1.291442e+01
   1.814436e-01   1.184822e-01   1.228508e-01   8.081802e-01   5.716132e-02   2.359743e-02   9.313192e-02   8.788146e-01   8.530695e-01   1.399198e+01
   8.332942e-01   6.763143e-02   6.679020e-02   8.823642e-01   4.202677e-02   1.340120e-01   8.748476e-01   4.509577e-02   1.700095e-01   1.424145e+01
   2.086682e-01   1.152051e-01   8.600675e-01   8.147987e-01   8.567133e-02   8.344610e-01   1.299689e-01   4.190508e-02   1.090912e-01   1.377415e+01
   8.512022e-01   1.471054e-01   9.353970e-02   1.129240e-01   8.732918e-01   1.546662e-01   9.006454e-01   1.015824e-01   1.097306e-01   1.366203e+01
   1.314530e-01   1.147408e-01   5.758327e-02   8.775623e-01   1.066946e-02   9.364784e-01   8.608207e-01   8.307908e-01   8.712047e-01   1.178253e+01
   1.045136e-01   4.544755e-02   8.279313e-01   5.168849e-02   8.701091e-01   4.785228e-02   5.697519e-02   3.171896e-02   1.231435e-01   1.600661e+01
   1.242609e-01   9.033563e-02   9.118732e-01   8.404631e-02   9.806802e-02   6.562041e-02   7.526006e-01   8.451212e-02   1.238018e-01   1.788348e+01
   2.674027e-02   1.001685e-01   7.651066e-02   8.791917e-01   4.669823e-02   1.070834e-01   9.965556e-01   8.552252e-01   3.750936e-02   1.553332e+01
   9.486900e-02   4.756287e-02   3.225286e-02   9.496020e-02   8.734570e-01   1.212495e-01   1.173453e-01   8.426364e-01   1.399831e-01   1.548535e+01
   2.076762e-01   1.018648e-01   1.130743e-01   1.767241e-02   4.450190e-02   8.054938e-02   9.053865e-01   9.126769e-01   8.509428e-01   1.412001e+01
   8.251790e-01   1.433479e-01   9.744649e-01   8.359810e-01   7.985712e-01   8.358862e-01   7.461468e-01   9.844715e-02   7.741036e-01   9.392708e+00
   6.359845e-02   8.898689e-01   4.956623e-02   9.556528e-02   5.632929e-02   7.047824e-02   8.531978e-01   9.409312e-02   7.768148e-02   1.636013e+01
   9.505535e-02   8.937003e-02   8.553288e-01   1.635798e-01   9.477265e-02   8.911478e-01   1.887054e-01   1.117617e-01   1.113327e-01   1.505443e+01
   1.203746e-01   1.305392e-01   8.250332e-02   7.810931e-02   8.567133e-02   9.390505e-02   8.959310e-01   1.015646e-01   1.475942e-01   1.684061e+01
   4.017878e-02   1.183507e-01   9.011949e-01   1.007943e-01   8.715836e-02   8.515487e-01   8.414728e-02   8.932265e-01   1.211691e-01   1.409607e+01
   7.540550e-02   1.006871e-01   8.334563e-01   8.479640e-01   1.466051e-01   1.691641e-02   9.571527e-02   4.297915e-02   1.937934e-01   1.545010e+01
   2.952589e-02   1.151907e-01   8.568911e-01   3.636477e-02   7.432456e-01   8.804723e-02   8.660828e-01   4.417669e-02   1.204874e-01   1.479714e+01
   8.034312e-01   1.080856e-01   7.278071e-02   7.399263e-02   4.450190e-02   8.175748e-01   8.432192e-01   8.427127e-02   8.418702e-01   1.281488e+01
   2.066043e-01   1.274121e-01   1.054312e-01   5.152764e-02   8.544204e-01   7.364844e-02   9.068164e-01   8.510262e-01   8.652464e-01   1.230168e+01
   7.965239e-01   1.151907e-01   8.524154e-01   9.005246e-01   7.432456e-01   8.804723e-02   1.279462e-01   4.668904e-02   1.204874e-01   1.303978e+01
   9.792354e-02   1.157278e-01   8.553288e-01   1.635798e-01   8.596071e-01   8.911478e-01   1.887054e-01   1.117617e-01   1.113327e-01   1.346154e+01
   8.587371e-01   1.215918e-01   3.717555e-02   9.260745e-02   8.505509e-01   9.366539e-02   6.776838e-02   7.408817e-02   3.635958e-02   1.573875e+01
   8.281567e-01   8.666056e-01   1.607159e-01   1.828316e-02   6.888786e-02   1.123862e-01   1.893567e-01   2.505484e-02   7.902221e-01   1.407634e+01
   8.810765e-01   8.801759e-01   1.312132e-01   9.543687e-02   6.853981e-02   7.009907e-02   8.269463e-01   8.193088e-02   1.532790e-01   1.421957e+01
   6.860135e-02   8.813466e-01   4.385128e-02   4.841007e-02   8.790682e-01   6.829236e-02   8.001901e-01   8.295778e-01   7.058406e-02   1.298551e+01
   1.036482e-01   8.384402e-01   8.584839e-01   9.060387e-01   3.240414e-02   1.841637e-01   1.320253e-01   6.558270e-02   1.813541e-01   1.509213e+01
   8.578027e-01   7.970485e-01   9.037334e-01   8.834101e-01   8.752752e-02   8.515487e-01   1.342827e-01   8.962458e-01   8.946037e-01   8.148317e+00
   8.678013e-01   1.151907e-01   8.562971e-01   1.679308e-01   7.432456e-01   9.318233e-02   8.223729e-01   4.400619e-02   1.204874e-01   1.439057e+01
   1.739506e-01   1.100681e-01   4.833780e-02   9.037381e-01   8.832141e-01   1.687554e-01   1.336619e-01   8.745762e-01   7.061078e-02   1.371299e+01
   9.995779e-02   1.180744e-01   7.859300e-01   9.495883e-02   8.696798e-01   7.956217e-02   8.095304e-02   8.896810e-01   4.501637e-02   1.468940e+01
   8.332942e-01   6.763143e-02   6.679020e-02   9.624308e-01   4.202677e-02   1.440785e-01   8.748096e-01   4.509577e-02   8.218848e-01   1.312023e+01
   8.610024e-01   1.279840e-01   1.522095e-01   7.411613e-02   1.460388e-01   8.240258e-01   8.357070e-01   8.515830e-01   8.257399e-02   1.259064e+01
   4.048648e-02   1.178240e-01   9.111108e-01   8.456482e-01   8.740927e-02   3.975632e-02   7.553720e-02   8.769627e-02   8.522300e-01   1.431096e+01
   6.828092e-02   7.096387e-02   1.223146e-01   6.050686e-02   4.783366e-02   4.663361e-02   9.316228e-01   9.959445e-02   8.354587e-02   1.808625e+01
   1.169131e-01   8.021421e-01   1.833883e-01   8.487567e-02   8.336601e-01   8.210010e-01   8.225804e-01   3.193627e-02   9.763874e-01   1.191288e+01
   1.962468e-01   9.321618e-01   1.784054e-01   4.265012e-02   8.644877e-01   7.094356e-02   1.550078e-01   1.198928e-01   2.188691e-01   1.502842e+01
   1.962468e-01   9.321618e-01   1.901207e-01   4.265012e-02   8.545611e-01   7.097472e-02   8.342640e-01   1.226108e-01   8.629112e-01   1.235273e+01
   8.587371e-01   1.212220e-01   3.717555e-02   7.648738e-01   8.299212e-01   7.099596e-02   6.776838e-02   1.259255e-01   3.715530e-02   1.448152e+01
   9.505535e-02   8.937003e-02   8.553288e-01   1.635798e-01   9.477265e-02   8.284732e-01   1.879384e-01   1.117617e-01   1.113327e-01   1.571736e+01
   1.241248e-01   1.187081e-01   1.296178e-01   8.404631e-02   9.806802e-02   2.978169e-02   8.497446e-01   8.451212e-02   1.243766e-01   1.838006e+01
   1.344299e-01   8.169494e-01   1.533625e-02   2.327188e-02   1.284275e-01   8.767085e-01   5.503664e-02   8.524109e-01   7.084708e-02   1.439710e+01
   9.907076e-02   8.914514e-01   3.011949e-02   9.488934e-02   7.855262e-01   1.112522e-01   8.155047e-01   0.000000e+00   7.121201e-02   1.466496e+01
   1.293911e-01   8.820598e-01   5.003756e-02   1.690625e-01   8.465610e-02   1.507558e-01   2.250928e-01   8.281811e-01   4.853346e-02   1.555767e+01
   8.641832e-01   8.557438e-01   0.000000e+00   8.198756e-01   5.529270e-02   6.488471e-02   7.953641e-01   8.568136e-01   5.661486e-02   1.194992e+01
   1.372567e-01   1.182362e-01   4.833780e-02   9.060387e-01   8.577310e-01   1.686485e-01   9.007304e-01   1.194111e-01   7.061078e-02   1.389047e+01
   8.536578e-01   1.140947e-01   1.330687e-01   8.793870e-01   8.913350e-01   1.686482e-01   9.065937e-01   9.919168e-02   7.080289e-02   1.266873e+01
   7.991990e-01   1.180337e-01   8.219251e-01   1.267818e-01   3.602910e-02   6.948033e-02   5.654050e-02   9.266137e-02   7.603139e-02   1.582136e+01
   8.108702e-02   5.502621e-02   1.362035e-01   8.207430e-01   7.749858e-01   8.389803e-01   6.133466e-02   1.037431e-01   7.282050e-02   1.451438e+01
   8.902746e-02   8.349370e-01   8.939758e-01   1.248801e-01   4.338014e-02   1.509436e-01   7.504181e-02   1.007971e-02   8.073341e-01   1.422708e+01
   1.042835e-01   8.207338e-02   9.100013e-01   9.074368e-01   2.345395e-02   1.720604e-01   1.238552e-01   6.499360e-02   1.245142e-01   1.581314e+01
   7.882148e-01   8.402946e-01   8.648438e-01   7.832143e-01   3.174417e-02   5.446516e-02   8.793467e-02   4.418683e-02   1.393890e-01   1.309258e+01
   5.161701e-02   9.032633e-02   8.843159e-01   5.105401e-02   7.998340e-01   7.531866e-02   7.513191e-01   1.468021e-01   7.973981e-01   1.343738e+01
   8.510623e-01   8.821228e-01   8.954922e-01   1.685312e-01   8.647555e-01   8.599565e-01   8.240581e-02   1.526703e-01   5.427255e-02   1.169403e+01
   8.756734e-01   2.070172e-01   8.459188e-01   6.123849e-02   4.392911e-02   7.396090e-02   8.443485e-01   9.714515e-01   1.286197e-01   1.310933e+01
   6.976393e-02   6.781339e-02   2.008358e-03   1.078187e-02   8.284752e-01   9.345124e-02   9.008057e-01   1.266430e-01   1.646502e-01   1.597928e+01
   1.160063e-01   1.286155e-01   5.549224e-02   1.291153e-01   4.408531e-02   9.244028e-02   9.034099e-02   1.027360e-01   1.901881e-01   1.829322e+01
   1.678673e-01   9.390457e-01   1.901207e-01   8.727105e-01   8.545812e-01   7.575387e-02   1.095465e-01   1.016817e-01   6.224853e-02   1.388377e+01
   2.110254e-01   1.314737e-01   8.250332e-02   8.768290e-01   8.647734e-01   9.368180e-02   1.299689e-01   9.121019e-01   2.288834e-01   1.343055e+01
   8.784993e-01   1.937550e-01   8.846933e-01   8.590750e-02   8.107262e-01   7.493869e-02   1.207642e-01   6.714260e-01   2.269016e-02   1.347161e+01
   8.636442e-01   8.564615e-01   8.777370e-01   1.672329e-01   8.123383e-01   7.531866e-02   7.516825e-01   1.242866e-01   2.176101e-02   1.136135e+01
   1.044870e-01   8.446705e-01   8.563055e-01   8.469250e-01   6.610197e-02   1.444876e-01   9.453109e-02   8.888231e-01   7.782464e-01   1.170484e+01
   8.757112e-01   1.037253e-01   4.408194e-02   1.239814e-01   8.657583e-01   9.088952e-02   6.689854e-02   3.607889e-02   8.758230e-01   1.425654e+01
   8.688925e-01   8.784663e-01   8.530989e-01   1.972614e-02   1.282605e-01   6.967047e-02   7.927724e-01   8.515830e-01   8.484677e-01   9.656575e+00
   1.540068e-01   9.336842e-01   1.901207e-01   4.265012e-02   8.471111e-01   7.575387e-02   1.587992e-01   1.016817e-01   8.360077e-01   1.381726e+01
   8.649851e-01   1.269417e-01   1.514889e-01   5.688823e-02   8.602716e-02   9.118145e-02   8.265177e-01   8.515830e-01   8.087617e-02   1.390232e+01
   4.017878e-02   1.279854e-01   8.777153e-01   7.689547e-02   8.740927e-02   8.515487e-01   8.485423e-01   1.616280e-01   1.150644e-01   1.384549e+01
   4.618136e-02   8.451373e-02   1.343439e-01   7.245410e-02   7.234848e-02   6.609056e-02   8.361787e-02   9.919168e-02   7.381175e-02   1.875638e+01
   8.770373e-01   8.280552e-01   1.456296e-01   1.771684e-01   9.306267e-02   8.004995e-01   8.515692e-01   1.913990e-01   1.381165e-01   1.203381e+01
   1.169131e-01   8.271055e-01   8.553325e-01   8.961736e-01   8.738747e-01   8.158659e-01   8.658574e-01   3.210677e-02   9.774381e-01   8.972203e+00
   4.017878e-02   1.183507e-01   9.011949e-01   1.007943e-01   8.651816e-02   8.574761e-01   8.414728e-02   8.932265e-01   1.222110e-01   1.408091e+01
   1.726539e-01   1.295469e-01   8.482155e-01   1.225776e-01   6.083650e-02   8.824527e-02   8.873548e-01   4.745649e-02   8.594492e-01   1.384503e+01
   8.159425e-01   8.813466e-01   4.385128e-02   5.037843e-02   9.195155e-02   8.323906e-01   7.015554e-02   8.295778e-01   1.025625e-01   1.280830e+01
   1.275779e-01   1.410180e-01   7.502920e-02   9.308971e-02   4.058661e-02   8.666308e-01   8.637140e-01   1.247332e-01   8.518713e-01   1.383633e+01
   6.215157e-02   8.656957e-02   9.979870e-02   6.131699e-02   6.828937e-02   9.714249e-02   7.942486e-01   5.891117e-02   1.588229e-01   1.918499e+01
   7.870663e-02   8.853806e-01   9.362270e-02   1.692033e-01   6.944948e-02   1.419872e-01   1.312085e-01   8.270236e-01   7.469558e-01   1.504738e+01
   1.386044e-01   1.157325e-01   3.398287e-02   8.117338e-01   8.651176e-01   2.380210e-02   6.949677e-02   8.896810e-01   8.464834e-01   1.269669e+01
   8.363054e-01   1.266070e-01   1.012350e-01   9.971941e-01   6.554551e-02   8.156053e-01   1.395085e-01   4.485941e-02   1.221749e-01   1.464576e+01
   1.354442e-01   8.169494e-01   1.304944e-02   8.481481e-02   1.284275e-01   9.322628e-01   8.885013e-01   8.515830e-01   9.374108e-02   1.272277e+01
   1.212130e-01   1.309736e-01   8.250332e-02   8.186392e-01   7.574466e-02   9.393621e-02   8.003936e-01   1.017297e-01   8.679001e-01   1.449752e+01
   1.422441e-01   1.010676e-01   8.395653e-01   1.732464e-01   1.665993e-01   1.691641e-02   8.786002e-01   1.152826e-01   1.614545e-01   1.497105e+01
   1.473891e-01   8.850753e-01   9.351608e-02   1.684252e-01   1.068282e-01   8.905988e-01   1.427687e-01   8.253923e-01   8.734230e-01   1.211331e+01
   1.000850e-01   1.036718e-02   3.026618e-02   9.488934e-02   8.425570e-01   4.209006e-02   8.155047e-01   8.853380e-01   9.947886e-02   1.439891e+01
   1.902886e-01   8.784875e-01   3.225286e-02   9.663060e-01   8.735586e-01   2.247932e-01   1.172015e-01   8.426364e-01   7.030479e-02   1.254564e+01
   8.087137e-01   1.236387e-01   1.131505e-01   1.640351e-02   8.875647e-01   8.082906e-01   1.474996e-01   1.391468e-01   4.698848e-02   1.414771e+01
   6.384895e-02   8.721409e-02   5.291199e-02   8.606156e-01   8.701091e-01   9.753667e-02   9.110323e-02   1.108118e-01   1.175350e-01   1.555084e+01
   1.138703e-01   2.808125e-02   9.733730e-01   8.744418e-01   5.768412e-02   1.637231e-01   4.783914e-02   8.559221e-01   8.621828e-01   1.359293e+01
   7.918271e-01   1.010341e-01   8.971117e-01   8.654403e-01   3.234407e-02   1.105456e-01   8.856721e-01   8.429744e-01   8.491262e-01   9.727820e+00
   1.739579e-01   8.145147e-02   5.034899e-02   9.060387e-01   3.874449e-02   6.609086e-02   1.274687e-01   9.372309e-02   7.361964e-02   1.716508e+01
   8.672246e-01   1.009353e-01   0.000000e+00   8.582336e-01   1.466051e-01   4.792088e-02   1.311747e-01   1.152826e-01   8.480765e-01   1.393274e+01
   8.664888e-01   1.772803e-01   1.130743e-01   5.995193e-02   4.450190e-02   6.557088e-02   7.917149e-02   8.462155e-01   1.469527e-01   1.553065e+01
   8.720464e-01   1.036718e-02   3.011949e-02   1.075729e-01   1.061742e-01   2.111989e-02   8.096742e-01   8.861659e-01   1.440405e-01   1.429994e+01
   2.086682e-01   1.308725e-01   8.250332e-02   8.144832e-01   9.269379e-02   8.344672e-01   1.259170e-01   8.913565e-01   8.965576e-02   1.371667e+01
   8.077735e-01   8.666573e-01   1.568432e-01   1.715878e-01   8.875647e-01   2.828408e-02   1.474996e-01   1.481487e-01   4.798600e-02   1.496289e+01
   1.236255e-01   9.033563e-02   8.590061e-01   8.264822e-02   9.806802e-02   8.648719e-01   8.318903e-01   8.510123e-02   1.812165e-01   1.488179e+01
   7.499089e-01   8.932171e-01   1.381328e-01   8.253006e-01   1.333518e-01   9.443481e-01   1.400126e-01   9.113579e-03   7.097272e-02   1.372919e+01
   1.050554e-01   7.946867e-01   1.130663e-01   7.934948e-01   8.232670e-02   9.021094e-02   9.111183e-02   9.691653e-02   9.178075e-01   1.433976e+01
   8.784993e-01   7.201821e-02   1.077279e-01   1.202769e-01   2.094283e-02   8.835221e-02   1.207642e-01   0.000000e+00   1.072768e-01   1.729456e+01
   1.212130e-01   1.309736e-01   8.250332e-02   8.186392e-01   8.567133e-02   1.138436e-01   1.299689e-01   9.629639e-02   2.288834e-01   1.712371e+01
   7.910722e-01   1.007665e-01   1.141410e-01   8.541013e-01   1.431845e-01   4.792088e-02   1.304265e-01   1.152826e-01   8.303189e-01   1.426424e+01
