   1.841584e-03   2.778260e-01   7.712979e-08   2.643038e-01   4.918221e-01   4.999823e-01   4.994893e-01   4.999943e-01   5.000098e-01   5.000972e-01   5.001441e-01   5.000238e-01   5.000221e-01   5.000691e-01   5.000121e-01
   2.641750e-01   4.644148e-01   0.000000e+00   6.774749e-10   5.069624e-01   4.999639e-01   5.005736e-01   4.999935e-01   5.000104e-01   5.000916e-01   4.999143e-01   5.000333e-01   5.000458e-01   5.000656e-01   4.999853e-01
   6.058253e-01   2.764360e-10   5.003817e-01   1.000000e+00   8.254736e-01   4.999983e-01   5.000203e-01   4.999935e-01   5.000094e-01   5.000875e-01   4.999531e-01   5.000101e-01   5.000203e-01   5.000536e-01   5.000047e-01
   3.001359e-01   0.000000e+00   4.784549e-01   5.140619e-01   4.266365e-02   5.000007e-01   5.000595e-01   4.999936e-01   5.000108e-01   5.000889e-01   4.999580e-01   5.000207e-01   5.000225e-01   5.000492e-01   5.000049e-01
   3.450666e-08   2.353327e-10   2.856784e-01   3.123441e-01   5.367033e-01   4.999818e-01   5.000487e-01   4.999933e-01   5.000064e-01   5.000911e-01   4.999415e-01   5.000161e-01   5.000226e-01   5.000536e-01   5.000059e-01
   2.721020e-01   2.978981e-01   5.214882e-01   1.000000e+00   0.000000e+00   4.999983e-01   5.000193e-01   4.999935e-01   5.000105e-01   5.000878e-01   4.999608e-01   5.000116e-01   5.000199e-01   5.000533e-01   5.000078e-01
   2.684476e-01   8.622141e-05   3.641845e-01   0.000000e+00   4.784080e-01   4.999988e-01   5.000170e-01   4.999941e-01   5.000100e-01   5.000895e-01   4.999525e-01   5.000111e-01   5.000251e-01   5.000490e-01   4.999873e-01
   7.951155e-01   0.000000e+00   0.000000e+00   1.000000e+00   8.397941e-01   4.999986e-01   5.000184e-01   4.999961e-01   5.000021e-01   5.000860e-01   4.999598e-01   5.000112e-01   5.000199e-01   5.000492e-01   5.000073e-01
   3.449711e-08   1.118043e-13   7.955935e-01   0.000000e+00   1.000000e+00   5.000001e-01   5.000158e-01   4.999960e-01   5.000021e-01   5.000861e-01   4.999723e-01   5.000080e-01   5.000212e-01   5.000485e-01   5.000043e-01
   4.999957e-01   2.633700e-10   0.000000e+00   1.000000e+00   9.996965e-01   4.999991e-01   5.000179e-01   4.999999e-01   4.999913e-01   5.000864e-01   4.999714e-01   5.000078e-01   5.000199e-01   5.000525e-01   5.000049e-01
   2.677082e-01   0.000000e+00   7.049872e-01   1.000000e+00   4.293448e-01   4.999998e-01   5.000152e-01   4.999933e-01   5.000029e-01   5.000867e-01   4.999706e-01   5.000071e-01   5.000209e-01   5.000518e-01   4.999898e-01
   0.000000e+00   1.277735e-10   7.143342e-19   2.666929e-01   2.940969e-01   4.999974e-01   5.000193e-01   4.999937e-01   5.000029e-01   5.000872e-01   4.999724e-01   5.000096e-01   5.000214e-01   5.000537e-01   5.000058e-01
   6.081442e-01   0.000000e+00   0.000000e+00   4.984446e-01   1.000000e+00   4.999981e-01   5.000267e-01   4.999949e-01   5.000027e-01   5.000871e-01   4.999522e-01   5.000121e-01   5.000216e-01   5.000535e-01   4.999829e-01
   2.897693e-01   0.000000e+00   0.000000e+00   3.574524e-01   5.017455e-01   4.999826e-01   5.000234e-01   4.999939e-01   5.000021e-01   5.000944e-01   5.001213e-01   5.000337e-01   5.000259e-01   5.000637e-01   4.999879e-01
   7.868388e-01   2.837623e-01   3.899773e-01   1.864402e-01   3.100463e-01   4.999975e-01   5.000165e-01   4.999934e-01   5.000028e-01   5.000866e-01   5.001589e-01   5.000116e-01   5.000212e-01   5.000631e-01   4.999890e-01
   0.000000e+00   2.709761e-01   5.735249e-14   0.000000e+00   2.951351e-01   4.999987e-01   5.000200e-01   4.999949e-01   5.000028e-01   5.000870e-01   4.999610e-01   5.000094e-01   5.000204e-01   5.000488e-01   5.000057e-01
   4.703102e-08   0.000000e+00   2.685367e-01   2.966658e-01   0.000000e+00   4.999982e-01   5.000493e-01   4.999936e-01   5.000025e-01   5.000872e-01   4.999708e-01   5.000085e-01   5.000198e-01   5.000466e-01   5.000066e-01
   0.000000e+00   2.675601e-01   2.952306e-01   1.000000e+00   9.645568e-01   4.999990e-01   5.000158e-01   4.999959e-01   5.000034e-01   5.000897e-01   4.999724e-01   5.000114e-01   5.000199e-01   5.000524e-01   5.000077e-01
   2.677154e-01   3.889533e-06   2.957005e-01   1.000000e+00   3.735150e-01   4.999818e-01   5.000523e-01   4.999937e-01   5.000106e-01   5.000904e-01   4.999545e-01   5.000113e-01   5.000482e-01   5.000523e-01   4.999897e-01
   8.940152e-10   2.656116e-01   4.791790e-09   7.055494e-01   1.000000e+00   4.999972e-01   5.000263e-01   4.999936e-01   5.000023e-01   5.000864e-01   4.999726e-01   5.000084e-01   5.000229e-01   5.000526e-01   4.999890e-01
   7.900800e-02   8.728566e-02   7.956504e-01   2.130310e-01   3.101413e-01   4.999975e-01   5.000345e-01   4.999938e-01   5.000028e-01   5.000866e-01   4.999504e-01   5.000084e-01   5.000231e-01   5.000544e-01   5.000116e-01
   0.000000e+00   1.117995e-13   7.955935e-01   0.000000e+00   0.000000e+00   5.000036e-01   5.000156e-01   4.999960e-01   5.000021e-01   5.000860e-01   4.999723e-01   5.000080e-01   5.000212e-01   5.000486e-01   5.000043e-01
   6.081442e-01   1.106004e-11   7.562839e-13   4.985885e-01   0.000000e+00   5.000001e-01   5.000265e-01   4.999949e-01   5.000067e-01   5.000865e-01   4.999719e-01   5.000108e-01   5.000225e-01   5.000535e-01   4.999855e-01
   3.347422e-10   2.679881e-01   3.123560e-14   1.557080e-07   7.050464e-01   4.999977e-01   5.000176e-01   5.000001e-01   5.000092e-01   5.000865e-01   4.999713e-01   5.000126e-01   5.000236e-01   5.000520e-01   4.999861e-01
   5.000023e-01   3.454194e-12   0.000000e+00   0.000000e+00   1.000000e+00   4.999973e-01   5.000158e-01   4.999936e-01   5.000028e-01   5.000860e-01   4.999721e-01   5.000080e-01   5.000228e-01   5.000487e-01   5.000064e-01
   2.394403e-07   0.000000e+00   2.699862e-01   1.323413e-03   2.934718e-01   4.999665e-01   5.000131e-01   4.999941e-01   5.000078e-01   5.001479e-01   4.999279e-01   5.000452e-01   5.000465e-01   5.000655e-01   4.999849e-01
   6.083129e-01   5.005124e-01   0.000000e+00   1.000000e+00   9.998311e-01   5.000002e-01   5.000181e-01   4.999941e-01   5.000022e-01   5.000872e-01   4.999722e-01   5.000253e-01   5.000224e-01   5.000556e-01   5.000050e-01
   2.684414e-01   0.000000e+00   3.299712e-16   7.042999e-01   0.000000e+00   4.999980e-01   5.000264e-01   4.999963e-01   5.000089e-01   5.000875e-01   4.999718e-01   5.000112e-01   5.000208e-01   5.000633e-01   5.000048e-01
   2.677587e-01   0.000000e+00   7.060170e-01   0.000000e+00   0.000000e+00   4.999749e-01   5.000199e-01   4.999936e-01   5.000094e-01   5.000870e-01   4.999703e-01   5.000074e-01   5.000211e-01   5.000487e-01   5.000058e-01
   2.673426e-01   0.000000e+00   0.000000e+00   2.957977e-01   0.000000e+00   5.000032e-01   5.000170e-01   4.999962e-01   5.000027e-01   5.000866e-01   4.999712e-01   5.000211e-01   5.000209e-01   5.000520e-01   5.000050e-01
   1.537906e-11   6.094665e-01   4.984292e-01   1.000000e+00   8.412011e-03   4.999983e-01   5.000199e-01   4.999937e-01   5.000026e-01   5.000872e-01   4.999717e-01   5.000115e-01   5.000199e-01   5.000488e-01   5.000044e-01
   0.000000e+00   2.047198e-01   0.000000e+00   0.000000e+00   0.000000e+00   4.999993e-01   5.000155e-01   4.999938e-01   5.000022e-01   5.000867e-01   4.999718e-01   5.000085e-01   5.000199e-01   5.000485e-01   5.000043e-01
   0.000000e+00   0.000000e+00   0.000000e+00   5.000171e-01   1.000000e+00   4.999978e-01   5.000199e-01   4.999960e-01   5.000026e-01   5.000869e-01   4.999717e-01   5.000097e-01   5.000250e-01   5.000485e-01   5.000058e-01
   2.744552e-01   3.029819e-01   4.130185e-02   5.060204e-01   0.000000e+00   4.999986e-01   5.000178e-01   4.999950e-01   5.000022e-01   5.000871e-01   4.999724e-01   5.000111e-01   5.000197e-01   5.000481e-01   5.000053e-01
   3.449806e-08   7.952732e-01   0.000000e+00   0.000000e+00   1.000000e+00   4.999977e-01   5.000158e-01   4.999948e-01   5.000029e-01   5.000870e-01   4.999718e-01   5.000094e-01   5.000208e-01   5.000485e-01   5.000077e-01
   0.000000e+00   6.078311e-01   5.008273e-01   0.000000e+00   1.000000e+00   4.999984e-01   5.000201e-01   4.999963e-01   5.000077e-01   5.000875e-01   4.999719e-01   5.000094e-01   5.000208e-01   5.000493e-01   5.000086e-01
   0.000000e+00   5.000433e-01   0.000000e+00   0.000000e+00   0.000000e+00   4.999986e-01   5.000171e-01   4.999962e-01   5.000027e-01   5.000868e-01   4.999717e-01   5.000093e-01   5.000208e-01   5.000491e-01   5.000047e-01
   0.000000e+00   4.278159e-07   2.694429e-01   7.035558e-01   0.000000e+00   4.999985e-01   5.000180e-01   4.999938e-01   5.000021e-01   5.000868e-01   4.999467e-01   5.000094e-01   5.000227e-01   5.000491e-01   5.000056e-01
   6.081442e-01   9.106779e-12   5.503853e-14   0.000000e+00   5.001072e-01   5.000000e-01   5.000204e-01   4.999962e-01   5.000025e-01   5.000860e-01   4.999694e-01   5.000088e-01   5.000199e-01   5.000525e-01   5.000046e-01
   0.000000e+00   0.000000e+00   5.995204e-15   7.953846e-01   0.000000e+00   4.999988e-01   5.000161e-01   4.999937e-01   5.000020e-01   5.000868e-01   4.999724e-01   5.000083e-01   5.000204e-01   5.000482e-01   5.000056e-01
   0.000000e+00   2.782635e-01   3.058885e-01   4.980996e-01   1.000000e+00   4.999998e-01   5.000184e-01   4.999936e-01   5.000020e-01   5.000865e-01   4.999724e-01   5.000083e-01   5.000203e-01   5.000487e-01   5.000056e-01
   3.464350e-08   0.000000e+00   2.048733e-01   0.000000e+00   0.000000e+00   5.000033e-01   5.000182e-01   4.999960e-01   5.000027e-01   5.000871e-01   4.999718e-01   5.000108e-01   5.000193e-01   5.000534e-01   5.000045e-01
   2.674592e-01   0.000000e+00   7.060170e-01   0.000000e+00   1.000000e+00   5.000006e-01   5.000189e-01   4.999938e-01   5.000088e-01   5.000872e-01   4.999597e-01   5.000098e-01   5.000207e-01   5.000486e-01   5.000088e-01
   0.000000e+00   6.078311e-01   5.008273e-01   0.000000e+00   0.000000e+00   5.000031e-01   5.000200e-01   4.999961e-01   5.000071e-01   5.000871e-01   4.999726e-01   5.000094e-01   5.000208e-01   5.000527e-01   5.000064e-01
   2.676363e-01   7.037816e-01   1.000000e+00   5.429088e-02   9.828662e-01   4.999997e-01   5.000201e-01   4.999935e-01   5.000028e-01   5.000870e-01   4.999733e-01   5.000112e-01   5.000204e-01   5.000487e-01   4.999880e-01
   2.673795e-01   2.944794e-01   1.629841e-17   0.000000e+00   0.000000e+00   4.999975e-01   5.000155e-01   4.999937e-01   5.000025e-01   5.000871e-01   4.999718e-01   5.000108e-01   5.000197e-01   5.000482e-01   5.000070e-01
   1.190976e-11   2.677243e-01   2.952306e-01   0.000000e+00   0.000000e+00   4.999984e-01   5.000172e-01   4.999938e-01   5.000024e-01   5.000865e-01   4.999717e-01   5.000098e-01   5.000231e-01   5.000488e-01   5.000076e-01
   3.370637e-01   3.506881e-01   4.874116e-01   0.000000e+00   0.000000e+00   4.999658e-01   5.000509e-01   4.999938e-01   5.000068e-01   5.000907e-01   5.001521e-01   5.000196e-01   5.000204e-01   5.000651e-01   5.000056e-01
   9.578321e-10   6.060046e-01   0.000000e+00   0.000000e+00   5.009533e-01   4.999976e-01   5.000171e-01   4.999961e-01   5.000073e-01   5.000879e-01   4.999716e-01   5.000094e-01   5.000200e-01   5.000487e-01   5.000071e-01
   2.053868e-01   1.778710e-01   2.079467e-01   8.110099e-14   9.246602e-01   5.000007e-01   5.000195e-01   4.999960e-01   5.000096e-01   5.000872e-01   4.999616e-01   5.000113e-01   5.000228e-01   5.000486e-01   4.999849e-01
   0.000000e+00   4.999540e-01   0.000000e+00   1.000000e+00   8.510822e-01   4.999986e-01   5.000180e-01   4.999962e-01   5.000026e-01   5.000868e-01   4.999717e-01   5.000083e-01   5.000200e-01   5.000492e-01   5.000057e-01
   6.070175e-01   5.007606e-01   4.911939e-15   0.000000e+00   0.000000e+00   4.999986e-01   5.000173e-01   4.999949e-01   5.000097e-01   5.000872e-01   4.999716e-01   5.000114e-01   5.000212e-01   5.000496e-01   5.000027e-01
   3.450774e-08   1.505081e-10   2.048733e-01   1.000000e+00   9.992602e-01   4.999977e-01   5.000166e-01   4.999963e-01   5.000024e-01   5.000867e-01   4.999723e-01   5.000069e-01   5.000206e-01   5.000483e-01   5.000047e-01
   2.048015e-01   0.000000e+00   2.894102e-15   0.000000e+00   1.000000e+00   4.999978e-01   5.000172e-01   4.999960e-01   5.000025e-01   5.000875e-01   4.999724e-01   5.000083e-01   5.000212e-01   5.000488e-01   5.000047e-01
   0.000000e+00   7.951345e-01   0.000000e+00   1.000000e+00   8.192483e-03   4.999976e-01   5.000164e-01   4.999949e-01   5.000024e-01   5.000870e-01   4.999723e-01   5.000094e-01   5.000199e-01   5.000488e-01   5.000047e-01
   0.000000e+00   7.209895e-13   5.995204e-15   7.953846e-01   1.000000e+00   4.999991e-01   5.000172e-01   4.999936e-01   5.000020e-01   5.000865e-01   4.999731e-01   5.000083e-01   5.000199e-01   5.000489e-01   5.000056e-01
   2.676985e-01   6.457057e-13   0.000000e+00   0.000000e+00   2.946169e-01   4.999980e-01   5.000166e-01   4.999959e-01   5.000034e-01   5.000872e-01   4.999717e-01   5.000097e-01   5.000210e-01   5.000489e-01   5.000057e-01
   0.000000e+00   0.000000e+00   3.320677e-13   0.000000e+00   2.055492e-01   4.999986e-01   5.000161e-01   4.999960e-01   5.000030e-01   5.000868e-01   4.999710e-01   5.000093e-01   5.000193e-01   5.000487e-01   5.000041e-01
   0.000000e+00   2.905827e-01   3.090558e-01   0.000000e+00   4.485473e-01   4.999645e-01   5.000196e-01   4.999937e-01   5.000030e-01   5.000864e-01   5.001270e-01   5.000080e-01   5.000209e-01   5.000485e-01   5.000043e-01
   9.943875e-10   2.677243e-01   2.952306e-01   0.000000e+00   1.000000e+00   4.999984e-01   5.000172e-01   4.999938e-01   5.000020e-01   5.000865e-01   4.999718e-01   5.000094e-01   5.000231e-01   5.000488e-01   5.000076e-01
   2.672019e-01   0.000000e+00   1.452367e-17   7.050026e-01   1.000000e+00   4.999985e-01   5.000263e-01   4.999937e-01   5.000025e-01   5.000871e-01   4.999591e-01   5.000112e-01   5.000202e-01   5.000481e-01   5.000031e-01
   3.126932e-07   0.000000e+00   2.694429e-01   7.035558e-01   1.000000e+00   4.999982e-01   5.000158e-01   4.999960e-01   5.000021e-01   5.000880e-01   4.999718e-01   5.000100e-01   5.000229e-01   5.000487e-01   5.000035e-01
   1.592362e-09   0.000000e+00   4.999882e-01   0.000000e+00   0.000000e+00   4.999988e-01   5.000170e-01   4.999934e-01   5.000022e-01   5.000867e-01   4.999723e-01   5.000081e-01   5.000212e-01   5.000486e-01   5.000049e-01
   3.001359e-01   0.000000e+00   4.784549e-01   5.140619e-01   1.000000e+00   5.000007e-01   5.000595e-01   4.999937e-01   5.000108e-01   5.000889e-01   4.999592e-01   5.000207e-01   5.000225e-01   5.000492e-01   5.000049e-01
   0.000000e+00   0.000000e+00   0.000000e+00   0.000000e+00   0.000000e+00   4.999972e-01   5.000156e-01   4.999960e-01   5.000028e-01   5.000860e-01   4.999724e-01   5.000082e-01   5.000200e-01   5.000486e-01   5.000041e-01
   2.985226e-08   0.000000e+00   3.330669e-16   2.719619e-01   7.055537e-01   5.000071e-01   5.000198e-01   4.999935e-01   5.000027e-01   5.000872e-01   4.999713e-01   5.000096e-01   5.000226e-01   5.000551e-01   5.000069e-01
   7.954788e-01   2.028993e-13   1.476597e-14   0.000000e+00   1.000000e+00   4.999989e-01   5.000159e-01   4.999959e-01   5.000097e-01   5.000861e-01   4.999709e-01   5.000086e-01   5.000206e-01   5.000487e-01   5.000047e-01
   7.951155e-01   0.000000e+00   1.000000e+00   2.827696e-01   9.345253e-01   5.000033e-01   5.000170e-01   4.999961e-01   5.000027e-01   5.000866e-01   4.999724e-01   4.981777e-01   5.000193e-01   5.000492e-01   5.000050e-01
   1.479090e-08   3.053181e-01   3.154248e-01   4.962506e-01   0.000000e+00   5.000013e-01   5.000167e-01   4.999936e-01   4.999848e-01   5.000877e-01   5.001600e-01   5.000174e-01   5.000230e-01   5.000553e-01   5.000086e-01
   3.591823e-08   1.000000e+00   9.625109e-04   3.107181e-11   9.938581e-01   5.000003e-01   5.000158e-01   4.999962e-01   5.000022e-01   5.000870e-01   4.999693e-01   5.000080e-01   5.000203e-01   5.000480e-01   5.000046e-01
   7.951155e-01   1.000000e+00   9.754220e-01   0.000000e+00   9.345253e-01   4.999997e-01   5.000198e-01   4.999962e-01   5.000020e-01   5.000864e-01   4.999723e-01   5.000111e-01   5.000193e-01   5.000492e-01   5.000051e-01
   0.000000e+00   0.000000e+00   2.677877e-01   9.277571e-15   7.047056e-01   4.999975e-01   5.000171e-01   4.999935e-01   5.000022e-01   5.000872e-01   4.999718e-01   5.000109e-01   5.000209e-01   5.000486e-01   4.999859e-01
   2.924692e-08   0.000000e+00   5.000219e-01   0.000000e+00   1.000000e+00   4.999997e-01   5.000159e-01   4.999962e-01   5.000020e-01   5.000865e-01   4.999723e-01   5.000110e-01   5.000199e-01   5.000486e-01   5.000073e-01
   2.684371e-01   7.052422e-01   1.515454e-14   0.000000e+00   0.000000e+00   4.999814e-01   5.000159e-01   4.999936e-01   5.000028e-01   5.000875e-01   4.999714e-01   5.000218e-01   5.000208e-01   5.000489e-01   5.000047e-01
   2.048425e-01   0.000000e+00   0.000000e+00   1.000000e+00   8.399150e-01   4.999985e-01   5.000152e-01   4.999961e-01   5.000021e-01   5.000872e-01   4.999713e-01   5.000112e-01   5.000199e-01   5.000492e-01   5.000074e-01
   0.000000e+00   2.678206e-01   7.061486e-01   0.000000e+00   1.000000e+00   4.999973e-01   5.000198e-01   4.999964e-01   5.000028e-01   5.000878e-01   4.999714e-01   5.000099e-01   5.000210e-01   5.000486e-01   5.000042e-01
   2.675779e-01   2.942015e-01   0.000000e+00   0.000000e+00   1.000000e+00   4.999986e-01   5.000175e-01   4.999934e-01   5.000026e-01   5.000868e-01   4.999717e-01   5.000092e-01   5.000225e-01   5.000630e-01   4.999896e-01
   1.000000e+00   4.993087e-01   6.113625e-01   0.000000e+00   8.484270e-04   4.999973e-01   5.000160e-01   5.000038e-01   5.000026e-01   5.000865e-01   4.999720e-01   5.000086e-01   5.000199e-01   5.000483e-01   5.000041e-01
   2.936071e-01   3.241527e-01   3.307170e-02   5.335813e-01   9.997072e-01   4.999992e-01   5.000201e-01   5.000029e-01   5.000039e-01   5.000871e-01   4.999542e-01   5.000098e-01   5.000477e-01   5.000548e-01   5.000040e-01
   0.000000e+00   1.291482e-10   2.048733e-01   0.000000e+00   1.000000e+00   5.000002e-01   5.000192e-01   4.999939e-01   5.000028e-01   5.000860e-01   4.999720e-01   5.000083e-01   5.000210e-01   5.000489e-01   5.000064e-01
   2.675806e-01   2.950127e-01   1.000000e+00   2.521678e-02   0.000000e+00   4.999753e-01   5.000174e-01   4.999960e-01   5.000093e-01   5.000870e-01   4.999720e-01   5.000115e-01   5.000199e-01   5.000483e-01   4.999822e-01
   0.000000e+00   6.661338e-16   7.955935e-01   1.000000e+00   9.957438e-01   4.999973e-01   5.000156e-01   4.999960e-01   5.000026e-01   5.000867e-01   4.999720e-01   5.000069e-01   5.000199e-01   5.000483e-01   5.000048e-01
   5.000023e-01   3.454237e-12   0.000000e+00   0.000000e+00   0.000000e+00   4.999973e-01   5.000158e-01   4.999936e-01   5.000028e-01   5.000860e-01   4.999721e-01   5.000080e-01   5.000228e-01   5.000487e-01   5.000065e-01
   0.000000e+00   3.219647e-15   1.454392e-14   2.048552e-01   0.000000e+00   4.999977e-01   5.000172e-01   4.999933e-01   5.000023e-01   5.000872e-01   4.999717e-01   5.000080e-01   5.000198e-01   5.000488e-01   5.000043e-01
   0.000000e+00   6.055962e-01   0.000000e+00   4.999813e-01   1.000000e+00   5.000036e-01   5.000156e-01   4.999994e-01   5.000027e-01   5.000861e-01   4.999717e-01   5.000098e-01   4.999879e-01   5.000545e-01   5.000076e-01
   1.446879e-09   7.951345e-01   1.000000e+00   1.000000e+00   1.858137e-02   4.999976e-01   5.000165e-01   4.999959e-01   5.000024e-01   5.000867e-01   4.999723e-01   5.000067e-01   5.000199e-01   5.000488e-01   5.000046e-01
   4.126409e-10   2.679829e-01   0.000000e+00   2.949039e-01   1.000000e+00   5.000003e-01   5.000201e-01   4.999938e-01   5.000070e-01   5.000871e-01   4.999611e-01   5.000084e-01   5.000208e-01   5.000527e-01   4.999867e-01
   3.589494e-08   2.047198e-01   0.000000e+00   0.000000e+00   1.000000e+00   4.999977e-01   5.000155e-01   4.999962e-01   5.000027e-01   5.000867e-01   4.999723e-01   5.000085e-01   5.000193e-01   5.000485e-01   5.000043e-01
   2.677060e-01   0.000000e+00   0.000000e+00   2.921802e-01   1.000000e+00   4.999977e-01   5.000183e-01   4.999948e-01   5.000019e-01   5.000871e-01   4.999717e-01   5.000098e-01   5.000250e-01   5.000485e-01   5.000060e-01
   0.000000e+00   2.679096e-01   6.011626e-13   2.949944e-01   0.000000e+00   4.999961e-01   5.000199e-01   4.999733e-01   5.000020e-01   5.000867e-01   4.999617e-01   5.000117e-01   5.000198e-01   5.000481e-01   5.000065e-01
   2.048564e-01   1.041130e-13   0.000000e+00   0.000000e+00   0.000000e+00   5.000001e-01   5.000172e-01   4.999960e-01   5.000025e-01   5.000861e-01   4.999724e-01   5.000082e-01   5.000212e-01   5.000525e-01   5.000043e-01
   8.940152e-10   2.663554e-01   5.264444e-08   7.055494e-01   0.000000e+00   4.999973e-01   5.000170e-01   4.999961e-01   5.000027e-01   5.000866e-01   4.999711e-01   5.000085e-01   5.000199e-01   5.000525e-01   4.999892e-01
   0.000000e+00   9.136736e-08   0.000000e+00   1.000000e+00   8.399150e-01   4.999985e-01   5.000152e-01   4.999961e-01   5.000021e-01   5.000872e-01   4.999540e-01   5.000112e-01   5.000200e-01   5.000487e-01   5.000074e-01
   6.081849e-01   1.116023e-13   4.999882e-01   0.000000e+00   0.000000e+00   4.999970e-01   5.000158e-01   4.999934e-01   5.000067e-01   5.000867e-01   4.999724e-01   5.000121e-01   5.000225e-01   5.000486e-01   5.000049e-01
   6.081049e-01   5.007606e-01   9.993529e-01   5.469986e-01   1.255259e-02   4.999978e-01   5.000173e-01   4.999960e-01   5.000097e-01   5.000872e-01   4.999716e-01   5.000115e-01   5.000251e-01   5.000496e-01   5.000060e-01
   0.000000e+00   6.105652e-01   0.000000e+00   4.967359e-01   0.000000e+00   4.999737e-01   5.000136e-01   4.999960e-01   5.000111e-01   5.000866e-01   4.999715e-01   5.000112e-01   5.000192e-01   5.000483e-01   5.000043e-01
   3.577660e-07   2.047195e-01   1.000000e+00   7.886264e-01   8.472551e-01   4.999994e-01   5.000172e-01   4.999936e-01   5.000026e-01   5.000868e-01   4.999730e-01   5.000083e-01   5.000204e-01   5.000489e-01   5.000057e-01
   6.074861e-01   5.000022e-01   0.000000e+00   0.000000e+00   9.997759e-01   4.999988e-01   5.000312e-01   4.999941e-01   5.000026e-01   5.000865e-01   4.999721e-01   5.000149e-01   5.000230e-01   5.000557e-01   4.999840e-01
   3.523773e-07   0.000000e+00   1.000000e+00   0.000000e+00   5.083039e-01   4.999978e-01   5.000198e-01   4.999963e-01   5.000023e-01   5.000865e-01   4.999726e-01   5.000070e-01   5.000206e-01   5.000488e-01   5.000091e-01
   0.000000e+00   0.000000e+00   0.000000e+00   5.758246e-01   4.844420e-01   4.999985e-01   5.000184e-01   4.999960e-01   5.000019e-01   5.000872e-01   4.999450e-01   5.000112e-01   5.000216e-01   5.000493e-01   5.000065e-01
   0.000000e+00   2.350962e-18   0.000000e+00   5.000171e-01   0.000000e+00   4.999979e-01   5.000183e-01   4.999960e-01   5.000026e-01   5.000869e-01   4.999718e-01   5.000098e-01   5.000192e-01   5.000485e-01   5.000045e-01
   0.000000e+00   2.678206e-01   7.048893e-01   0.000000e+00   0.000000e+00   5.000007e-01   5.000199e-01   4.999948e-01   5.000019e-01   5.000870e-01   4.999724e-01   5.000120e-01   5.000233e-01   5.000486e-01   5.000051e-01
   7.954788e-01   2.615109e-10   4.300339e-16   0.000000e+00   0.000000e+00   4.999988e-01   5.000158e-01   4.999959e-01   5.000023e-01   5.000871e-01   4.999714e-01   5.000078e-01   5.000199e-01   5.000487e-01   5.000051e-01
   2.712241e-01   1.284185e-10   0.000000e+00   0.000000e+00   7.050464e-01   5.000002e-01   5.001302e-01   4.999939e-01   5.000113e-01   5.000864e-01   4.999732e-01   5.000084e-01   5.000249e-01   5.000534e-01   4.999824e-01
   5.392680e-10   0.000000e+00   2.764455e-14   0.000000e+00   5.001072e-01   4.999998e-01   5.000172e-01   4.999960e-01   5.000022e-01   5.000832e-01   4.999725e-01   5.000121e-01   5.000193e-01   5.000488e-01   5.000045e-01
   1.009158e-09   4.999540e-01   0.000000e+00   0.000000e+00   1.000000e+00   5.000000e-01   5.000171e-01   4.999962e-01   5.000030e-01   5.000868e-01   4.999718e-01   5.000094e-01   5.000199e-01   5.000486e-01   5.000050e-01
   2.669468e-01   3.060552e-09   2.973281e-01   0.000000e+00   1.000000e+00   4.999739e-01   5.000583e-01   4.999960e-01   5.000026e-01   5.000857e-01   4.999666e-01   5.000088e-01   5.000465e-01   5.000634e-01   4.999870e-01
   4.999768e-01   0.000000e+00   1.000000e+00   5.000796e-01   1.000000e+00   4.999987e-01   5.000193e-01   4.999961e-01   5.000022e-01   5.000867e-01   4.999722e-01   5.000115e-01   5.000212e-01   5.000485e-01   5.000058e-01
   0.000000e+00   7.956846e-01   0.000000e+00   0.000000e+00   0.000000e+00   4.999974e-01   5.000156e-01   4.999960e-01   5.000028e-01   5.000860e-01   4.999720e-01   5.000082e-01   5.000199e-01   5.000486e-01   5.000041e-01
   2.567445e-02   6.684126e-02   6.169403e-02   8.713051e-01   5.399890e-01   4.999977e-01   5.000174e-01   5.000040e-01   5.000033e-01   5.000879e-01   4.999721e-01   5.000066e-01   5.000192e-01   5.000530e-01   5.000070e-01
   2.927891e-08   0.000000e+00   6.864509e-13   0.000000e+00   7.951996e-01   4.999988e-01   5.000158e-01   4.999960e-01   5.000021e-01   5.000860e-01   4.999722e-01   5.000078e-01   5.000199e-01   5.000486e-01   5.000074e-01
   2.674575e-01   2.950127e-01   0.000000e+00   1.000000e+00   8.118172e-01   5.000033e-01   5.000201e-01   4.999938e-01   5.000093e-01   5.000860e-01   4.999723e-01   5.000108e-01   5.000210e-01   5.000489e-01   5.000073e-01
   3.540368e-08   0.000000e+00   1.454392e-14   2.048552e-01   1.000000e+00   5.000000e-01   5.000169e-01   4.999935e-01   5.000023e-01   5.000867e-01   4.999723e-01   5.000080e-01   5.000209e-01   5.000485e-01   5.000049e-01
   2.048018e-01   1.474436e-10   1.000000e+00   0.000000e+00   8.557648e-01   4.999994e-01   5.000154e-01   4.999959e-01   5.000019e-01   5.000867e-01   4.999718e-01   5.000080e-01   5.000209e-01   5.000485e-01   5.000046e-01
   6.068216e-01   0.000000e+00   5.008623e-01   0.000000e+00   1.000000e+00   4.999973e-01   5.000158e-01   4.999961e-01   5.000028e-01   5.000872e-01   4.999721e-01   5.000097e-01   5.000211e-01   5.000490e-01   5.000088e-01
   0.000000e+00   2.675573e-01   7.048893e-01   1.000000e+00   7.653895e-02   4.999984e-01   5.000152e-01   4.999963e-01   5.000021e-01   5.000868e-01   4.999712e-01   5.000095e-01   5.000232e-01   5.000492e-01   5.000074e-01
   2.376859e-08   2.047195e-01   0.000000e+00   1.000000e+00   0.000000e+00   4.999993e-01   5.000155e-01   4.999960e-01   5.000027e-01   5.000867e-01   4.999718e-01   5.000085e-01   5.000199e-01   5.000484e-01   5.000043e-01
   2.673794e-01   0.000000e+00   2.975362e-01   0.000000e+00   0.000000e+00   4.999996e-01   5.000193e-01   4.999935e-01   5.000030e-01   5.000867e-01   4.999715e-01   5.000214e-01   5.000208e-01   5.000526e-01   5.000068e-01
   0.000000e+00   0.000000e+00   4.999882e-01   1.000000e+00   9.965710e-01   5.000009e-01   5.000157e-01   4.999961e-01   5.000026e-01   5.000867e-01   4.999720e-01   5.000093e-01   5.000209e-01   5.000483e-01   5.000049e-01
   2.675513e-01   7.037512e-01   0.000000e+00   1.000000e+00   8.333213e-01   4.999996e-01   5.000179e-01   4.999962e-01   5.000093e-01   5.000868e-01   4.999716e-01   5.000096e-01   5.000193e-01   5.000533e-01   5.000073e-01
   0.000000e+00   0.000000e+00   6.099589e-01   0.000000e+00   5.001072e-01   4.999999e-01   5.000171e-01   4.999941e-01   5.000027e-01   5.000830e-01   4.999725e-01   5.000122e-01   5.000199e-01   5.000488e-01   5.000050e-01
   5.000014e-01   1.000000e+00   3.290039e-13   0.000000e+00   2.104527e-01   4.999986e-01   5.000199e-01   4.999964e-01   5.000022e-01   5.000867e-01   4.999715e-01   5.000096e-01   5.000202e-01   5.000485e-01   5.000041e-01
   0.000000e+00   9.201852e-08   2.685367e-01   2.947633e-01   1.000000e+00   5.000007e-01   5.000170e-01   4.999961e-01   5.000074e-01   5.000867e-01   4.999711e-01   5.000084e-01   5.000212e-01   5.000526e-01   5.000051e-01
   1.529156e-11   9.277712e-08   6.090891e-01   4.989272e-01   0.000000e+00   4.999983e-01   5.000173e-01   4.999961e-01   5.000025e-01   5.000866e-01   4.999534e-01   5.000080e-01   5.000200e-01   5.000487e-01   5.000046e-01
   2.677136e-01   7.046374e-01   1.636881e-12   0.000000e+00   1.000000e+00   5.000000e-01   5.000175e-01   4.999960e-01   5.000093e-01   5.000872e-01   4.999717e-01   5.000102e-01   5.000212e-01   5.000530e-01   5.000074e-01
   3.022319e-01   4.390138e-01   4.748281e-01   0.000000e+00   1.000000e+00   4.999983e-01   5.000158e-01   4.999966e-01   5.000076e-01   5.000860e-01   4.999721e-01   5.000122e-01   5.000208e-01   5.000487e-01   5.000065e-01
   0.000000e+00   1.190401e-14   6.075730e-01   5.000171e-01   1.000000e+00   5.000108e-01   5.000157e-01   5.000034e-01   5.000082e-01   5.000872e-01   4.999719e-01   5.000098e-01   5.000206e-01   5.000487e-01   4.999899e-01
   0.000000e+00   6.742680e-09   0.000000e+00   0.000000e+00   1.000000e+00   4.999985e-01   5.000160e-01   4.999962e-01   5.000022e-01   5.000867e-01   4.999711e-01   5.000080e-01   5.000209e-01   5.000486e-01   5.000037e-01
   2.048425e-01   1.000000e+00   0.000000e+00   1.863587e-03   9.978450e-01   5.000001e-01   5.000152e-01   4.999961e-01   5.000021e-01   5.000870e-01   4.999731e-01   5.000112e-01   5.000199e-01   5.000486e-01   5.000074e-01
   2.927891e-08   0.000000e+00   6.864509e-13   7.068092e-01   8.092414e-01   4.999980e-01   5.000157e-01   4.999960e-01   5.000021e-01   5.000860e-01   4.999722e-01   5.000111e-01   5.000208e-01   5.000483e-01   5.000074e-01
   3.761017e-08   5.000404e-01   1.000000e+00   9.117392e-01   1.000000e+00   5.000033e-01   5.000177e-01   4.999935e-01   5.000028e-01   5.000870e-01   4.999720e-01   5.000068e-01   5.000206e-01   5.000488e-01   5.000045e-01
   8.404155e-02   8.277663e-01   3.767622e-01   2.322299e-01   4.524641e-01   5.000001e-01   5.000158e-01   4.999962e-01   5.000023e-01   5.000871e-01   4.999586e-01   5.000097e-01   5.000226e-01   5.000530e-01   5.000088e-01
