   2.802830e-01   2.474840e-03   1.028616e-01   4.790981e-02   6.335640e-01   7.377549e-01   8.767549e-02   2.085990e-01
   2.175067e-01   1.697541e-01   8.666399e-02   1.374524e-01   5.435046e-01   1.169478e-01   8.022381e-01   1.366695e-02
   1.228178e-02   7.582361e-02   1.279329e-01   7.101953e-01   6.166445e-02   5.668160e-02   4.570028e-02   7.014346e-01
   6.491078e-01   1.330675e-02   2.346463e-01   1.651808e-01   7.190592e-02   7.497733e-01   9.053775e-02   3.895545e-02
   1.854342e-01   1.526649e-01   6.555642e-01   8.910112e-02   6.999065e-01   1.797418e-02   8.708345e-02   1.734650e-01
   1.412861e-02   6.117109e-01   0.000000e+00   3.197179e-04   0.000000e+00   4.731482e-08   6.031373e-01   5.980746e-01
   1.721127e-01   6.195743e-01   7.229786e-01   1.138686e-01   8.149265e-02   1.247272e-01   8.153055e-02   1.746461e-01
   4.487036e-01   0.000000e+00   0.000000e+00   0.000000e+00   0.000000e+00   3.414476e-06   0.000000e+00   8.940283e-01
   5.744184e-01   6.698829e-03   0.000000e+00   5.890880e-01   5.833633e-01   4.791239e-07   0.000000e+00   2.525742e-03
   6.802129e-01   0.000000e+00   0.000000e+00   6.957127e-01   1.232037e-01   6.809182e-02   8.164427e-02   1.773807e-01
   7.446721e-01   7.360885e-02   0.000000e+00   7.178670e-02   4.344522e-02   7.096860e-02   4.731479e-02   7.248438e-01
   1.502992e-01   1.443170e-01   9.531489e-02   1.276772e-01   1.268864e-01   9.452873e-01   1.243705e-01   1.050971e-01
   5.825252e-02   7.827520e-02   2.022007e-01   5.937779e-01   1.260988e-01   7.887268e-01   1.055023e-01   1.105020e-01
   9.982127e-02   9.938213e-02   6.776076e-02   9.346556e-02   8.668114e-02   0.000000e+00   9.869705e-01   1.418157e-01
   2.190530e-33   3.577407e-17   0.000000e+00   5.842350e-01   5.832554e-01   3.831978e-07   0.000000e+00   5.838029e-01
   1.580311e-17   0.000000e+00   1.848604e-17   1.278393e-17   4.487083e-01   3.461601e-06   0.000000e+00   8.940378e-01
   3.719705e-19   3.560074e-17   1.624769e-18   1.017852e-18   5.822784e-01   0.000000e+00   5.784882e-01   5.780186e-01
   6.082389e-02   5.019113e-02   8.598657e-02   6.955525e-01   6.770115e-01   1.247239e-01   8.152841e-02   1.740979e-01
   6.340070e-02   4.875428e-02   8.651406e-02   6.785733e-01   7.776653e-02   8.748774e-02   7.021956e-01   1.638018e-01
   3.568495e-17   5.827795e-01   9.276459e-04   5.877631e-01   5.041447e-04   4.339894e-09   0.000000e+00   5.866396e-01
   9.190763e-02   6.910283e-01   1.008094e-01   6.943561e-01   6.458008e-02   7.841418e-02   7.330860e-02   1.202057e-01
   3.593297e-17   7.266756e-19   4.333902e-21   5.869500e-01   1.760110e-04   5.899253e-01   0.000000e+00   5.856710e-01
   3.554634e-17   5.805158e-01   8.199982e-04   8.933081e-07   2.233497e-05   5.800790e-01   0.000000e+00   5.736091e-01
   7.025838e-01   6.812615e-01   1.440733e-01   7.191574e-02   6.710374e-02   1.734823e-03   1.240706e-01   1.221086e-01
   1.568089e-01   9.121363e-02   1.502014e-01   1.236262e-01   6.999197e-03   1.341130e-01   6.913108e-01   6.815965e-01
   5.822267e-01   0.000000e+00   0.000000e+00   0.000000e+00   0.000000e+00   3.464577e-07   5.812435e-01   5.765499e-01
   5.771505e-01   0.000000e+00   2.635069e-05   5.796553e-01   6.195923e-06   2.436648e-06   0.000000e+00   5.802751e-01
   7.034947e-01   1.173700e-01   1.192265e-01   7.263454e-02   6.781375e-01   3.284727e-02   1.231690e-01   1.039847e-01
   3.562609e-17   5.818183e-01   5.808670e-01   0.000000e+00   0.000000e+00   1.578189e-08   3.912801e-08   5.762023e-01
   5.803053e-01   5.835151e-01   8.328302e-06   5.749895e-01   1.171457e-06   0.000000e+00   6.370301e-09   0.000000e+00
   1.421526e-01   1.536231e-01   2.548275e-02   6.925555e-02   1.232825e-01   7.660982e-01   5.787199e-01   2.284803e-01
   2.635924e-06   2.076382e-07   1.719432e-03   5.789101e-01   5.786918e-01   5.768780e-01   0.000000e+00   0.000000e+00
   3.538502e-17   5.778812e-01   0.000000e+00   0.000000e+00   5.776608e-01   5.801747e-01   6.850208e-07   4.736069e-07
   5.850124e-01   0.000000e+00   5.837294e-01   0.000000e+00   5.802601e-01   1.397679e-05   0.000000e+00   4.080937e-07
   2.029572e-19   2.741954e-17   4.478074e-01   0.000000e+00   0.000000e+00   8.951575e-01   0.000000e+00   3.352808e-10
   2.259577e-19   2.649420e-20   3.572877e-17   5.835069e-01   5.845777e-01   2.390213e-07   5.900881e-01   0.000000e+00
   4.300484e-02   2.613695e-04   6.825225e-01   7.032194e-01   1.237485e-01   6.864291e-02   8.230505e-02   1.462628e-01
   5.481225e-17   0.000000e+00   8.951520e-01   0.000000e+00   0.000000e+00   6.809949e-06   9.734825e-07   4.470039e-01
   3.538058e-17   5.778088e-01   0.000000e+00   5.776718e-01   1.104264e-06   5.782694e-01   0.000000e+00   0.000000e+00
   8.220366e-02   2.012275e-01   1.711293e-02   2.131934e-01   7.068915e-01   0.000000e+00   0.000000e+00   7.021452e-01
   4.484040e-01   0.000000e+00   8.951861e-01   2.136971e-11   0.000000e+00   3.421777e-06   1.452316e-10   1.831980e-06
   4.473488e-01   0.000000e+00   0.000000e+00   8.955279e-01   0.000000e+00   7.408388e-06   1.918831e-06   0.000000e+00
   5.846349e-01   0.000000e+00   0.000000e+00   0.000000e+00   5.836685e-01   0.000000e+00   0.000000e+00   5.842079e-01
   5.922963e-01   0.000000e+00   0.000000e+00   0.000000e+00   6.007950e-01   5.856098e-08   6.057701e-01   1.115198e-05
   1.236654e-17   0.000000e+00   3.572089e-19   0.000000e+00   2.437576e-17   2.449825e-19   4.464426e-01   8.957116e-01
   1.075652e-18   2.742494e-17   4.482276e-01   8.952673e-01   0.000000e+00   5.924698e-07   6.086894e-07   0.000000e+00
   1.009962e-01   6.870972e-01   9.074605e-02   6.894069e-02   7.026055e-01   1.848683e-02   1.221821e-01   1.270745e-01
   5.490727e-17   8.967038e-01   0.000000e+00   4.461044e-01   0.000000e+00   2.022927e-10   0.000000e+00   0.000000e+00
   3.570102e-17   5.830420e-01   0.000000e+00   0.000000e+00   5.820783e-01   8.769320e-10   0.000000e+00   5.826161e-01
   1.693243e-04   1.129864e-05   5.785835e-01   7.542740e-09   0.000000e+00   5.835745e-01   4.388372e-04   5.786017e-01
   4.476043e-01   0.000000e+00   0.000000e+00   2.752410e-07   0.000000e+00   0.000000e+00   8.949829e-01   7.819948e-07
   1.376272e-01   1.184079e-01   8.142683e-02   1.119634e-01   1.155911e-01   3.119526e-03   7.887672e-02   9.660007e-01
   5.486975e-17   8.960910e-01   0.000000e+00   0.000000e+00   0.000000e+00   1.596329e-06   4.465672e-01   1.044239e-06
   2.740547e-17   4.475652e-01   0.000000e+00   0.000000e+00   0.000000e+00   0.000000e+00   8.949047e-01   1.030944e-06
   9.510516e-01   8.725829e-02   1.187351e-01   1.453004e-01   3.815239e-02   1.809553e-01   1.228540e-01   1.108938e-01
   1.108650e-01   7.195857e-02   5.927859e-02   8.150920e-02   8.415015e-02   6.830023e-01   2.181914e-01   6.749761e-01
   1.345486e-01   9.652171e-01   1.211599e-01   1.030362e-01   3.598134e-02   1.827207e-02   1.225499e-01   1.113102e-01
   6.667971e-01   1.081710e-01   7.225094e-01   1.427097e-01   9.979019e-02   1.700495e-01   1.489473e-04   1.220761e-09
   8.951218e-01   0.000000e+00   0.000000e+00   5.404673e-10   0.000000e+00   6.811448e-06   0.000000e+00   4.469888e-01
   5.817010e-01   0.000000e+00   5.613119e-01   5.897977e-01   0.000000e+00   9.054691e-05   9.065292e-09   0.000000e+00
   2.897450e-03   5.836999e-01   0.000000e+00   0.000000e+00   0.000000e+00   5.831665e-01   5.848052e-01   4.744519e-07
   1.328834e-03   5.760257e-01   5.802812e-01   1.717144e-06   7.428611e-07   5.773769e-01   0.000000e+00   6.818143e-10
   3.159882e-04   5.820101e-01   0.000000e+00   5.767353e-01   0.000000e+00   4.183690e-08   5.772583e-01   9.223503e-07
   1.068363e-01   6.865729e-01   8.789429e-02   7.598058e-02   0.000000e+00   7.028727e-01   1.239739e-01   9.676422e-02
   5.848810e-01   0.000000e+00   0.000000e+00   5.904035e-01   0.000000e+00   5.861881e-01   0.000000e+00   1.095639e-06
   1.287945e-03   3.030577e-05   0.000000e+00   4.408370e-01   9.060789e-01   1.598742e-07   3.660233e-09   8.871740e-07
   9.143986e-19   1.822232e-17   5.340645e-19   0.000000e+00   3.043585e-17   5.795901e-01   5.786078e-01   5.776531e-01
   8.955451e-01   0.000000e+00   0.000000e+00   4.455280e-01   0.000000e+00   3.731853e-10   1.141436e-06   0.000000e+00
   3.526819e-17   3.416968e-18   5.786702e-01   0.000000e+00   0.000000e+00   0.000000e+00   5.776931e-01   5.767334e-01
   1.243490e-03   5.840526e-01   5.748449e-01   0.000000e+00   0.000000e+00   0.000000e+00   5.774033e-01   0.000000e+00
   5.765272e-01   5.799083e-01   5.804190e-01   0.000000e+00   0.000000e+00   1.839861e-08   1.081611e-06   0.000000e+00
   4.418389e-01   0.000000e+00   0.000000e+00   0.000000e+00   8.975546e-01   0.000000e+00   6.919036e-08   0.000000e+00
   3.556230e-02   1.028508e-01   6.942466e-01   1.013784e-01   6.298937e-03   2.760534e-02   6.963888e-01   1.475397e-01
   5.771958e-01   0.000000e+00   0.000000e+00   0.000000e+00   5.765584e-01   5.800680e-01   2.865945e-07   0.000000e+00
   3.527457e-17   4.157665e-19   5.761174e-01   5.802870e-01   5.806882e-01   0.000000e+00   1.066571e-04   6.687527e-07
   1.607577e-18   3.552513e-17   5.807631e-01   5.823943e-01   0.000000e+00   1.090067e-07   0.000000e+00   5.810808e-01
   3.561193e-18   3.457025e-17   0.000000e+00   7.447079e-18   5.804471e-01   5.740916e-01   5.806734e-01   8.687947e-03
   5.343044e-17   9.663860e-18   1.114664e-17   9.052354e-01   4.306836e-01   1.989971e-07   1.187060e-10   1.361198e-08
   5.863755e-01   0.000000e+00   5.577427e-01   0.000000e+00   4.338309e-09   1.412204e-04   5.985223e-01   8.394404e-05
   5.782455e-01   5.741948e-01   0.000000e+00   0.000000e+00   0.000000e+00   5.803227e-01   0.000000e+00   0.000000e+00
   5.445783e-17   6.172394e-18   8.950583e-01   0.000000e+00   0.000000e+00   0.000000e+00   4.462860e-01   7.068213e-07
   5.832730e-01   0.000000e+00   5.849694e-03   5.779346e-01   6.242177e-06   0.000000e+00   5.786500e-01   1.076162e-06
   1.226807e-35   1.667376e-33   2.723105e-17   5.475249e-17   2.637420e-18   2.212534e-18   1.000242e+00   1.030423e-06
   5.877596e-01   9.604136e-03   0.000000e+00   0.000000e+00   0.000000e+00   5.854928e-01   5.881723e-01   0.000000e+00
   3.999959e-19   0.000000e+00   5.479094e-17   0.000000e+00   7.570752e-19   0.000000e+00   8.949133e-01   4.474167e-01
   6.129846e-17   0.000000e+00   0.000000e+00   1.001080e+00   0.000000e+00   1.984263e-08   1.098605e-06   1.019888e-06
   3.796967e-02   2.344121e-01   6.761268e-01   4.582764e-02   1.085694e-01   5.652715e-02   6.930750e-02   7.020096e-01
   3.569439e-17   5.829336e-01   4.333769e-04   0.000000e+00   5.820247e-01   0.000000e+00   5.755766e-01   4.646410e-05
   3.630544e-33   5.929129e-17   1.567393e-17   0.000000e+00   1.001563e+00   8.450597e-07   1.074308e-06   1.011124e-06
   2.747454e-17   1.049654e-19   4.486966e-01   0.000000e+00   0.000000e+00   3.316358e-06   4.450511e-07   8.940144e-01
   2.257144e-01   6.482245e-01   1.026158e-01   1.001235e-01   9.708472e-03   3.542070e-02   7.142828e-01   1.108232e-01
   2.054419e-49   3.355120e-33   5.479327e-17   8.948421e-01   0.000000e+00   6.333538e-06   9.764627e-07   4.468491e-01
   1.677336e-33   2.358647e-36   2.739301e-17   4.473618e-01   0.000000e+00   2.907033e-06   8.944978e-01   0.000000e+00
   4.013355e-19   5.489383e-17   8.965082e-01   0.000000e+00   4.491385e-01   1.893784e-07   0.000000e+00   2.530153e-06
   1.490777e-02   1.065817e-01   6.877863e-01   7.552304e-02   2.463709e-02   6.990725e-01   1.233036e-01   9.624104e-02
   2.753640e-17   4.497035e-01   0.000000e+00   0.000000e+00   0.000000e+00   0.000000e+00   0.000000e+00   8.960208e-01
   7.066435e-01   0.000000e+00   1.016924e-01   1.874495e-01   5.396793e-02   0.000000e+00   6.662193e-01   1.128936e-01
   8.953231e-01   0.000000e+00   0.000000e+00   5.414040e-07   0.000000e+00   1.525509e-06   4.467225e-01   7.945781e-07
   4.463773e-20   2.705905e-18   4.419679e-02   2.176699e-02   9.693496e-01   1.383202e-01   8.581687e-02   1.925153e-01
   4.431576e-18   5.468970e-17   0.000000e+00   8.960781e-01   0.000000e+00   4.475579e-01   0.000000e+00   2.723542e-06
   9.502929e-19   1.121519e-19   4.889653e-17   2.473172e-17   8.950121e-01   0.000000e+00   4.473498e-01   0.000000e+00
   5.290142e-06   4.460434e-01   0.000000e+00   8.953789e-01   6.842459e-07   7.857892e-06   7.989176e-12   0.000000e+00
   2.362883e-17   7.585275e-19   7.331667e-20   1.467952e-17   4.544637e-01   1.470576e-07   9.088113e-01   7.924538e-07
   2.743822e-17   4.481001e-01   8.945794e-01   3.703017e-09   0.000000e+00   0.000000e+00   6.515974e-07   0.000000e+00
   5.917686e-01   5.611931e-01   1.248880e-03   6.650807e-02   0.000000e+00   5.734572e-03   0.000000e+00   5.777320e-01
   2.424551e-02   1.739310e-01   9.639799e-01   8.516506e-02   1.023921e-01   1.837558e-02   1.226440e-01   1.523983e-01
   1.684074e-33   2.750301e-17   4.491583e-01   6.912484e-11   8.940711e-01   1.611107e-12   6.806471e-07   0.000000e+00
   5.608720e-01   6.470010e-01   1.191874e-02   0.000000e+00   5.936461e-01   0.000000e+00   0.000000e+00   7.983032e-08
   4.483158e-01   8.953063e-01   0.000000e+00   1.539676e-06   5.078987e-12   0.000000e+00   0.000000e+00   1.747295e-08
   9.025900e-20   6.885371e-19   5.481652e-17   0.000000e+00   8.952935e-01   6.811025e-06   9.736364e-07   4.465360e-01
   4.694777e-03   8.655633e-03   5.803824e-01   0.000000e+00   5.800390e-01   1.176362e-09   5.821154e-01   5.636448e-04
   3.359682e-33   5.486778e-17   0.000000e+00   8.960588e-01   0.000000e+00   1.608169e-06   4.467368e-01   0.000000e+00
   5.485036e-17   8.957743e-01   4.531938e-01   3.837522e-09   0.000000e+00   4.079620e-05   1.063868e-06   0.000000e+00
   3.322976e-33   3.756389e-35   5.427178e-17   7.794176e-18   2.796241e-19   8.954306e-01   4.475590e-01   1.010269e-06
   9.910634e-03   5.761006e-01   5.870846e-01   0.000000e+00   5.784842e-01   2.397627e-07   0.000000e+00   2.537503e-06
   1.099771e-01   7.889473e-01   9.903343e-02   9.248361e-02   2.944330e-02   1.462517e-02   9.424426e-02   5.843865e-01
   1.341911e-34   1.672510e-33   2.740194e-17   4.475077e-01   0.000000e+00   8.945584e-01   0.000000e+00   3.975480e-07
   5.494765e-17   8.973632e-01   0.000000e+00   0.000000e+00   0.000000e+00   6.086824e-06   0.000000e+00   4.481081e-01
   8.970928e-01   0.000000e+00   4.520892e-01   1.582084e-10   0.000000e+00   6.840178e-07   2.039614e-06   2.466035e-06
   2.909748e-50   4.751979e-34   7.760571e-18   6.075851e-17   5.668542e-19   1.000366e+00   8.956181e-09   1.005301e-06
   2.493295e-22   2.459373e-23   1.629240e-19   5.488642e-17   8.963671e-01   4.456200e-01   0.000000e+00   0.000000e+00
   6.104853e-17   0.000000e+00   1.337305e-18   0.000000e+00   0.000000e+00   0.000000e+00   4.658211e-18   1.000135e+00
   3.535265e-17   0.000000e+00   5.773526e-01   5.795869e-01   0.000000e+00   6.761523e-07   5.765035e-01   0.000000e+00
   4.477248e-01   0.000000e+00   0.000000e+00   0.000000e+00   0.000000e+00   8.947583e-01   1.032495e-04   1.042358e-06
   3.586979e-17   5.857981e-01   0.000000e+00   6.007174e-01   5.948797e-01   1.807168e-06   0.000000e+00   2.575603e-03
   3.608367e-17   0.000000e+00   5.371945e-18   0.000000e+00   5.957857e-01   5.957176e-01   5.840666e-08   5.925379e-01
   2.624185e-19   3.545277e-17   5.790035e-01   0.000000e+00   0.000000e+00   5.784673e-01   5.750461e-01   0.000000e+00
   8.945077e-01   4.483148e-01   0.000000e+00   0.000000e+00   0.000000e+00   1.967104e-10   1.038742e-06   2.610873e-08
   2.737244e-17   4.470259e-01   1.105309e-05   0.000000e+00   0.000000e+00   8.954438e-01   2.151864e-07   1.035554e-05
   1.031797e-01   7.062163e-02   1.237444e-01   9.588285e-01   1.049706e-01   1.290534e-01   1.895598e-06   1.626882e-01
   2.747089e-17   0.000000e+00   0.000000e+00   4.486337e-01   0.000000e+00   3.390283e-06   1.076094e-09   8.938890e-01
   6.127912e-17   1.000764e+00   0.000000e+00   0.000000e+00   0.000000e+00   0.000000e+00   0.000000e+00   1.031129e-06
   2.717859e-17   4.438601e-01   0.000000e+00   0.000000e+00   8.965372e-01   1.836392e-06   6.531359e-07   2.732525e-06
   3.576820e-17   0.000000e+00   5.841390e-01   2.047791e-03   5.764517e-01   5.791936e-01   2.032932e-06   2.459211e-06
   8.948967e-01   0.000000e+00   2.612604e-10   0.000000e+00   4.483312e-01   3.003528e-07   0.000000e+00   0.000000e+00
   4.130239e-18   5.467561e-17   8.954645e-01   0.000000e+00   0.000000e+00   4.496286e-01   1.103775e-06   9.012223e-07
   2.726776e-17   5.498389e-17   1.002312e+00   1.541264e-06   8.084119e-09   0.000000e+00   1.061758e-06   4.420665e-07
   2.741604e-17   0.000000e+00   4.477380e-01   0.000000e+00   0.000000e+00   8.637245e-07   8.952501e-01   9.925884e-07
   5.463595e-17   8.922728e-01   2.604943e-10   0.000000e+00   4.551308e-01   3.130553e-07   4.886444e-08   0.000000e+00
   1.000956e+00   0.000000e+00   0.000000e+00   0.000000e+00   0.000000e+00   3.003636e-07   0.000000e+00   0.000000e+00
   3.807527e-18   0.000000e+00   5.464074e-17   1.639113e-18   0.000000e+00   8.949153e-01   9.116035e-08   4.468855e-01
   5.813153e-01   2.231311e-05   0.000000e+00   1.648522e-06   2.388113e-10   5.815089e-01   8.702778e-07   5.753419e-01
   2.735669e-17   3.298979e-19   1.016249e-19   0.000000e+00   1.956549e-18   4.479452e-01   8.956483e-01   9.354576e-08
   5.770641e-01   0.000000e+00   5.845170e-01   0.000000e+00   0.000000e+00   5.812976e-01   9.316193e-10   0.000000e+00
   5.484543e-17   8.956939e-01   0.000000e+00   0.000000e+00   0.000000e+00   4.473661e-01   0.000000e+00   2.734733e-06
   3.519624e-17   2.781764e-20   4.455019e-18   5.793848e-01   0.000000e+00   5.770732e-01   5.817961e-01   1.109544e-06
   5.892955e-01   0.000000e+00   5.883320e-01   0.000000e+00   0.000000e+00   1.525859e-08   0.000000e+00   5.883047e-01
   1.548230e-18   1.244805e-17   2.427629e-17   3.908440e-27   4.462612e-01   8.967086e-01   0.000000e+00   2.340897e-09
   3.361259e-33   5.489353e-17   8.964794e-01   4.469920e-01   0.000000e+00   1.877509e-10   0.000000e+00   0.000000e+00
   1.838532e-22   4.439293e-21   7.962177e-19   1.276401e-17   2.424726e-17   4.476915e-01   5.133254e-07   8.946370e-01
   5.784615e-01   5.831741e-01   0.000000e+00   0.000000e+00   4.685564e-03   4.401322e-06   5.728257e-01   6.110333e-10
   3.534123e-17   1.814008e-18   5.779259e-01   0.000000e+00   5.875200e-01   0.000000e+00   0.000000e+00   5.777421e-01
   2.167665e-33   3.540065e-17   5.781365e-01   5.779994e-01   0.000000e+00   5.777124e-01   0.000000e+00   0.000000e+00
   3.538457e-17   5.778739e-01   5.859084e-01   5.706143e-01   0.000000e+00   3.619243e-06   1.915075e-06   0.000000e+00
   5.906819e-05   3.516069e-03   8.156507e-05   5.773165e-01   0.000000e+00   0.000000e+00   5.788214e-01   5.781342e-01
   8.962045e-01   0.000000e+00   0.000000e+00   0.000000e+00   0.000000e+00   4.476216e-01   0.000000e+00   0.000000e+00
