   9.886327e-01   9.957422e-01   2.606585e-01   1.000000e+00   1.973811e-01   9.945790e-01   2.601694e-01   2.016833e-05   8.660411e-01   5.813049e-01   4.925772e-01   5.179962e-01   5.090647e-01   5.040561e-01   4.890455e-01   5.042236e-01   4.901632e-01   4.974020e-01   4.983597e-01
   9.862537e-01   5.426894e-01   9.892913e-01   9.944245e-01   1.855872e-01   5.368177e-01   9.999302e-01   1.505109e-04   5.142289e-01   5.042702e-01   5.059664e-01   4.586500e-01   5.546190e-01   5.003048e-01   5.042714e-01   5.453087e-01   5.201813e-01   4.995451e-01   5.040615e-01
   9.851961e-01   4.375754e-01   9.893678e-01   9.886173e-01   2.509503e-01   9.009461e-01   9.899981e-01   2.545284e-04   9.243211e-01   5.020329e-01   5.109145e-01   5.071927e-01   5.106490e-01   4.660436e-01   4.883602e-01   5.026868e-01   5.100988e-01   4.512247e-01   5.060630e-01
   9.831625e-01   4.742179e-01   2.592589e-01   5.847726e-01   9.852081e-01   6.634872e-01   9.981299e-01   1.623609e-04   9.702947e-01   5.178862e-01   5.057502e-01   4.558975e-01   5.092170e-01   4.853418e-01   5.055993e-01   4.871864e-01   4.930862e-01   4.910304e-01   5.039754e-01
   9.019068e-01   9.953275e-01   5.174114e-01   8.140917e-01   1.316627e-01   9.930631e-01   9.728963e-01   4.600969e-04   9.999556e-01   5.123905e-01   5.543548e-01   5.353744e-01   4.539419e-01   5.089028e-01   5.084068e-01   5.116107e-01   4.889757e-01   4.960225e-01   5.092399e-01
   9.903398e-01   6.005713e-01   4.748953e-01   8.147695e-01   3.274141e-01   9.873849e-01   9.870336e-01   0.000000e+00   8.795395e-01   5.660167e-01   6.562541e-01   5.509142e-01   3.980169e-01   4.894251e-01   4.714399e-01   4.895377e-01   4.915948e-01   5.136207e-01   5.050686e-01
   8.630865e-01   3.753473e-01   9.887189e-01   8.198047e-01   2.462054e-01   9.921943e-01   7.007327e-01   1.390665e-03   9.908662e-01   4.251317e-01   5.103767e-01   5.316531e-01   4.590703e-01   5.083778e-01   4.814150e-01   5.030489e-01   4.948342e-01   4.966893e-01   5.081893e-01
   9.936054e-01   9.958489e-01   1.000000e+00   6.044218e-01   1.975090e-01   7.223941e-01   9.507183e-01   6.372523e-03   9.901150e-01   4.347368e-01   5.046266e-01   4.617940e-01   4.759148e-01   4.730432e-01   5.003131e-01   4.950857e-01   5.335116e-01   4.985361e-01   4.659609e-01
   9.926920e-01   5.210484e-01   1.863078e-01   9.858116e-01   2.464387e-01   6.826336e-01   1.000000e+00   2.460444e-04   9.632993e-01   5.235571e-01   4.933698e-01   5.172717e-01   5.088324e-01   5.156500e-01   5.078697e-01   5.203724e-01   4.899592e-01   3.705066e-01   4.677799e-01
   1.482230e-01   9.935179e-01   2.793965e-01   9.817551e-01   2.221450e-01   9.937249e-01   2.105749e-01   1.231557e-03   5.353882e-01   5.422467e-01   4.862083e-01   5.259625e-01   5.045374e-01   5.126417e-01   5.094806e-01   5.209923e-01   4.984690e-01   4.711203e-01   5.081857e-01
   8.317694e-01   9.921762e-01   9.936636e-01   6.600913e-01   2.621484e-01   7.345462e-01   9.493026e-01   1.250814e-03   9.267585e-01   5.178992e-01   4.934573e-01   4.485867e-01   4.456285e-01   5.170720e-01   5.252621e-01   4.819095e-01   4.879061e-01   4.921902e-01   5.101298e-01
   0.000000e+00   9.910504e-01   9.981019e-01   6.656518e-01   9.981556e-01   8.902155e-01   9.857390e-01   4.905862e-04   5.263581e-01   5.100521e-01   5.258817e-01   5.087180e-01   4.655758e-01   5.069501e-01   5.038161e-01   4.782196e-01   4.877936e-01   5.149539e-01   4.998341e-01
   9.880797e-01   3.933688e-01   4.861878e-01   7.953262e-01   1.000000e+00   9.237555e-01   3.798952e-01   3.636915e-04   1.000000e+00   5.214872e-01   3.172473e-01   5.231030e-01   4.758926e-01   4.872428e-01   4.441266e-01   4.792247e-01   4.773440e-01   4.942889e-01   5.087113e-01
   8.768901e-01   9.824111e-01   9.977284e-01   9.953717e-01   9.725390e-01   6.651657e-01   9.386246e-01   2.635031e-04   9.371529e-01   5.051642e-01   4.932269e-01   5.163210e-01   4.519057e-01   5.083205e-01   4.942735e-01   4.927611e-01   4.885283e-01   5.142894e-01   4.068381e-01
   9.799769e-01   9.969585e-01   9.895371e-01   5.874114e-01   2.521186e-01   7.306739e-01   9.902686e-01   4.783363e-04   9.896763e-01   5.130457e-01   4.930989e-01   4.595023e-01   5.205029e-01   4.925894e-01   4.947585e-01   4.823021e-01   4.858499e-01   4.915037e-01   5.157834e-01
   9.890206e-01   4.994959e-01   4.744143e-01   9.888208e-01   1.832459e-01   5.528745e-01   9.849821e-01   5.731030e-06   9.581634e-01   5.204669e-01   4.967459e-01   4.873826e-01   5.143514e-01   4.716322e-01   5.038255e-01   4.874665e-01   4.877374e-01   4.987977e-01   5.049721e-01
   8.659043e-01   9.627805e-01   3.044124e-01   9.918165e-01   9.882645e-01   9.067705e-01   9.900358e-01   1.342029e-04   9.877401e-01   3.798856e-01   4.045279e-01   5.228456e-01   4.783957e-01   4.982111e-01   5.125437e-01   4.803725e-01   4.518993e-01   4.982255e-01   5.040601e-01
   9.965117e-01   5.865008e-01   2.838852e-01   1.000000e+00   4.369695e-01   7.483093e-01   9.916868e-01   2.204254e-05   5.251561e-01   5.211206e-01   4.926179e-01   5.286899e-01   5.034243e-01   4.843501e-01   5.047658e-01   4.854852e-01   4.880476e-01   5.011318e-01   5.048240e-01
   9.978384e-01   1.000000e+00   2.560474e-01   8.218395e-01   2.568085e-01   9.920828e-01   9.307238e-01   3.594161e-05   1.000000e+00   4.229052e-01   5.114800e-01   4.519038e-01   5.091440e-01   5.091287e-01   4.892929e-01   4.967563e-01   4.948664e-01   4.968595e-01   5.048250e-01
   9.006966e-01   9.911234e-01   2.496628e-01   9.877042e-01   1.766552e-01   1.000000e+00   9.993083e-01   5.124749e-05   9.936252e-01   5.047951e-01   4.870541e-01   5.348667e-01   5.119139e-01   5.109030e-01   5.113422e-01   5.043438e-01   4.882858e-01   4.913401e-01   4.787422e-01
   8.680743e-01   9.969237e-01   1.000000e+00   8.408511e-01   1.965164e-01   5.794727e-01   9.491418e-01   2.495021e-04   7.889806e-01   4.984464e-01   4.969464e-01   4.907472e-01   4.760170e-01   5.180983e-01   5.048394e-01   6.068968e-01   4.903323e-01   4.975574e-01   5.116909e-01
   9.945777e-01   4.948456e-01   4.946862e-01   9.999396e-01   1.935459e-01   9.001332e-01   9.862538e-01   7.937446e-05   1.000000e+00   5.121649e-01   4.816445e-01   5.194727e-01   5.206326e-01   5.202583e-01   4.730310e-01   4.955882e-01   5.098099e-01   3.780195e-01   5.087911e-01
   8.786450e-01   3.936403e-01   2.017333e-01   9.847546e-01   2.864752e-01   7.337103e-01   9.914811e-01   2.613310e-04   9.859877e-01   4.276797e-01   5.116490e-01   4.558630e-01   5.546559e-01   5.103294e-01   5.038750e-01   4.841267e-01   4.753276e-01   4.995737e-01   5.100651e-01
   2.536013e-01   9.556974e-01   2.657829e-01   6.806657e-01   9.962795e-01   3.886533e-01   1.000000e+00   3.300600e-04   9.892168e-01   5.027004e-01   5.266846e-01   4.864627e-01   5.028081e-01   5.074280e-01   4.889869e-01   4.896205e-01   4.915675e-01   5.007459e-01   4.981050e-01
   9.882592e-01   3.695588e-01   4.853867e-01   6.748079e-01   9.890558e-01   9.156848e-01   1.000000e+00   3.300600e-04   5.306891e-01   5.198418e-01   3.171616e-01   5.250408e-01   5.029297e-01   4.877048e-01   4.446718e-01   4.926197e-01   4.781011e-01   5.678180e-01   4.979993e-01
   9.965448e-01   4.964752e-01   2.787645e-01   8.027085e-01   1.000000e+00   5.607216e-01   9.988064e-01   9.721811e-06   9.942999e-01   5.187266e-01   4.673725e-01   3.931213e-01   5.049316e-01   5.261126e-01   4.992313e-01   5.050174e-01   4.929366e-01   5.212455e-01   4.572587e-01
   8.677936e-01   1.000000e+00   4.930517e-01   8.067502e-01   1.965164e-01   5.794727e-01   1.000000e+00   1.907183e-04   9.257746e-01   4.984464e-01   4.757056e-01   5.020524e-01   4.760170e-01   5.017031e-01   4.961198e-01   4.753337e-01   4.888176e-01   4.747448e-01   5.116103e-01
   8.678798e-01   6.013650e-01   4.280457e-01   1.000000e+00   2.671864e-01   6.726301e-01   9.840420e-01   6.385881e-04   9.849309e-01   5.055653e-01   5.123855e-01   5.184492e-01   4.920187e-01   5.087683e-01   5.071059e-01   4.969970e-01   4.903529e-01   4.969398e-01   4.951267e-01
   9.881888e-01   4.990689e-01   3.463392e-01   9.952435e-01   2.512972e-01   7.084454e-01   4.225774e-01   1.421283e-03   9.438625e-01   5.053794e-01   5.252537e-01   5.270511e-01   5.053217e-01   5.074929e-01   4.702285e-01   4.874020e-01   4.899373e-01   4.956354e-01   5.088810e-01
   9.898561e-01   9.876829e-01   1.000000e+00   6.681861e-01   2.621484e-01   7.345462e-01   1.000000e+00   1.250814e-03   9.267585e-01   5.178992e-01   4.938002e-01   4.458743e-01   5.107565e-01   5.153655e-01   4.824430e-01   4.974149e-01   4.879061e-01   4.921902e-01   4.650159e-01
   9.867699e-01   3.506116e-01   4.934164e-01   5.851772e-01   1.929894e-01   7.505050e-01   9.495501e-01   3.179746e-02   5.025119e-01   5.122563e-01   4.970120e-01   4.095777e-01   5.527836e-01   4.017643e-01   5.077784e-01   5.374366e-01   4.909625e-01   3.974195e-01   4.608304e-01
   9.877456e-01   9.919382e-01   9.969060e-01   9.372752e-01   2.707118e-01   5.480475e-01   1.000000e+00   4.744763e-04   1.000000e+00   5.176340e-01   4.788969e-01   5.267080e-01   5.062789e-01   5.235995e-01   5.062906e-01   4.823600e-01   4.761589e-01   4.969310e-01   5.024451e-01
   9.902858e-01   9.967723e-01   2.561504e-01   9.999731e-01   2.080988e-01   5.307216e-01   4.966130e-01   4.796505e-04   9.992733e-01   4.347320e-01   6.930762e-01   5.145552e-01   5.094754e-01   4.858848e-01   4.688868e-01   4.791089e-01   4.037689e-01   4.919412e-01   5.022475e-01
   5.244086e-02   5.323505e-01   9.967898e-01   5.930661e-01   2.314768e-01   7.359443e-01   1.000000e+00   1.731904e-04   1.000000e+00   5.104111e-01   5.181272e-01   5.121805e-01   5.360006e-01   5.003470e-01   5.037886e-01   4.834479e-01   4.890689e-01   4.961037e-01   5.044857e-01
   9.505492e-01   9.937366e-01   2.657829e-01   5.978162e-01   9.962795e-01   5.354444e-01   1.000000e+00   1.195836e-05   9.892168e-01   5.027004e-01   5.266846e-01   4.937080e-01   5.028081e-01   5.007557e-01   4.401838e-01   4.886527e-01   4.912675e-01   5.007459e-01   5.039534e-01
   8.551465e-01   9.866464e-01   5.016627e-01   9.935645e-01   9.478444e-01   5.700740e-01   9.692400e-01   2.211612e-06   9.495346e-01   4.786312e-01   3.722091e-01   4.950749e-01   4.617496e-01   4.868143e-01   5.236068e-01   4.601440e-01   4.890302e-01   4.961960e-01   5.118542e-01
   9.879730e-01   3.162711e-01   1.000000e+00   5.987652e-01   2.518662e-01   3.900660e-01   9.388477e-01   6.123741e-04   1.000000e+00   5.355379e-01   4.967922e-01   6.342216e-01   4.942924e-01   5.289155e-01   5.037938e-01   5.024132e-01   4.855421e-01   4.964393e-01   4.965547e-01
   8.660414e-01   5.684312e-01   3.293759e-01   8.537750e-01   1.000000e+00   8.789591e-01   9.541498e-01   7.513104e-05   9.991058e-01   5.245993e-01   4.907232e-01   4.920636e-01   4.955160e-01   5.043149e-01   5.031834e-01   4.882099e-01   4.883996e-01   4.625715e-01   5.110319e-01
   9.870413e-01   2.800686e-01   3.565454e-01   8.559739e-01   2.508580e-01   7.233540e-01   9.864189e-01   3.340071e-02   9.858402e-01   5.244689e-01   4.689800e-01   5.285487e-01   4.632170e-01   4.967351e-01   4.701650e-01   5.020162e-01   4.877658e-01   3.997475e-01   5.101098e-01
   8.684798e-01   5.551448e-01   4.819909e-01   6.656453e-01   9.876746e-01   5.812094e-01   2.390403e-01   1.372848e-04   9.172851e-01   5.043201e-01   5.261936e-01   5.611341e-01   4.945462e-01   5.080692e-01   5.038689e-01   4.818387e-01   4.767307e-01   4.975786e-01   4.983848e-01
   8.463926e-01   9.868521e-01   2.297038e-01   9.846092e-01   1.000000e+00   9.961084e-01   9.783108e-01   2.674039e-04   9.658903e-01   5.649866e-01   4.930736e-01   5.192174e-01   4.945235e-01   5.083631e-01   5.020814e-01   4.821013e-01   4.855944e-01   4.994587e-01   5.088693e-01
   8.677976e-01   5.850649e-01   1.000000e+00   5.903673e-01   2.400703e-01   5.337720e-01   9.999300e-01   1.940926e-05   7.914502e-01   4.607479e-01   5.057225e-01   4.610399e-01   4.747571e-01   5.009871e-01   5.042464e-01   5.004918e-01   4.912692e-01   4.976384e-01   5.119378e-01
   9.875402e-01   4.991243e-01   3.463392e-01   1.000000e+00   2.512972e-01   9.463856e-01   9.748351e-01   3.741379e-04   9.858402e-01   5.199208e-01   5.096874e-01   5.184204e-01   5.095167e-01   4.761441e-01   5.364096e-01   4.874020e-01   6.104855e-01   4.987775e-01   5.088810e-01
   3.820149e-02   5.768552e-01   9.967898e-01   5.935339e-01   1.000000e+00   7.570730e-01   9.992802e-01   1.731904e-04   5.247356e-01   6.460374e-01   5.140218e-01   5.121805e-01   5.360006e-01   4.007224e-01   5.037886e-01   4.834479e-01   4.890689e-01   4.961025e-01   5.079927e-01
   9.903753e-01   9.957422e-01   2.905678e-01   9.943274e-01   1.969163e-01   9.947959e-01   2.674883e-01   1.263419e-03   8.660411e-01   5.149860e-01   4.925772e-01   5.932411e-01   5.031197e-01   5.040561e-01   4.891030e-01   5.042236e-01   4.901431e-01   4.974020e-01   4.983597e-01
   1.933645e-01   9.579320e-01   9.892082e-01   8.217582e-01   2.394316e-01   9.094044e-01   1.000000e+00   3.035125e-04   9.633504e-01   5.025029e-01   5.085271e-01   4.373951e-01   5.093285e-01   5.256413e-01   4.728543e-01   5.052750e-01   5.012249e-01   4.987985e-01   5.056874e-01
   9.912843e-01   5.210484e-01   1.863078e-01   9.858116e-01   1.000000e+00   9.783764e-01   1.000000e+00   1.878776e-04   9.632993e-01   5.235571e-01   4.933773e-01   5.172717e-01   5.088324e-01   5.654862e-01   5.078697e-01   5.203724e-01   4.899592e-01   3.709389e-01   4.677799e-01
   0.000000e+00   3.082119e-01   2.743937e-01   5.967982e-01   9.962607e-01   5.476708e-01   4.151154e-01   7.016383e-06   9.424929e-01   5.041316e-01   5.267006e-01   4.837890e-01   4.614525e-01   4.848863e-01   4.899032e-01   4.786311e-01   4.913854e-01   6.220114e-01   4.983876e-01
   8.264998e-01   6.013650e-01   9.867325e-01   1.000000e+00   2.671864e-01   6.726301e-01   9.386663e-01   6.428524e-04   9.849309e-01   5.343522e-01   5.125592e-01   5.160192e-01   4.920187e-01   5.095224e-01   5.123720e-01   4.969970e-01   4.903547e-01   4.978618e-01   4.946530e-01
   9.008611e-01   9.953275e-01   5.096850e-01   8.140917e-01   1.000000e+00   7.148697e-01   1.000000e+00   4.600969e-04   9.999997e-01   5.123905e-01   5.543548e-01   4.941360e-01   4.586476e-01   5.089624e-01   5.081464e-01   4.885091e-01   4.888056e-01   4.974344e-01   5.041459e-01
   9.921218e-01   9.508720e-01   2.838852e-01   9.975318e-01   4.369695e-01   6.208943e-01   1.000000e+00   1.081343e-02   5.237927e-01   5.026380e-01   4.926179e-01   4.454864e-01   5.034243e-01   4.843501e-01   5.047658e-01   4.854852e-01   4.881522e-01   5.011318e-01   5.048240e-01
   9.936054e-01   9.958489e-01   4.994237e-01   6.044218e-01   1.975090e-01   7.223941e-01   9.507183e-01   6.270070e-03   9.901150e-01   5.138926e-01   5.046266e-01   5.171848e-01   4.759148e-01   4.730432e-01   5.003131e-01   4.950554e-01   5.102147e-01   3.778821e-01   5.088620e-01
   9.981477e-01   3.651631e-01   4.910352e-01   8.000487e-01   1.914587e-01   5.804057e-01   9.250461e-01   1.215178e-04   5.638023e-01   5.046071e-01   5.121202e-01   4.827260e-01   4.496031e-01   4.693201e-01   5.009195e-01   4.973397e-01   5.337510e-01   4.962769e-01   5.065844e-01
   2.350289e-01   9.829492e-01   3.248192e-01   9.963629e-01   1.113524e-01   9.945872e-01   9.362581e-01   8.642865e-03   5.153012e-01   5.459802e-01   4.936447e-01   5.338152e-01   5.126282e-01   4.982442e-01   5.011006e-01   5.373722e-01   4.899177e-01   4.976495e-01   5.281679e-01
   8.317694e-01   9.921762e-01   9.936636e-01   6.600913e-01   2.513158e-01   7.345462e-01   9.999299e-01   3.207318e-02   9.705568e-01   5.179009e-01   4.934573e-01   4.485867e-01   5.043956e-01   5.186766e-01   5.579686e-01   4.819095e-01   5.015512e-01   4.921902e-01   5.101298e-01
   9.880819e-01   5.785119e-01   3.207094e-01   5.854793e-01   1.000000e+00   9.999414e-01   9.013942e-01   1.315584e-04   4.957357e-01   5.218766e-01   5.138324e-01   4.095777e-01   4.951214e-01   4.005957e-01   5.032670e-01   5.375614e-01   4.909445e-01   4.965045e-01   5.080511e-01
   9.877377e-01   5.000494e-01   4.770457e-01   6.472720e-01   2.374279e-01   8.855747e-01   8.641994e-01   1.824815e-02   9.557640e-01   5.058349e-01   4.959852e-01   5.010272e-01   5.141296e-01   4.989294e-01   5.034532e-01   4.802934e-01   4.769463e-01   4.988167e-01   4.986975e-01
   8.549952e-01   6.149609e-01   5.013865e-01   9.861958e-01   9.957291e-01   7.251567e-01   9.750518e-01   5.794017e-06   9.498261e-01   5.245330e-01   5.138454e-01   4.879033e-01   5.149239e-01   5.075496e-01   5.346979e-01   5.094311e-01   4.880528e-01   4.972116e-01   5.022585e-01
   8.817355e-01   9.967482e-01   2.247061e-01   8.408511e-01   1.951014e-01   5.794615e-01   9.491418e-01   2.495021e-04   7.889806e-01   4.984464e-01   4.969464e-01   4.907472e-01   4.760170e-01   5.021772e-01   5.048394e-01   6.068968e-01   4.903323e-01   4.975940e-01   5.116909e-01
   4.903578e-02   3.650190e-01   9.964318e-01   8.047058e-01   1.998208e-01   8.761959e-01   8.570305e-01   1.362394e-04   8.838783e-01   5.053450e-01   5.138215e-01   4.446130e-01   4.496031e-01   4.930632e-01   5.044717e-01   5.207436e-01   4.918593e-01   4.893627e-01   4.988758e-01
   4.458635e-02   9.876744e-01   3.745473e-01   1.000000e+00   2.670632e-01   7.511111e-01   2.234659e-01   1.351437e-04   9.272445e-01   5.304731e-01   4.802432e-01   4.472231e-01   5.019816e-01   5.165020e-01   4.818749e-01   5.220094e-01   4.889707e-01   4.970080e-01   5.040813e-01
   3.208986e-01   9.645883e-01   3.162693e-01   9.963418e-01   9.905061e-01   8.939658e-01   1.000000e+00   4.651187e-04   5.440387e-01   5.202854e-01   4.946428e-01   4.841135e-01   4.944681e-01   4.815789e-01   5.491511e-01   4.821285e-01   4.904912e-01   4.708914e-01   4.968852e-01
   9.877026e-01   4.994759e-01   3.024263e-01   8.040954e-01   9.888444e-01   5.604827e-01   9.322399e-01   3.741379e-04   5.229221e-01   5.185334e-01   4.672127e-01   3.941576e-01   4.988473e-01   5.272598e-01   5.343570e-01   4.081143e-01   6.079306e-01   4.978502e-01   5.094897e-01
   8.274202e-01   5.947475e-01   9.854814e-01   1.000000e+00   2.652941e-01   5.714301e-01   1.000000e+00   3.815016e-04   9.257746e-01   5.200906e-01   4.639914e-01   4.906882e-01   4.580430e-01   5.181534e-01   4.363892e-01   4.963431e-01   4.998367e-01   4.998271e-01   4.945448e-01
   9.845098e-01   9.900915e-01   4.668169e-01   9.880947e-01   1.316149e-01   7.112307e-01   1.000000e+00   3.480124e-04   1.000000e+00   4.425437e-01   3.565809e-01   5.268504e-01   4.529563e-01   4.957958e-01   4.932993e-01   4.929072e-01   4.726351e-01   4.969283e-01   4.655286e-01
   9.008611e-01   5.347332e-01   5.096850e-01   8.140917e-01   1.706845e-01   6.714357e-01   1.000000e+00   3.034317e-04   9.999556e-01   5.123905e-01   4.946807e-01   5.363113e-01   5.104301e-01   5.089077e-01   5.081464e-01   5.094714e-01   4.889757e-01   4.961477e-01   5.082298e-01
   8.646018e-01   2.874499e-01   3.383321e-01   9.963921e-01   2.474843e-01   7.528623e-01   8.569186e-02   3.232572e-04   5.476187e-01   5.217868e-01   4.869461e-01   4.907160e-01   5.032941e-01   4.998684e-01   5.715210e-01   4.809548e-01   4.528594e-01   4.778828e-01   4.659976e-01
   7.831454e-01   5.936204e-01   9.852737e-01   8.627541e-01   1.950270e-01   6.252565e-01   9.895763e-01   2.495021e-04   7.889806e-01   4.984057e-01   4.935965e-01   4.425863e-01   4.764758e-01   5.180980e-01   5.048560e-01   6.102896e-01   4.903323e-01   4.960876e-01   5.149302e-01
   6.552425e-02   5.768552e-01   9.967898e-01   5.906288e-01   1.000000e+00   7.570730e-01   9.992802e-01   1.732071e-04   5.247356e-01   4.892813e-01   5.060781e-01   4.423572e-01   5.486686e-01   4.937991e-01   5.037886e-01   4.834479e-01   4.891576e-01   5.695310e-01   5.079927e-01
   9.006966e-01   9.938578e-01   2.496628e-01   9.877042e-01   9.828178e-01   9.026335e-01   9.993083e-01   5.124749e-05   9.940871e-01   5.047951e-01   4.870541e-01   5.348667e-01   5.119139e-01   5.064582e-01   5.113879e-01   5.043666e-01   4.882858e-01   4.913401e-01   4.787422e-01
   6.020586e-03   3.060313e-01   3.201776e-01   5.885096e-01   9.981019e-01   5.815352e-01   9.575183e-01   7.304727e-05   9.767482e-01   5.229276e-01   5.272480e-01   5.631556e-01   4.956317e-01   4.776991e-01   5.049281e-01   4.821381e-01   5.001764e-01   4.947796e-01   4.984338e-01
   8.633604e-01   5.803010e-01   4.284146e-01   9.871454e-01   2.918508e-01   9.785613e-01   9.764846e-01   6.086237e-05   9.821523e-01   5.063500e-01   5.379536e-01   5.182539e-01   4.920118e-01   4.543400e-01   5.070647e-01   5.355138e-01   4.903378e-01   4.958955e-01   5.080927e-01
   1.256902e-02   9.876829e-01   1.000000e+00   6.710012e-01   2.621484e-01   7.334579e-01   9.574615e-01   1.250814e-03   9.267585e-01   5.176925e-01   4.967211e-01   4.485867e-01   4.504720e-01   5.153655e-01   4.826888e-01   4.966861e-01   4.879061e-01   4.995942e-01   4.658266e-01
   9.002987e-01   9.953275e-01   5.096850e-01   8.140917e-01   9.848947e-01   7.148805e-01   1.000000e+00   4.600969e-04   9.999997e-01   5.124698e-01   5.561159e-01   4.941360e-01   5.023306e-01   5.089624e-01   5.081464e-01   4.983261e-01   4.888056e-01   4.971582e-01   5.041459e-01
   8.677900e-01   5.965758e-01   4.827215e-01   8.680103e-01   1.329037e-01   7.444880e-01   8.611295e-01   1.926738e-04   6.042325e-01   5.049740e-01   4.936755e-01   5.028752e-01   5.055785e-01   5.109892e-01   4.966063e-01   4.978396e-01   4.887258e-01   4.728075e-01   5.087746e-01
   9.870217e-01   9.838255e-01   5.000128e-01   9.963915e-01   1.403802e-01   5.536682e-01   9.590413e-01   3.240814e-04   5.493804e-01   5.217702e-01   3.052219e-01   5.292686e-01   5.095167e-01   3.686101e-01   5.725579e-01   4.869609e-01   4.877448e-01   4.990340e-01   4.965396e-01
   9.808490e-01   9.974122e-01   2.646548e-01   9.732247e-01   1.326512e-01   7.271651e-01   9.907798e-01   4.900573e-04   9.992076e-01   5.131096e-01   4.867838e-01   5.253782e-01   5.205029e-01   4.925894e-01   4.992069e-01   4.834345e-01   4.904802e-01   4.977673e-01   5.108032e-01
   9.845098e-01   9.900915e-01   4.668169e-01   8.557902e-01   1.300727e-01   7.111047e-01   1.000000e+00   7.265972e-05   1.000000e+00   5.284883e-01   3.563587e-01   4.921415e-01   4.529650e-01   5.044467e-01   4.932339e-01   4.929072e-01   4.881296e-01   4.570486e-01   5.081163e-01
   7.961524e-01   5.392010e-01   4.963120e-01   6.595801e-01   1.814894e-01   1.000000e+00   1.000000e+00   2.609276e-02   9.880562e-01   4.423742e-01   4.932787e-01   5.194211e-01   5.052358e-01   5.074873e-01   5.587010e-01   4.686816e-01   4.875408e-01   4.930660e-01   5.099428e-01
   8.784368e-01   5.800055e-01   3.350436e-01   8.025822e-01   2.609428e-01   5.722395e-01   9.975734e-01   2.325760e-07   9.778123e-01   5.198508e-01   5.388298e-01   4.907421e-01   5.094672e-01   3.932930e-01   5.031462e-01   5.355372e-01   4.907941e-01   4.974605e-01   5.110626e-01
   3.134331e-01   9.867448e-01   4.907602e-01   6.377901e-01   1.000000e+00   8.854963e-01   9.484973e-01   4.650876e-04   5.451526e-01   4.985767e-01   5.121912e-01   4.841135e-01   4.932540e-01   5.124023e-01   5.038593e-01   4.827794e-01   4.916886e-01   4.996255e-01   4.968852e-01
   8.684876e-01   5.973764e-01   4.931286e-01   8.067502e-01   1.969285e-01   5.794727e-01   1.000000e+00   1.380487e-04   9.163477e-01   4.984464e-01   4.757056e-01   5.593185e-01   4.942626e-01   5.017031e-01   4.959314e-01   4.753337e-01   4.888176e-01   4.747448e-01   4.988362e-01
   9.880165e-01   3.650190e-01   9.964318e-01   5.742315e-01   1.998208e-01   8.761959e-01   8.570305e-01   1.310245e-06   8.838783e-01   5.053450e-01   5.137245e-01   4.968309e-01   4.499283e-01   4.919935e-01   5.043991e-01   5.207436e-01   4.918075e-01   4.893627e-01   4.984975e-01
   8.125458e-02   3.953588e-01   4.611572e-01   8.628418e-01   2.400197e-01   7.382359e-01   8.174156e-01   1.494984e-01   9.999649e-01   5.054098e-01   4.936067e-01   4.373397e-01   5.040793e-01   5.102985e-01   5.037545e-01   5.073598e-01   4.742360e-01   4.994909e-01   4.979714e-01
   3.216658e-01   9.879992e-01   5.101260e-01   6.044479e-01   1.891276e-01   8.865930e-01   1.000000e+00   1.287286e-03   5.259671e-01   5.024386e-01   4.934846e-01   4.850571e-01   4.919774e-01   5.064325e-01   5.498660e-01   4.818379e-01   4.767519e-01   4.928935e-01   4.983275e-01
   2.567492e-02   5.988032e-01   9.792085e-01   8.403447e-01   2.125573e-01   9.960227e-01   9.057837e-01   5.113308e-04   9.914345e-01   5.037069e-01   4.994876e-01   5.033948e-01   5.056487e-01   5.376582e-01   4.714399e-01   5.021742e-01   4.881383e-01   5.014090e-01   5.074587e-01
   8.656470e-01   2.787105e-01   3.027330e-01   9.963911e-01   1.000000e+00   7.063235e-01   9.520644e-01   1.612968e-01   1.000000e+00   5.430203e-01   5.241649e-01   4.893133e-01   5.124473e-01   4.982335e-01   5.011821e-01   4.870840e-01   4.495358e-01   5.020759e-01   5.117152e-01
   8.856748e-01   5.551448e-01   4.819970e-01   8.697297e-01   9.864167e-01   8.764140e-01   4.345760e-01   1.222626e-02   1.000000e+00   5.043484e-01   5.264587e-01   5.157534e-01   4.877344e-01   5.403041e-01   5.038689e-01   4.319940e-01   4.769272e-01   4.747838e-01   4.982341e-01
   4.458635e-02   9.972024e-01   3.745473e-01   1.000000e+00   2.670632e-01   5.710703e-01   2.477677e-01   1.351437e-04   9.272445e-01   5.306966e-01   4.802432e-01   4.625217e-01   5.025310e-01   5.165020e-01   5.046172e-01   6.285063e-01   4.889707e-01   4.976214e-01   5.118120e-01
   8.636663e-01   5.550174e-01   3.227000e-01   9.854947e-01   9.896456e-01   5.706788e-01   1.000000e+00   3.402111e-04   9.932029e-01   5.120032e-01   5.110445e-01   5.193960e-01   4.746923e-01   5.091263e-01   4.964995e-01   4.942456e-01   4.158769e-01   4.969680e-01   6.211853e-01
   9.858247e-01   5.000114e-01   4.555083e-01   8.397294e-01   2.358428e-01   6.613762e-01   9.322399e-01   3.741379e-04   5.365847e-01   5.185334e-01   4.672330e-01   5.047309e-01   4.986872e-01   4.995798e-01   4.687404e-01   4.081143e-01   6.079306e-01   4.978502e-01   5.094897e-01
   8.633604e-01   5.795967e-01   4.284146e-01   9.871633e-01   1.000000e+00   9.902909e-01   9.139785e-01   5.982766e-05   5.127523e-01   5.045660e-01   5.126535e-01   5.182539e-01   4.905841e-01   4.883408e-01   4.738403e-01   4.924311e-01   4.903410e-01   5.687505e-01   4.897508e-01
   8.273859e-01   5.899864e-01   9.854814e-01   1.000000e+00   2.652941e-01   5.640994e-01   1.000000e+00   1.520940e-01   9.236334e-01   5.091919e-01   4.639914e-01   4.906882e-01   4.578519e-01   4.005664e-01   4.363892e-01   4.963431e-01   4.998367e-01   5.013022e-01   4.945481e-01
   2.321039e-01   9.818613e-01   2.889117e-01   6.435812e-01   1.950270e-01   3.814088e-01   1.000000e+00   2.495021e-04   7.875888e-01   4.984057e-01   5.269221e-01   4.904683e-01   4.754779e-01   5.072945e-01   5.048394e-01   6.289263e-01   4.903698e-01   4.976849e-01   4.981176e-01
   3.056904e-01   9.556553e-01   2.657829e-01   6.791452e-01   9.966037e-01   3.886533e-01   1.000000e+00   3.194994e-04   9.888699e-01   5.027004e-01   5.266846e-01   4.872573e-01   5.028081e-01   5.090525e-01   5.047516e-01   4.969258e-01   4.893718e-01   5.626751e-01   4.981050e-01
   4.763349e-02   9.556974e-01   2.657829e-01   6.806657e-01   9.962561e-01   7.524534e-01   1.000000e+00   3.300600e-04   9.892168e-01   4.819305e-01   5.266846e-01   4.864627e-01   5.372741e-01   5.074280e-01   4.889869e-01   4.896205e-01   4.889922e-01   5.007459e-01   4.981050e-01
   8.638936e-01   9.953275e-01   5.096850e-01   9.809760e-01   9.848947e-01   7.065092e-01   1.000000e+00   4.600969e-04   9.999997e-01   5.446133e-01   5.561159e-01   5.236484e-01   5.023306e-01   5.089624e-01   3.049470e-01   4.983261e-01   4.888056e-01   4.971582e-01   5.041459e-01
   8.087160e-01   5.071086e-01   4.854915e-01   9.822876e-01   2.411996e-01   6.735323e-01   9.850983e-01   4.944069e-04   9.690479e-01   5.196046e-01   4.960273e-01   4.852948e-01   5.056233e-01   5.229279e-01   5.024108e-01   4.955346e-01   4.746134e-01   5.209508e-01   5.036690e-01
   1.000000e+00   5.159711e-01   4.608987e-01   5.720584e-01   1.910266e-01   5.819230e-01   9.458830e-01   2.434927e-05   1.000000e+00   5.045718e-01   4.936479e-01   5.023391e-01   5.028098e-01   5.064617e-01   5.002129e-01   4.983348e-01   4.891284e-01   4.929294e-01   4.983287e-01
   8.680743e-01   9.972997e-01   5.122602e-01   8.409903e-01   1.000000e+00   9.821257e-01   9.504485e-01   2.498300e-04   7.966583e-01   5.040044e-01   4.727191e-01   4.898147e-01   4.756946e-01   5.467536e-01   4.954078e-01   4.360510e-01   4.844880e-01   5.149467e-01   5.115111e-01
   9.945777e-01   4.863704e-01   2.122416e-01   9.999396e-01   1.363762e-01   9.001332e-01   9.871172e-01   1.871671e-04   1.000000e+00   4.330090e-01   4.816445e-01   5.203316e-01   4.946889e-01   5.083081e-01   4.730310e-01   4.956350e-01   5.331068e-01   4.994712e-01   4.658900e-01
   9.945777e-01   4.944468e-01   9.952625e-01   1.000000e+00   1.991678e-01   6.686593e-01   9.849075e-01   1.824903e-04   1.000000e+00   4.330090e-01   5.250184e-01   5.134673e-01   5.206326e-01   5.202583e-01   5.081771e-01   5.066544e-01   5.331068e-01   4.986796e-01   4.658900e-01
   7.870076e-01   5.418210e-01   4.626099e-01   8.435671e-01   2.198364e-01   6.684215e-01   8.624962e-01   4.771160e-04   1.000000e+00   5.000237e-01   4.945390e-01   5.275461e-01   5.130533e-01   5.031788e-01   4.699224e-01   5.017627e-01   4.740629e-01   5.011743e-01   4.908136e-01
   4.450316e-02   5.551448e-01   4.819909e-01   9.920199e-01   9.874349e-01   5.480505e-01   4.270544e-01   1.562972e-05   9.425156e-01   5.301839e-01   4.782044e-01   4.458072e-01   5.015957e-01   5.098779e-01   4.790249e-01   4.819541e-01   4.530323e-01   4.995072e-01   4.983218e-01
   7.039106e-01   9.641993e-01   3.177635e-01   8.481165e-01   2.211776e-01   9.939824e-01   9.976902e-01   2.192541e-07   5.364754e-01   4.985939e-01   4.869457e-01   4.855016e-01   4.555197e-01   4.817037e-01   5.336669e-01   4.820848e-01   4.886790e-01   4.947582e-01   4.975918e-01
   9.972073e-01   5.270315e-01   1.000000e+00   5.761982e-01   1.000000e+00   8.639957e-01   3.282699e-01   1.077940e-03   9.984750e-01   5.042470e-01   5.084278e-01   5.669663e-01   4.450435e-01   4.784004e-01   4.951988e-01   5.011799e-01   4.900931e-01   4.968828e-01   4.662472e-01
   9.977154e-01   5.803010e-01   4.284146e-01   9.874015e-01   1.909103e-01   9.785613e-01   9.764846e-01   6.285253e-05   9.997331e-01   5.069282e-01   5.379536e-01   5.182171e-01   4.929344e-01   5.079936e-01   5.070647e-01   5.373861e-01   4.903829e-01   4.958955e-01   5.078817e-01
   9.976105e-01   3.877137e-01   2.099938e-01   9.122479e-01   1.455858e-01   5.895153e-01   8.628528e-01   1.917380e-02   9.259699e-01   5.046989e-01   5.114001e-01   5.665063e-01   4.471839e-01   4.954486e-01   5.233213e-01   3.183709e-01   4.907868e-01   3.227784e-01   5.423284e-01
   8.640917e-01   5.538288e-01   3.227000e-01   6.703334e-01   2.346335e-01   1.000000e+00   1.000000e+00   8.413601e-07   9.999997e-01   5.131649e-01   5.094469e-01   4.942353e-01   4.587497e-01   5.207570e-01   5.044066e-01   4.891721e-01   4.917084e-01   5.265770e-01   5.384570e-01
   9.468277e-02   9.942554e-01   4.348302e-01   8.513363e-01   9.963930e-01   6.667459e-01   9.285465e-01   1.332314e-04   1.000000e+00   4.419169e-01   4.988510e-01   5.312263e-01   5.033841e-01   4.991573e-01   4.896454e-01   5.188330e-01   4.742360e-01   5.025402e-01   5.087956e-01
   8.677962e-01   9.920928e-01   5.000128e-01   9.963903e-01   1.403802e-01   5.555118e-01   9.361442e-01   3.751110e-04   9.859648e-01   5.206676e-01   4.947518e-01   4.908706e-01   5.093052e-01   3.686101e-01   5.024088e-01   4.873653e-01   4.300994e-01   4.775923e-01   5.088810e-01
   9.814214e-01   3.861801e-01   2.646763e-01   4.554329e-01   1.000000e+00   5.566971e-01   3.280378e-01   1.651534e-04   9.999611e-01   4.372256e-01   5.294428e-01   4.864146e-01   5.466708e-01   4.783447e-01   4.889324e-01   4.898496e-01   4.915699e-01   4.210344e-01   4.166843e-01
   9.921218e-01   8.779851e-01   2.838852e-01   9.984695e-01   4.369695e-01   6.208943e-01   4.916193e-01   1.081343e-02   5.460234e-01   5.019251e-01   4.819367e-01   4.454864e-01   5.014131e-01   4.843501e-01   5.082135e-01   5.561450e-01   4.881522e-01   5.011318e-01   5.020543e-01
   9.874989e-01   9.930957e-01   9.783299e-01   5.828748e-01   1.000000e+00   9.999414e-01   9.024600e-01   4.565399e-02   4.968660e-01   5.219882e-01   5.138324e-01   4.103154e-01   4.599113e-01   5.254296e-01   5.038725e-01   5.876991e-01   4.909511e-01   5.204402e-01   5.080861e-01
   9.965061e-01   1.000000e+00   2.793358e-01   1.000000e+00   2.444407e-01   9.784453e-01   8.637819e-01   2.380747e-05   1.000000e+00   5.210134e-01   4.912339e-01   5.043612e-01   5.093985e-01   5.090759e-01   5.047749e-01   5.021021e-01   4.893836e-01   5.013355e-01   5.048242e-01
   9.869251e-01   5.467157e-01   3.609229e-01   4.746858e-01   1.697471e-01   5.595538e-01   9.774448e-01   0.000000e+00   9.999842e-01   4.368153e-01   4.933536e-01   5.182172e-01   3.933815e-01   4.777291e-01   4.957423e-01   4.999696e-01   4.752005e-01   4.978830e-01   5.391792e-01
   9.793876e-02   9.503147e-01   4.848631e-01   9.975318e-01   4.366744e-01   6.208943e-01   1.000000e+00   1.424084e-01   5.237927e-01   5.052993e-01   4.926010e-01   4.455128e-01   5.034243e-01   4.843501e-01   5.037672e-01   4.854852e-01   4.881522e-01   5.011318e-01   5.048241e-01
   0.000000e+00   5.834028e-01   3.244339e-01   9.941443e-01   2.400197e-01   5.786551e-01   2.409553e-01   1.503190e-01   9.989548e-01   5.054098e-01   4.970799e-01   4.423143e-01   5.025377e-01   4.989366e-01   5.105249e-01   5.039544e-01   4.745756e-01   4.975449e-01   5.118135e-01
   8.661152e-01   3.054243e-01   3.132469e-01   9.912795e-01   1.000000e+00   5.776950e-01   9.491418e-01   2.517369e-04   8.618137e-01   5.252271e-01   3.832223e-01   5.338333e-01   4.590008e-01   5.036926e-01   5.058120e-01   4.877634e-01   6.082261e-01   4.776127e-01   4.661212e-01
   8.680767e-01   9.818613e-01   2.918543e-01   9.992153e-01   1.000000e+00   5.695746e-01   9.750874e-01   4.681823e-05   7.857430e-01   4.984136e-01   4.913307e-01   4.876665e-01   5.015775e-01   5.021712e-01   4.446835e-01   6.289263e-01   4.904153e-01   4.940896e-01   4.980161e-01
   8.669714e-01   5.174126e-01   9.897939e-01   7.975104e-01   1.174252e-01   5.809270e-01   9.420299e-01   1.409986e-03   8.137128e-01   4.935358e-01   4.969001e-01   5.457850e-01   5.074963e-01   5.026351e-01   5.041779e-01   4.944427e-01   4.510301e-01   4.977660e-01   5.028512e-01
   8.549952e-01   6.149609e-01   5.166271e-01   9.882754e-01   9.957291e-01   7.227764e-01   9.742839e-01   0.000000e+00   7.855594e-01   5.240636e-01   4.970912e-01   4.879033e-01   5.149239e-01   5.075496e-01   5.051689e-01   5.094311e-01   4.880528e-01   4.972110e-01   5.022585e-01
   8.641381e-01   5.550174e-01   3.224370e-01   9.903072e-01   1.705424e-01   6.756961e-01   9.986772e-01   8.547795e-05   1.000000e+00   5.120162e-01   5.070216e-01   5.184542e-01   4.949264e-01   5.494208e-01   5.047891e-01   4.955882e-01   3.912043e-01   4.912835e-01   5.381423e-01
   8.680767e-01   5.108253e-01   3.559022e-01   7.413806e-01   9.984744e-01   5.726981e-01   2.423776e-01   1.325839e-04   1.000000e+00   4.995029e-01   4.969988e-01   5.470532e-01   4.753504e-01   4.834110e-01   4.954513e-01   6.102027e-01   4.903632e-01   4.969760e-01   5.116997e-01
   1.446710e-02   9.972024e-01   3.745473e-01   1.000000e+00   2.670632e-01   5.764732e-01   2.477677e-01   6.427738e-04   9.272445e-01   5.306966e-01   5.129803e-01   4.630411e-01   5.025310e-01   5.087352e-01   5.046172e-01   4.958893e-01   4.903944e-01   4.969349e-01   5.124335e-01
   7.885026e-01   9.871551e-01   3.745473e-01   6.374690e-01   2.720249e-01   5.889210e-01   2.055770e-01   4.566125e-02   5.056668e-01   4.995851e-01   4.868979e-01   4.939959e-01   4.589721e-01   5.089027e-01   5.038648e-01   5.883920e-01   4.885728e-01   6.145575e-01   4.718275e-01
   8.665265e-01   9.876829e-01   9.898120e-01   7.931158e-01   2.618555e-01   5.705624e-01   8.736388e-01   2.477363e-04   9.267585e-01   5.212612e-01   5.108794e-01   5.458836e-01   5.103368e-01   5.295482e-01   4.883879e-01   4.887606e-01   4.880770e-01   4.911374e-01   4.676007e-01
   8.895741e-01   9.556974e-01   2.654485e-01   6.806657e-01   9.962795e-01   5.903294e-01   9.484182e-01   3.300600e-04   9.906086e-01   5.027004e-01   5.669775e-01   4.867416e-01   5.028081e-01   5.023047e-01   4.889869e-01   4.896205e-01   4.915675e-01   5.006557e-01   4.973867e-01
   9.811568e-01   6.022035e-01   9.973274e-01   8.435671e-01   2.644418e-01   6.255965e-01   2.330945e-01   4.771160e-04   9.135916e-01   5.302697e-01   4.945390e-01   5.312213e-01   5.129977e-01   5.031788e-01   5.044182e-01   5.376416e-01   4.888428e-01   4.975723e-01   5.119933e-01
   9.006966e-01   9.911234e-01   2.402273e-01   9.877042e-01   1.766552e-01   6.748845e-01   9.993083e-01   3.366128e-05   9.999338e-01   5.049512e-01   4.869401e-01   5.349539e-01   5.103788e-01   5.089260e-01   5.112842e-01   5.043438e-01   4.882858e-01   4.913824e-01   4.787422e-01
   9.701454e-01   9.919458e-01   9.856469e-01   9.372752e-01   1.000000e+00   5.512998e-01   9.481735e-01   1.187992e-03   9.999937e-01   4.120811e-01   4.805688e-01   5.395482e-01   5.001773e-01   4.718187e-01   5.059956e-01   4.826429e-01   5.047327e-01   4.963508e-01   5.361116e-01
   8.319448e-05   9.876744e-01   3.745473e-01   5.174003e-01   1.577017e-01   7.511111e-01   2.309875e-01   1.252842e-04   9.272445e-01   5.046014e-01   5.281542e-01   4.861401e-01   4.949322e-01   5.165020e-01   5.829991e-01   5.218940e-01   4.889707e-01   4.970080e-01   5.041443e-01
   2.919185e-01   9.867448e-01   4.907602e-01   6.377901e-01   1.000000e+00   1.000000e+00   9.484973e-01   4.648966e-04   4.959017e-01   5.486075e-01   5.122686e-01   4.841135e-01   4.932540e-01   5.124023e-01   5.038340e-01   4.827794e-01   4.909525e-01   4.996510e-01   4.968852e-01
   8.665265e-01   4.966637e-01   9.894165e-01   9.857572e-01   2.616239e-01   7.345462e-01   8.672613e-01   1.387726e-03   9.267585e-01   5.330518e-01   5.108794e-01   5.270785e-01   5.053166e-01   5.153655e-01   4.702326e-01   4.902333e-01   4.899043e-01   4.097971e-01   5.090618e-01
   9.854851e-01   2.998278e-01   4.973942e-01   9.958295e-01   2.474843e-01   7.528623e-01   8.569186e-02   3.299890e-04   1.000000e+00   5.035619e-01   2.976119e-01   5.291141e-01   4.759899e-01   5.106686e-01   5.718787e-01   4.809548e-01   4.853416e-01   4.616767e-01   4.659976e-01
   8.291034e-01   5.432595e-01   3.194861e-01   9.877709e-01   1.346860e-01   5.860601e-01   9.458870e-01   1.203154e-04   5.564474e-01   4.370427e-01   4.868992e-01   5.249670e-01   5.157622e-01   5.113942e-01   5.009209e-01   3.403281e-01   4.906595e-01   4.976595e-01   5.624011e-01
   8.679599e-01   5.419357e-01   9.973274e-01   8.435671e-01   1.000000e+00   6.255965e-01   9.392150e-01   4.771160e-04   9.255536e-01   2.742859e-01   4.946164e-01   4.864716e-01   5.128705e-01   5.031808e-01   5.044182e-01   6.294193e-01   4.900491e-01   5.008826e-01   4.908136e-01
   3.682282e-02   5.768552e-01   9.967898e-01   1.000000e+00   2.853969e-01   5.692756e-01   9.992802e-01   1.732071e-04   5.247356e-01   5.321258e-01   5.060781e-01   4.408372e-01   5.486686e-01   4.937991e-01   5.037886e-01   4.974616e-01   4.891512e-01   5.685474e-01   5.079927e-01
   9.506719e-01   9.992723e-01   1.471983e-01   9.949783e-01   9.479047e-01   9.907381e-01   9.493727e-01   9.623035e-04   5.206556e-01   5.045465e-01   4.911449e-01   5.665063e-01   4.455327e-01   4.880416e-01   5.232950e-01   3.200465e-01   4.890969e-01   5.710579e-01   5.110992e-01
   9.882592e-01   3.695588e-01   4.821097e-01   6.748079e-01   9.890558e-01   9.333414e-01   1.000000e+00   3.300600e-04   5.321886e-01   5.198158e-01   3.183881e-01   5.253976e-01   4.771367e-01   4.877048e-01   5.429381e-01   4.926197e-01   4.781011e-01   5.678180e-01   4.973826e-01
   8.239959e-01   2.874499e-01   4.623008e-01   9.968126e-01   2.564022e-01   7.393517e-01   8.569186e-02   3.480983e-04   5.476187e-01   5.217868e-01   4.869461e-01   4.907160e-01   4.649753e-01   4.864906e-01   5.717944e-01   4.809548e-01   4.507377e-01   4.778828e-01   4.659976e-01
   8.817355e-01   9.907911e-01   2.247061e-01   8.383462e-01   1.951014e-01   5.468756e-01   9.488048e-01   2.495021e-04   9.845581e-01   5.195589e-01   4.694186e-01   4.913899e-01   5.172405e-01   4.758478e-01   4.730126e-01   6.001057e-01   4.903323e-01   4.975940e-01   5.119466e-01
   8.691438e-01   4.702698e-01   9.856658e-01   5.854793e-01   1.000000e+00   9.999414e-01   9.018660e-01   1.316507e-04   7.729555e-01   4.988276e-01   4.923884e-01   4.163296e-01   4.780141e-01   3.427612e-01   5.031010e-01   6.915694e-01   4.909104e-01   4.940265e-01   4.969525e-01
   9.981477e-01   1.000000e+00   4.609456e-01   8.000487e-01   2.631972e-01   7.406130e-01   9.250461e-01   1.061222e-04   5.638023e-01   5.179343e-01   4.936278e-01   4.827260e-01   4.455116e-01   4.693201e-01   5.009195e-01   4.900698e-01   5.351800e-01   4.961336e-01   5.101130e-01
   8.680767e-01   5.868568e-01   9.852737e-01   7.775316e-01   1.950270e-01   5.794727e-01   9.491418e-01   2.503655e-04   7.891947e-01   4.984122e-01   4.969988e-01   4.535062e-01   4.741412e-01   5.180980e-01   4.689475e-01   4.785040e-01   4.894520e-01   4.975632e-01   5.116077e-01
   8.594679e-01   5.551448e-01   4.286812e-01   6.656453e-01   9.876746e-01   5.812094e-01   2.390403e-01   6.441414e-05   9.261110e-01   4.985130e-01   5.131372e-01   5.611341e-01   4.918641e-01   5.102001e-01   4.962881e-01   4.756790e-01   4.887307e-01   4.958905e-01   4.983848e-01
   8.432782e-01   4.771896e-01   2.297038e-01   8.411837e-01   2.721683e-01   9.961084e-01   9.802988e-01   2.624810e-04   9.469426e-01   5.649866e-01   4.930837e-01   5.192174e-01   4.986479e-01   5.305394e-01   5.026408e-01   4.821013e-01   4.855944e-01   4.994587e-01   5.095093e-01
   9.505492e-01   9.937366e-01   2.657829e-01   5.920584e-01   9.962795e-01   5.354444e-01   9.983964e-01   4.711496e-04   9.892168e-01   5.029969e-01   4.885238e-01   4.937080e-01   5.027643e-01   5.007557e-01   4.403386e-01   4.886527e-01   4.032522e-01   5.007459e-01   5.038408e-01
   9.874760e-01   3.412371e-01   1.000000e+00   7.453693e-01   2.519833e-01   3.997116e-01   9.720223e-01   1.351437e-04   9.292257e-01   5.306966e-01   4.802432e-01   4.642924e-01   5.042214e-01   5.165020e-01   4.245475e-01   6.305788e-01   4.886311e-01   4.976124e-01   5.114822e-01
   8.656470e-01   2.787105e-01   3.027330e-01   9.966807e-01   1.000000e+00   7.063235e-01   9.520644e-01   0.000000e+00   1.000000e+00   5.433533e-01   5.235032e-01   4.893133e-01   4.606706e-01   4.982335e-01   5.011821e-01   4.870840e-01   4.495358e-01   5.020759e-01   5.117152e-01
   9.965448e-01   4.964752e-01   2.529071e-01   8.027085e-01   1.000000e+00   8.969671e-01   9.876118e-01   9.721811e-06   1.000000e+00   5.187266e-01   4.671074e-01   5.178819e-01   5.049316e-01   5.265206e-01   4.984753e-01   4.956745e-01   4.929366e-01   5.212455e-01   4.572587e-01
   9.858247e-01   5.000114e-01   4.555083e-01   5.789642e-01   2.358428e-01   5.972601e-01   8.164127e-01   3.741379e-04   5.568807e-01   5.185334e-01   4.674332e-01   5.047309e-01   4.607297e-01   4.995798e-01   4.686343e-01   4.073521e-01   6.059111e-01   4.978502e-01   5.122904e-01
   9.845098e-01   9.900915e-01   2.949157e-01   8.465167e-01   1.333643e-01   7.111047e-01   9.999983e-01   7.265972e-05   5.207831e-01   4.286668e-01   3.563587e-01   4.921415e-01   4.535947e-01   5.039720e-01   4.932339e-01   4.926785e-01   4.881768e-01   5.233103e-01   5.767370e-01
   9.980340e-01   5.406916e-01   9.997268e-01   5.706372e-01   2.903123e-01   4.829428e-01   9.252626e-01   4.327156e-09   9.982433e-01   5.204063e-01   4.927667e-01   4.827260e-01   5.150764e-01   5.090499e-01   5.773909e-01   5.088337e-01   4.890057e-01   4.960657e-01   5.410635e-01
   8.784368e-01   9.676877e-01   3.110665e-01   8.025822e-01   2.613287e-01   5.722395e-01   9.975734e-01   2.325760e-07   9.778123e-01   5.133398e-01   5.395402e-01   4.907421e-01   5.094672e-01   3.932930e-01   5.031462e-01   5.355372e-01   4.907941e-01   4.910201e-01   5.110626e-01
   8.680767e-01   9.776362e-01   2.918543e-01   9.992153e-01   1.000000e+00   5.716880e-01   9.750874e-01   4.475885e-05   7.857430e-01   4.984136e-01   4.913307e-01   4.876665e-01   5.015775e-01   5.031852e-01   5.053991e-01   5.367801e-01   4.904153e-01   4.937278e-01   4.980161e-01
   8.959356e-01   5.964206e-01   5.055387e-01   8.631268e-01   1.957497e-01   6.242492e-01   9.901877e-01   1.547610e-01   7.882400e-01   5.065699e-01   4.907995e-01   5.324110e-01   6.123803e-01   4.600252e-01   5.343466e-01   6.098744e-01   4.889757e-01   4.901884e-01   4.642874e-01
   4.458635e-02   9.974094e-01   3.736282e-01   1.000000e+00   2.670632e-01   5.710703e-01   2.477677e-01   1.351437e-04   9.191531e-01   5.306966e-01   4.802432e-01   4.625217e-01   5.026562e-01   5.165020e-01   4.991879e-01   6.364338e-01   4.904112e-01   4.976214e-01   5.118120e-01
   8.633604e-01   5.947762e-01   1.000000e+00   9.871633e-01   1.000000e+00   5.712407e-01   9.103924e-01   5.982766e-05   5.172699e-01   5.045660e-01   4.654569e-01   5.182539e-01   4.905841e-01   5.172250e-01   4.738403e-01   4.676526e-01   4.902174e-01   5.687505e-01   4.897508e-01
   9.981469e-01   3.651631e-01   2.287465e-01   6.624029e-01   9.334205e-01   5.804057e-01   9.495014e-01   1.193035e-04   5.161282e-01   5.042827e-01   5.061232e-01   4.825609e-01   4.454242e-01   4.693201e-01   5.388782e-01   3.234863e-01   5.337510e-01   4.962769e-01   5.625714e-01
   8.573541e-01   3.113972e-01   4.411216e-01   9.874178e-01   2.560260e-01   5.998677e-01   1.000000e+00   0.000000e+00   5.229304e-01   3.644616e-01   4.821379e-01   5.194367e-01   4.527671e-01   4.866185e-01   4.867879e-01   4.762758e-01   4.736394e-01   5.161044e-01   4.655286e-01
   8.678798e-01   4.912260e-01   4.487006e-01   1.000000e+00   2.648403e-01   6.726709e-01   9.867143e-01   6.257526e-04   1.000000e+00   5.055653e-01   5.123855e-01   5.185495e-01   4.920741e-01   5.087203e-01   5.072534e-01   4.969970e-01   4.903288e-01   4.969825e-01   5.385706e-01
   8.882260e-01   9.960253e-01   3.433896e-01   6.003508e-01   2.943702e-01   5.725908e-01   9.746684e-01   1.129671e-04   9.893877e-01   4.367991e-01   4.419949e-01   5.120165e-01   4.490080e-01   4.732024e-01   5.475589e-01   5.021638e-01   4.842326e-01   4.974535e-01   4.336328e-01
   9.506719e-01   9.642398e-01   1.438257e-01   9.949783e-01   9.490323e-01   9.907381e-01   9.493727e-01   8.439822e-04   5.197281e-01   5.045465e-01   4.911449e-01   5.665063e-01   4.455327e-01   4.880416e-01   5.236796e-01   3.200465e-01   4.890662e-01   5.710579e-01   4.915898e-01
   8.662277e-01   2.935855e-01   3.389885e-01   8.407309e-01   2.475384e-01   1.000000e+00   1.746535e-02   2.197334e-01   1.000000e+00   5.079978e-01   4.823664e-01   5.311234e-01   5.042182e-01   4.994267e-01   5.048892e-01   5.001455e-01   4.876253e-01   4.927928e-01   4.582150e-01
   8.680743e-01   9.959088e-01   1.000000e+00   8.408511e-01   1.965164e-01   5.796953e-01   9.491418e-01   2.495021e-04   7.889806e-01   4.984484e-01   4.969464e-01   4.907472e-01   4.760170e-01   5.180983e-01   5.048392e-01   6.068465e-01   4.903323e-01   4.975574e-01   5.149296e-01
   9.972057e-01   9.999170e-01   4.609456e-01   8.005811e-01   1.965848e-01   7.424191e-01   9.475520e-01   1.061222e-04   5.638023e-01   5.176641e-01   4.936278e-01   4.827105e-01   4.455116e-01   5.170794e-01   5.009195e-01   4.900698e-01   5.351800e-01   4.961524e-01   5.117162e-01
   8.678367e-01   9.876829e-01   4.537923e-01   9.952194e-01   2.690682e-01   7.336535e-01   9.835969e-01   1.272048e-03   9.260496e-01   5.176020e-01   4.967211e-01   5.162701e-01   4.487669e-01   5.090734e-01   4.764206e-01   4.969997e-01   4.903708e-01   4.921902e-01   4.956540e-01
   9.971352e-01   5.240689e-01   1.000000e+00   5.761982e-01   1.000000e+00   8.639957e-01   3.282699e-01   1.077940e-03   9.988912e-01   5.042470e-01   5.086038e-01   5.669663e-01   4.400934e-01   4.784004e-01   5.046934e-01   5.011799e-01   5.178736e-01   4.968828e-01   4.662472e-01
   9.008611e-01   5.347332e-01   5.076912e-01   8.140917e-01   1.706845e-01   6.714357e-01   1.000000e+00   3.034317e-04   1.000000e+00   4.698808e-01   4.946807e-01   5.363113e-01   5.104301e-01   5.331208e-01   4.967182e-01   5.094714e-01   4.217249e-01   4.961329e-01   5.082298e-01
   9.879730e-01   4.397967e-01   1.000000e+00   5.949225e-01   2.520376e-01   3.900660e-01   9.388477e-01   6.200302e-04   1.000000e+00   5.355379e-01   4.967983e-01   6.342216e-01   4.942924e-01   5.289155e-01   5.037938e-01   5.024610e-01   4.878704e-01   4.962608e-01   4.650957e-01
   9.799022e-01   9.801104e-01   5.184479e-01   4.218481e-01   1.000000e+00   5.566971e-01   3.259125e-01   1.651534e-04   9.999611e-01   4.372256e-01   5.295186e-01   4.864146e-01   5.436532e-01   4.783985e-01   4.889324e-01   4.900164e-01   4.889258e-01   4.210344e-01   4.166843e-01
   9.880819e-01   5.784957e-01   4.281699e-01   5.854793e-01   1.701738e-01   9.999414e-01   9.013942e-01   1.315584e-04   1.000000e+00   5.218766e-01   5.138324e-01   4.095777e-01   4.951214e-01   5.107333e-01   5.032670e-01   5.375614e-01   4.909445e-01   4.958958e-01   5.078721e-01
   8.474363e-01   9.854381e-01   4.886297e-01   5.781752e-01   1.816331e-01   7.478737e-01   9.996127e-01   3.253527e-04   1.000000e+00   5.011610e-01   4.649628e-01   4.865675e-01   5.012952e-01   5.179179e-01   4.043711e-01   4.983212e-01   4.898190e-01   4.748114e-01   5.115788e-01
   3.216658e-01   9.960838e-01   4.604458e-01   6.044479e-01   1.875297e-01   6.774758e-01   9.996121e-01   1.364963e-03   1.000000e+00   5.024386e-01   4.947063e-01   4.851625e-01   5.120247e-01   4.995925e-01   5.498660e-01   4.818379e-01   4.766739e-01   4.928674e-01   4.983275e-01
   9.860826e-01   9.556974e-01   2.698397e-01   6.791266e-01   2.330829e-01   7.524534e-01   1.000000e+00   3.300600e-04   9.908774e-01   5.059832e-01   5.022080e-01   4.859699e-01   5.379572e-01   5.074280e-01   4.889869e-01   4.806587e-01   4.770031e-01   5.007405e-01   4.981050e-01
   9.736805e-01   5.000114e-01   9.927096e-01   8.204844e-01   9.916477e-01   6.601389e-01   3.201999e-01   3.741379e-04   5.451631e-01   5.182690e-01   3.815765e-01   5.047309e-01   4.986872e-01   4.995798e-01   4.687404e-01   4.093336e-01   6.079306e-01   4.978849e-01   5.094897e-01
   9.607421e-01   5.332291e-01   9.967898e-01   5.935607e-01   1.000000e+00   7.570730e-01   9.992802e-01   3.032176e-04   9.964568e-01   5.139618e-01   4.920501e-01   5.099973e-01   5.114287e-01   4.007224e-01   5.081706e-01   4.834479e-01   4.890689e-01   4.961461e-01   5.079927e-01
   9.424845e-01   9.862372e-01   4.907602e-01   6.377901e-01   9.480191e-01   9.997774e-01   9.485140e-01   4.648966e-04   5.213687e-01   5.472314e-01   5.122686e-01   4.841135e-01   4.932540e-01   5.124023e-01   5.234528e-01   4.827794e-01   4.890601e-01   4.899651e-01   4.968852e-01
   8.669714e-01   5.090097e-01   1.000000e+00   7.975104e-01   1.821367e-01   1.000000e+00   9.420299e-01   1.969298e-03   9.866075e-01   4.420713e-01   4.969001e-01   5.457850e-01   5.074963e-01   5.027301e-01   5.041779e-01   4.944427e-01   4.876278e-01   4.976292e-01   5.027787e-01
   8.594438e-01   9.981305e-01   1.000000e+00   9.415088e-01   2.704189e-01   5.487149e-01   6.318470e-01   1.592011e-01   1.000000e+00   5.202002e-01   4.898605e-01   5.262143e-01   5.093954e-01   4.982662e-01   3.063868e-01   4.821799e-01   4.764412e-01   5.014933e-01   5.048277e-01
   2.775945e-02   5.571938e-01   3.754810e-01   9.876595e-01   1.711939e-01   6.663107e-01   1.000000e+00   6.321399e-04   9.932459e-01   5.120162e-01   5.130327e-01   4.623154e-01   5.129499e-01   5.091241e-01   4.959991e-01   4.956355e-01   4.901340e-01   4.911745e-01   5.127996e-01
   7.098520e-01   5.743569e-01   9.973274e-01   8.435671e-01   2.198757e-01   6.518122e-01   1.000000e+00   1.650613e-05   9.135916e-01   5.302697e-01   4.945390e-01   5.312213e-01   5.129977e-01   5.028899e-01   5.044182e-01   5.376416e-01   4.886853e-01   4.975723e-01   5.119933e-01
   8.195404e-01   5.774977e-01   9.850967e-01   5.906561e-01   2.652941e-01   5.640994e-01   1.000000e+00   1.520940e-01   9.236334e-01   5.011350e-01   5.105438e-01   4.906882e-01   5.330676e-01   4.005664e-01   5.039342e-01   4.963431e-01   4.998367e-01   5.012876e-01   4.945481e-01
   9.877456e-01   1.000000e+00   2.841191e-01   9.377892e-01   2.704189e-01   5.487149e-01   8.802645e-01   3.842208e-05   1.000000e+00   5.202002e-01   4.911367e-01   4.873328e-01   5.093954e-01   5.235995e-01   5.065617e-01   4.904712e-01   4.761459e-01   5.014933e-01   5.042192e-01
   9.916053e-01   5.971928e-01   9.854814e-01   9.963937e-01   4.204928e-01   9.916747e-01   1.000000e+00   1.129650e-05   9.257726e-01   5.063239e-01   4.639914e-01   4.906882e-01   4.571039e-01   5.112225e-01   4.365783e-01   4.806410e-01   4.998367e-01   6.153832e-01   5.051677e-01
   7.039106e-01   6.040789e-01   3.177635e-01   8.481165e-01   4.265951e-01   9.939824e-01   9.976902e-01   2.192541e-07   5.364754e-01   4.985939e-01   4.869457e-01   4.906471e-01   4.555036e-01   4.817037e-01   5.359344e-01   4.820848e-01   4.886790e-01   4.951285e-01   4.883294e-01
   9.863986e-01   3.943457e-01   4.861878e-01   7.953262e-01   1.000000e+00   9.272185e-01   8.573987e-01   1.113523e-02   1.000000e+00   5.214872e-01   3.179264e-01   5.226621e-01   4.761105e-01   4.872428e-01   4.433972e-01   4.791877e-01   4.769746e-01   4.942889e-01   5.087113e-01
   9.889390e-01   1.000000e+00   4.555083e-01   9.831549e-01   9.636745e-01   6.613762e-01   9.302519e-01   3.790607e-04   5.555324e-01   5.185334e-01   4.672229e-01   5.047309e-01   4.945628e-01   5.084357e-01   4.681810e-01   4.081143e-01   6.079306e-01   4.978502e-01   5.088497e-01
   8.265098e-01   9.967723e-01   2.561504e-01   8.038440e-01   2.084492e-01   7.452789e-01   9.342286e-01   2.045930e-05   9.992868e-01   4.344355e-01   5.266297e-01   3.706564e-01   5.095192e-01   4.858848e-01   4.714862e-01   4.791089e-01   4.917841e-01   4.893973e-01   4.985514e-01
   8.637716e-01   9.970085e-01   1.510997e-01   9.191893e-01   2.520278e-01   9.986144e-01   9.902686e-01   3.397715e-04   5.218407e-01   5.134613e-01   5.399641e-01   5.124861e-01   5.069029e-01   5.120580e-01   5.238906e-01   4.832774e-01   4.858489e-01   4.849920e-01   5.087844e-01
   9.850874e-01   3.184997e-01   4.580643e-01   6.773549e-01   2.490959e-01   9.918858e-01   9.999319e-01   1.742099e-04   9.901151e-01   5.285914e-01   4.525754e-01   4.906208e-01   4.742631e-01   4.764497e-01   5.382614e-01   4.779872e-01   4.912732e-01   4.557589e-01   5.079781e-01
   8.741722e-01   5.418210e-01   4.294639e-01   8.435671e-01   2.198364e-01   6.684215e-01   9.860865e-01   4.771160e-04   9.851774e-01   5.000237e-01   5.122589e-01   5.275461e-01   5.130533e-01   5.031788e-01   5.054209e-01   5.017627e-01   4.903056e-01   5.011743e-01   4.949421e-01
   8.552511e-01   5.774616e-01   9.484640e-01   7.776082e-01   2.125573e-01   9.950016e-01   9.057837e-01   5.146523e-04   7.889222e-01   5.038247e-01   4.969616e-01   5.033948e-01   5.047365e-01   5.376582e-01   4.714399e-01   5.021742e-01   4.881383e-01   5.014090e-01   5.116076e-01
   8.238768e-01   9.876829e-01   9.898120e-01   7.931158e-01   2.611715e-01   7.297804e-01   8.665659e-01   2.456875e-04   9.465571e-01   5.212612e-01   5.107109e-01   5.458836e-01   4.454279e-01   5.295482e-01   4.881783e-01   4.887606e-01   4.879435e-01   4.911374e-01   4.676007e-01
   8.817355e-01   9.967482e-01   2.244797e-01   8.404195e-01   1.625792e-01   5.805097e-01   9.491418e-01   2.495021e-04   7.889806e-01   4.984464e-01   4.969464e-01   4.907472e-01   4.760170e-01   5.021772e-01   5.048394e-01   6.068968e-01   4.029098e-01   4.970806e-01   5.116909e-01
   9.938846e-01   9.824823e-01   4.931402e-01   1.000000e+00   4.369695e-01   8.471235e-01   9.916868e-01   2.204254e-05   5.248412e-01   5.494195e-01   4.925970e-01   4.118860e-01   5.034243e-01   5.124584e-01   5.047658e-01   4.826614e-01   4.880476e-01   5.011076e-01   5.048240e-01
   8.594679e-01   5.551448e-01   4.286812e-01   6.656453e-01   9.876746e-01   7.250529e-01   2.390403e-01   6.441414e-05   9.261110e-01   4.985130e-01   5.116701e-01   5.238028e-01   4.918641e-01   4.926032e-01   4.962881e-01   4.760649e-01   4.887307e-01   4.958506e-01   5.335829e-01
   8.636534e-01   5.098245e-01   9.972430e-01   9.960280e-01   3.051910e-01   5.790486e-01   9.916736e-01   2.440999e-04   1.000000e+00   5.687480e-01   5.128317e-01   5.123387e-01   4.752775e-01   4.819862e-01   4.965642e-01   4.881214e-01   4.863501e-01   4.989406e-01   5.086980e-01
   8.589950e-01   2.787105e-01   3.054225e-01   9.963911e-01   1.000000e+00   7.063235e-01   9.520644e-01   4.516037e-03   1.000000e+00   5.430203e-01   5.109135e-01   4.886964e-01   5.124473e-01   4.981820e-01   5.011821e-01   4.870840e-01   4.495358e-01   5.018093e-01   5.040880e-01
   9.850874e-01   3.184997e-01   4.875494e-01   9.295862e-01   2.523875e-01   9.968441e-01   9.999302e-01   1.742099e-04   5.108981e-01   4.287699e-01   5.121440e-01   4.907859e-01   4.749815e-01   4.759750e-01   5.003026e-01   4.777586e-01   4.913204e-01   5.220206e-01   5.765989e-01
   8.956035e-01   9.953275e-01   5.146147e-01   8.058685e-01   1.000000e+00   7.148697e-01   1.000000e+00   4.600969e-04   1.000000e+00   5.123905e-01   5.060499e-01   4.979222e-01   4.584601e-01   5.089624e-01   5.081464e-01   4.885091e-01   4.877627e-01   4.974344e-01   5.041459e-01
   8.663305e-01   5.550682e-01   2.919565e-01   9.875713e-01   1.723861e-01   6.756554e-01   8.730998e-01   9.831349e-05   9.846740e-01   5.059047e-01   5.108405e-01   5.184504e-01   4.742571e-01   5.094042e-01   5.046416e-01   4.955882e-01   4.875522e-01   4.912407e-01   4.951180e-01
   8.665265e-01   9.876829e-01   4.936480e-01   6.681861e-01   2.621484e-01   7.339595e-01   9.997936e-01   1.298109e-02   9.271276e-01   4.727948e-01   4.646602e-01   4.485867e-01   4.505595e-01   5.153655e-01   4.042440e-01   4.973984e-01   4.879061e-01   4.745077e-01   4.658266e-01
   8.337277e-01   9.917503e-01   9.981019e-01   6.656518e-01   9.981556e-01   8.904793e-01   9.857390e-01   4.905862e-04   5.346877e-01   5.222338e-01   5.255686e-01   5.135045e-01   4.655758e-01   5.069501e-01   5.038652e-01   5.034710e-01   4.909762e-01   5.149539e-01   4.998341e-01
   1.593436e-02   6.022035e-01   9.968116e-01   8.451816e-01   2.644418e-01   6.241553e-01   9.747531e-01   4.918764e-04   9.135916e-01   5.302697e-01   4.945390e-01   5.116848e-01   5.129977e-01   4.965770e-01   5.044182e-01   5.376416e-01   4.890715e-01   4.975723e-01   5.119933e-01
   7.831454e-01   5.946353e-01   9.852737e-01   8.627541e-01   1.950270e-01   6.250339e-01   9.895763e-01   2.495021e-04   7.889806e-01   4.984037e-01   4.875389e-01   4.425863e-01   4.764758e-01   5.180980e-01   5.048561e-01   6.103399e-01   4.903323e-01   4.960876e-01   5.116915e-01
   8.638936e-01   9.674127e-01   5.094059e-01   9.809828e-01   9.780247e-01   7.074018e-01   1.000000e+00   4.388637e-04   1.000000e+00   5.536014e-01   5.561159e-01   5.236777e-01   5.023306e-01   5.152545e-01   3.109693e-01   4.983261e-01   6.101796e-01   4.971582e-01   5.041459e-01
   8.773289e-01   6.082115e-01   3.246937e-01   9.875713e-01   1.705424e-01   6.787033e-01   1.000000e+00   3.402326e-04   9.931210e-01   5.120162e-01   5.109649e-01   5.184542e-01   4.746923e-01   5.091257e-01   5.079254e-01   4.956355e-01   4.853994e-01   4.907183e-01   5.288077e-01
   8.219059e-01   5.928724e-01   4.730094e-01   6.377901e-01   9.926777e-01   1.000000e+00   9.484973e-01   4.663956e-04   9.270971e-01   5.480115e-01   5.122686e-01   4.841135e-01   4.932540e-01   5.179806e-01   4.356091e-01   4.966188e-01   4.909525e-01   4.996510e-01   4.944596e-01
   9.890253e-01   3.759598e-01   9.773904e-01   6.086313e-01   1.817610e-01   5.860622e-01   1.000000e+00   3.300600e-04   7.949922e-01   5.198418e-01   5.035907e-01   5.250408e-01   5.029297e-01   4.877048e-01   4.446718e-01   4.784250e-01   4.781011e-01   6.948654e-01   5.115134e-01
   8.679782e-01   5.868568e-01   9.852737e-01   9.860382e-01   1.950270e-01   5.794727e-01   9.474401e-01   2.503655e-04   7.891947e-01   5.001213e-01   4.969988e-01   4.537077e-01   4.741412e-01   5.202821e-01   4.689475e-01   4.785660e-01   4.894520e-01   4.975632e-01   5.116276e-01
   1.000000e+00   9.818613e-01   2.889117e-01   6.435812e-01   1.637098e-01   8.691454e-01   1.000000e+00   2.495021e-04   7.875888e-01   4.984057e-01   5.268165e-01   5.669105e-01   4.754779e-01   5.070209e-01   5.048394e-01   5.006608e-01   4.903698e-01   4.968691e-01   4.977775e-01
   8.658207e-01   9.641993e-01   3.177635e-01   9.864072e-01   2.211776e-01   9.939824e-01   9.978283e-01   2.192541e-07   5.364754e-01   4.985939e-01   4.869457e-01   4.846190e-01   4.749919e-01   5.074367e-01   5.336669e-01   4.811042e-01   4.193172e-01   4.947582e-01   4.975918e-01
   9.977154e-01   5.047814e-01   3.209541e-01   9.179986e-01   1.000000e+00   9.785613e-01   9.764846e-01   6.285253e-05   4.749874e-01   5.069282e-01   5.685537e-01   5.182171e-01   4.929344e-01   3.978560e-01   5.070647e-01   5.373861e-01   4.903829e-01   4.965041e-01   5.080607e-01
   8.706591e-01   9.867448e-01   4.907602e-01   6.377901e-01   9.857016e-01   1.000000e+00   9.484973e-01   4.650740e-04   4.959017e-01   5.486075e-01   4.977636e-01   4.841135e-01   4.932540e-01   5.124023e-01   5.038340e-01   4.827794e-01   4.891265e-01   4.996052e-01   4.969051e-01
   8.633604e-01   5.795967e-01   9.859888e-01   9.871633e-01   1.000000e+00   9.902909e-01   9.466459e-01   3.814600e-04   5.065103e-01   5.045660e-01   4.659861e-01   5.193444e-01   4.905841e-01   4.883408e-01   4.950436e-01   4.041508e-01   4.998297e-01   5.687505e-01   4.904697e-01
   8.629893e-01   5.729917e-01   4.252176e-01   9.790432e-01   9.996573e-01   9.914642e-01   9.111664e-01   2.435646e-05   9.592360e-01   5.215146e-01   4.932856e-01   5.135861e-01   4.464293e-01   4.723559e-01   4.828309e-01   5.019687e-01   4.904157e-01   5.577497e-01   5.084436e-01
   9.972073e-01   5.270315e-01   4.627986e-01   5.954432e-01   2.441952e-01   8.652330e-01   8.331876e-01   1.077940e-03   9.898965e-01   5.045114e-01   5.076455e-01   5.669663e-01   4.450435e-01   4.784004e-01   4.951988e-01   4.999607e-01   4.900931e-01   4.968480e-01   4.662472e-01
   8.767036e-01   6.016800e-01   4.797070e-01   8.603577e-01   1.321156e-01   6.659731e-01   9.386246e-01   2.635031e-04   9.371529e-01   5.051642e-01   4.932242e-01   5.163210e-01   5.054724e-01   5.814704e-01   4.941822e-01   4.927611e-01   4.885392e-01   5.211893e-01   4.068381e-01
   8.108822e-01   9.740637e-01   5.021986e-01   5.774583e-01   2.016135e-01   1.000000e+00   8.138736e-01   3.174647e-02   9.879635e-01   4.423672e-01   5.067966e-01   5.212000e-01   5.047508e-01   4.030156e-01   4.701005e-01   4.429691e-01   5.148081e-01   3.983842e-01   5.124424e-01
   8.677458e-01   9.969237e-01   1.000000e+00   8.408511e-01   1.698623e-01   5.794727e-01   9.505389e-01   2.412784e-04   9.908634e-01   4.984464e-01   4.969464e-01   4.907472e-01   4.760170e-01   5.301891e-01   5.048394e-01   6.048066e-01   4.903323e-01   4.975574e-01   5.116909e-01
   9.920224e-01   2.810193e-01   2.763376e-01   9.926715e-01   1.000000e+00   7.068699e-01   8.727106e-01   0.000000e+00   1.000000e+00   6.231786e-01   5.135254e-01   5.246018e-01   5.866555e-01   5.235444e-01   5.012878e-01   4.822742e-01   4.504148e-01   5.707871e-01   6.246707e-01
   9.165629e-01   9.403065e-01   4.883372e-01   9.975318e-01   4.366744e-01   6.877438e-01   1.000000e+00   1.424035e-01   5.237927e-01   5.052727e-01   5.034539e-01   4.805828e-01   4.795293e-01   4.843501e-01   5.037672e-01   4.854852e-01   4.881522e-01   5.010946e-01   5.048351e-01
   4.604692e-02   5.893440e-01   9.971746e-01   1.000000e+00   1.000000e+00   7.570730e-01   9.992802e-01   1.731904e-04   5.247356e-01   6.460374e-01   4.674695e-01   5.121805e-01   4.607849e-01   4.007224e-01   4.362436e-01   4.834479e-01   4.890689e-01   4.961171e-01   5.079927e-01
   8.366932e-01   5.419384e-01   2.896516e-01   8.605701e-01   4.074647e-01   6.714920e-01   9.392150e-01   4.771160e-04   9.255944e-01   5.161834e-01   4.946164e-01   4.866188e-01   4.886830e-01   5.031808e-01   5.042544e-01   6.294193e-01   4.900491e-01   5.008826e-01   4.902088e-01
   3.039240e-01   9.867448e-01   5.011764e-01   6.377901e-01   1.910429e-01   1.000000e+00   8.582790e-01   0.000000e+00   9.869588e-01   5.072336e-01   5.119394e-01   4.841135e-01   4.932540e-01   4.622410e-01   5.034479e-01   4.650847e-01   4.908937e-01   4.995098e-01   4.636224e-01
   9.910524e-01   9.548678e-01   9.854814e-01   1.000000e+00   2.150753e-01   9.929441e-01   1.000000e+00   1.129650e-05   9.257726e-01   5.211225e-01   4.639914e-01   4.899268e-01   4.580591e-01   4.319277e-01   4.341217e-01   4.963617e-01   4.998367e-01   4.998271e-01   5.048204e-01
   1.256902e-02   9.876829e-01   4.139528e-01   8.285837e-01   2.621484e-01   7.379632e-01   9.138241e-01   6.198391e-05   5.071969e-01   5.175837e-01   4.963530e-01   5.187479e-01   4.500828e-01   5.153655e-01   4.826888e-01   4.966861e-01   4.903665e-01   4.995942e-01   4.658266e-01
   6.620840e-03   5.768552e-01   9.967898e-01   5.935339e-01   9.883210e-01   7.545190e-01   9.084620e-01   1.731907e-04   5.247356e-01   6.439774e-01   5.140218e-01   4.472472e-01   5.361020e-01   4.945099e-01   5.037886e-01   4.834375e-01   4.890689e-01   4.976576e-01   5.079927e-01
