   4.105636e-01   5.103805e-01   6.911494e-01   4.999472e-01   4.999780e-01   5.000254e-01   5.000329e-01   4.999737e-01   5.000241e-01   4.998296e-01   4.999495e-01   4.999343e-01   5.000369e-01
   3.632872e-01   7.405813e-01   4.925368e-01   4.999474e-01   4.999820e-01   5.000146e-01   5.000318e-01   4.999838e-01   5.000236e-01   4.998365e-01   4.999539e-01   4.999380e-01   5.000367e-01
   1.670811e-01   3.940559e-01   5.105548e-01   4.999475e-01   4.999814e-01   5.000160e-01   5.000326e-01   4.999836e-01   5.000231e-01   4.998409e-01   4.999538e-01   4.999542e-01   5.000367e-01
   1.672632e-01   3.624707e-01   7.765274e-01   4.999473e-01   4.999806e-01   5.000178e-01   5.000321e-01   4.999773e-01   5.000233e-01   4.998127e-01   4.999549e-01   4.999511e-01   5.000418e-01
   3.250578e-01   3.771906e-01   0.000000e+00   4.999474e-01   4.999808e-01   5.000154e-01   5.000320e-01   4.999838e-01   5.000264e-01   4.998299e-01   4.999541e-01   4.999502e-01   5.000366e-01
   1.490322e-01   5.963482e-01   7.126974e-01   4.999486e-01   4.999783e-01   5.000131e-01   5.000319e-01   4.999828e-01   5.000234e-01   4.998409e-01   4.999570e-01   4.999510e-01   5.000370e-01
   1.453949e-01   3.731250e-01   1.871615e-01   5.000126e-01   4.999817e-01   5.000138e-01   5.000320e-01   4.999837e-01   5.000230e-01   5.000130e-01   5.000007e-01   4.999536e-01   5.000366e-01
   0.000000e+00   4.850014e-01   2.054922e-01   5.000095e-01   4.999816e-01   5.000139e-01   5.000332e-01   4.999842e-01   5.000235e-01   5.000076e-01   5.000040e-01   4.999534e-01   5.000366e-01
   3.387164e-01   1.823192e-01   2.071520e-01   5.000172e-01   4.999811e-01   5.000139e-01   5.000320e-01   4.999842e-01   5.000232e-01   5.000220e-01   4.999959e-01   4.999543e-01   5.000366e-01
   5.897347e-01   2.539402e-01   7.164848e-01   5.000121e-01   4.999805e-01   5.000144e-01   5.000322e-01   4.999839e-01   5.000233e-01   4.998364e-01   4.999943e-01   4.999987e-01   5.000367e-01
   1.492558e-01   0.000000e+00   4.996211e-01   5.000103e-01   4.999818e-01   5.000147e-01   5.000320e-01   4.999836e-01   5.000230e-01   5.000077e-01   5.000028e-01   4.999516e-01   5.000367e-01
   4.823960e-01   2.056520e-01   1.000000e+00   5.000192e-01   4.999809e-01   5.000134e-01   5.000319e-01   4.999832e-01   5.000235e-01   5.000035e-01   4.999548e-01   4.999957e-01   5.000366e-01
   4.834489e-01   0.000000e+00   2.054182e-01   5.000080e-01   4.999814e-01   5.000131e-01   5.000322e-01   4.999835e-01   5.000234e-01   5.000037e-01   5.000018e-01   4.999990e-01   5.000366e-01
   5.111480e-01   4.959999e-01   1.000000e+00   5.000257e-01   4.999804e-01   5.000130e-01   5.000333e-01   4.999828e-01   5.000238e-01   5.000011e-01   4.999947e-01   4.999536e-01   5.000369e-01
   0.000000e+00   5.180141e-01   4.945845e-01   5.000092e-01   4.999816e-01   5.000130e-01   5.000322e-01   4.999842e-01   5.000234e-01   5.000076e-01   5.000088e-01   4.999517e-01   5.000367e-01
   1.472410e-01   4.997000e-01   1.000000e+00   5.000085e-01   4.999817e-01   5.000129e-01   5.000319e-01   4.999841e-01   5.000234e-01   5.000198e-01   4.999947e-01   4.999993e-01   5.000367e-01
   6.758684e-01   7.048842e-01   1.000000e+00   4.999530e-01   4.999803e-01   5.000131e-01   5.000320e-01   4.999839e-01   5.000234e-01   5.000081e-01   4.999966e-01   5.000010e-01   5.000368e-01
   0.000000e+00   3.182732e-01   3.718406e-01   5.000113e-01   4.999814e-01   5.000129e-01   5.000319e-01   4.999828e-01   5.000229e-01   5.000034e-01   4.999956e-01   4.999552e-01   5.000366e-01
   0.000000e+00   0.000000e+00   4.097577e-01   5.000081e-01   4.999818e-01   5.000130e-01   5.000317e-01   4.999842e-01   5.000230e-01   5.000072e-01   4.999954e-01   4.999990e-01   5.000366e-01
   0.000000e+00   2.420378e-01   0.000000e+00   5.000069e-01   4.999818e-01   5.000129e-01   5.000320e-01   4.999843e-01   5.000233e-01   5.000034e-01   5.000008e-01   5.000005e-01   5.000366e-01
   3.600220e-01   2.420378e-01   7.659201e-01   5.000097e-01   4.999700e-01   5.000132e-01   5.000329e-01   4.999841e-01   5.000235e-01   5.000074e-01   4.999971e-01   4.999991e-01   5.000366e-01
   3.317784e-01   4.726384e-01   1.871615e-01   5.000126e-01   4.999817e-01   5.000138e-01   5.000320e-01   4.999837e-01   5.000230e-01   5.000086e-01   5.000325e-01   4.999503e-01   5.000382e-01
   0.000000e+00   8.254830e-01   4.982418e-01   5.000044e-01   4.999818e-01   5.000130e-01   5.000320e-01   4.999843e-01   5.000230e-01   5.000034e-01   5.000018e-01   4.999963e-01   5.000366e-01
   1.398049e-01   0.000000e+00   2.955614e-01   5.000114e-01   4.999817e-01   5.000140e-01   5.000320e-01   4.999841e-01   5.000234e-01   5.000031e-01   4.999966e-01   4.999555e-01   5.000366e-01
   0.000000e+00   4.095707e-01   1.000000e+00   5.000042e-01   4.999819e-01   5.000130e-01   5.000320e-01   4.999841e-01   5.000234e-01   5.000050e-01   4.999945e-01   4.999967e-01   5.000366e-01
   0.000000e+00   3.266211e-01   6.203549e-01   5.000077e-01   4.999819e-01   5.000130e-01   5.000319e-01   4.999840e-01   5.000234e-01   5.000035e-01   4.999970e-01   4.999962e-01   5.000367e-01
   0.000000e+00   5.908392e-01   0.000000e+00   5.000045e-01   4.999817e-01   5.000129e-01   5.000320e-01   4.999837e-01   5.000230e-01   5.000034e-01   5.000007e-01   4.999990e-01   5.000366e-01
   0.000000e+00   6.752531e-01   7.052529e-01   5.000083e-01   4.999815e-01   5.000139e-01   5.000320e-01   4.999839e-01   5.000229e-01   5.000074e-01   4.999956e-01   4.999995e-01   5.000367e-01
   0.000000e+00   1.400212e-01   7.047529e-01   5.000041e-01   4.999818e-01   5.000138e-01   5.000317e-01   4.999835e-01   5.000229e-01   5.000191e-01   4.999971e-01   4.999989e-01   5.000367e-01
   1.434208e-01   7.882449e-01   4.980307e-01   5.000072e-01   4.999817e-01   5.000139e-01   5.000322e-01   4.999839e-01   5.000230e-01   5.000070e-01   4.999936e-01   4.999989e-01   5.000367e-01
   2.875685e-01   0.000000e+00   1.560294e-01   5.000074e-01   4.999814e-01   5.000129e-01   5.000317e-01   4.999836e-01   5.000234e-01   5.000069e-01   4.999618e-01   4.999937e-01   5.000367e-01
   0.000000e+00   2.866528e-01   8.436921e-01   5.000081e-01   4.999819e-01   5.000139e-01   5.000317e-01   4.999841e-01   5.000234e-01   5.000035e-01   5.000048e-01   4.999537e-01   5.000366e-01
   1.473703e-01   4.991216e-01   0.000000e+00   5.000095e-01   4.999811e-01   5.000136e-01   5.000320e-01   4.999842e-01   5.000229e-01   5.000056e-01   5.000017e-01   4.999992e-01   5.000367e-01
   3.387164e-01   1.823192e-01   4.942702e-01   5.000172e-01   4.999817e-01   5.000139e-01   5.000320e-01   4.999842e-01   5.000232e-01   5.000081e-01   4.999959e-01   4.999543e-01   5.000366e-01
   0.000000e+00   4.846465e-01   7.963014e-01   5.000073e-01   4.999818e-01   5.000138e-01   5.000319e-01   4.999843e-01   5.000229e-01   5.000163e-01   4.999947e-01   4.999525e-01   5.000367e-01
   0.000000e+00   8.950807e-01   0.000000e+00   5.000045e-01   4.999818e-01   5.000130e-01   5.000317e-01   4.999843e-01   5.000230e-01   5.000034e-01   4.999966e-01   4.999984e-01   5.000366e-01
   1.233895e-01   0.000000e+00   8.769594e-01   5.000087e-01   4.999815e-01   5.000130e-01   5.000334e-01   4.999841e-01   5.000229e-01   5.000071e-01   5.000011e-01   5.000039e-01   5.000365e-01
   0.000000e+00   1.402547e-01   2.931953e-01   5.000078e-01   4.999814e-01   5.000129e-01   5.000317e-01   4.999841e-01   5.000233e-01   5.000032e-01   5.000006e-01   4.999538e-01   5.000366e-01
   5.223137e-01   0.000000e+00   4.983023e-01   5.000092e-01   4.999817e-01   5.000131e-01   5.000322e-01   4.999843e-01   5.000234e-01   5.000083e-01   5.000018e-01   4.999496e-01   5.000366e-01
   7.577116e-01   0.000000e+00   0.000000e+00   5.000082e-01   4.999817e-01   5.000131e-01   5.000319e-01   4.999843e-01   5.000230e-01   5.000035e-01   4.999962e-01   5.000004e-01   5.000365e-01
   1.233877e-01   1.257657e-01   0.000000e+00   5.000047e-01   4.999818e-01   5.000131e-01   5.000318e-01   4.999836e-01   5.000230e-01   5.000035e-01   4.999952e-01   4.999930e-01   5.000368e-01
   1.234070e-01   8.744499e-01   0.000000e+00   5.000068e-01   4.999817e-01   5.000130e-01   5.000320e-01   4.999844e-01   5.000230e-01   5.000035e-01   4.999963e-01   4.999990e-01   5.000365e-01
   0.000000e+00   1.493541e-01   4.998324e-01   5.000069e-01   4.999811e-01   5.000147e-01   5.000319e-01   4.999832e-01   5.000229e-01   5.000052e-01   4.999974e-01   4.999954e-01   5.000366e-01
   5.182616e-01   4.991157e-01   0.000000e+00   5.000045e-01   4.999811e-01   5.000144e-01   5.000319e-01   4.999842e-01   5.000229e-01   5.000053e-01   4.999952e-01   4.999539e-01   5.000367e-01
   1.474636e-01   1.570910e-01   1.557326e-01   5.000178e-01   4.999818e-01   5.000131e-01   5.000317e-01   4.999843e-01   5.000230e-01   5.000029e-01   4.999965e-01   4.999972e-01   5.000367e-01
   0.000000e+00   1.052207e-01   0.000000e+00   5.000042e-01   4.999819e-01   5.000137e-01   5.000318e-01   4.999841e-01   5.000234e-01   5.000034e-01   4.999972e-01   4.999961e-01   5.000366e-01
   5.904116e-01   1.000000e+00   0.000000e+00   5.000045e-01   4.999814e-01   5.000139e-01   5.000320e-01   4.999842e-01   5.000230e-01   5.000083e-01   4.999952e-01   5.000006e-01   5.000367e-01
   4.095729e-01   1.000000e+00   1.368937e-01   5.000083e-01   4.999818e-01   5.000127e-01   5.000319e-01   4.999839e-01   5.000229e-01   5.000046e-01   5.000019e-01   5.000001e-01   5.000367e-01
   6.763087e-01   0.000000e+00   7.050081e-01   5.000071e-01   4.999819e-01   5.000141e-01   5.000317e-01   4.999842e-01   5.000230e-01   5.000088e-01   4.999970e-01   4.999993e-01   5.000367e-01
   5.905622e-01   0.000000e+00   1.000000e+00   5.000042e-01   4.999819e-01   5.000129e-01   5.000319e-01   4.999841e-01   5.000229e-01   5.000028e-01   4.999970e-01   4.999983e-01   5.000366e-01
   3.213919e-01   6.264031e-01   0.000000e+00   5.000074e-01   4.999819e-01   5.000138e-01   5.000319e-01   4.999828e-01   5.000234e-01   5.000034e-01   4.999545e-01   4.999936e-01   5.000365e-01
   4.837444e-01   7.943313e-01   1.000000e+00   5.000046e-01   4.999810e-01   5.000127e-01   5.000320e-01   4.999839e-01   5.000230e-01   5.000035e-01   4.999953e-01   4.999991e-01   5.000367e-01
   6.758507e-01   7.041314e-01   0.000000e+00   5.000176e-01   4.999815e-01   5.000137e-01   5.000320e-01   4.999841e-01   5.000234e-01   5.000035e-01   4.999968e-01   4.999929e-01   5.000366e-01
   8.242619e-01   0.000000e+00   5.001100e-01   5.000076e-01   4.999819e-01   5.000130e-01   5.000319e-01   4.999840e-01   5.000234e-01   5.000035e-01   4.999967e-01   4.999997e-01   5.000367e-01
   3.231850e-01   3.771906e-01   1.000000e+00   4.999523e-01   4.999803e-01   5.000153e-01   5.000320e-01   4.999839e-01   5.000234e-01   4.998299e-01   5.000329e-01   4.999509e-01   5.000382e-01
   0.000000e+00   0.000000e+00   8.948803e-01   5.000042e-01   4.999818e-01   5.000137e-01   5.000317e-01   4.999842e-01   5.000230e-01   5.000031e-01   5.000019e-01   4.999959e-01   5.000366e-01
   3.222265e-01   0.000000e+00   6.261774e-01   5.000049e-01   4.999818e-01   5.000129e-01   5.000318e-01   4.999843e-01   5.000234e-01   5.000171e-01   4.999958e-01   4.999985e-01   5.000367e-01
   0.000000e+00   2.876058e-01   1.558930e-01   5.000081e-01   4.999818e-01   5.000129e-01   5.000317e-01   4.999836e-01   5.000229e-01   5.000036e-01   5.000012e-01   4.999989e-01   5.000367e-01
   0.000000e+00   7.578316e-01   1.000000e+00   5.000073e-01   4.999819e-01   5.000128e-01   5.000317e-01   4.999841e-01   5.000230e-01   5.000034e-01   5.000009e-01   4.999963e-01   5.000365e-01
   2.877957e-01   1.560693e-01   0.000000e+00   5.000043e-01   4.999818e-01   5.000147e-01   5.000322e-01   4.999836e-01   5.000230e-01   5.000070e-01   4.999974e-01   4.999560e-01   5.000366e-01
   8.242442e-01   4.994422e-01   0.000000e+00   5.000046e-01   4.999817e-01   5.000128e-01   5.000318e-01   4.999843e-01   5.000230e-01   5.000034e-01   4.999975e-01   4.999989e-01   5.000367e-01
   8.948612e-01   0.000000e+00   0.000000e+00   5.000045e-01   4.999818e-01   5.000130e-01   5.000318e-01   4.999843e-01   5.000230e-01   5.000034e-01   4.999922e-01   4.999986e-01   5.000366e-01
   1.455720e-01   1.578008e-01   6.058290e-01   5.000151e-01   4.999819e-01   5.000129e-01   5.000319e-01   4.999841e-01   5.000229e-01   5.000028e-01   5.000401e-01   4.999985e-01   5.000368e-01
   0.000000e+00   1.000000e+00   0.000000e+00   5.000045e-01   4.999819e-01   5.000130e-01   5.000318e-01   4.999843e-01   5.000230e-01   5.000034e-01   5.000011e-01   5.000002e-01   5.000366e-01
   1.397102e-01   0.000000e+00   7.047529e-01   5.000041e-01   4.999818e-01   5.000140e-01   5.000320e-01   4.999837e-01   5.000229e-01   5.000038e-01   4.999616e-01   5.000001e-01   5.000367e-01
   1.504601e-01   5.938888e-01   2.892723e-01   5.000085e-01   4.999815e-01   5.000120e-01   5.000319e-01   4.999840e-01   5.000240e-01   5.000067e-01   4.999515e-01   4.999510e-01   5.000366e-01
   5.904116e-01   0.000000e+00   0.000000e+00   5.000041e-01   4.999817e-01   5.000137e-01   5.000317e-01   4.999841e-01   5.000234e-01   5.000031e-01   5.000021e-01   4.999990e-01   5.000366e-01
   0.000000e+00   1.232000e-01   1.256281e-01   5.000041e-01   4.999819e-01   5.000129e-01   5.000320e-01   4.999843e-01   5.000229e-01   5.000032e-01   4.999972e-01   4.999985e-01   5.000367e-01
   3.241848e-01   6.255518e-01   9.999999e-01   5.000061e-01   4.999803e-01   5.000130e-01   5.000320e-01   4.999843e-01   5.000232e-01   5.000033e-01   4.999966e-01   5.000011e-01   5.000366e-01
   4.834284e-01   2.015689e-01   0.000000e+00   5.000042e-01   4.999808e-01   5.000130e-01   5.000319e-01   4.999843e-01   5.000234e-01   5.000027e-01   4.999970e-01   4.999981e-01   5.000365e-01
   3.213576e-01   0.000000e+00   3.722730e-01   5.000043e-01   4.999818e-01   5.000138e-01   5.000318e-01   4.999844e-01   5.000234e-01   5.000051e-01   4.999938e-01   4.999922e-01   5.000366e-01
   1.402049e-01   7.041259e-01   0.000000e+00   5.000100e-01   4.999815e-01   5.000130e-01   5.000318e-01   4.999841e-01   5.000230e-01   5.000052e-01   5.000011e-01   4.999989e-01   5.000365e-01
   1.051353e-01   1.000000e+00   5.125393e-01   5.000103e-01   4.999818e-01   5.000129e-01   5.000322e-01   4.999836e-01   5.000230e-01   5.000077e-01   5.000012e-01   5.000005e-01   5.000367e-01
   2.877129e-01   1.558723e-01   9.999996e-01   5.000042e-01   4.999818e-01   5.000132e-01   5.000318e-01   4.999839e-01   5.000230e-01   5.000027e-01   5.000020e-01   4.999984e-01   5.000368e-01
   1.000000e+00   5.008918e-01   9.868682e-01   5.000040e-01   4.999818e-01   5.000130e-01   5.000317e-01   4.999844e-01   5.000230e-01   5.000031e-01   5.000009e-01   4.999997e-01   5.000366e-01
   1.398369e-01   7.041259e-01   9.999983e-01   5.000178e-01   4.999815e-01   5.000129e-01   5.000318e-01   4.999843e-01   5.000230e-01   5.000086e-01   4.999928e-01   4.999963e-01   5.000366e-01
   7.576608e-01   1.000000e+00   5.822494e-04   5.000046e-01   4.999819e-01   5.000130e-01   5.000318e-01   4.999843e-01   5.000230e-01   5.000069e-01   4.999944e-01   4.999990e-01   5.000367e-01
   6.746848e-01   5.186977e-05   2.952979e-01   5.000175e-01   4.999811e-01   5.000129e-01   5.000318e-01   4.999841e-01   5.000233e-01   5.000025e-01   4.999947e-01   4.999539e-01   5.000366e-01
   0.000000e+00   0.000000e+00   7.577771e-01   5.000042e-01   4.999818e-01   5.000129e-01   5.000318e-01   4.999839e-01   5.000229e-01   5.000028e-01   4.999945e-01   4.999983e-01   5.000366e-01
   1.404407e-01   2.951763e-01   0.000000e+00   5.000042e-01   4.999817e-01   5.000130e-01   5.000318e-01   4.999841e-01   5.000230e-01   5.000037e-01   5.000009e-01   4.999990e-01   5.000365e-01
   0.000000e+00   0.000000e+00   1.050394e-01   5.000044e-01   4.999811e-01   5.000130e-01   5.000320e-01   4.999842e-01   5.000230e-01   5.000035e-01   5.000005e-01   4.999985e-01   5.000366e-01
   0.000000e+00   5.908392e-01   1.000000e+00   5.000042e-01   4.999817e-01   5.000131e-01   5.000317e-01   4.999844e-01   5.000230e-01   5.000032e-01   5.000006e-01   4.999989e-01   5.000367e-01
   1.221365e-01   0.000000e+00   1.264076e-01   5.000041e-01   4.999818e-01   5.000130e-01   5.000317e-01   4.999841e-01   5.000230e-01   5.000036e-01   4.999957e-01   5.000001e-01   5.000367e-01
   8.948612e-01   1.000000e+00   2.746271e-03   5.000043e-01   4.999818e-01   5.000129e-01   5.000318e-01   4.999843e-01   5.000230e-01   5.000032e-01   4.999953e-01   5.000004e-01   5.000366e-01
   4.847696e-01   7.943313e-01   0.000000e+00   5.000114e-01   4.999817e-01   5.000135e-01   5.000319e-01   4.999829e-01   5.000234e-01   5.000036e-01   5.000013e-01   4.999977e-01   5.000367e-01
   5.705530e-01   6.073875e-01   6.171536e-01   4.999474e-01   4.999818e-01   5.000250e-01   5.000329e-01   4.999842e-01   5.000233e-01   5.000041e-01   5.000024e-01   4.999963e-01   5.000366e-01
   2.423012e-01   0.000000e+00   0.000000e+00   5.000042e-01   4.999818e-01   5.000138e-01   5.000318e-01   4.999843e-01   5.000230e-01   5.000070e-01   4.999955e-01   4.999996e-01   5.000366e-01
   0.000000e+00   6.741662e-01   2.933494e-01   5.000046e-01   4.999819e-01   5.000128e-01   5.000320e-01   4.999841e-01   5.000230e-01   5.000092e-01   5.000049e-01   4.999532e-01   5.000366e-01
   2.872357e-01   8.432666e-01   0.000000e+00   5.000041e-01   4.999813e-01   5.000129e-01   5.000320e-01   4.999842e-01   5.000240e-01   5.000032e-01   4.999937e-01   4.999534e-01   5.000366e-01
   0.000000e+00   4.095707e-01   0.000000e+00   5.000042e-01   4.999818e-01   5.000130e-01   5.000317e-01   4.999844e-01   5.000230e-01   5.000054e-01   4.999944e-01   4.999997e-01   5.000366e-01
   2.423429e-01   1.000000e+00   1.000000e+00   5.000042e-01   4.999818e-01   5.000130e-01   5.000318e-01   4.999843e-01   5.000230e-01   5.000034e-01   5.000007e-01   4.999990e-01   5.000366e-01
   4.095875e-01   0.000000e+00   1.000000e+00   5.000040e-01   4.999815e-01   5.000130e-01   5.000317e-01   4.999839e-01   5.000233e-01   5.000031e-01   5.000009e-01   4.999980e-01   5.000366e-01
   1.231058e-01   1.258492e-01   1.000000e+00   5.000042e-01   4.999817e-01   5.000138e-01   5.000319e-01   4.999837e-01   5.000230e-01   5.000096e-01   4.999950e-01   4.999558e-01   5.000366e-01
   0.000000e+00   8.946768e-01   1.000000e+00   5.000043e-01   4.999819e-01   5.000129e-01   5.000320e-01   4.999844e-01   5.000230e-01   5.000028e-01   5.000019e-01   4.999984e-01   5.000366e-01
   0.000000e+00   2.422905e-01   1.000000e+00   5.000070e-01   4.999817e-01   5.000130e-01   5.000320e-01   4.999841e-01   5.000230e-01   5.000050e-01   5.000007e-01   5.000005e-01   5.000366e-01
   1.470983e-01   1.517342e-01   8.413655e-01   5.000066e-01   4.999815e-01   5.000129e-01   5.000319e-01   4.999843e-01   5.000236e-01   5.000087e-01   5.000047e-01   4.999534e-01   5.000365e-01
   0.000000e+00   0.000000e+00   2.423346e-01   5.000043e-01   4.999817e-01   5.000129e-01   5.000318e-01   4.999844e-01   5.000233e-01   5.000051e-01   5.000011e-01   5.000005e-01   5.000366e-01
   0.000000e+00   7.578316e-01   0.000000e+00   5.000073e-01   4.999819e-01   5.000130e-01   5.000317e-01   4.999841e-01   5.000230e-01   5.000034e-01   5.000009e-01   4.999963e-01   5.000365e-01
   0.000000e+00   0.000000e+00   1.000000e+00   5.000040e-01   4.999818e-01   5.000128e-01   5.000317e-01   4.999844e-01   5.000230e-01   5.000034e-01   5.000007e-01   4.999990e-01   5.000366e-01
   6.757973e-01   2.948085e-01   1.000000e+00   5.000071e-01   4.999811e-01   5.000130e-01   5.000318e-01   4.999841e-01   5.000238e-01   5.000031e-01   4.999942e-01   4.999990e-01   5.000366e-01
   4.097914e-01   0.000000e+00   0.000000e+00   5.000096e-01   4.999818e-01   5.000130e-01   5.000320e-01   4.999841e-01   5.000229e-01   5.000094e-01   4.999970e-01   4.999965e-01   5.000366e-01
   1.052874e-01   0.000000e+00   1.000000e+00   5.000043e-01   4.999818e-01   5.000130e-01   5.000317e-01   4.999844e-01   5.000230e-01   5.000036e-01   4.999968e-01   4.999990e-01   5.000365e-01
   0.000000e+00   0.000000e+00   5.906634e-01   5.000045e-01   4.999818e-01   5.000130e-01   5.000319e-01   4.999841e-01   5.000230e-01   5.000034e-01   4.999968e-01   5.000002e-01   5.000366e-01
   4.834749e-01   0.000000e+00   7.973616e-01   5.000080e-01   4.999814e-01   5.000131e-01   5.000320e-01   4.999835e-01   5.000234e-01   5.000046e-01   5.000005e-01   4.999966e-01   5.000366e-01
   7.410520e-01   3.965519e-01   5.031874e-01   5.000091e-01   4.999819e-01   5.000130e-01   5.000319e-01   4.999841e-01   5.000234e-01   5.000096e-01   4.999968e-01   4.999997e-01   5.000366e-01
   0.000000e+00   1.051894e-01   1.000000e+00   5.000041e-01   4.999818e-01   5.000130e-01   5.000318e-01   4.999841e-01   5.000230e-01   5.000036e-01   4.999946e-01   5.000007e-01   5.000366e-01
   0.000000e+00   1.232087e-01   8.744322e-01   5.000081e-01   4.999818e-01   5.000129e-01   5.000319e-01   4.999837e-01   5.000229e-01   5.000031e-01   5.000007e-01   4.999953e-01   5.000366e-01
   1.053713e-01   0.000000e+00   0.000000e+00   5.000087e-01   4.999815e-01   5.000129e-01   5.000319e-01   4.999843e-01   5.000235e-01   5.000070e-01   4.999968e-01   4.999998e-01   5.000366e-01
   1.501006e-01   1.619696e-01   4.068685e-01   5.000083e-01   4.999817e-01   5.000146e-01   5.000319e-01   4.999843e-01   5.000230e-01   5.000029e-01   4.999586e-01   4.999533e-01   5.000366e-01
   1.234163e-01   8.744498e-01   1.000000e+00   5.000040e-01   4.999818e-01   5.000130e-01   5.000317e-01   4.999841e-01   5.000234e-01   5.000037e-01   4.999945e-01   4.999994e-01   5.000367e-01
   0.000000e+00   0.000000e+00   0.000000e+00   5.000045e-01   4.999817e-01   5.000128e-01   5.000318e-01   4.999843e-01   5.000230e-01   5.000034e-01   5.000007e-01   4.999990e-01   5.000366e-01
   6.757973e-01   2.948085e-01   0.000000e+00   5.000067e-01   4.999811e-01   5.000131e-01   5.000322e-01   4.999836e-01   5.000237e-01   5.000031e-01   4.999974e-01   4.999927e-01   5.000366e-01
   7.577116e-01   0.000000e+00   1.000000e+00   5.000044e-01   4.999818e-01   5.000130e-01   5.000318e-01   4.999840e-01   5.000230e-01   5.000035e-01   4.999969e-01   5.000006e-01   5.000366e-01
   8.242442e-01   4.994422e-01   1.000000e+00   5.000045e-01   4.999817e-01   5.000128e-01   5.000318e-01   4.999840e-01   5.000230e-01   5.000034e-01   4.999975e-01   4.999989e-01   5.000367e-01
   8.948612e-01   0.000000e+00   1.000000e+00   5.000043e-01   4.999818e-01   5.000128e-01   5.000317e-01   4.999841e-01   5.000230e-01   5.000035e-01   5.000007e-01   4.999985e-01   5.000365e-01
   1.404407e-01   2.951763e-01   1.000000e+00   5.000069e-01   4.999811e-01   5.000130e-01   5.000319e-01   4.999837e-01   5.000234e-01   5.000031e-01   5.000005e-01   4.999991e-01   5.000366e-01
   2.418469e-01   0.000000e+00   1.000000e+00   5.000046e-01   4.999814e-01   5.000130e-01   5.000319e-01   4.999839e-01   5.000234e-01   5.000034e-01   5.000011e-01   4.999990e-01   5.000366e-01
   2.873558e-01   0.000000e+00   8.436775e-01   5.000042e-01   4.999806e-01   5.000138e-01   5.000319e-01   4.999829e-01   5.000230e-01   5.000064e-01   5.000007e-01   4.999989e-01   5.000366e-01
   2.872970e-01   8.447380e-01   1.000000e+00   5.000067e-01   4.999818e-01   5.000129e-01   5.000319e-01   4.999843e-01   5.000234e-01   5.000034e-01   5.000006e-01   4.999989e-01   5.000366e-01
   5.875670e-01   2.410456e-01   2.859585e-01   5.000040e-01   4.999805e-01   5.000139e-01   5.000324e-01   4.999841e-01   5.000234e-01   5.000037e-01   4.999595e-01   4.999518e-01   5.000366e-01
