   7.143363e-01   2.005189e-01   9.996276e-01   4.999451e-01   4.997892e-01   4.999691e-01   5.001814e-01   4.999953e-01
   8.557103e-01   1.000000e+00   6.665946e-01   4.999641e-01   5.000012e-01   4.999720e-01   5.000257e-01   5.000667e-01
   1.000000e+00   7.158868e-01   3.967185e-01   4.999650e-01   4.997889e-01   4.999705e-01   5.001857e-01   4.999933e-01
   7.153185e-01   2.005189e-01   0.000000e+00   4.999631e-01   4.997892e-01   4.999722e-01   5.001903e-01   4.999953e-01
   1.000000e+00   7.156252e-01   7.983526e-01   4.999649e-01   4.997886e-01   4.999719e-01   5.000276e-01   4.999972e-01
   7.143375e-01   1.000000e+00   8.001869e-01   4.999410e-01   5.000145e-01   4.999723e-01   5.001814e-01   4.999953e-01
   7.140839e-01   4.002406e-01   5.019973e-01   4.999622e-01   5.000289e-01   4.999711e-01   4.999989e-01   4.999957e-01
   1.000000e+00   8.575523e-01   3.330043e-01   4.999652e-01   5.000247e-01   4.999720e-01   4.999987e-01   4.999948e-01
   1.000000e+00   7.144167e-01   6.000971e-01   4.999387e-01   4.997892e-01   4.999716e-01   4.999973e-01   4.999953e-01
   7.140419e-01   5.982417e-01   6.659778e-01   4.999655e-01   5.000257e-01   4.999721e-01   4.999994e-01   4.999950e-01
   2.856007e-01   4.999836e-01   0.000000e+00   4.999673e-01   5.000195e-01   4.999721e-01   4.999999e-01   4.999951e-01
   7.143359e-01   1.000000e+00   5.995859e-01   4.999655e-01   4.999995e-01   4.999727e-01   4.999999e-01   4.999962e-01
   7.142500e-01   1.000000e+00   1.000000e+00   4.999651e-01   5.000179e-01   4.999721e-01   4.999993e-01   4.999962e-01
   1.000000e+00   5.699093e-01   2.471701e-01   4.999453e-01   5.000207e-01   4.999729e-01   5.000093e-01   5.000841e-01
   4.288604e-01   9.994663e-01   1.000000e+00   4.999677e-01   4.999991e-01   4.999729e-01   4.999979e-01   4.999949e-01
   5.715428e-01   9.999953e-01   7.194019e-05   4.999653e-01   4.999999e-01   4.999722e-01   4.999994e-01   4.999957e-01
   5.715452e-01   1.000000e+00   7.508714e-01   4.999656e-01   4.999984e-01   4.999719e-01   4.999983e-01   4.999939e-01
   8.571987e-01   1.000000e+00   1.674351e-01   4.999653e-01   4.999996e-01   4.999692e-01   4.999999e-01   4.999959e-01
   4.285437e-01   9.991498e-01   3.341470e-01   4.999656e-01   5.000197e-01   4.999727e-01   4.999979e-01   4.999971e-01
   1.000000e+00   4.285684e-01   6.659315e-01   4.999656e-01   4.999993e-01   4.999728e-01   4.999990e-01   4.999972e-01
   8.571648e-01   6.663940e-01   0.000000e+00   4.999656e-01   5.000010e-01   4.999721e-01   4.999998e-01   4.999972e-01
   8.572888e-01   8.334655e-01   1.997915e-01   4.999651e-01   5.000188e-01   4.999729e-01   4.999982e-01   4.999964e-01
   4.300428e-01   3.324818e-01   1.000000e+00   4.999650e-01   4.999991e-01   4.999727e-01   4.999994e-01   4.999946e-01
   7.143362e-01   6.007269e-01   1.000000e+00   4.999656e-01   4.999998e-01   4.999728e-01   4.999992e-01   4.999954e-01
   7.143612e-01   9.999954e-01   3.998752e-01   4.999655e-01   5.000204e-01   4.999728e-01   4.999971e-01   4.999971e-01
   7.144837e-01   8.002292e-01   7.488737e-01   4.999651e-01   5.000197e-01   4.999721e-01   4.999973e-01   4.999972e-01
   7.142530e-01   3.999489e-01   4.009893e-08   4.999673e-01   5.000003e-01   4.999728e-01   4.999995e-01   4.999971e-01
   1.430729e-01   1.000000e+00   9.985639e-01   4.999656e-01   4.999995e-01   4.999729e-01   4.999995e-01   4.999964e-01
   8.572343e-01   5.001240e-01   2.534428e-04   4.999677e-01   4.999996e-01   4.999728e-01   4.999972e-01   4.999971e-01
   7.140839e-01   4.002406e-01   9.996869e-01   4.999622e-01   4.999994e-01   4.999727e-01   4.999996e-01   4.999970e-01
   1.000000e+00   1.000000e+00   2.856826e-01   4.999677e-01   5.000004e-01   4.999720e-01   4.999998e-01   4.999957e-01
   8.572669e-01   1.000000e+00   3.335434e-01   4.999651e-01   5.000207e-01   4.999727e-01   4.999987e-01   4.999950e-01
   1.000000e+00   4.285685e-01   0.000000e+00   4.999656e-01   4.999993e-01   4.999729e-01   4.999951e-01   4.999971e-01
   8.572064e-01   4.999835e-01   9.999999e-01   4.999656e-01   5.000002e-01   4.999728e-01   4.999986e-01   4.999962e-01
   8.571674e-01   8.334973e-01   6.014189e-01   4.999657e-01   4.997822e-01   4.999664e-01   4.999987e-01   4.999972e-01
   5.715672e-01   1.000000e+00   2.500293e-01   4.999651e-01   5.000002e-01   4.999728e-01   4.999994e-01   4.999972e-01
   7.142570e-01   8.000225e-01   2.500154e-01   4.999656e-01   5.000188e-01   4.999728e-01   4.999994e-01   4.999960e-01
   5.720247e-01   7.490375e-01   3.338533e-01   4.999650e-01   4.997892e-01   4.999729e-01   5.001878e-01   4.999924e-01
   8.571455e-01   1.000000e+00   8.333668e-01   4.999680e-01   4.999997e-01   4.999728e-01   4.999994e-01   4.999964e-01
   8.571141e-01   1.668331e-01   9.998454e-01   4.999655e-01   4.999995e-01   4.999730e-01   4.999995e-01   4.999962e-01
   4.292055e-01   6.702472e-01   0.000000e+00   4.999673e-01   5.000009e-01   4.999727e-01   4.999971e-01   4.999972e-01
   4.260135e-01   6.671613e-01   4.996755e-01   4.999676e-01   5.000053e-01   4.999730e-01   5.000002e-01   4.999957e-01
   1.000000e+00   1.000000e+00   1.428331e-01   4.999657e-01   5.000003e-01   4.999730e-01   4.999993e-01   4.999971e-01
   1.000000e+00   1.000000e+00   7.143493e-01   4.999651e-01   4.999996e-01   4.999728e-01   4.999986e-01   4.999971e-01
   8.572348e-01   6.668478e-01   7.509920e-01   4.999655e-01   4.999978e-01   4.999730e-01   4.999984e-01   4.999964e-01
   1.000000e+00   5.714598e-01   7.503906e-01   4.999655e-01   5.000003e-01   4.999730e-01   5.000003e-01   4.999972e-01
   7.143352e-01   9.999991e-01   1.998698e-01   4.999650e-01   5.000203e-01   4.999721e-01   4.999978e-01   4.999960e-01
   1.000000e+00   1.427451e-01   1.000000e+00   4.999676e-01   5.000000e-01   4.999730e-01   4.999994e-01   4.999964e-01
   7.142892e-01   6.005834e-01   3.362315e-01   4.999655e-01   4.999993e-01   4.999728e-01   4.999986e-01   4.999960e-01
   8.573068e-01   8.343103e-01   3.997878e-01   4.999655e-01   4.999996e-01   4.999729e-01   4.999985e-01   4.999971e-01
   1.000000e+00   4.285685e-01   3.330356e-01   4.999656e-01   4.999993e-01   4.999728e-01   4.999950e-01   4.999971e-01
   4.288566e-01   6.668719e-01   1.000000e+00   4.999673e-01   5.000009e-01   4.999728e-01   4.999978e-01   4.999972e-01
   8.572676e-01   8.328945e-01   7.990363e-01   4.999656e-01   5.000003e-01   4.999728e-01   4.999994e-01   4.999963e-01
   4.287764e-01   9.998932e-01   6.657896e-01   4.999655e-01   5.000003e-01   4.999730e-01   4.999993e-01   4.999963e-01
   8.571141e-01   3.374293e-01   4.940636e-01   4.999651e-01   4.999995e-01   4.999730e-01   4.999995e-01   4.999957e-01
   1.000000e+00   9.999953e-01   5.726748e-01   4.999657e-01   4.999995e-01   4.999730e-01   4.999992e-01   4.999967e-01
   1.427643e-01   1.000000e+00   0.000000e+00   4.999680e-01   4.999993e-01   4.999730e-01   4.999992e-01   4.999972e-01
   8.571403e-01   6.664561e-01   2.493775e-01   4.999653e-01   4.999994e-01   4.999693e-01   5.000012e-01   4.999967e-01
   4.300428e-01   3.324818e-01   0.000000e+00   4.999648e-01   4.999991e-01   4.999727e-01   4.999994e-01   4.999946e-01
   7.140496e-01   8.002175e-01   5.006267e-01   4.999656e-01   5.000188e-01   4.999729e-01   5.000047e-01   4.999958e-01
   8.571464e-01   3.330530e-01   1.000000e+00   4.999651e-01   5.000014e-01   4.999727e-01   4.999972e-01   4.999972e-01
   5.711703e-01   4.997765e-01   0.000000e+00   4.999655e-01   4.999994e-01   4.999728e-01   4.999954e-01   4.999951e-01
   5.715414e-01   1.000000e+00   5.005850e-01   4.999658e-01   5.000002e-01   4.999729e-01   4.999995e-01   4.999972e-01
   8.571738e-01   6.664846e-01   5.000711e-01   4.999681e-01   5.000003e-01   4.999730e-01   5.000012e-01   4.999967e-01
   5.715291e-01   3.462368e-06   9.953302e-01   4.999676e-01   5.000007e-01   4.999729e-01   5.000002e-01   4.999963e-01
   1.000000e+00   8.571330e-01   1.000000e+00   4.999681e-01   4.999973e-01   4.999729e-01   4.999986e-01   4.999973e-01
   1.000000e+00   1.000000e+00   1.000000e+00   4.999680e-01   5.000001e-01   4.999729e-01   4.999993e-01   4.999972e-01
   1.000000e+00   8.571772e-01   1.664815e-01   4.999678e-01   5.000000e-01   4.999730e-01   4.999985e-01   4.999964e-01
   1.430615e-01   9.163131e-04   3.627722e-01   4.999656e-01   4.999998e-01   4.999729e-01   4.999995e-01   4.999963e-01
   8.570867e-01   3.329695e-01   0.000000e+00   4.999651e-01   5.000009e-01   4.999729e-01   4.999973e-01   4.999973e-01
   1.000000e+00   2.859134e-01   4.999555e-01   4.999656e-01   5.000013e-01   4.999730e-01   4.999999e-01   4.999964e-01
   2.856007e-01   4.999826e-01   1.000000e+00   4.999681e-01   5.000002e-01   4.999728e-01   4.999994e-01   4.999974e-01
   1.000000e+00   2.859134e-01   0.000000e+00   4.999676e-01   4.999994e-01   4.999730e-01   4.999985e-01   4.999972e-01
   4.288586e-01   9.994408e-01   4.236542e-04   4.999651e-01   4.999997e-01   4.999729e-01   4.999971e-01   4.999963e-01
   1.000000e+00   7.142570e-01   1.000000e+00   4.999656e-01   5.000003e-01   4.999730e-01   4.999999e-01   4.999963e-01
   4.290802e-01   1.473179e-03   4.980368e-01   4.999656e-01   5.000002e-01   4.999730e-01   4.999985e-01   4.999952e-01
   8.571648e-01   0.000000e+00   9.854057e-01   4.999657e-01   5.000003e-01   4.999729e-01   4.999998e-01   4.999963e-01
   1.000000e+00   8.571699e-01   8.332069e-01   4.999678e-01   4.999997e-01   4.999730e-01   4.999994e-01   4.999972e-01
   8.573725e-01   5.001253e-01   6.659768e-01   4.999677e-01   4.999996e-01   4.999722e-01   4.999995e-01   4.999963e-01
   2.856007e-01   1.000000e+00   0.000000e+00   4.999677e-01   5.000008e-01   4.999728e-01   4.999998e-01   4.999971e-01
   5.715428e-01   2.506835e-01   1.000000e+00   4.999656e-01   4.999993e-01   4.999729e-01   4.999994e-01   4.999963e-01
   1.000000e+00   4.285684e-01   1.000000e+00   4.999657e-01   5.000003e-01   4.999730e-01   4.999990e-01   4.999972e-01
   1.000000e+00   1.000000e+00   4.283259e-01   4.999673e-01   5.000009e-01   4.999730e-01   4.999992e-01   4.999972e-01
   1.000000e+00   5.722262e-01   4.999141e-01   4.999680e-01   4.999998e-01   4.999730e-01   4.999992e-01   4.999963e-01
   7.143606e-01   8.000559e-01   0.000000e+00   4.999656e-01   4.999989e-01   4.999728e-01   4.999954e-01   4.999963e-01
   7.142474e-01   8.000225e-01   1.000000e+00   4.999658e-01   5.000003e-01   4.999730e-01   4.999984e-01   4.999973e-01
   2.856007e-01   0.000000e+00   9.947746e-01   4.999677e-01   5.000004e-01   4.999728e-01   4.999998e-01   4.999971e-01
   8.571746e-01   1.000000e+00   0.000000e+00   4.999679e-01   5.000002e-01   4.999730e-01   4.999987e-01   4.999967e-01
   5.710744e-01   7.500973e-01   0.000000e+00   4.999674e-01   4.999994e-01   4.999730e-01   4.999994e-01   4.999967e-01
   7.142686e-01   1.000000e+00   0.000000e+00   4.999651e-01   5.000180e-01   4.999730e-01   4.999999e-01   4.999967e-01
   0.000000e+00   3.201497e-01   0.000000e+00   4.999681e-01   4.999993e-01   4.999729e-01   5.000001e-01   4.999974e-01
   5.711703e-01   4.997765e-01   1.000000e+00   4.999676e-01   4.999986e-01   4.999728e-01   4.999996e-01   4.999971e-01
   1.000000e+00   1.000000e+00   8.568516e-01   4.999656e-01   4.999996e-01   4.999730e-01   4.999999e-01   4.999971e-01
   8.571850e-01   1.000000e+00   5.000711e-01   4.999659e-01   5.000003e-01   4.999730e-01   4.999971e-01   4.999971e-01
   5.715414e-01   2.497672e-01   0.000000e+00   4.999656e-01   4.999993e-01   4.999730e-01   4.999993e-01   4.999964e-01
   1.000000e+00   1.427451e-01   0.000000e+00   4.999678e-01   4.999994e-01   4.999730e-01   4.999987e-01   4.999972e-01
   2.856007e-01   1.000000e+00   1.000000e+00   4.999673e-01   5.000008e-01   4.999728e-01   4.999999e-01   4.999972e-01
   8.571738e-01   6.667588e-01   1.000000e+00   4.999655e-01   5.000003e-01   4.999730e-01   5.000012e-01   4.999967e-01
   1.000000e+00   5.715292e-01   0.000000e+00   4.999657e-01   4.999995e-01   4.999730e-01   4.999999e-01   4.999962e-01
   1.000000e+00   7.142570e-01   0.000000e+00   4.999680e-01   4.999998e-01   4.999729e-01   4.999998e-01   4.999971e-01
   8.571849e-01   5.001240e-01   3.342889e-01   4.999677e-01   4.999996e-01   4.999727e-01   4.999971e-01   4.999971e-01
   7.140717e-01   5.995981e-01   0.000000e+00   4.999655e-01   5.000003e-01   4.999730e-01   4.999987e-01   4.999973e-01
   5.715324e-01   1.000000e+00   1.000000e+00   4.999676e-01   5.000003e-01   4.999730e-01   4.999992e-01   4.999971e-01
   1.000000e+00   5.714372e-01   1.000000e+00   4.999680e-01   5.000000e-01   4.999729e-01   4.999994e-01   4.999972e-01
   1.000000e+00   1.000000e+00   0.000000e+00   4.999680e-01   5.000001e-01   4.999729e-01   4.999998e-01   4.999971e-01
   2.856007e-01   1.000000e+00   5.000849e-01   4.999680e-01   5.000007e-01   4.999729e-01   5.000002e-01   4.999971e-01
   1.000000e+00   7.142570e-01   1.997727e-01   4.999678e-01   5.000008e-01   4.999720e-01   4.999993e-01   4.999967e-01
   7.142505e-01   0.000000e+00   7.389155e-01   4.999656e-01   5.000003e-01   4.999730e-01   4.999996e-01   4.999971e-01
   8.571455e-01   1.000000e+00   1.000000e+00   4.999657e-01   4.999994e-01   4.999730e-01   4.999973e-01   4.999963e-01
   5.715440e-01   7.500973e-01   1.000000e+00   4.999672e-01   4.999991e-01   4.999728e-01   4.999996e-01   4.999975e-01
   1.000000e+00   8.572813e-01   6.665558e-01   4.999650e-01   4.999997e-01   4.999729e-01   5.000002e-01   4.999963e-01
   5.715272e-01   7.500973e-01   6.661590e-01   4.999676e-01   5.000006e-01   4.999729e-01   4.999993e-01   4.999963e-01
   1.000000e+00   8.571330e-01   0.000000e+00   4.999680e-01   4.999975e-01   4.999729e-01   4.999998e-01   4.999971e-01
   8.571744e-01   8.333420e-01   1.000000e+00   4.999681e-01   4.999997e-01   4.999729e-01   4.999992e-01   4.999973e-01
   1.000000e+00   2.859134e-01   9.995399e-01   4.999676e-01   5.000003e-01   4.999730e-01   4.999984e-01   4.999971e-01
   1.000000e+00   8.568369e-01   4.996755e-01   4.999656e-01   4.999996e-01   4.999730e-01   4.999995e-01   4.999971e-01
   8.571746e-01   8.333245e-01   0.000000e+00   4.999655e-01   4.999995e-01   4.999730e-01   4.999987e-01   4.999967e-01
   5.699415e-01   4.990574e-01   5.003140e-01   4.999658e-01   5.000005e-01   4.999721e-01   5.000013e-01   4.999957e-01
   1.000000e+00   0.000000e+00   0.000000e+00   4.999678e-01   4.999997e-01   4.999730e-01   5.000002e-01   4.999972e-01
   8.576472e-01   1.668331e-01   0.000000e+00   4.999465e-01   5.000229e-01   4.999716e-01   4.999975e-01   4.999961e-01
