   9.844720e-01   4.182253e-04   9.831413e-01   2.323351e-01   1.000000e+00   4.899828e-01   5.137364e-01   5.514625e-01   4.970032e-01   5.302207e-01   4.687560e-01   4.018413e-01   5.013445e-01   4.980205e-01   4.964231e-01
   9.923086e-01   9.488717e-04   9.876356e-01   1.596958e-01   9.969826e-01   4.919811e-01   4.975183e-01   4.980336e-01   5.413654e-01   4.854060e-01   4.936839e-01   5.006262e-01   3.861652e-01   4.997269e-01   5.011919e-01
   9.972050e-01   5.014213e-05   9.912289e-01   2.504640e-01   9.927573e-01   4.892560e-01   5.128921e-01   4.958797e-01   4.870634e-01   4.795284e-01   5.591292e-01   5.347734e-01   5.017952e-01   4.968438e-01   4.968530e-01
   9.978162e-01   4.830646e-05   9.918722e-01   6.334331e-02   9.942489e-01   4.911024e-01   5.012524e-01   4.986331e-01   4.881417e-01   5.148383e-01   4.892119e-01   5.350238e-01   4.971910e-01   4.986866e-01   4.574090e-01
   9.972050e-01   3.947623e-04   9.912289e-01   2.504640e-01   9.877998e-01   4.892560e-01   5.128921e-01   4.958797e-01   4.953086e-01   4.789840e-01   5.591292e-01   5.347734e-01   5.017912e-01   4.968438e-01   4.968530e-01
   9.837845e-01   9.883250e-04   4.281453e-03   2.236290e-01   9.980631e-01   4.908745e-01   4.206572e-01   4.928449e-01   4.983909e-01   5.056658e-01   4.863836e-01   5.039386e-01   5.048705e-01   5.368964e-01   4.993003e-01
   9.950223e-01   3.550632e-05   1.363348e-02   9.364071e-02   9.866212e-01   4.362584e-01   4.979069e-01   4.967330e-01   5.348635e-01   5.200182e-01   4.824723e-01   4.760903e-01   5.097795e-01   5.068938e-01   4.449486e-01
   9.972050e-01   5.014213e-05   9.912289e-01   2.120037e-01   9.997449e-01   4.892560e-01   5.128921e-01   4.957885e-01   4.870493e-01   4.686584e-01   5.591946e-01   5.347734e-01   5.017952e-01   4.967256e-01   4.968533e-01
   9.939935e-01   3.547436e-04   0.000000e+00   8.953012e-02   9.997219e-01   5.156463e-01   4.980521e-01   4.460928e-01   5.372427e-01   5.045554e-01   5.435883e-01   5.039801e-01   5.116927e-01   4.963193e-01   4.964548e-01
   8.632116e-01   7.583539e-04   9.944177e-01   2.273607e-01   9.904775e-01   5.205587e-01   5.034774e-01   5.366945e-01   5.331845e-01   4.855842e-01   5.019856e-01   5.028900e-01   5.027110e-01   4.978530e-01   4.971312e-01
   3.292622e-02   1.110824e-03   3.107138e-02   8.820215e-02   9.841958e-01   4.865321e-01   4.947535e-01   4.943419e-01   4.553867e-01   5.056007e-01   5.104004e-01   5.040155e-01   5.006105e-01   4.818935e-01   4.988951e-01
   6.947185e-02   7.560473e-04   9.820252e-01   9.893062e-01   9.928484e-01   4.887606e-01   4.981308e-01   5.203875e-01   5.077400e-01   5.064364e-01   5.598104e-01   5.369145e-01   5.017368e-01   4.992647e-01   4.950295e-01
   9.978182e-01   6.635344e-04   9.918722e-01   1.000000e+00   9.970474e-01   4.863165e-01   5.010531e-01   4.982689e-01   4.531082e-01   5.148383e-01   4.892119e-01   5.350238e-01   4.971910e-01   4.986866e-01   4.573352e-01
   5.863866e-02   6.515277e-04   9.840620e-01   9.907446e-01   9.783073e-01   4.908758e-01   4.980139e-01   4.982468e-01   5.004009e-01   5.004693e-01   6.131882e-01   5.170800e-01   5.650930e-01   5.307993e-01   4.980087e-01
   9.915528e-01   7.730346e-04   9.103471e-02   6.967049e-02   9.901261e-01   5.182178e-01   5.124810e-01   4.661099e-01   5.031585e-01   5.066573e-01   5.204735e-01   5.036441e-01   4.862591e-01   4.991678e-01   4.927920e-01
   8.920506e-01   7.417664e-05   9.834583e-01   4.812069e-02   1.000000e+00   4.862806e-01   5.468786e-01   4.697794e-01   4.877047e-01   4.997181e-01   5.215525e-01   4.600480e-01   5.237160e-01   4.993899e-01   4.943541e-01
   9.944173e-01   2.096995e-06   9.853943e-01   2.271501e-01   1.000000e+00   5.107354e-01   4.994156e-01   4.986842e-01   5.084219e-01   5.326476e-01   4.903653e-01   4.707497e-01   5.122982e-01   4.810584e-01   4.972543e-01
   8.566180e-01   2.200482e-04   9.847480e-01   1.100585e-01   9.966286e-01   4.859871e-01   4.988496e-01   4.986017e-01   4.873624e-01   5.141293e-01   4.926297e-01   4.766626e-01   5.129414e-01   4.630545e-01   4.963702e-01
   9.972350e-01   0.000000e+00   0.000000e+00   2.829804e-01   9.953767e-01   5.114924e-01   5.479632e-01   5.056975e-01   4.980398e-01   5.093123e-01   4.903266e-01   4.639576e-01   5.052370e-01   4.959029e-01   4.905791e-01
   9.837483e-01   1.051167e-03   5.459592e-02   2.306388e-01   9.876013e-01   5.147171e-01   5.010412e-01   5.489299e-01   4.965404e-01   5.143353e-01   4.928478e-01   4.809345e-01   4.987145e-01   4.963692e-01   5.605315e-01
   9.957817e-01   3.947623e-04   0.000000e+00   2.504640e-01   9.877998e-01   4.892560e-01   5.137362e-01   4.958797e-01   5.626936e-01   4.789840e-01   5.589807e-01   5.054172e-01   5.017249e-01   4.845328e-01   4.968530e-01
   8.535746e-01   0.000000e+00   4.347036e-02   1.000000e+00   9.996648e-01   5.108246e-01   5.474680e-01   5.002165e-01   5.215280e-01   5.141601e-01   5.360019e-01   5.163442e-01   5.483664e-01   4.963461e-01   4.981678e-01
   9.933116e-01   3.374964e-05   9.912289e-01   1.301540e-01   7.246635e-01   4.892560e-01   5.128921e-01   4.385092e-01   4.870493e-01   4.686584e-01   5.593792e-01   5.347734e-01   5.018616e-01   4.967256e-01   4.967721e-01
   9.838108e-01   0.000000e+00   3.308146e-02   3.196174e-02   9.984298e-01   5.174980e-01   4.641779e-01   5.047005e-01   5.023271e-01   5.043309e-01   5.668322e-01   5.333606e-01   5.141690e-01   4.963193e-01   4.981835e-01
   8.569052e-01   2.626899e-05   9.945213e-01   6.065918e-02   9.997449e-01   4.487421e-01   4.689916e-01   4.957885e-01   4.870493e-01   4.686584e-01   5.496760e-01   5.019808e-01   5.017952e-01   5.016356e-01   4.968533e-01
   9.977612e-01   0.000000e+00   0.000000e+00   2.020390e-01   9.931422e-01   4.886765e-01   5.019874e-01   5.056975e-01   5.033815e-01   4.906421e-01   4.900883e-01   4.639576e-01   4.874824e-01   4.959042e-01   5.067730e-01
   9.663056e-02   1.139763e-05   5.837063e-02   9.955383e-01   9.848239e-01   4.911740e-01   4.983233e-01   4.698010e-01   4.879641e-01   5.064364e-01   4.831028e-01   5.020415e-01   5.731009e-01   5.345161e-01   4.967796e-01
   1.524348e-02   3.432974e-04   5.259930e-03   9.897923e-01   9.216340e-01   4.859470e-01   5.229301e-01   4.986959e-01   4.876373e-01   5.141293e-01   4.929277e-01   5.017550e-01   4.963184e-01   4.833837e-01   4.962947e-01
   9.935920e-01   3.798033e-04   9.984231e-01   3.397209e-02   9.998307e-01   5.117092e-01   4.383354e-01   5.052269e-01   4.979393e-01   6.134430e-01   5.497182e-01   4.523336e-01   4.884572e-01   5.067064e-01   4.953237e-01
   8.563894e-01   2.200482e-04   9.847480e-01   1.114701e-01   9.966286e-01   4.859871e-01   4.413215e-01   4.986017e-01   5.476044e-01   5.141293e-01   4.926297e-01   5.009233e-01   5.129414e-01   4.630545e-01   4.963713e-01
   9.841352e-01   4.100657e-04   9.831413e-01   2.323351e-01   1.000000e+00   4.899828e-01   5.137364e-01   6.357758e-01   4.971019e-01   5.302207e-01   4.823658e-01   4.018413e-01   5.095984e-01   4.980205e-01   4.997600e-01
   9.950223e-01   3.550632e-05   9.231648e-01   9.364071e-02   9.866212e-01   4.365825e-01   4.979069e-01   4.967239e-01   4.870371e-01   5.200182e-01   4.957275e-01   4.760903e-01   5.097556e-01   5.068938e-01   4.449486e-01
   9.925669e-01   1.052834e-03   6.566921e-02   5.376116e-03   8.798739e-01   4.966980e-01   4.991829e-01   4.666454e-01   4.254569e-01   5.211288e-01   4.842717e-01   4.614048e-01   5.129731e-01   5.067928e-01   2.980344e-01
   9.833684e-01   7.559474e-04   9.954013e-01   2.916311e-01   9.782033e-01   4.855263e-01   5.015956e-01   5.505189e-01   4.859507e-01   5.043599e-01   4.801655e-01   4.795138e-01   4.903763e-01   4.495387e-01   4.981905e-01
   9.953591e-01   4.366594e-05   1.833439e-02   9.364071e-02   9.885789e-01   4.362584e-01   5.608433e-01   5.498763e-01   5.020936e-01   4.905698e-01   4.688625e-01   4.760903e-01   5.015257e-01   4.996784e-01   4.963932e-01
   1.043129e-01   7.515849e-07   1.000000e+00   9.687401e-01   9.966513e-01   4.370434e-01   3.595196e-01   4.676763e-01   5.376103e-01   5.200026e-01   4.824080e-01   5.010295e-01   5.024700e-01   4.610381e-01   4.973114e-01
   8.919647e-01   7.702518e-05   9.984391e-01   3.849824e-02   9.003193e-01   4.865651e-01   5.017677e-01   4.702197e-01   5.037169e-01   4.800303e-01   4.864004e-01   4.414526e-01   4.860943e-01   4.993972e-01   4.953246e-01
   9.967287e-01   3.507601e-05   9.912289e-01   2.119674e-01   9.971966e-01   4.893457e-01   5.464784e-01   4.957885e-01   4.870493e-01   4.892443e-01   4.910310e-01   5.347734e-01   5.018074e-01   4.967552e-01   4.910240e-01
   9.925669e-01   3.970596e-04   1.000000e+00   5.054124e-03   8.798739e-01   4.967775e-01   4.991829e-01   4.690266e-01   4.254569e-01   5.200228e-01   4.842717e-01   4.584737e-01   5.126643e-01   5.067661e-01   3.014889e-01
   2.640761e-02   3.432974e-04   9.726408e-01   9.897923e-01   9.216340e-01   4.815748e-01   4.418985e-01   4.986885e-01   5.036503e-01   5.141293e-01   4.912778e-01   5.033794e-01   4.963184e-01   5.072179e-01   4.962947e-01
   8.640883e-01   7.583539e-04   9.829941e-01   1.861707e-01   9.896608e-01   5.205587e-01   5.140362e-01   5.363365e-01   5.331845e-01   4.855842e-01   4.690283e-01   4.031776e-01   5.339433e-01   4.978530e-01   4.971158e-01
   9.953483e-01   3.550632e-05   3.007520e-02   1.199877e-01   8.260782e-01   4.882577e-01   7.135026e-01   4.687792e-01   5.495398e-01   5.294091e-01   4.249303e-01   5.500290e-01   5.571446e-01   4.629064e-01   4.997934e-01
   6.722190e-02   1.058500e-03   0.000000e+00   3.783628e-02   9.991730e-01   4.766658e-01   5.017675e-01   4.957073e-01   4.884365e-01   4.499788e-01   4.942094e-01   5.344789e-01   4.976263e-01   4.837196e-01   5.001770e-01
   9.944173e-01   0.000000e+00   9.856275e-01   2.282072e-01   1.000000e+00   5.107354e-01   5.490758e-01   4.986842e-01   4.879895e-01   5.325688e-01   4.903653e-01   4.991366e-01   5.122982e-01   4.810584e-01   4.972553e-01
   8.687133e-02   3.656526e-04   6.462780e-02   0.000000e+00   9.929382e-01   4.959394e-01   5.132059e-01   4.949802e-01   4.881234e-01   5.097610e-01   5.800590e-01   4.906873e-01   4.970148e-01   4.975027e-01   5.100849e-01
   9.746789e-01   6.625466e-04   9.685201e-01   9.742391e-01   9.970623e-01   4.863043e-01   5.010562e-01   4.989557e-01   4.412386e-01   5.142685e-01   4.893481e-01   5.343668e-01   4.971910e-01   4.795229e-01   4.575597e-01
   9.832361e-01   0.000000e+00   3.361532e-02   1.000000e+00   9.971941e-01   4.882813e-01   4.989356e-01   4.932775e-01   4.966606e-01   5.044684e-01   5.655200e-01   5.184746e-01   4.972905e-01   4.795736e-01   4.581775e-01
   8.920506e-01   3.701703e-04   9.845113e-01   4.812069e-02   9.999696e-01   4.861618e-01   5.468786e-01   4.703102e-01   4.877047e-01   5.056964e-01   5.220779e-01   4.600480e-01   4.959321e-01   5.876418e-01   4.936822e-01
   8.660623e-01   3.344675e-05   3.917634e-02   3.613944e-02   1.000000e+00   4.865462e-01   4.988496e-01   4.989525e-01   4.411754e-01   4.685582e-01   5.015830e-01   5.017550e-01   4.160354e-01   5.196796e-01   4.963713e-01
   9.832361e-01   0.000000e+00   1.000000e+00   3.184922e-02   6.519253e-01   5.130063e-01   4.989342e-01   4.919547e-01   5.017027e-01   5.616347e-01   5.654540e-01   5.067669e-01   5.015944e-01   4.963193e-01   4.981835e-01
   9.536872e-01   7.583539e-04   9.829941e-01   3.650564e-02   9.896608e-01   5.205587e-01   5.127942e-01   5.354596e-01   5.331845e-01   4.855842e-01   4.708814e-01   4.031776e-01   5.039915e-01   4.978530e-01   4.971113e-01
   8.601812e-01   6.613804e-04   9.845479e-01   1.708426e-01   6.277492e-01   5.294065e-01   5.013549e-01   4.693516e-01   5.185853e-01   5.138490e-01   5.013239e-01   5.351084e-01   5.078063e-01   4.957670e-01   4.964591e-01
   9.940708e-01   4.491412e-05   1.240680e-01   1.966821e-01   9.997720e-01   5.141539e-01   5.001096e-01   4.996873e-01   4.295454e-01   4.905575e-01   5.076603e-01   4.630761e-01   4.674134e-01   4.959275e-01   4.996347e-01
   9.944173e-01   1.021128e-03   9.941781e-01   2.082586e-01   1.000000e+00   5.107354e-01   5.468559e-01   4.986842e-01   4.427601e-01   5.144990e-01   4.903653e-01   4.991366e-01   5.122982e-01   4.810584e-01   4.972629e-01
   9.840532e-01   8.566226e-09   1.215269e-04   3.228482e-02   1.000000e+00   5.132698e-01   5.294395e-01   5.078249e-01   4.881999e-01   4.905698e-01   4.886369e-01   5.036726e-01   5.099792e-01   4.998215e-01   4.997276e-01
   8.476856e-01   6.625466e-04   9.685201e-01   9.919675e-01   9.970474e-01   4.863165e-01   5.010531e-01   4.989557e-01   5.044063e-01   5.141388e-01   4.930613e-01   5.016661e-01   4.981951e-01   4.789201e-01   4.955410e-01
   3.292622e-02   1.110824e-03   3.107138e-02   8.820215e-02   9.797528e-01   4.865727e-01   4.947535e-01   4.943419e-01   4.553867e-01   5.141118e-01   5.102720e-01   4.746415e-01   5.130862e-01   4.818935e-01   4.988951e-01
   9.977627e-01   0.000000e+00   0.000000e+00   2.767176e-01   7.866739e-01   4.886765e-01   5.019874e-01   5.224555e-01   5.035704e-01   4.909690e-01   4.900883e-01   4.639576e-01   4.874824e-01   4.962570e-01   5.069634e-01
   4.209363e-02   7.603123e-04   9.974886e-01   2.622950e-02   9.998268e-01   5.156368e-01   5.018255e-01   4.978608e-01   5.033834e-01   4.796281e-01   6.194193e-01   4.375709e-01   4.870023e-01   5.069532e-01   4.688173e-01
   4.673784e-03   0.000000e+00   8.605008e-02   3.443687e-02   8.214791e-01   4.447378e-01   5.613162e-01   4.723503e-01   5.017454e-01   4.901227e-01   4.890055e-01   5.059953e-01   5.015480e-01   4.963193e-01   4.981531e-01
   8.608859e-01   9.061805e-06   9.932269e-01   3.192729e-02   7.377390e-01   5.153914e-01   4.980771e-01   4.974606e-01   4.970032e-01   5.047022e-01   4.687476e-01   4.020702e-01   5.122451e-01   4.985323e-01   4.964219e-01
   9.566860e-01   1.034934e-03   9.835174e-01   4.336645e-02   1.000000e+00   4.886773e-01   5.751678e-01   4.986841e-01   4.876561e-01   4.998665e-01   4.937473e-01   6.363637e-01   5.129788e-01   4.645262e-01   4.944050e-01
   8.920506e-01   7.417664e-05   9.845368e-01   4.812069e-02   6.306863e-01   4.862784e-01   5.468786e-01   4.698230e-01   4.877047e-01   4.997181e-01   5.215525e-01   4.600480e-01   5.237160e-01   4.994460e-01   4.943541e-01
   8.563664e-01   3.394745e-04   9.846071e-01   2.349995e-01   7.696031e-01   5.110327e-01   5.000141e-01   4.932813e-01   4.982582e-01   5.141254e-01   5.479137e-01   4.467972e-01   5.014410e-01   5.151924e-01   4.964212e-01
   7.941387e-01   1.043575e-03   9.945213e-01   6.065918e-02   7.604555e-01   4.481429e-01   4.689916e-01   4.957885e-01   4.870493e-01   5.142295e-01   5.489329e-01   5.019808e-01   5.020280e-01   5.016356e-01   4.968533e-01
   9.977612e-01   0.000000e+00   1.000000e+00   1.995365e-01   9.931422e-01   4.886660e-01   5.454783e-01   5.018736e-01   4.967642e-01   4.906421e-01   4.900883e-01   4.639576e-01   4.874824e-01   4.976040e-01   4.943706e-01
   9.837483e-01   9.816476e-04   5.459592e-02   2.306388e-01   9.876461e-01   4.887862e-01   5.009745e-01   4.940915e-01   5.028049e-01   5.143353e-01   4.712637e-01   4.809345e-01   4.989059e-01   4.626991e-01   4.953777e-01
   9.933116e-01   3.369450e-04   9.914990e-01   1.301540e-01   7.246635e-01   4.860879e-01   5.128921e-01   4.385092e-01   4.870802e-01   4.686584e-01   4.699006e-01   5.004857e-01   5.014483e-01   4.967209e-01   4.964136e-01
   5.928337e-02   6.498729e-06   1.385068e-01   1.000000e+00   9.971553e-01   5.149591e-01   5.009050e-01   4.957717e-01   5.017394e-01   5.235182e-01   5.389976e-01   5.235460e-01   5.016748e-01   4.967634e-01   4.980647e-01
   6.857702e-03   2.159066e-04   8.568316e-02   1.184509e-01   8.334466e-01   4.975691e-01   5.368501e-01   5.032491e-01   4.892175e-01   5.124416e-01   4.891301e-01   4.783217e-01   5.130900e-01   4.846806e-01   4.962056e-01
   8.597818e-01   3.844895e-04   9.888272e-01   1.626424e-01   9.961322e-01   4.898530e-01   4.961122e-01   4.950236e-01   5.012167e-01   4.981216e-01   4.684290e-01   4.555470e-01   4.996389e-01   4.846735e-01   5.332153e-01
   6.692415e-02   6.132207e-07   1.812730e-02   8.254013e-02   1.000000e+00   4.870007e-01   4.981889e-01   5.052548e-01   5.078058e-01   5.106668e-01   4.886364e-01   5.030007e-01   5.098457e-01   5.079822e-01   4.982572e-01
   5.928337e-02   8.631402e-06   9.923294e-01   1.000000e+00   9.837272e-01   4.859491e-01   5.009050e-01   4.285123e-01   5.022275e-01   5.153554e-01   5.010851e-01   5.232427e-01   5.052068e-01   4.967634e-01   4.997190e-01
   9.844720e-01   4.182253e-04   9.831413e-01   2.369222e-01   9.854874e-01   4.895361e-01   5.137101e-01   5.508356e-01   4.969247e-01   4.908537e-01   4.687560e-01   5.020210e-01   5.123274e-01   4.974879e-01   4.963511e-01
   9.939654e-01   1.139185e-03   9.917681e-01   2.419951e-01   9.855806e-01   4.886746e-01   4.981661e-01   4.965953e-01   5.037349e-01   5.058622e-01   5.009520e-01   4.353350e-01   5.799885e-01   4.970584e-01   4.955800e-01
   1.000000e+00   0.000000e+00   1.000000e+00   2.767531e-01   8.277630e-01   4.865316e-01   4.996905e-01   4.285061e-01   4.877340e-01   5.063615e-01   4.166583e-01   4.619495e-01   5.326723e-01   6.125624e-01   4.998255e-01
   9.979476e-01   0.000000e+00   1.000000e+00   2.020746e-01   9.882878e-01   4.883787e-01   5.014139e-01   5.491150e-01   4.893848e-01   5.060346e-01   4.166583e-01   4.619495e-01   5.326723e-01   6.200124e-01   4.949118e-01
   9.844573e-01   3.734355e-04   9.987040e-01   3.907820e-02   1.000000e+00   4.864264e-01   4.394905e-01   5.532268e-01   4.973310e-01   5.111543e-01   5.364189e-01   4.995141e-01   5.125636e-01   4.190738e-01   4.953057e-01
   8.602917e-01   7.347506e-05   9.834693e-01   1.708426e-01   9.916689e-01   4.862046e-01   5.013633e-01   4.693080e-01   5.172964e-01   4.980033e-01   5.013239e-01   4.596758e-01   5.079058e-01   4.957185e-01   5.335160e-01
   8.752618e-01   7.417664e-05   9.830410e-01   9.620698e-01   1.000000e+00   4.859709e-01   5.524318e-01   4.697794e-01   4.877047e-01   5.199171e-01   5.215525e-01   4.600480e-01   5.237160e-01   4.993899e-01   4.943237e-01
   9.833660e-01   9.188528e-04   4.281453e-03   2.236290e-01   9.980631e-01   5.876421e-01   4.206572e-01   5.421293e-01   4.984025e-01   4.911701e-01   4.863836e-01   4.631497e-01   4.872319e-01   4.964379e-01   5.069296e-01
   9.974576e-01   3.547436e-04   0.000000e+00   8.953012e-02   7.882591e-01   5.156463e-01   5.020191e-01   4.488590e-01   5.131653e-01   5.049757e-01   5.435883e-01   4.667503e-01   5.116927e-01   4.963193e-01   4.964548e-01
   8.659551e-01   2.110795e-05   4.444804e-02   2.126288e-02   9.933042e-01   5.281842e-01   5.010531e-01   4.989557e-01   4.463234e-01   5.142251e-01   4.893481e-01   5.338310e-01   5.015063e-01   4.986991e-01   4.973411e-01
   9.946409e-01   1.204699e-03   1.000000e+00   2.012513e-01   1.000000e+00   5.108056e-01   5.468559e-01   4.986842e-01   4.879895e-01   5.315572e-01   4.903653e-01   4.605185e-01   5.015973e-01   4.818542e-01   4.988580e-01
   9.925669e-01   7.439903e-04   6.566921e-02   2.251290e-01   8.798739e-01   4.966980e-01   4.991829e-01   4.667218e-01   5.312209e-01   5.211288e-01   5.020952e-01   4.614048e-01   5.129731e-01   5.067928e-01   2.980344e-01
   1.548530e-01   0.000000e+00   9.974439e-01   2.942597e-01   8.331523e-01   5.156368e-01   3.941164e-01   5.429469e-01   5.033843e-01   4.804723e-01   4.835407e-01   5.255332e-01   4.870023e-01   4.744591e-01   4.989268e-01
   9.837845e-01   9.883250e-04   9.913422e-01   2.236290e-01   9.980631e-01   4.908745e-01   4.542555e-01   4.989516e-01   4.478289e-01   5.056658e-01   3.969268e-01   5.039386e-01   5.046978e-01   5.368964e-01   4.993062e-01
   8.608859e-01   9.110896e-06   1.000000e+00   3.451520e-02   7.366857e-01   5.153914e-01   4.980771e-01   4.975961e-01   4.967563e-01   4.902431e-01   4.687476e-01   5.072408e-01   5.007967e-01   4.909013e-01   4.964219e-01
   9.978162e-01   3.439768e-04   9.999584e-01   9.537047e-01   9.944880e-01   4.911024e-01   5.012524e-01   4.986331e-01   4.923112e-01   5.148383e-01   4.892236e-01   5.019937e-01   4.963244e-01   4.986866e-01   4.574090e-01
   9.825980e-01   7.983140e-04   6.660874e-02   2.081149e-03   8.798739e-01   4.966980e-01   5.126090e-01   4.666454e-01   3.650160e-01   5.211288e-01   4.890492e-01   4.625429e-01   4.969314e-01   5.069416e-01   2.980344e-01
   3.973299e-02   7.603123e-04   9.974886e-01   2.912986e-01   9.977627e-01   5.156368e-01   4.997460e-01   5.476824e-01   4.874787e-01   4.749208e-01   4.044988e-01   4.375709e-01   4.870023e-01   5.069532e-01   4.998303e-01
   6.716186e-02   3.656526e-04   6.462780e-02   1.000000e+00   9.991493e-01   5.155566e-01   5.127268e-01   4.957080e-01   4.622819e-01   5.152656e-01   5.784937e-01   5.340303e-01   4.970148e-01   4.965274e-01   5.011691e-01
   9.956269e-01   1.031396e-03   9.087427e-02   2.306388e-01   1.000000e+00   5.147171e-01   5.009858e-01   5.038167e-01   4.964273e-01   5.143353e-01   4.928478e-01   4.765838e-01   5.362026e-01   4.963692e-01   5.607149e-01
   8.898427e-01   3.793123e-04   9.871385e-01   1.873159e-02   9.876735e-01   4.884722e-01   4.998738e-01   4.697942e-01   4.876934e-01   4.911228e-01   5.209900e-01   4.638289e-01   4.990160e-01   4.964004e-01   4.998227e-01
   8.978249e-01   7.226579e-05   9.960803e-01   3.613944e-02   8.987420e-01   4.860927e-01   5.018526e-01   4.987135e-01   5.037392e-01   4.799446e-01   4.900964e-01   4.649066e-01   5.129243e-01   5.203678e-01   4.367061e-01
   6.730098e-02   1.621902e-07   3.244483e-03   2.020390e-01   9.971842e-01   4.899978e-01   5.019874e-01   5.056975e-01   5.016931e-01   4.913237e-01   5.362927e-01   5.216538e-01   4.874824e-01   4.959042e-01   5.067730e-01
   9.966046e-01   0.000000e+00   3.666195e-03   1.000000e+00   9.971941e-01   4.882813e-01   4.989356e-01   5.060573e-01   4.966606e-01   5.044684e-01   5.646325e-01   6.089529e-01   5.912341e-01   4.795736e-01   4.581775e-01
   6.722190e-02   1.058500e-03   9.995239e-01   3.783628e-02   1.000000e+00   4.776889e-01   5.017675e-01   4.957548e-01   4.884330e-01   4.499788e-01   4.942094e-01   5.344789e-01   4.976263e-01   4.837196e-01   5.001770e-01
   5.860945e-02   1.186190e-06   1.452734e-02   9.719607e-03   9.973174e-01   4.937053e-01   5.018138e-01   4.773810e-01   4.881618e-01   5.082421e-01   4.895020e-01   5.023205e-01   4.974290e-01   4.843982e-01   4.960530e-01
   8.352056e-02   6.749964e-04   9.275941e-01   3.621397e-02   9.979490e-01   5.015971e-01   5.010600e-01   4.989525e-01   4.424257e-01   5.044683e-01   5.008400e-01   5.359636e-01   5.132427e-01   5.196795e-01   4.963713e-01
   9.975859e-01   1.119331e-03   1.000000e+00   4.739555e-02   9.309501e-01   4.879447e-01   5.134192e-01   4.988101e-01   4.952955e-01   5.065031e-01   5.711544e-01   5.201485e-01   5.167082e-01   4.215018e-01   4.878451e-01
   5.928337e-02   2.353450e-05   1.409033e-01   1.000000e+00   9.971553e-01   5.149607e-01   5.012061e-01   5.045277e-01   5.017394e-01   4.904892e-01   4.896646e-01   5.235460e-01   5.016748e-01   4.959250e-01   4.997190e-01
   8.943781e-01   3.792764e-04   9.946112e-01   3.134733e-02   9.894971e-01   5.149399e-01   5.017677e-01   4.718947e-01   5.037169e-01   4.799599e-01   4.864004e-01   4.414526e-01   4.860709e-01   4.964500e-01   4.964707e-01
   8.476856e-01   6.625466e-04   9.828696e-01   2.126288e-02   9.970966e-01   5.163220e-01   5.010531e-01   4.989557e-01   4.463444e-01   5.140013e-01   4.893481e-01   5.338310e-01   5.013214e-01   4.986991e-01   4.973411e-01
   9.971975e-01   3.573658e-04   9.893154e-01   3.201977e-02   1.000000e+00   5.148060e-01   5.015052e-01   5.109918e-01   4.875958e-01   5.147991e-01   4.886546e-01   5.015263e-01   4.991534e-01   4.789600e-01   4.964219e-01
   1.000000e+00   3.977287e-04   9.893154e-01   1.594533e-01   8.069638e-01   5.150942e-01   5.015052e-01   5.007921e-01   4.875958e-01   5.045301e-01   5.351303e-01   5.015263e-01   4.990454e-01   5.202528e-01   4.964201e-01
   9.845416e-01   3.739256e-04   0.000000e+00   2.829804e-01   9.953767e-01   5.102050e-01   5.483421e-01   5.056975e-01   4.980398e-01   5.093123e-01   4.903266e-01   4.639576e-01   5.052370e-01   4.927782e-01   4.905791e-01
   1.000000e+00   1.553448e-04   7.395004e-02   2.337692e-01   9.890825e-01   4.886430e-01   5.021773e-01   4.918188e-01   5.034630e-01   4.982494e-01   4.903948e-01   5.012252e-01   5.049008e-01   4.806428e-01   4.980810e-01
   1.211017e-01   7.515849e-07   1.000000e+00   5.479100e-02   9.964993e-01   4.373531e-01   3.539664e-01   4.676763e-01   5.439608e-01   4.998036e-01   4.824080e-01   5.010295e-01   5.024700e-01   4.610381e-01   4.973419e-01
   8.945640e-01   1.868228e-01   0.000000e+00   2.161392e-01   9.974305e-01   5.111190e-01   5.473326e-01   5.453326e-01   4.980919e-01   4.905570e-01   4.933390e-01   4.852106e-01   5.052082e-01   5.150026e-01   4.905897e-01
   9.837483e-01   1.016734e-03   1.000000e+00   2.306388e-01   9.876013e-01   4.877219e-01   5.010412e-01   5.489299e-01   4.965404e-01   5.063483e-01   4.928478e-01   4.615933e-01   5.319017e-01   4.963692e-01   5.605315e-01
   9.642496e-01   8.703482e-06   9.908372e-01   9.989801e-02   9.522961e-01   4.867140e-01   5.128921e-01   4.958797e-01   4.526378e-01   5.224507e-01   5.698468e-01   5.020040e-01   4.888559e-01   4.968438e-01   4.973702e-01
   1.000000e+00   1.120578e-03   1.443384e-01   2.020781e-01   9.976239e-01   5.155422e-01   5.000243e-01   4.952380e-01   4.548987e-01   5.055930e-01   4.900194e-01   5.043188e-01   5.015949e-01   4.546037e-01   5.068151e-01
   9.832361e-01   0.000000e+00   9.711429e-01   3.368982e-02   9.999324e-01   5.131077e-01   4.989358e-01   4.932775e-01   4.872380e-01   5.099308e-01   5.655200e-01   4.602379e-01   5.020981e-01   4.963193e-01   4.982717e-01
   1.028158e-01   2.214682e-06   0.000000e+00   9.156225e-01   9.726357e-01   4.341871e-01   3.595196e-01   4.676763e-01   4.889861e-01   5.223917e-01   4.826850e-01   5.010295e-01   5.024700e-01   5.200052e-01   4.973447e-01
   1.524348e-02   4.616395e-05   9.919139e-01   7.009077e-02   9.216340e-01   4.859470e-01   5.229301e-01   4.790618e-01   5.321371e-01   5.141293e-01   4.929160e-01   5.347851e-01   4.971850e-01   4.887043e-01   4.962947e-01
   8.543791e-02   3.474274e-05   0.000000e+00   1.146174e-01   9.939429e-01   4.980759e-01   5.473326e-01   5.453326e-01   5.034208e-01   4.901437e-01   4.903266e-01   4.638790e-01   5.048680e-01   4.959029e-01   4.905897e-01
   2.184647e-01   2.039493e-05   9.637217e-01   8.254013e-02   9.871902e-01   4.862285e-01   4.982443e-01   5.503680e-01   4.898875e-01   5.107086e-01   4.249923e-01   4.808571e-01   4.955474e-01   5.079822e-01   4.979097e-01
   9.927256e-01   1.055512e-03   3.923128e-02   3.849824e-02   7.819973e-01   5.464109e-01   5.040332e-01   4.704587e-01   5.027342e-01   5.138887e-01   4.864004e-01   4.414526e-01   4.860943e-01   4.993972e-01   4.965447e-01
   9.897436e-01   1.717054e-06   1.352624e-01   1.000000e+00   9.931132e-01   5.136379e-01   5.009050e-01   4.957717e-01   5.034279e-01   5.228367e-01   4.927932e-01   4.658498e-01   5.016748e-01   4.137855e-01   4.980647e-01
   9.838665e-01   0.000000e+00   0.000000e+00   2.829804e-01   9.953767e-01   5.114924e-01   5.479632e-01   4.929177e-01   4.980398e-01   5.093123e-01   4.912140e-01   4.639576e-01   5.052370e-01   4.959029e-01   4.905791e-01
   2.303433e-01   6.235811e-07   9.953792e-01   8.254013e-02   1.000000e+00   4.862285e-01   4.981889e-01   5.052548e-01   4.897744e-01   5.107086e-01   4.883228e-01   4.765064e-01   5.330355e-01   5.079822e-01   4.980931e-01
   9.971941e-01   3.961699e-04   1.370039e-02   2.387944e-01   9.877998e-01   4.892560e-01   5.012180e-01   4.960219e-01   5.025776e-01   4.789840e-01   4.901063e-01   5.347734e-01   5.017912e-01   4.968438e-01   4.968530e-01
   8.660527e-01   0.000000e+00   3.917634e-02   3.612282e-02   1.000000e+00   3.725171e-01   5.014833e-01   4.989621e-01   4.552771e-01   4.907419e-01   4.958720e-01   4.617370e-01   4.175934e-01   5.239150e-01   4.963713e-01
   8.476856e-01   6.625466e-04   9.986904e-01   1.000000e+00   9.998040e-01   4.862835e-01   5.010531e-01   4.989557e-01   4.412176e-01   5.141388e-01   4.893481e-01   5.350238e-01   4.971910e-01   4.789201e-01   4.573352e-01
   9.982109e-01   3.674316e-04   9.918722e-01   6.334331e-02   9.942489e-01   4.911024e-01   5.014268e-01   4.701595e-01   4.877044e-01   5.056832e-01   5.786160e-01   5.350238e-01   4.971910e-01   4.986866e-01   4.574090e-01
   3.202887e-02   1.019905e-03   2.291815e-02   3.617428e-02   7.811034e-01   4.860118e-01   4.981721e-01   4.989525e-01   5.074910e-01   4.910035e-01   4.998820e-01   5.017550e-01   5.131594e-01   4.826033e-01   4.963730e-01
   9.838108e-01   0.000000e+00   3.308146e-02   3.196174e-02   9.983745e-01   5.174980e-01   5.478232e-01   5.057055e-01   5.023271e-01   5.043309e-01   5.668322e-01   5.333606e-01   5.052652e-01   4.959043e-01   4.981835e-01
   9.940731e-01   3.796775e-04   7.773205e-04   3.397209e-02   9.997752e-01   4.868030e-01   5.469269e-01   5.052231e-01   4.875720e-01   5.219082e-01   4.706019e-01   5.763525e-01   5.049603e-01   5.067064e-01   4.953237e-01
   8.576514e-01   3.394745e-04   9.846071e-01   9.755230e-01   7.044811e-01   5.104186e-01   5.000141e-01   4.932813e-01   4.982582e-01   5.151106e-01   5.479137e-01   4.467972e-01   5.014410e-01   5.151924e-01   4.964212e-01
   9.830360e-01   0.000000e+00   7.895942e-03   3.368982e-02   8.279175e-01   5.130063e-01   4.989358e-01   4.002583e-01   4.881640e-01   5.099308e-01   5.655200e-01   4.614998e-01   5.008928e-01   4.963193e-01   4.981835e-01
   8.601812e-01   6.613804e-04   9.850102e-01   1.000000e+00   6.277492e-01   5.294065e-01   5.013549e-01   5.365193e-01   5.185853e-01   5.138490e-01   5.013239e-01   5.351084e-01   4.971796e-01   4.957670e-01   4.581682e-01
