   2.950626e-04   5.874178e-04   3.438283e-01   1.390477e-02   0.000000e+00   0.000000e+00   5.589121e-02   9.839136e-01   7.815877e-01   5.000157e-01   5.000471e-01   4.999606e-01   5.000644e-01   4.998874e-01   5.000813e-01   4.999872e-01   4.999563e-01   5.000710e-01   5.000126e-01
   1.153010e-05   0.000000e+00   0.000000e+00   0.000000e+00   1.000000e+00   5.112080e-02   9.129029e-02   6.755610e-01   2.005998e-01   5.000169e-01   5.000470e-01   4.999421e-01   5.000657e-01   4.999471e-01   5.000806e-01   5.036123e-01   4.999486e-01   5.000720e-01   5.000126e-01
   2.311746e-07   0.000000e+00   0.000000e+00   1.970080e-07   0.000000e+00   0.000000e+00   1.000000e+00   8.730400e-01   9.996107e-01   5.000155e-01   5.000472e-01   4.999563e-01   5.000659e-01   4.999497e-01   5.000808e-01   4.999873e-01   4.999590e-01   5.000723e-01   5.000128e-01
   3.832789e-07   5.596401e-09   8.699768e-07   1.000000e+00   6.558037e-03   2.388035e-04   1.427245e-02   9.683347e-01   6.038625e-02   5.000154e-01   5.000460e-01   4.999568e-01   5.000660e-01   4.999411e-01   5.000806e-01   4.999859e-01   4.999558e-01   5.000717e-01   5.000126e-01
   6.372672e-07   1.000000e+00   4.423317e-02   9.281724e-04   3.716302e-02   4.210141e-04   3.395039e-02   6.247529e-01   8.081963e-01   5.000168e-01   5.000471e-01   4.999579e-01   5.000648e-01   4.999512e-01   5.000402e-01   4.999873e-01   4.999581e-01   5.000621e-01   5.000127e-01
   1.493364e-09   5.824269e-03   7.155586e-01   4.365817e-03   0.000000e+00   2.803516e-02   6.591819e-03   9.953823e-01   7.670187e-01   5.000170e-01   5.000457e-01   4.999432e-01   5.000648e-01   4.999409e-01   5.000370e-01   4.999869e-01   4.999563e-01   5.000728e-01   5.000125e-01
   7.186549e-01   8.863805e-04   3.042555e-02   0.000000e+00   2.880033e-02   1.000000e+00   4.527236e-03   9.768965e-01   9.978471e-01   5.000172e-01   5.000471e-01   4.999584e-01   5.000636e-01   4.999352e-01   5.000777e-01   4.999870e-01   4.999558e-01   5.000595e-01   5.000123e-01
   7.102752e-04   1.658025e-06   4.391089e-02   0.000000e+00   6.679937e-06   2.168755e-03   2.256560e-01   9.617298e-01   9.644402e-01   5.000168e-01   5.000471e-01   4.999575e-01   5.000652e-01   4.999496e-01   5.000410e-01   4.999872e-01   4.999558e-01   5.000570e-01   5.000127e-01
   6.516021e-03   8.732677e-03   2.908000e-03   2.223768e-01   3.868213e-03   9.822593e-01   1.000000e+00   9.672445e-01   9.484965e-01   5.000155e-01   5.000483e-01   4.999433e-01   5.000642e-01   4.999468e-01   5.000805e-01   4.999871e-01   4.999562e-01   5.000721e-01   5.000122e-01
   5.545259e-02   2.835211e-02   1.762270e-02   6.905388e-01   2.279989e-02   1.000000e+00   1.220971e-04   6.378062e-01   5.998848e-05   5.000168e-01   5.000446e-01   4.999552e-01   5.000649e-01   4.999523e-01   5.000805e-01   4.999872e-01   4.999560e-01   5.000723e-01   5.000113e-01
   6.966446e-01   3.529458e-03   0.000000e+00   0.000000e+00   2.862969e-02   0.000000e+00   5.727607e-02   9.965866e-01   8.684487e-03   5.000154e-01   5.000472e-01   4.999565e-01   5.000652e-01   4.999353e-01   5.000700e-01   4.999873e-01   4.999556e-01   5.000597e-01   5.000123e-01
   6.949573e-01   3.743083e-05   3.023092e-02   1.970080e-07   2.894271e-02   2.855892e-02   1.000000e+00   8.726235e-01   9.990951e-01   5.000155e-01   5.000472e-01   4.999561e-01   5.000637e-01   4.999350e-01   5.000808e-01   4.999873e-01   4.999590e-01   5.000712e-01   5.000128e-01
   2.047742e-02   2.169306e-11   4.307210e-01   6.300130e-03   0.000000e+00   1.101813e-02   9.865126e-01   1.000000e+00   9.491331e-01   5.000154e-01   5.000457e-01   4.999428e-01   5.000644e-01   4.998857e-01   5.000822e-01   4.999876e-01   4.999558e-01   5.000611e-01   5.000125e-01
   7.113962e-01   3.734054e-03   9.922198e-01   0.000000e+00   1.229609e-01   1.705239e-01   4.592245e-02   9.668763e-01   3.353820e-02   5.000237e-01   5.000479e-01   4.999372e-01   5.000660e-01   4.998868e-01   5.000793e-01   4.999873e-01   4.999579e-01   5.000710e-01   5.000114e-01
   1.150952e-03   0.000000e+00   7.175008e-01   7.031637e-03   9.325623e-04   3.638619e-02   1.000000e+00   9.818080e-01   8.011069e-01   5.000170e-01   5.000476e-01   4.999435e-01   5.000649e-01   4.999465e-01   5.000810e-01   4.999869e-01   4.999564e-01   5.000623e-01   5.000127e-01
   9.475954e-02   4.603913e-02   3.789361e-01   1.360107e-02   2.459521e-02   1.727431e-02   3.860715e-06   9.768941e-01   1.544020e-02   5.000160e-01   5.000470e-01   4.999588e-01   5.000647e-01   4.999514e-01   5.000809e-01   4.999870e-01   4.999582e-01   5.000720e-01   5.000125e-01
   0.000000e+00   6.646101e-05   1.091727e-04   2.370945e-01   0.000000e+00   0.000000e+00   5.531867e-04   1.000000e+00   9.707184e-01   5.000167e-01   5.000470e-01   4.999548e-01   5.000658e-01   4.999494e-01   5.000803e-01   4.999871e-01   4.999561e-01   5.000720e-01   5.000122e-01
   3.951393e-03   5.301544e-03   2.614275e-03   0.000000e+00   9.749791e-04   2.972708e-03   1.596697e-01   6.615341e-01   8.259629e-01   5.000155e-01   5.000482e-01   4.999424e-01   5.000643e-01   4.999468e-01   5.000777e-01   4.999858e-01   4.999565e-01   5.000743e-01   5.000126e-01
   0.000000e+00   0.000000e+00   0.000000e+00   1.970080e-07   0.000000e+00   0.000000e+00   0.000000e+00   1.000000e+00   9.996107e-01   5.000155e-01   5.000471e-01   4.999563e-01   5.000648e-01   4.999497e-01   5.000808e-01   4.999873e-01   4.999561e-01   5.000723e-01   5.000128e-01
   0.000000e+00   1.931464e-01   0.000000e+00   1.970080e-07   0.000000e+00   1.684558e-05   0.000000e+00   1.000000e+00   9.630515e-01   5.000152e-01   5.000470e-01   4.999563e-01   5.000648e-01   4.999497e-01   5.000809e-01   4.999873e-01   4.999561e-01   5.000723e-01   5.000128e-01
   1.736047e-05   3.869791e-03   8.165652e-01   0.000000e+00   1.905632e-03   9.049018e-01   6.500942e-02   1.000000e+00   7.903576e-01   5.000151e-01   5.000471e-01   4.999580e-01   5.000649e-01   4.998881e-01   5.000817e-01   4.999868e-01   4.999565e-01   5.000603e-01   5.000127e-01
   8.429388e-01   5.242476e-06   2.942135e-03   4.846800e-02   0.000000e+00   9.725055e-01   1.091548e-01   9.742168e-01   9.019809e-02   5.000230e-01   5.000482e-01   4.999414e-01   5.000637e-01   4.999449e-01   5.000809e-01   4.999874e-01   4.999559e-01   5.000720e-01   5.000125e-01
   8.383624e-01   9.955412e-01   0.000000e+00   9.819796e-01   0.000000e+00   1.917216e-02   1.000000e+00   9.247607e-01   3.322123e-02   5.000234e-01   5.000472e-01   4.999540e-01   5.000649e-01   4.999482e-01   5.000815e-01   4.999873e-01   4.999560e-01   5.000716e-01   5.000114e-01
   0.000000e+00   8.835135e-05   0.000000e+00   7.310973e-01   0.000000e+00   0.000000e+00   1.754354e-02   9.751421e-01   8.231253e-01   5.000171e-01   5.000492e-01   4.999608e-01   5.000645e-01   4.999443e-01   5.000790e-01   4.999873e-01   4.999557e-01   5.000555e-01   5.000115e-01
   3.108900e-04   0.000000e+00   3.953524e-05   0.000000e+00   2.185908e-03   1.664725e-01   1.053971e-03   9.919741e-01   1.117797e-02   5.000176e-01   5.000470e-01   4.999549e-01   5.000636e-01   4.999548e-01   5.000809e-01   4.999858e-01   4.999580e-01   5.000722e-01   5.000130e-01
   0.000000e+00   1.556232e-01   2.128580e-04   0.000000e+00   2.764915e-02   5.314702e-02   1.000000e+00   6.129965e-01   9.020800e-01   5.000156e-01   5.000461e-01   4.999421e-01   5.000649e-01   4.999491e-01   5.000809e-01   4.999872e-01   4.999568e-01   5.000720e-01   5.000125e-01
   0.000000e+00   1.637808e-02   2.966183e-01   3.847091e-02   2.703529e-07   9.748871e-01   1.461751e-01   9.405810e-01   9.164726e-01   5.000118e-01   5.000457e-01   4.999371e-01   5.000649e-01   4.999412e-01   5.000804e-01   4.999873e-01   4.999590e-01   5.000719e-01   5.000123e-01
   5.440554e-02   8.330050e-05   3.627231e-02   6.551564e-01   5.504400e-06   9.791336e-01   1.379389e-04   9.990951e-01   8.021262e-01   5.000173e-01   5.000445e-01   4.999562e-01   5.000655e-01   4.999429e-01   5.000378e-01   4.999870e-01   4.999592e-01   5.000711e-01   5.000122e-01
   0.000000e+00   3.243704e-03   1.091727e-04   2.304541e-01   0.000000e+00   0.000000e+00   7.234195e-04   9.830913e-01   8.140120e-01   5.000167e-01   5.000471e-01   4.999548e-01   5.000648e-01   4.999442e-01   5.000803e-01   4.999871e-01   4.999561e-01   5.000720e-01   5.000122e-01
   8.186880e-01   5.048320e-02   3.240951e-02   1.000000e+00   2.880033e-02   1.000000e+00   2.129813e-03   8.995503e-01   7.524186e-03   5.000172e-01   5.000458e-01   4.999643e-01   5.000657e-01   4.999506e-01   5.000805e-01   4.999872e-01   4.999559e-01   5.000600e-01   5.000122e-01
   9.475954e-02   4.529451e-02   3.789361e-01   1.360107e-02   2.463679e-02   1.658238e-02   1.000000e+00   9.790514e-01   1.544020e-02   5.000152e-01   5.000470e-01   4.999425e-01   5.000647e-01   4.999514e-01   5.000809e-01   4.999870e-01   4.999562e-01   5.000720e-01   5.000125e-01
   1.278125e-02   0.000000e+00   0.000000e+00   4.455608e-03   8.099573e-01   2.649661e-03   5.341642e-02   6.481377e-01   2.041052e-03   5.000116e-01   5.000470e-01   4.999371e-01   5.000644e-01   4.999485e-01   5.000801e-01   4.999873e-01   4.999567e-01   5.000595e-01   5.000122e-01
   0.000000e+00   6.646101e-05   1.091727e-04   2.370945e-01   0.000000e+00   0.000000e+00   5.511535e-04   1.000000e+00   9.569381e-01   5.000167e-01   5.000470e-01   4.999548e-01   5.000648e-01   4.999494e-01   5.000841e-01   4.999871e-01   4.999561e-01   5.000720e-01   5.000122e-01
   3.964221e-02   0.000000e+00   2.943128e-01   0.000000e+00   0.000000e+00   3.466204e-02   4.529938e-03   9.492860e-01   9.339120e-01   5.000167e-01   5.000470e-01   4.999559e-01   5.000659e-01   4.999412e-01   5.000806e-01   4.999856e-01   4.999567e-01   5.000758e-01   5.000126e-01
   9.475954e-02   2.662234e-03   3.800381e-01   9.250127e-04   2.243708e-02   1.627017e-02   3.860715e-06   9.942585e-01   1.544020e-02   5.000160e-01   5.000470e-01   4.999588e-01   5.000651e-01   4.999506e-01   5.000809e-01   4.999872e-01   4.999559e-01   5.000726e-01   5.000125e-01
   1.138732e-02   3.869791e-03   8.165652e-01   3.267960e-02   1.905632e-03   3.143481e-02   6.500942e-02   8.743267e-01   7.903576e-01   5.000151e-01   5.000461e-01   4.999580e-01   5.000648e-01   4.998881e-01   5.000817e-01   4.999868e-01   4.999565e-01   5.000603e-01   5.000114e-01
   7.994870e-01   1.570992e-02   2.650669e-03   0.000000e+00   0.000000e+00   1.607105e-01   9.965044e-01   9.736718e-01   8.118175e-01   5.000174e-01   5.000471e-01   4.999581e-01   5.007643e-01   4.999450e-01   5.000810e-01   4.999855e-01   4.999562e-01   5.000620e-01   5.000126e-01
   1.019412e-04   1.905532e-06   3.143633e-06   2.821757e-04   2.570709e-04   1.630936e-01   9.737421e-01   1.000000e+00   9.579246e-01   5.000244e-01   5.000472e-01   4.999585e-01   5.000652e-01   4.999438e-01   5.000418e-01   4.999873e-01   4.999560e-01   5.000584e-01   5.000114e-01
   0.000000e+00   1.704446e-01   9.490692e-01   0.000000e+00   6.267999e-03   8.194837e-02   1.274684e-02   1.000000e+00   8.460594e-01   5.000230e-01   5.000320e-01   4.999598e-01   5.000658e-01   4.999448e-01   5.000816e-01   4.999857e-01   4.999563e-01   5.000726e-01   5.000114e-01
   0.000000e+00   1.525568e-01   2.128580e-04   0.000000e+00   2.764915e-02   6.507015e-02   1.814130e-01   8.883134e-01   0.000000e+00   5.000156e-01   5.000481e-01   4.999421e-01   5.000649e-01   4.999415e-01   5.000809e-01   4.999872e-01   5.087534e-01   5.000720e-01   5.000125e-01
   1.514329e-01   1.038120e-04   1.000000e+00   1.000000e+00   9.379242e-01   0.000000e+00   7.448004e-02   9.586282e-01   9.688983e-01   5.000156e-01   5.004951e-01   4.999571e-01   5.000659e-01   4.999509e-01   5.000804e-01   4.999855e-01   4.999557e-01   5.000708e-01   5.000126e-01
   1.838609e-05   0.000000e+00   8.238092e-05   3.478564e-01   1.193891e-02   1.000000e+00   1.000000e+00   9.672445e-01   9.500857e-01   5.000154e-01   5.000461e-01   4.999374e-01   5.000648e-01   4.999439e-01   5.000419e-01   4.999871e-01   4.999562e-01   5.000738e-01   5.000125e-01
   7.431153e-01   2.545965e-03   1.000000e+00   0.000000e+00   2.359029e-02   3.251458e-04   3.553997e-02   9.391440e-01   9.618490e-01   5.000157e-01   5.000470e-01   4.999370e-01   5.000659e-01   4.999489e-01   5.000809e-01   4.999855e-01   4.999591e-01   5.000725e-01   5.000125e-01
   0.000000e+00   3.360175e-08   2.437272e-04   7.078973e-02   6.558037e-03   2.184384e-01   9.472544e-01   9.683347e-01   3.351213e-02   5.000242e-01   5.000471e-01   4.999583e-01   5.000652e-01   4.999448e-01   5.000786e-01   4.999875e-01   4.999564e-01   5.000751e-01   5.000126e-01
   8.321611e-01   3.949032e-02   3.264659e-02   5.932973e-03   7.683790e-03   3.915615e-05   9.656965e-01   9.769529e-01   7.925220e-01   5.000152e-01   5.000472e-01   4.999586e-01   5.000648e-01   4.999439e-01   5.000809e-01   4.999872e-01   4.999565e-01   5.000742e-01   5.000126e-01
   0.000000e+00   1.350554e-01   8.371095e-01   7.868233e-01   8.189179e-08   1.867572e-02   1.126873e-03   7.487033e-01   8.144582e-01   5.000156e-01   5.000472e-01   4.999428e-01   5.000649e-01   4.999440e-01   5.000816e-01   4.999873e-01   4.999563e-01   5.000720e-01   5.000114e-01
   1.076662e-03   1.484466e-02   3.568058e-02   7.291337e-03   1.226803e-01   3.233706e-02   1.697784e-01   9.282778e-01   9.328547e-01   5.000153e-01   5.000458e-01   4.999605e-01   5.000655e-01   4.999413e-01   5.000458e-01   4.999855e-01   4.999566e-01   5.000571e-01   5.000125e-01
   9.663957e-04   1.739196e-02   5.692563e-03   2.198273e-01   9.880116e-01   6.006148e-02   1.450834e-01   8.671221e-01   7.853995e-01   5.000156e-01   5.000480e-01   4.999434e-01   5.000649e-01   4.999415e-01   5.000809e-01   4.999872e-01   4.999589e-01   5.000601e-01   5.000123e-01
   5.159229e-05   0.000000e+00   2.346643e-03   7.129572e-02   1.927104e-02   6.893320e-04   9.603058e-01   9.992208e-01   9.991131e-01   5.000153e-01   5.000470e-01   4.999607e-01   5.000648e-01   4.999498e-01   5.000832e-01   4.999872e-01   4.999564e-01   5.000742e-01   5.000113e-01
   3.654454e-05   0.000000e+00   8.118759e-05   2.293446e-01   4.124474e-03   1.000000e+00   1.000000e+00   9.926418e-01   0.000000e+00   5.000152e-01   5.000470e-01   4.999427e-01   5.000648e-01   4.999411e-01   5.000809e-01   4.999875e-01   4.999562e-01   5.000597e-01   5.000113e-01
   9.475954e-02   3.367295e-03   3.789361e-01   1.361934e-02   2.463679e-02   4.136422e-02   9.967624e-01   9.790514e-01   3.822664e-02   5.000152e-01   5.000471e-01   4.999582e-01   5.000647e-01   4.999514e-01   5.000808e-01   4.999870e-01   4.999562e-01   5.000720e-01   5.000125e-01
   1.683655e-03   5.301544e-03   2.959807e-03   0.000000e+00   1.013240e-03   0.000000e+00   1.596697e-01   9.818617e-01   8.236459e-01   5.000155e-01   5.000482e-01   4.999424e-01   5.000648e-01   4.999468e-01   5.000809e-01   4.999873e-01   4.999562e-01   5.000743e-01   5.000126e-01
   6.645342e-04   1.564655e-01   0.000000e+00   1.586502e-02   1.761207e-04   8.823528e-01   9.112823e-01   6.414046e-01   8.562982e-01   5.000157e-01   5.000471e-01   4.999532e-01   5.000661e-01   4.999467e-01   5.000815e-01   4.999869e-01   4.999569e-01   5.000719e-01   5.000113e-01
   0.000000e+00   1.615728e-01   2.129350e-04   2.528726e-03   2.803777e-02   5.314702e-02   1.000000e+00   9.445305e-01   9.020659e-01   5.000156e-01   5.000461e-01   4.999421e-01   5.000659e-01   4.999485e-01   5.000809e-01   4.999873e-01   4.999568e-01   5.000719e-01   5.000126e-01
   0.000000e+00   8.835135e-05   0.000000e+00   7.061117e-03   0.000000e+00   0.000000e+00   1.754354e-02   9.751421e-01   8.231253e-01   5.000170e-01   5.000492e-01   4.999619e-01   5.000648e-01   4.999443e-01   5.000784e-01   4.999873e-01   4.999557e-01   5.000552e-01   5.000115e-01
   3.108900e-04   0.000000e+00   3.953524e-05   0.000000e+00   0.000000e+00   1.664725e-01   1.053971e-03   9.886187e-01   1.117797e-02   5.000176e-01   5.000472e-01   4.999562e-01   5.000636e-01   4.999548e-01   5.000809e-01   4.999858e-01   4.999581e-01   5.000722e-01   5.000128e-01
   1.091080e-03   6.237891e-06   8.453508e-01   3.861960e-02   7.331626e-02   1.012554e-01   0.000000e+00   9.855780e-01   7.573752e-01   5.000241e-01   5.000469e-01   4.999588e-01   5.000648e-01   4.999393e-01   5.000800e-01   4.999858e-01   4.999565e-01   5.000743e-01   5.000125e-01
   1.493364e-09   0.000000e+00   7.155586e-01   4.365817e-03   0.000000e+00   2.716325e-02   6.679532e-03   9.951034e-01   7.670187e-01   5.000170e-01   5.000457e-01   4.999432e-01   5.000659e-01   4.999409e-01   5.000386e-01   4.999869e-01   4.999563e-01   5.000612e-01   5.000125e-01
   1.869183e-03   1.610852e-02   3.221894e-02   2.053058e-07   0.000000e+00   1.000000e+00   1.615170e-03   1.000000e+00   3.791352e-02   5.000155e-01   5.000471e-01   4.999373e-01   5.000648e-01   4.999493e-01   5.000801e-01   4.999873e-01   4.999563e-01   5.000726e-01   5.000126e-01
   0.000000e+00   0.000000e+00   1.052801e-02   2.460447e-01   0.000000e+00   6.099250e-04   5.531867e-04   1.000000e+00   9.707184e-01   5.000156e-01   5.000471e-01   4.999548e-01   5.000649e-01   4.999493e-01   5.000816e-01   4.999871e-01   4.999561e-01   5.000720e-01   5.000123e-01
   2.181908e-02   0.000000e+00   6.326675e-03   7.871423e-01   8.915784e-02   0.000000e+00   0.000000e+00   9.409795e-01   8.560425e-01   5.000157e-01   5.000470e-01   4.999536e-01   5.000659e-01   4.999464e-01   5.000816e-01   4.999859e-01   4.999570e-01   5.000717e-01   5.000126e-01
   7.834029e-04   7.204622e-03   0.000000e+00   4.482729e-03   7.955634e-01   9.783614e-01   4.976895e-02   6.468579e-01   2.099419e-03   5.000115e-01   5.000480e-01   4.999372e-01   5.000648e-01   4.999494e-01   5.000410e-01   4.999855e-01   4.999563e-01   5.000731e-01   5.000122e-01
   1.702467e-01   0.000000e+00   9.741892e-01   8.438703e-02   4.729493e-02   0.000000e+00   9.645537e-01   9.723330e-01   9.695791e-01   5.000156e-01   5.000470e-01   4.999432e-01   5.000659e-01   4.999489e-01   5.000805e-01   4.999855e-01   4.999556e-01   5.000710e-01   5.000125e-01
   9.475455e-03   2.246685e-01   1.000000e+00   6.512819e-02   0.000000e+00   1.966480e-02   1.152172e-03   9.903547e-01   0.000000e+00   5.000234e-01   5.000472e-01   4.999540e-01   5.033465e-01   4.999443e-01   5.000815e-01   5.005471e-01   4.999570e-01   5.000716e-01   5.000114e-01
   7.994870e-01   3.018842e-03   3.429943e-02   2.582144e-03   0.000000e+00   1.886894e-02   6.380979e-02   8.914919e-01   8.118175e-01   5.000175e-01   5.000457e-01   4.999563e-01   5.000636e-01   4.999449e-01   5.000813e-01   4.999872e-01   4.999562e-01   5.000603e-01   5.000128e-01
   3.014214e-04   0.000000e+00   1.032267e-03   2.293446e-01   4.124474e-03   1.000000e+00   1.000000e+00   9.912744e-01   0.000000e+00   5.000152e-01   5.000470e-01   4.999429e-01   5.000649e-01   4.999465e-01   5.000806e-01   4.999854e-01   4.999569e-01   5.000597e-01   5.000113e-01
   0.000000e+00   3.360175e-08   2.441485e-04   5.729304e-02   1.003404e-01   2.184384e-01   9.472544e-01   9.683347e-01   9.549972e-01   5.000240e-01   5.000470e-01   4.999339e-01   5.000652e-01   4.999448e-01   5.000786e-01   4.999875e-01   4.999564e-01   5.000751e-01   5.000126e-01
   0.000000e+00   0.000000e+00   2.439945e-02   7.248336e-05   0.000000e+00   7.488515e-02   9.537040e-01   9.789735e-01   8.413216e-01   5.000153e-01   5.000471e-01   4.999425e-01   5.000648e-01   4.999441e-01   5.000808e-01   4.999855e-01   4.999589e-01   5.000723e-01   5.000126e-01
   4.803587e-05   6.930164e-05   1.821064e-02   2.385542e-01   8.022701e-03   2.359272e-02   9.691440e-01   9.836602e-01   8.146007e-01   5.000167e-01   5.000471e-01   4.999548e-01   5.000648e-01   4.999443e-01   5.000803e-01   4.999869e-01   4.999566e-01   5.000624e-01   5.000127e-01
   2.950626e-04   1.251454e-03   3.438283e-01   1.407099e-02   0.000000e+00   8.388457e-02   5.747399e-02   9.839136e-01   7.844847e-01   5.000157e-01   5.000471e-01   4.999606e-01   5.000644e-01   4.998874e-01   5.000816e-01   4.999872e-01   4.999563e-01   5.000727e-01   5.000126e-01
   6.372672e-07   1.734514e-01   8.260153e-01   1.236942e-02   3.716302e-02   0.000000e+00   3.413293e-02   9.367681e-01   8.079862e-01   5.000168e-01   5.000471e-01   4.999561e-01   5.000659e-01   4.999491e-01   5.000816e-01   4.999870e-01   4.999581e-01   5.000619e-01   5.000126e-01
   4.747877e-02   2.268453e-04   2.887404e-01   3.582316e-03   0.000000e+00   1.000000e+00   8.442135e-01   8.729086e-01   9.537833e-01   5.000153e-01   5.000471e-01   4.999564e-01   5.000662e-01   4.999388e-01   5.000805e-01   4.999870e-01   4.999570e-01   5.000737e-01   5.000114e-01
   7.994870e-01   8.193512e-03   4.888886e-01   3.961734e-05   6.498456e-03   7.596622e-02   8.037981e-02   8.910795e-01   8.118175e-01   5.000175e-01   5.000457e-01   4.999563e-01   5.000635e-01   4.999450e-01   5.000819e-01   4.999872e-01   4.999562e-01   5.000621e-01   5.000125e-01
   1.130488e-03   0.000000e+00   7.552863e-01   9.276126e-01   7.486375e-02   1.725391e-02   2.859827e-02   9.649740e-01   9.130225e-03   5.000170e-01   5.000470e-01   4.999439e-01   5.000649e-01   4.999409e-01   5.000780e-01   4.999871e-01   4.999561e-01   5.000625e-01   5.000114e-01
   0.000000e+00   1.662917e-01   9.559216e-01   0.000000e+00   4.531770e-02   0.000000e+00   1.274684e-02   9.998486e-01   8.460594e-01   5.000230e-01   5.000320e-01   4.999599e-01   5.000658e-01   4.999448e-01   5.000816e-01   4.999857e-01   4.999563e-01   5.000727e-01   5.000114e-01
   1.607679e-01   1.000000e+00   1.000000e+00   7.814387e-01   1.000000e+00   2.109027e-03   3.672970e-02   9.854494e-01   9.810092e-01   5.000154e-01   5.005225e-01   4.999578e-01   5.000636e-01   4.999508e-01   4.829873e-01   4.999855e-01   4.999561e-01   5.000752e-01   5.000125e-01
   1.726545e-03   5.060881e-04   8.114366e-01   3.332183e-02   1.183306e-02   0.000000e+00   9.916918e-01   9.589071e-01   9.525710e-01   5.000152e-01   5.000471e-01   4.999338e-01   5.000659e-01   4.999419e-01   5.000805e-01   4.999868e-01   4.999565e-01   5.000601e-01   5.000126e-01
   0.000000e+00   1.502731e-02   8.531438e-01   1.000000e+00   9.395697e-01   4.124188e-02   2.644098e-02   9.841305e-01   0.000000e+00   5.000153e-01   5.000458e-01   4.999432e-01   5.000658e-01   4.999493e-01   5.000800e-01   4.999872e-01   4.999568e-01   5.000718e-01   5.000125e-01
   8.612324e-12   2.731962e-05   1.637064e-02   2.787651e-03   1.244868e-01   3.067802e-04   4.508215e-02   9.858599e-01   9.494581e-01   5.000176e-01   5.000479e-01   4.999372e-01   5.000636e-01   4.999388e-01   5.000424e-01   4.999855e-01   4.999561e-01   5.000743e-01   5.000114e-01
   0.000000e+00   1.394160e-02   2.228712e-02   7.182863e-01   2.888901e-02   0.000000e+00   1.885331e-02   8.747055e-01   9.428049e-01   5.000153e-01   5.000471e-01   4.999578e-01   5.000659e-01   4.999415e-01   5.000810e-01   4.999873e-01   4.999590e-01   5.000720e-01   5.000128e-01
   5.248797e-05   2.725476e-05   1.430194e-02   2.885642e-03   1.244744e-01   4.441181e-02   4.552948e-02   9.912784e-01   7.398887e-01   5.000176e-01   5.000479e-01   4.999372e-01   5.000647e-01   4.999390e-01   5.000424e-01   4.999873e-01   4.999561e-01   5.000743e-01   5.000126e-01
   5.116988e-02   5.694130e-03   8.031174e-01   3.140213e-02   3.689735e-02   0.000000e+00   3.466998e-02   6.247529e-01   8.081963e-01   5.000151e-01   5.000471e-01   4.999579e-01   5.000648e-01   4.999514e-01   5.000400e-01   4.999873e-01   4.999581e-01   5.000621e-01   5.000127e-01
   3.298327e-05   5.060881e-04   5.958382e-02   4.257490e-02   1.056560e-02   8.742494e-03   1.000000e+00   9.577915e-01   1.000000e+00   5.000152e-01   5.000470e-01   4.999337e-01   5.000659e-01   4.999459e-01   5.000809e-01   4.999868e-01   4.999565e-01   5.000710e-01   5.000126e-01
   7.342021e-01   2.537501e-03   7.607690e-04   0.000000e+00   2.343389e-02   0.000000e+00   1.600715e-03   9.936806e-01   8.015757e-02   5.000156e-01   5.000471e-01   4.999592e-01   5.000636e-01   4.999548e-01   5.000811e-01   4.999858e-01   4.999593e-01   5.000727e-01   5.000114e-01
   8.235311e-01   6.939107e-05   2.495208e-05   5.065173e-02   7.052733e-02   1.000000e+00   3.679232e-02   8.616319e-01   9.037722e-01   5.000170e-01   5.000476e-01   4.999405e-01   5.000649e-01   4.999489e-01   5.000810e-01   4.999868e-01   4.999557e-01   5.000723e-01   5.000125e-01
   1.558128e-01   1.814441e-02   2.254219e-02   0.000000e+00   1.204864e-01   9.843249e-01   3.641636e-02   9.879167e-01   9.149229e-01   5.000157e-01   5.000462e-01   4.999451e-01   5.000658e-01   4.999510e-01   5.000828e-01   4.999854e-01   4.999587e-01   5.000725e-01   5.000113e-01
   7.342021e-01   1.000000e+00   4.004316e-04   0.000000e+00   3.753420e-02   3.117065e-03   3.951289e-02   9.936806e-01   9.601635e-01   5.000156e-01   5.000465e-01   4.999598e-01   5.000636e-01   4.999548e-01   5.000811e-01   4.999858e-01   4.999588e-01   5.000728e-01   5.000114e-01
   7.087998e-04   5.824269e-03   7.155586e-01   0.000000e+00   0.000000e+00   2.803516e-02   1.620461e-03   9.953823e-01   7.374118e-01   5.000170e-01   5.000458e-01   4.999432e-01   5.000648e-01   4.999409e-01   5.000370e-01   4.999869e-01   4.999563e-01   5.000710e-01   5.000122e-01
   7.705020e-01   8.863805e-04   6.551829e-04   0.000000e+00   7.936075e-01   5.506533e-02   4.527236e-03   9.800714e-01   1.000000e+00   5.000172e-01   5.000471e-01   4.999549e-01   5.000654e-01   4.999418e-01   5.000777e-01   4.999870e-01   4.999558e-01   5.000595e-01   5.000123e-01
   0.000000e+00   1.570992e-02   2.650669e-03   0.000000e+00   1.845184e-01   1.607105e-01   6.808748e-02   9.850891e-01   8.035926e-01   5.000174e-01   5.000471e-01   4.999581e-01   5.008514e-01   4.999413e-01   5.000810e-01   4.999854e-01   4.999562e-01   5.000622e-01   5.000126e-01
   0.000000e+00   4.610114e-04   1.637064e-02   2.717770e-03   7.837821e-01   3.027207e-04   4.554452e-02   9.837818e-01   9.494581e-01   5.000176e-01   5.000479e-01   4.999372e-01   5.000636e-01   4.999388e-01   5.000776e-01   4.999857e-01   4.999561e-01   5.000744e-01   5.000126e-01
   4.803587e-05   6.930164e-05   1.821064e-02   2.385542e-01   8.022701e-03   1.949603e-02   9.691440e-01   9.836602e-01   0.000000e+00   5.000243e-01   5.000471e-01   4.999548e-01   5.000648e-01   4.999443e-01   5.000411e-01   4.999872e-01   4.999566e-01   5.000622e-01   5.000127e-01
   1.529536e-02   1.494014e-01   7.257524e-01   0.000000e+00   9.978719e-02   1.725391e-02   2.859827e-02   6.587627e-01   8.052727e-02   5.000239e-01   5.000470e-01   4.999355e-01   5.000659e-01   4.999457e-01   5.000811e-01   4.999856e-01   4.999561e-01   5.000625e-01   5.000114e-01
   1.000000e+00   0.000000e+00   2.061635e-02   4.264533e-02   8.726465e-02   4.150048e-04   6.055672e-02   6.491136e-01   7.260050e-01   5.000170e-01   5.000138e-01   4.999599e-01   5.000649e-01   4.999525e-01   5.000402e-01   4.999873e-01   4.999588e-01   5.000570e-01   5.000123e-01
   2.311746e-07   0.000000e+00   0.000000e+00   1.970080e-07   0.000000e+00   1.000000e+00   0.000000e+00   8.714994e-01   8.269230e-01   5.000157e-01   5.000482e-01   4.999435e-01   5.000658e-01   4.999496e-01   5.000808e-01   4.999873e-01   4.999589e-01   5.000716e-01   5.000114e-01
   5.159229e-05   0.000000e+00   2.346643e-03   7.123250e-02   1.927104e-02   6.893320e-04   1.000000e+00   9.992208e-01   9.992125e-01   5.000153e-01   5.000470e-01   4.999607e-01   5.000637e-01   4.999498e-01   5.000832e-01   4.999872e-01   4.999564e-01   5.000741e-01   5.000114e-01
   7.929972e-01   3.818217e-03   1.248349e-01   0.000000e+00   1.247928e-01   2.866253e-02   1.000000e+00   9.273507e-01   8.137787e-01   5.000161e-01   5.000472e-01   4.999563e-01   5.000661e-01   4.999441e-01   5.000809e-01   4.999873e-01   4.999579e-01   5.000622e-01   5.000113e-01
   0.000000e+00   1.800414e-01   6.413800e-02   9.061662e-04   0.000000e+00   4.193768e-04   3.336397e-02   6.247529e-01   8.069467e-01   5.000168e-01   5.000471e-01   4.999578e-01   5.000648e-01   4.999512e-01   5.000402e-01   4.999873e-01   4.999580e-01   5.000621e-01   5.000127e-01
   0.000000e+00   1.003124e-02   2.793143e-02   2.304541e-01   1.105386e-01   3.761439e-02   3.164168e-02   1.000000e+00   8.497525e-01   5.000168e-01   5.000471e-01   4.999549e-01   5.000648e-01   4.999441e-01   5.000804e-01   4.999875e-01   4.999567e-01   5.000720e-01   5.000127e-01
   1.579759e-01   0.000000e+00   0.000000e+00   1.970080e-07   9.591998e-02   1.000000e+00   1.000000e+00   9.644185e-01   8.245327e-01   5.000231e-01   5.000482e-01   4.999435e-01   5.000659e-01   4.999496e-01   5.000808e-01   4.999857e-01   4.999563e-01   5.000723e-01   5.000113e-01
   1.767555e-01   5.051977e-02   5.034418e-02   0.000000e+00   8.915784e-02   9.053608e-01   1.215245e-01   8.773703e-01   9.937959e-01   5.000156e-01   5.000470e-01   4.999583e-01   5.000648e-01   4.999416e-01   5.000809e-01   4.999876e-01   4.999562e-01   5.000715e-01   5.000126e-01
   0.000000e+00   0.000000e+00   0.000000e+00   0.000000e+00   1.568801e-02   9.254824e-05   0.000000e+00   6.486938e-01   9.996107e-01   5.000156e-01   5.000471e-01   4.999376e-01   5.087921e-01   4.999497e-01   5.000808e-01   4.999873e-01   4.999561e-01   5.000723e-01   5.000128e-01
   0.000000e+00   1.918020e-02   0.000000e+00   0.000000e+00   9.015458e-01   8.558356e-02   3.411177e-02   6.715679e-01   3.073032e-02   5.000232e-01   5.000471e-01   4.999432e-01   5.000648e-01   4.999493e-01   5.000808e-01   4.999872e-01   4.999564e-01   5.000718e-01   5.000128e-01
   5.159229e-05   6.620268e-05   2.380317e-03   6.337214e-02   1.927104e-02   5.841376e-06   0.000000e+00   9.992208e-01   9.592703e-01   5.000153e-01   5.000470e-01   4.999606e-01   5.000648e-01   4.999498e-01   5.000832e-01   4.999871e-01   4.999561e-01   5.000721e-01   5.000113e-01
   3.964221e-02   2.761995e-05   2.943128e-01   0.000000e+00   0.000000e+00   3.466204e-02   5.440720e-03   9.492860e-01   9.339120e-01   5.000176e-01   5.000470e-01   4.999559e-01   5.000659e-01   4.999412e-01   5.000806e-01   4.999856e-01   4.999567e-01   5.000758e-01   5.000126e-01
   9.442811e-02   0.000000e+00   2.565504e-03   1.682072e-02   1.927104e-02   0.000000e+00   9.603058e-01   9.867329e-01   9.990404e-01   5.000154e-01   5.000470e-01   4.999430e-01   5.000648e-01   4.999386e-01   5.000832e-01   4.999872e-01   4.999564e-01   5.000742e-01   5.000113e-01
   4.950920e-02   4.016308e-02   7.750026e-01   1.300910e-02   1.119533e-02   2.887398e-02   9.647415e-01   9.665062e-01   9.918666e-01   5.000152e-01   5.000470e-01   4.999580e-01   5.000648e-01   4.999439e-01   5.000813e-01   4.999871e-01   4.999565e-01   5.000741e-01   5.000122e-01
   8.374565e-01   0.000000e+00   4.367873e-04   1.000000e+00   4.753550e-03   0.000000e+00   8.888248e-03   1.000000e+00   6.011475e-02   5.000154e-01   5.000460e-01   4.999568e-01   5.000660e-01   4.999412e-01   5.000397e-01   4.999859e-01   4.999558e-01   5.000717e-01   5.000126e-01
   0.000000e+00   3.958928e-03   1.407498e-02   7.078973e-02   6.555648e-03   2.146860e-01   9.977220e-01   9.683347e-01   1.000000e+00   5.000242e-01   5.000471e-01   4.999582e-01   5.000645e-01   4.999447e-01   5.000813e-01   4.999875e-01   4.999564e-01   5.000751e-01   5.000126e-01
   1.580140e-01   1.544808e-01   8.220284e-01   8.344406e-01   1.223551e-01   8.865319e-01   1.000000e+00   6.243387e-01   0.000000e+00   5.000239e-01   5.000491e-01   4.999572e-01   5.000649e-01   4.999466e-01   5.000803e-01   4.999873e-01   4.999558e-01   5.000710e-01   5.000114e-01
   9.381475e-02   1.013108e-02   7.582718e-01   5.274136e-02   9.071356e-02   1.000000e+00   1.439984e-01   8.742512e-01   7.904781e-01   5.000156e-01   5.000479e-01   4.999559e-01   5.000656e-01   4.999492e-01   5.000805e-01   4.999872e-01   4.999569e-01   5.000592e-01   5.000125e-01
   9.663957e-04   1.615625e-02   5.692563e-03   4.183553e-02   9.948193e-02   9.511489e-01   1.457080e-01   8.703874e-01   8.362352e-01   5.000156e-01   5.000480e-01   4.999434e-01   5.000649e-01   4.999450e-01   5.000801e-01   4.999857e-01   4.999589e-01   5.000726e-01   5.000113e-01
   1.512456e-01   1.922153e-02   7.322660e-05   0.000000e+00   8.967723e-02   9.469246e-01   3.654920e-04   9.636354e-01   8.562982e-01   5.000232e-01   5.000465e-01   4.999536e-01   5.000655e-01   4.999466e-01   5.000815e-01   4.999870e-01   4.999565e-01   5.000721e-01   5.000114e-01
   3.562943e-03   0.000000e+00   1.992243e-02   4.628571e-02   2.357512e-02   3.182940e-04   0.000000e+00   6.417528e-01   7.460742e-01   5.000171e-01   5.000143e-01   4.999579e-01   5.000649e-01   4.999525e-01   5.000402e-01   4.999873e-01   4.999595e-01   5.000618e-01   5.000127e-01
   8.002759e-05   1.571959e-01   0.000000e+00   1.586502e-02   1.761207e-04   8.821734e-01   9.112823e-01   9.644781e-01   8.562982e-01   5.000157e-01   5.000471e-01   4.999532e-01   5.000658e-01   4.999466e-01   5.000815e-01   4.999869e-01   4.999569e-01   5.000710e-01   5.000113e-01
   6.966446e-01   1.937159e-02   2.672869e-07   0.000000e+00   8.756753e-02   1.573379e-02   5.727607e-02   9.425974e-01   8.684487e-03   5.000154e-01   5.000472e-01   4.999564e-01   5.000652e-01   4.999463e-01   5.000704e-01   4.999873e-01   4.999569e-01   5.000597e-01   5.000123e-01
   7.023806e-01   9.903847e-01   4.929018e-01   0.000000e+00   0.000000e+00   1.876534e-02   7.692551e-02   8.931085e-01   7.964781e-01   5.000175e-01   5.000457e-01   4.999561e-01   5.000648e-01   4.999349e-01   5.000809e-01   4.999868e-01   4.999564e-01   5.000711e-01   5.000125e-01
   1.596674e-01   0.000000e+00   0.000000e+00   2.108905e-01   8.556856e-02   9.585064e-05   3.209515e-01   9.685009e-01   9.986297e-01   5.000157e-01   5.000470e-01   4.999577e-01   5.000659e-01   4.999412e-01   5.000815e-01   4.999871e-01   4.999558e-01   5.000724e-01   5.000123e-01
   3.624350e-02   3.074069e-03   3.521575e-02   7.040132e-01   1.456275e-01   9.468748e-01   1.994755e-02   9.983978e-01   8.213286e-01   5.000154e-01   5.000457e-01   4.999585e-01   5.000644e-01   4.999449e-01   5.000803e-01   4.999874e-01   4.999562e-01   5.000711e-01   5.000125e-01
   6.372672e-07   0.000000e+00   1.000000e+00   8.811269e-04   1.061914e-02   2.654259e-06   8.595255e-01   6.187126e-01   7.938384e-01   5.000174e-01   5.000471e-01   4.999560e-01   5.000660e-01   4.999488e-01   5.000423e-01   4.999873e-01   4.999561e-01   5.000719e-01   5.000111e-01
   8.960662e-01   1.324879e-05   1.978609e-02   0.000000e+00   8.936541e-02   9.574144e-01   9.027005e-03   1.000000e+00   8.251391e-01   5.000165e-01   5.000471e-01   4.999558e-01   5.000651e-01   4.999469e-01   5.000803e-01   4.999869e-01   4.999570e-01   5.000714e-01   5.000127e-01
   1.131753e-03   5.596401e-09   7.513773e-01   9.246856e-01   8.425403e-03   2.388035e-04   1.444179e-02   9.683977e-01   7.018162e-04   5.000153e-01   5.000460e-01   4.999568e-01   5.000649e-01   4.999409e-01   5.000811e-01   4.999871e-01   4.999561e-01   5.000717e-01   5.000126e-01
   9.475455e-03   1.555127e-01   1.000000e+00   6.512819e-02   0.000000e+00   1.966480e-02   1.000000e+00   9.879320e-01   2.697786e-02   5.000232e-01   5.000472e-01   4.999540e-01   5.000659e-01   4.999442e-01   5.000815e-01   4.999873e-01   4.999560e-01   5.000722e-01   5.000114e-01
   7.444585e-01   0.000000e+00   2.063298e-02   8.581730e-01   8.803374e-02   1.360452e-08   2.880073e-02   1.000000e+00   1.147655e-02   5.000242e-01   5.000471e-01   4.999559e-01   5.000652e-01   4.999513e-01   5.000418e-01   4.999855e-01   4.999559e-01   5.000585e-01   5.000125e-01
   2.311746e-07   0.000000e+00   9.219887e-07   2.656009e-03   0.000000e+00   3.203018e-07   1.752461e-02   8.730400e-01   9.996107e-01   5.000155e-01   5.000472e-01   4.999563e-01   5.000659e-01   4.999501e-01   5.000806e-01   4.999859e-01   4.999590e-01   5.000717e-01   5.000128e-01
   9.881385e-04   1.736182e-02   8.044059e-01   4.258083e-04   9.379389e-01   5.396600e-02   9.826451e-01   9.679129e-01   9.598325e-01   5.000152e-01   5.000471e-01   4.999339e-01   5.000648e-01   4.999491e-01   5.000801e-01   4.999872e-01   4.999565e-01   5.000725e-01   5.000122e-01
   0.000000e+00   2.583276e-07   7.549840e-05   2.450181e-01   8.274576e-02   6.834906e-04   9.796413e-01   1.000000e+00   9.967809e-01   5.000167e-01   5.000470e-01   4.999548e-01   5.000648e-01   4.999494e-01   5.000841e-01   4.999872e-01   4.999564e-01   5.000741e-01   5.000122e-01
   7.342021e-01   2.537501e-03   7.607690e-04   3.176953e-03   1.827967e-02   3.109763e-06   1.600715e-03   9.936806e-01   6.844936e-02   5.000171e-01   5.000470e-01   4.999592e-01   5.000648e-01   4.999548e-01   5.000811e-01   4.999867e-01   4.999593e-01   5.000722e-01   5.000114e-01
   5.248797e-05   0.000000e+00   1.430194e-02   2.885642e-03   1.244744e-01   4.441181e-02   4.461870e-02   9.912784e-01   7.398887e-01   5.000167e-01   5.000479e-01   4.999372e-01   5.000647e-01   4.999390e-01   5.000424e-01   4.999873e-01   4.999561e-01   5.000743e-01   5.000126e-01
   1.890110e-03   1.532352e-01   3.247789e-02   6.904794e-02   0.000000e+00   1.894594e-01   1.680807e-03   6.884217e-01   2.939178e-02   5.000167e-01   5.000471e-01   4.999582e-01   5.000661e-01   4.999440e-01   5.000806e-01   4.999859e-01   4.999568e-01   5.000737e-01   5.000114e-01
   1.043715e-08   1.317604e-02   2.228712e-02   7.182863e-01   2.888901e-02   9.326515e-01   1.885331e-02   6.709520e-01   9.457538e-01   5.000153e-01   5.000471e-01   4.999578e-01   5.000659e-01   4.999415e-01   5.000810e-01   4.999873e-01   4.999591e-01   5.000720e-01   5.000128e-01
   1.431853e-01   1.635020e-03   2.128580e-04   2.803021e-02   4.692600e-02   5.314702e-02   9.969726e-01   9.709236e-01   9.686988e-01   5.000156e-01   5.000461e-01   4.999421e-01   5.000649e-01   4.999491e-01   5.000809e-01   4.999872e-01   4.999568e-01   5.000720e-01   5.000125e-01
   0.000000e+00   3.243704e-03   1.091727e-04   2.304541e-01   0.000000e+00   1.932175e-02   7.234195e-04   8.920400e-01   8.140120e-01   5.000167e-01   5.000457e-01   4.999548e-01   5.000648e-01   4.999442e-01   5.000803e-01   4.999871e-01   4.999561e-01   5.000720e-01   5.000125e-01
   3.188019e-04   1.931464e-01   0.000000e+00   1.970080e-07   2.125548e-03   1.684558e-05   1.053037e-03   1.000000e+00   0.000000e+00   5.134154e-01   5.000470e-01   4.999564e-01   5.000648e-01   4.999497e-01   5.000809e-01   4.999873e-01   5.028481e-01   5.000722e-01   5.000128e-01
   1.045175e-01   1.670811e-04   6.326675e-03   7.389805e-01   0.000000e+00   0.000000e+00   0.000000e+00   9.409795e-01   8.471954e-01   5.000157e-01   5.000470e-01   4.999536e-01   5.000659e-01   4.999464e-01   5.000816e-01   4.999859e-01   4.999591e-01   5.000717e-01   5.000126e-01
   0.000000e+00   4.610114e-04   0.000000e+00   0.000000e+00   7.107495e-01   2.463620e-04   4.383666e-02   9.475597e-01   9.500627e-01   5.000157e-01   5.000479e-01   4.999372e-01   5.000659e-01   4.999491e-01   5.000765e-01   4.999857e-01   4.999557e-01   5.000743e-01   5.000113e-01
   1.130488e-03   0.000000e+00   7.552863e-01   9.276126e-01   1.027828e-02   1.737250e-02   2.859827e-02   9.649740e-01   9.130225e-03   5.000170e-01   5.000471e-01   4.999439e-01   5.000649e-01   4.999488e-01   5.000780e-01   4.999871e-01   4.999561e-01   5.000625e-01   5.000114e-01
   5.323763e-05   0.000000e+00   1.000000e+00   8.811269e-04   1.061914e-02   2.654259e-06   4.340891e-02   6.187126e-01   7.938384e-01   5.000174e-01   5.000471e-01   4.999560e-01   5.000660e-01   4.999488e-01   5.000423e-01   4.999872e-01   4.999561e-01   5.000719e-01   5.000123e-01
   1.574439e-01   1.544808e-01   8.220284e-01   2.106615e-02   1.245958e-01   8.865319e-01   3.962333e-02   6.419807e-01   0.000000e+00   5.000241e-01   5.000491e-01   4.999572e-01   5.000649e-01   4.999465e-01   5.000803e-01   4.999873e-01   4.999558e-01   5.000710e-01   5.000114e-01
   1.273038e-01   1.939031e-04   1.768795e-02   5.445084e-02   0.000000e+00   9.401720e-01   8.055562e-04   8.786854e-01   8.499771e-01   5.000156e-01   5.000470e-01   4.999538e-01   5.000659e-01   4.999468e-01   5.000816e-01   4.999858e-01   4.999562e-01   5.000724e-01   5.000126e-01
   1.000000e+00   8.715512e-05   5.957405e-02   1.000000e+00   8.726465e-02   0.000000e+00   8.473464e-02   7.426322e-01   7.471538e-01   5.000170e-01   5.000476e-01   4.999599e-01   5.000650e-01   4.999489e-01   5.000402e-01   4.999858e-01   4.999563e-01   5.000574e-01   5.000125e-01
   7.109617e-01   9.903847e-01   0.000000e+00   2.626828e-03   0.000000e+00   1.876534e-02   0.000000e+00   8.931085e-01   8.512478e-01   5.000175e-01   5.000457e-01   4.999561e-01   5.000659e-01   4.999349e-01   5.000816e-01   4.999872e-01   4.999591e-01   5.000710e-01   5.000125e-01
   0.000000e+00   1.502731e-02   2.445941e-02   1.000000e+00   9.246402e-01   4.124188e-02   1.437318e-02   9.841305e-01   1.513648e-03   5.000154e-01   5.000458e-01   4.999432e-01   5.000660e-01   4.999493e-01   5.000800e-01   4.999872e-01   4.999568e-01   5.000717e-01   5.000125e-01
   9.475455e-03   1.490277e-01   1.667332e-02   6.512819e-02   1.639321e-02   2.004996e-02   2.527811e-03   9.879320e-01   1.908837e-01   5.000232e-01   5.000472e-01   4.999540e-01   5.000648e-01   4.999442e-01   5.000814e-01   4.999873e-01   4.999560e-01   5.000726e-01   5.000114e-01
   8.629903e-01   6.620268e-05   2.934372e-01   6.337214e-02   1.922214e-02   5.841376e-06   5.338065e-03   9.860683e-01   9.592703e-01   5.000153e-01   5.000470e-01   4.999606e-01   5.000648e-01   4.999505e-01   5.000832e-01   4.999871e-01   4.999561e-01   5.000721e-01   5.000113e-01
   1.459201e-01   1.740982e-06   6.277981e-02   2.599777e-02   4.681764e-02   8.475521e-03   3.698290e-02   9.668700e-01   9.692473e-01   5.000152e-01   5.000470e-01   4.999577e-01   5.000659e-01   4.999463e-01   5.000809e-01   4.999855e-01   4.999556e-01   5.000710e-01   5.000126e-01
   1.512456e-01   2.055153e-02   1.000000e+00   1.000000e+00   8.929375e-02   9.309820e-01   1.148187e-03   9.865815e-01   8.559978e-01   5.000152e-01   5.000470e-01   4.999586e-01   5.000644e-01   4.999464e-01   5.000815e-01   4.999857e-01   4.999560e-01   5.000724e-01   5.000114e-01
   2.239207e-02   0.000000e+00   6.267873e-03   7.871423e-01   8.915784e-02   2.570663e-03   0.000000e+00   9.403845e-01   8.560425e-01   5.000157e-01   5.000470e-01   4.999536e-01   5.000648e-01   4.999464e-01   5.000801e-01   4.999859e-01   4.999570e-01   5.000717e-01   5.000126e-01
   1.057253e-03   1.460794e-01   1.297010e-02   0.000000e+00   7.847650e-01   3.953780e-03   4.615045e-02   7.634194e-01   7.624553e-02   5.000156e-01   5.000479e-01   4.999359e-01   5.000634e-01   4.999382e-01   5.000404e-01   4.999858e-01   4.999556e-01   5.000760e-01   5.000122e-01
   1.702467e-01   2.253181e-06   9.690357e-01   8.416532e-02   0.000000e+00   0.000000e+00   9.403866e-01   9.750123e-01   9.695791e-01   5.000155e-01   5.000481e-01   4.999419e-01   5.000659e-01   4.999497e-01   5.000805e-01   4.999855e-01   4.999556e-01   5.000710e-01   5.000114e-01
   1.605866e-01   4.129364e-03   2.483382e-02   9.542249e-04   0.000000e+00   0.000000e+00   6.500942e-02   9.968065e-01   9.556333e-01   5.000154e-01   5.000471e-01   4.999580e-01   5.000649e-01   4.999510e-01   5.000423e-01   4.999868e-01   4.999565e-01   5.000602e-01   5.000127e-01
   8.413806e-01   0.000000e+00   0.000000e+00   1.970080e-07   0.000000e+00   9.850448e-01   0.000000e+00   1.000000e+00   1.280537e-01   5.000231e-01   5.000471e-01   4.999570e-01   5.000643e-01   4.999497e-01   5.000807e-01   4.999858e-01   4.999561e-01   5.000723e-01   5.000128e-01
   6.190718e-02   1.269837e-04   1.153283e-04   0.000000e+00   6.423781e-02   1.000000e+00   3.044420e-02   1.000000e+00   0.000000e+00   5.000237e-01   5.000471e-01   4.999547e-01   5.000652e-01   4.999469e-01   5.000397e-01   4.999855e-01   4.999559e-01   5.000624e-01   5.000126e-01
   0.000000e+00   5.824269e-03   5.462832e-03   2.011230e-07   0.000000e+00   2.803516e-02   1.620461e-03   9.997866e-01   7.374118e-01   5.000170e-01   5.000458e-01   4.999432e-01   5.000659e-01   4.999409e-01   5.000370e-01   4.999873e-01   4.999589e-01   5.000710e-01   5.000127e-01
   0.000000e+00   1.999230e-02   0.000000e+00   6.046960e-03   7.953942e-01   2.131684e-01   5.074606e-02   6.624809e-01   0.000000e+00   5.000115e-01   5.000470e-01   4.999374e-01   5.000648e-01   4.999469e-01   5.000786e-01   4.999871e-01   4.999563e-01   5.000589e-01   5.000122e-01
   3.462406e-05   0.000000e+00   7.175008e-01   7.242072e-03   9.325623e-04   3.623280e-02   4.290738e-02   9.818080e-01   8.011069e-01   5.000170e-01   5.000476e-01   4.999432e-01   5.000649e-01   4.999465e-01   5.000813e-01   4.999869e-01   4.999564e-01   5.000624e-01   5.000127e-01
   1.181154e-04   0.000000e+00   2.369465e-04   2.228229e-01   3.235861e-03   9.786335e-01   1.000000e+00   7.418504e-01   0.000000e+00   5.000155e-01   5.000483e-01   4.999426e-01   5.000645e-01   4.999415e-01   5.000809e-01   4.999856e-01   4.999565e-01   5.000732e-01   5.000126e-01
   3.647068e-07   1.868521e-02   9.845534e-01   9.949379e-01   5.747112e-02   0.000000e+00   3.215962e-02   9.683347e-01   1.755607e-01   5.000153e-01   5.000460e-01   4.999568e-01   5.000648e-01   4.999496e-01   5.000816e-01   4.999859e-01   4.999565e-01   5.020786e-01   5.000126e-01
   1.568700e-01   0.000000e+00   2.477309e-03   4.757795e-02   2.067686e-01   9.805768e-01   1.000000e+00   9.314700e-01   8.456305e-01   5.000231e-01   5.000471e-01   4.999435e-01   5.000648e-01   4.999387e-01   5.000808e-01   4.999870e-01   4.999564e-01   5.000724e-01   5.000113e-01
   1.659856e-07   0.000000e+00   0.000000e+00   1.964481e-07   0.000000e+00   8.528107e-01   2.972008e-02   9.496544e-01   3.600393e-02   5.000156e-01   5.000482e-01   4.999435e-01   5.000659e-01   4.999493e-01   5.000796e-01   4.999857e-01   4.999560e-01   5.000716e-01   5.000123e-01
   3.108900e-04   0.000000e+00   2.713394e-07   7.441199e-02   0.000000e+00   7.394040e-02   1.053971e-03   9.886187e-01   1.117797e-02   5.000176e-01   5.000471e-01   4.999563e-01   5.000637e-01   4.999548e-01   5.000809e-01   4.999858e-01   4.999589e-01   5.000722e-01   5.000128e-01
   0.000000e+00   0.000000e+00   3.284307e-02   3.958891e-03   1.056076e-01   3.233706e-02   1.697784e-01   9.282778e-01   9.328547e-01   5.000153e-01   5.000458e-01   4.999549e-01   5.000655e-01   4.999413e-01   5.000455e-01   4.999855e-01   4.999566e-01   5.000572e-01   5.000125e-01
   1.180126e-04   0.000000e+00   0.000000e+00   0.000000e+00   0.000000e+00   1.664725e-01   1.053971e-03   6.362688e-01   1.117797e-02   5.000176e-01   5.000470e-01   4.999562e-01   5.000649e-01   4.999548e-01   5.000809e-01   4.999873e-01   4.999580e-01   5.000624e-01   5.000126e-01
   1.130488e-03   0.000000e+00   7.552863e-01   0.000000e+00   8.134667e-02   1.725391e-02   5.288909e-02   9.790380e-01   9.754712e-01   5.000170e-01   5.000470e-01   4.999439e-01   5.000648e-01   4.999441e-01   5.000780e-01   4.999856e-01   4.999561e-01   5.000626e-01   5.000114e-01
   0.000000e+00   0.000000e+00   2.962968e-01   9.155451e-01   0.000000e+00   3.468872e-02   4.702168e-02   9.466966e-01   9.472195e-01   5.000168e-01   5.000479e-01   4.999560e-01   5.000637e-01   4.999411e-01   5.000431e-01   4.999858e-01   4.999562e-01   5.000762e-01   5.000125e-01
   0.000000e+00   1.857435e-02   0.000000e+00   0.000000e+00   0.000000e+00   1.684558e-05   1.614217e-03   1.000000e+00   9.630515e-01   5.000152e-01   4.223658e-01   4.507260e-01   5.000648e-01   4.999497e-01   5.000809e-01   4.999873e-01   4.999561e-01   5.000723e-01   5.000123e-01
   1.481221e-04   1.956489e-01   7.582718e-01   3.582316e-03   0.000000e+00   9.747701e-01   0.000000e+00   1.000000e+00   9.636109e-01   5.000156e-01   5.000470e-01   4.999563e-01   5.000656e-01   4.999497e-01   5.000805e-01   4.999872e-01   4.999559e-01   5.000722e-01   5.000125e-01
   0.000000e+00   4.489592e-04   1.637064e-02   0.000000e+00   9.632302e-02   4.955775e-02   4.531021e-02   9.998691e-01   0.000000e+00   5.000151e-01   5.000471e-01   4.999582e-01   5.000635e-01   4.999388e-01   5.000424e-01   4.999857e-01   5.085368e-01   5.000738e-01   5.000114e-01
   0.000000e+00   4.610114e-04   2.039584e-02   0.000000e+00   7.837821e-01   0.000000e+00   2.878198e-02   9.875297e-01   8.250913e-01   5.000152e-01   5.000479e-01   4.999572e-01   5.000635e-01   4.999383e-01   5.000425e-01   4.999872e-01   4.999570e-01   5.000619e-01   5.000114e-01
   8.152450e-01   9.451668e-05   0.000000e+00   4.443082e-03   9.579799e-01   9.996148e-01   6.586529e-03   9.676408e-01   8.303794e-02   5.000156e-01   5.000476e-01   4.999369e-01   5.000658e-01   4.999449e-01   5.000801e-01   4.999872e-01   4.999563e-01   5.000725e-01   5.000125e-01
   1.443537e-03   0.000000e+00   1.000000e+00   0.000000e+00   0.000000e+00   4.194721e-04   3.698290e-02   9.674368e-01   9.695791e-01   5.000156e-01   5.000470e-01   4.999578e-01   5.000659e-01   4.999463e-01   5.000805e-01   4.999873e-01   4.999556e-01   5.000710e-01   5.000125e-01
   1.512456e-01   1.922153e-02   0.000000e+00   8.389063e-03   8.967723e-02   9.433888e-01   1.148187e-03   9.865815e-01   8.562982e-01   5.000230e-01   5.000470e-01   4.999536e-01   5.000658e-01   4.999511e-01   5.000396e-01   4.999857e-01   4.999560e-01   5.000724e-01   5.000114e-01
   1.091080e-03   6.237891e-06   8.951316e-01   9.547735e-01   7.234199e-02   7.364001e-03   0.000000e+00   9.856729e-01   1.000000e+00   5.000241e-01   5.000469e-01   4.999571e-01   5.000648e-01   4.999393e-01   5.000800e-01   4.999857e-01   4.999565e-01   5.000623e-01   5.000125e-01
   2.181908e-02   0.000000e+00   6.326675e-03   2.790126e-02   8.915784e-02   0.000000e+00   0.000000e+00   9.409795e-01   8.560425e-01   5.000155e-01   5.000470e-01   4.999536e-01   5.000659e-01   4.999497e-01   5.000816e-01   4.999859e-01   4.999570e-01   5.000717e-01   5.000126e-01
   7.276319e-01   0.000000e+00   9.973469e-01   6.255811e-09   1.229609e-01   0.000000e+00   4.592245e-02   8.738543e-01   1.873989e-02   5.000238e-01   5.000472e-01   4.999560e-01   5.000659e-01   4.998868e-01   5.000793e-01   4.999873e-01   4.999579e-01   5.000710e-01   5.000114e-01
   4.619266e-04   1.000000e+00   1.779955e-02   8.812284e-04   0.000000e+00   0.000000e+00   9.868320e-01   1.000000e+00   9.220043e-01   5.000155e-01   5.000471e-01   4.999563e-01   5.000648e-01   4.999497e-01   5.000808e-01   4.666783e-01   4.999561e-01   5.000723e-01   5.000128e-01
   1.000000e+00   0.000000e+00   2.061635e-02   4.315335e-02   3.803663e-02   4.215863e-04   6.055672e-02   6.491136e-01   7.260050e-01   5.000171e-01   5.000138e-01   4.999598e-01   5.000649e-01   4.999548e-01   5.000402e-01   4.999872e-01   4.999588e-01   5.000570e-01   5.000113e-01
   7.347722e-01   1.000000e+00   4.004316e-04   8.133745e-01   3.529356e-02   3.117065e-03   9.998896e-01   9.760385e-01   9.601635e-01   5.000154e-01   5.000465e-01   4.999598e-01   5.000636e-01   4.999549e-01   5.000811e-01   4.999858e-01   4.999588e-01   5.000728e-01   5.000114e-01
   1.048135e-01   8.782096e-04   6.426363e-03   7.389805e-01   9.025479e-02   0.000000e+00   1.158136e-01   9.390502e-01   9.805420e-01   5.000157e-01   5.000470e-01   4.999328e-01   5.000659e-01   4.999406e-01   5.000805e-01   4.999876e-01   4.999591e-01   5.000717e-01   5.000126e-01
   0.000000e+00   0.000000e+00   2.439945e-02   0.000000e+00   0.000000e+00   0.000000e+00   5.186626e-02   9.789142e-01   8.363430e-01   5.000155e-01   5.000471e-01   4.999424e-01   5.000648e-01   5.361245e-01   5.000777e-01   4.999855e-01   4.999589e-01   5.000723e-01   5.000126e-01
   6.051268e-06   8.791566e-05   1.821064e-02   2.426175e-01   8.022701e-03   1.949603e-02   9.691440e-01   9.840072e-01   4.871523e-03   5.000243e-01   5.000471e-01   4.999548e-01   5.000648e-01   4.999443e-01   5.000805e-01   4.999872e-01   4.999566e-01   5.000716e-01   5.000125e-01
   5.539825e-05   2.725476e-05   1.430194e-02   1.210442e-03   3.502657e-02   4.441181e-02   4.563267e-02   9.912784e-01   7.398887e-01   5.000176e-01   5.000479e-01   4.999372e-01   5.000647e-01   4.999387e-01   5.000402e-01   4.999873e-01   4.999580e-01   5.000743e-01   5.000126e-01
   3.832789e-07   5.596401e-09   8.286852e-01   1.000000e+00   2.148759e-02   2.388035e-04   2.634026e-02   9.683347e-01   5.887260e-02   5.000153e-01   5.000460e-01   4.999568e-01   5.000658e-01   4.999411e-01   5.000806e-01   4.999859e-01   4.999558e-01   5.000718e-01   5.000126e-01
   0.000000e+00   6.573321e-03   9.833267e-01   7.061117e-03   0.000000e+00   0.000000e+00   1.000000e+00   9.751421e-01   8.231253e-01   5.000170e-01   5.000492e-01   4.999619e-01   5.000659e-01   4.999443e-01   5.000785e-01   4.999873e-01   4.999557e-01   5.000549e-01   5.000115e-01
   1.652445e-01   0.000000e+00   2.789430e-02   2.763468e-02   4.667970e-02   9.640994e-01   3.542247e-04   9.397205e-01   7.580407e-01   5.000231e-01   5.000470e-01   4.999535e-01   5.000659e-01   4.999435e-01   5.000440e-01   4.999855e-01   4.999557e-01   5.000571e-01   5.000125e-01
   1.482108e-05   5.060881e-04   5.958382e-02   4.257490e-02   1.101569e-02   8.742494e-03   9.911722e-01   9.577915e-01   1.000000e+00   5.000152e-01   5.000471e-01   4.999337e-01   5.000659e-01   4.999460e-01   5.000809e-01   4.999873e-01   4.999565e-01   5.000710e-01   5.000126e-01
   0.000000e+00   0.000000e+00   2.431906e-02   7.107945e-02   8.359343e-04   1.708012e-01   8.482302e-01   9.788755e-01   3.354361e-02   5.000153e-01   5.000471e-01   4.999575e-01   5.000648e-01   4.998850e-01   5.000808e-01   4.999870e-01   4.999564e-01   5.000728e-01   5.000114e-01
   0.000000e+00   0.000000e+00   3.521575e-02   7.036907e-01   1.460110e-01   9.913584e-01   9.589468e-01   9.990116e-01   8.213019e-01   5.000233e-01   5.000482e-01   4.999535e-01   5.000658e-01   4.999430e-01   5.000803e-01   4.999874e-01   4.999590e-01   5.000710e-01   5.000125e-01
   1.233205e-02   0.000000e+00   3.461443e-05   4.475252e-03   7.942693e-01   0.000000e+00   5.487856e-02   9.782924e-01   2.041052e-03   5.000115e-01   5.000470e-01   4.999557e-01   5.000659e-01   4.999485e-01   5.000816e-01   4.999873e-01   4.999566e-01   5.000595e-01   5.000123e-01
   0.000000e+00   3.243704e-03   1.091727e-04   2.303593e-01   0.000000e+00   6.404530e-02   8.284720e-04   9.830950e-01   9.500823e-01   5.000166e-01   5.000471e-01   4.999548e-01   5.000648e-01   4.999442e-01   5.000426e-01   4.999871e-01   4.999561e-01   5.000720e-01   5.000122e-01
   0.000000e+00   0.000000e+00   2.129350e-04   6.758024e-01   1.467861e-01   5.314702e-02   9.769944e-01   9.445305e-01   9.003515e-01   5.000154e-01   5.000461e-01   4.999421e-01   5.000659e-01   4.999428e-01   5.000809e-01   4.999873e-01   4.999590e-01   5.000720e-01   5.000126e-01
   1.736047e-05   3.869791e-03   8.170060e-01   0.000000e+00   2.880515e-02   9.049018e-01   6.500942e-02   1.000000e+00   7.903576e-01   5.000154e-01   5.000471e-01   4.999580e-01   5.000649e-01   4.998855e-01   5.000817e-01   4.999868e-01   4.999565e-01   5.000603e-01   5.000127e-01
   8.235311e-01   6.939107e-05   2.495208e-05   5.065173e-02   2.147328e-03   8.278743e-03   1.612908e-01   8.616319e-01   9.037722e-01   5.000154e-01   5.000476e-01   4.999405e-01   5.000650e-01   4.999488e-01   5.000810e-01   4.999873e-01   4.999562e-01   5.000723e-01   5.000125e-01
   2.311746e-07   0.000000e+00   0.000000e+00   1.982877e-07   0.000000e+00   1.000000e+00   3.904473e-07   8.631814e-01   4.794516e-02   5.000156e-01   5.000482e-01   4.999435e-01   5.000658e-01   4.999496e-01   5.000808e-01   4.999873e-01   4.999589e-01   5.000716e-01   5.000114e-01
   1.512086e-01   0.000000e+00   9.996209e-01   1.000000e+00   8.967723e-02   9.911237e-01   0.000000e+00   9.727519e-01   9.664561e-01   5.000230e-01   5.000470e-01   4.999437e-01   5.000658e-01   4.999465e-01   5.000815e-01   4.999857e-01   4.999556e-01   5.000710e-01   5.000114e-01
   7.198514e-01   0.000000e+00   3.953524e-05   2.308474e-01   1.062290e-01   1.764460e-01   9.878907e-04   9.919741e-01   8.316042e-01   5.000168e-01   5.000470e-01   4.999549e-01   5.000636e-01   4.999548e-01   5.000803e-01   4.999858e-01   4.999580e-01   5.000722e-01   5.000130e-01
   2.571229e-02   3.881799e-03   1.637064e-02   0.000000e+00   1.065893e-01   6.457981e-02   5.041489e-02   9.911323e-01   8.144246e-01   5.000152e-01   5.000472e-01   4.999572e-01   5.000660e-01   4.999458e-01   5.000825e-01   4.999872e-01   4.999569e-01   5.000619e-01   5.000114e-01
   0.000000e+00   1.800414e-01   8.712027e-01   0.000000e+00   3.366790e-04   9.245368e-01   3.336397e-02   6.279464e-01   8.069467e-01   5.000168e-01   5.000471e-01   4.999578e-01   5.000648e-01   4.999429e-01   5.000402e-01   4.999873e-01   4.999580e-01   5.000621e-01   5.000126e-01
   0.000000e+00   1.222738e-02   4.799792e-01   7.868233e-01   6.777296e-03   7.702458e-02   8.119250e-02   8.781194e-01   8.144582e-01   5.000176e-01   5.000457e-01   4.999428e-01   5.000635e-01   4.999440e-01   5.000819e-01   4.999873e-01   4.999563e-01   5.000720e-01   5.000114e-01
   7.647819e-01   1.556232e-01   1.000000e+00   0.000000e+00   2.764915e-02   5.316723e-02   9.688313e-01   6.118751e-01   8.408555e-01   5.000156e-01   5.000461e-01   4.999371e-01   5.000648e-01   4.999489e-01   5.000809e-01   4.999873e-01   4.999568e-01   5.000720e-01   5.000126e-01
   1.582538e-03   5.242476e-06   2.942135e-03   4.846800e-02   0.000000e+00   0.000000e+00   1.091548e-01   9.742168e-01   9.621444e-01   5.000154e-01   5.000482e-01   4.999406e-01   5.000637e-01   4.999449e-01   5.000779e-01   4.999874e-01   4.999559e-01   5.000720e-01   5.000125e-01
   7.994870e-01   1.565800e-02   4.888886e-01   2.662264e-02   6.498456e-03   9.666636e-02   8.037981e-02   8.910795e-01   9.354457e-03   5.000175e-01   5.000458e-01   4.999563e-01   5.000635e-01   4.999494e-01   5.000819e-01   4.999872e-01   4.999562e-01   5.000621e-01   5.000125e-01
   1.000000e+00   3.763583e-03   6.114734e-02   0.000000e+00   8.726465e-02   0.000000e+00   1.000000e+00   9.904276e-01   7.518829e-01   5.000172e-01   5.000482e-01   4.999599e-01   5.000655e-01   4.999469e-01   5.000808e-01   4.999868e-01   4.999562e-01   5.000738e-01   5.000125e-01
   7.312927e-04   0.000000e+00   7.100958e-01   0.000000e+00   0.000000e+00   0.000000e+00   1.000000e+00   8.972760e-01   9.996107e-01   5.000155e-01   5.000472e-01   4.999563e-01   5.000649e-01   4.999497e-01   5.000808e-01   4.999869e-01   4.999565e-01   5.000723e-01   5.000123e-01
   6.872954e-01   2.615690e-02   3.317850e-04   1.000000e+00   5.067236e-03   4.446494e-04   7.707607e-02   8.931085e-01   9.971338e-01   5.000175e-01   5.000457e-01   4.999568e-01   5.000637e-01   4.999349e-01   5.000393e-01   4.999872e-01   4.999591e-01   5.000711e-01   5.000125e-01
   8.344133e-04   3.360175e-08   2.437272e-04   6.899037e-02   6.558037e-03   1.031713e-02   9.472544e-01   9.499398e-01   3.396011e-02   5.000242e-01   5.000471e-01   4.999583e-01   5.000652e-01   4.999448e-01   5.000793e-01   4.999875e-01   4.999564e-01   5.000757e-01   5.000126e-01
   2.428948e-05   0.000000e+00   0.000000e+00   1.970080e-07   0.000000e+00   0.000000e+00   0.000000e+00   1.000000e+00   1.000000e+00   5.000155e-01   5.000471e-01   4.999563e-01   5.000661e-01   4.999497e-01   5.000816e-01   4.999872e-01   4.999579e-01   5.000622e-01   5.000128e-01
   3.616070e-03   7.761939e-03   0.000000e+00   4.742259e-02   2.023446e-02   5.538032e-05   6.635679e-03   9.845920e-01   8.263044e-01   5.000155e-01   5.000474e-01   4.999532e-01   5.000663e-01   4.999466e-01   5.000805e-01   4.999858e-01   4.999562e-01   5.000709e-01   5.000113e-01
   1.498581e-04   1.741529e-02   4.785053e-02   2.241371e-01   9.620523e-01   4.228205e-02   1.000000e+00   9.746224e-01   8.191536e-01   5.000155e-01   5.000483e-01   4.999370e-01   5.000648e-01   4.999444e-01   5.000809e-01   4.999875e-01   4.999568e-01   5.000598e-01   5.000123e-01
   9.553402e-02   0.000000e+00   8.819499e-05   1.682072e-02   1.927104e-02   1.942325e-02   9.603058e-01   9.867329e-01   9.779426e-01   5.000154e-01   5.000482e-01   4.999430e-01   5.000659e-01   4.999495e-01   5.000832e-01   4.999858e-01   4.999563e-01   5.000741e-01   5.000113e-01
   5.845263e-02   0.000000e+00   8.481875e-01   9.697978e-01   0.000000e+00   1.992726e-02   0.000000e+00   8.455213e-01   2.930332e-02   5.000235e-01   5.000470e-01   4.999426e-01   5.000659e-01   4.999411e-01   5.000815e-01   5.105326e-01   4.999560e-01   5.000725e-01   5.000114e-01
   8.357485e-01   1.502824e-02   2.877049e-03   2.341798e-01   1.233018e-01   2.610455e-01   1.053971e-03   9.919741e-01   8.316042e-01   5.000168e-01   5.000470e-01   4.999604e-01   5.000649e-01   4.999548e-01   5.000806e-01   4.999858e-01   4.999580e-01   5.000721e-01   5.000130e-01
   7.772055e-01   8.637577e-04   6.426741e-04   1.388916e-02   1.208719e-01   5.467844e-02   1.686948e-03   9.799443e-01   7.398887e-01   5.000176e-01   5.000480e-01   4.999376e-01   5.000647e-01   4.999390e-01   5.000416e-01   4.999873e-01   4.999561e-01   5.000603e-01   5.000126e-01
   0.000000e+00   0.000000e+00   2.439945e-02   9.518949e-01   0.000000e+00   7.488515e-02   9.537040e-01   9.649095e-01   7.265397e-03   5.000153e-01   5.000471e-01   4.999425e-01   5.000649e-01   4.999409e-01   5.000808e-01   4.999871e-01   4.999589e-01   5.000721e-01   5.000126e-01
   7.994870e-01   3.018842e-03   3.429943e-02   2.582144e-03   0.000000e+00   1.884227e-02   6.380979e-02   8.914919e-01   8.140295e-01   5.000175e-01   5.000457e-01   4.999563e-01   5.000658e-01   4.999448e-01   5.000813e-01   4.999872e-01   4.999567e-01   5.000603e-01   5.000128e-01
   1.000000e+00   4.307096e-09   1.991329e-02   2.204974e-01   8.467141e-03   1.000000e+00   0.000000e+00   6.330131e-01   8.231668e-01   5.000164e-01   5.000472e-01   4.999425e-01   5.000648e-01   4.999444e-01   5.000803e-01   4.999875e-01   4.999564e-01   5.006259e-01   5.000126e-01
   4.733064e-02   7.795679e-03   0.000000e+00   1.970080e-07   0.000000e+00   2.276317e-02   0.000000e+00   8.709592e-01   9.815531e-01   5.000152e-01   5.000471e-01   4.999559e-01   5.000648e-01   4.999492e-01   5.000809e-01   4.999873e-01   4.999592e-01   5.000723e-01   5.000128e-01
   0.000000e+00   1.000000e+00   4.423317e-02   0.000000e+00   3.716302e-02   4.210141e-04   3.395039e-02   6.243555e-01   8.437558e-01   5.000229e-01   5.036608e-01   4.999579e-01   5.000659e-01   4.999512e-01   5.000402e-01   4.999873e-01   4.999563e-01   5.000614e-01   5.000127e-01
   6.936009e-01   1.744242e-04   9.952269e-01   8.214665e-01   0.000000e+00   0.000000e+00   8.566320e-01   9.661373e-01   7.984071e-01   5.000167e-01   5.000479e-01   4.999374e-01   5.000658e-01   4.998857e-01   5.000802e-01   4.999873e-01   4.999591e-01   5.000720e-01   5.000126e-01
   7.929920e-01   1.390359e-04   1.978609e-02   0.000000e+00   7.768245e-01   8.983343e-01   2.876345e-02   9.839127e-01   9.500643e-01   5.000241e-01   5.000479e-01   4.999377e-01   5.000652e-01   4.999469e-01   5.000419e-01   4.999855e-01   4.999568e-01   5.000629e-01   5.000127e-01
   7.876008e-01   0.000000e+00   1.660777e-02   8.581730e-01   8.803374e-02   6.502022e-02   4.567322e-02   1.000000e+00   0.000000e+00   5.000242e-01   5.000471e-01   4.999559e-01   5.000652e-01   4.999450e-01   5.000418e-01   4.999855e-01   4.999559e-01   5.000586e-01   5.000125e-01
   0.000000e+00   9.416275e-01   0.000000e+00   9.819796e-01   0.000000e+00   1.917216e-02   1.000000e+00   9.247607e-01   4.541248e-02   5.000156e-01   5.000472e-01   4.999436e-01   5.000659e-01   4.999493e-01   5.000815e-01   4.155482e-01   4.999560e-01   5.000716e-01   5.000114e-01
   0.000000e+00   2.921595e-02   4.888886e-01   3.961734e-05   6.498456e-03   7.596622e-02   8.037981e-02   8.910795e-01   7.990306e-01   5.000175e-01   5.000457e-01   4.999563e-01   5.000635e-01   4.999492e-01   5.000819e-01   4.999872e-01   4.999562e-01   5.000623e-01   5.000125e-01
   1.560956e-01   7.635125e-03   2.219467e-02   0.000000e+00   1.046715e-01   0.000000e+00   1.615170e-03   9.810462e-01   1.551183e-01   5.000157e-01   5.000479e-01   4.999341e-01   5.000658e-01   4.999494e-01   5.000800e-01   4.999872e-01   4.999563e-01   5.000726e-01   5.000123e-01
   9.663957e-04   1.739196e-02   5.816428e-03   2.190360e-01   9.880116e-01   6.054787e-02   1.450834e-01   8.671221e-01   7.853995e-01   5.000156e-01   5.000480e-01   4.999434e-01   5.000649e-01   4.999443e-01   5.000809e-01   4.999872e-01   4.999589e-01   5.000601e-01   5.000127e-01
   8.281478e-01   0.000000e+00   3.153759e-01   7.107945e-02   7.870340e-04   1.708012e-01   8.550289e-01   9.788755e-01   1.775696e-02   5.000153e-01   5.000470e-01   4.999575e-01   5.000648e-01   4.998857e-01   5.000410e-01   4.999870e-01   4.999564e-01   5.000728e-01   5.000114e-01
   1.019412e-04   1.905532e-06   1.423041e-02   2.821757e-04   1.260862e-01   1.630936e-01   9.737421e-01   9.914089e-01   9.701195e-01   5.000176e-01   5.000472e-01   4.999585e-01   5.000651e-01   4.999390e-01   5.000418e-01   4.999873e-01   4.999561e-01   5.000733e-01   5.000114e-01
   2.311746e-07   0.000000e+00   0.000000e+00   8.110952e-01   9.435872e-03   0.000000e+00   1.000000e+00   8.535399e-01   9.996107e-01   5.000157e-01   5.000472e-01   4.999563e-01   5.000659e-01   4.999464e-01   5.000808e-01   4.999873e-01   4.999590e-01   5.000723e-01   5.000128e-01
   0.000000e+00   3.853525e-03   0.000000e+00   1.907522e-07   0.000000e+00   1.887364e-01   1.000000e+00   9.660619e-01   1.000000e+00   5.000153e-01   5.000479e-01   4.999376e-01   5.000660e-01   4.999497e-01   5.000808e-01   4.999873e-01   4.999590e-01   5.000723e-01   4.866832e-01
   0.000000e+00   1.704446e-01   9.482801e-02   0.000000e+00   8.573673e-02   8.106941e-02   1.274684e-02   1.000000e+00   8.354383e-01   5.000171e-01   5.000471e-01   4.999598e-01   5.000658e-01   4.999449e-01   5.000816e-01   4.999857e-01   4.999563e-01   5.000726e-01   5.000114e-01
