   0.000000e+00   0.000000e+00   7.245369e-04   1.134112e-01   8.688350e-01   8.940824e-01   6.516713e-02   0.000000e+00   6.177964e-03   1.125672e-02   1.486887e-02   2.683847e-02   2.227307e-03   1.608400e-01   1.351033e-02   5.066389e-03   1.110207e-02
   1.409180e-01   8.471455e-01   8.630146e-01   1.816940e-01   4.396417e-02   9.022833e-02   8.978179e-01   5.702558e-06   5.291501e-04   5.002563e-06   7.220520e-05   1.628371e-05   3.542328e-06   4.505525e-04   4.056623e-05   0.000000e+00   1.203021e-04
   1.252829e-01   8.693790e-02   8.384589e-01   8.758532e-02   7.644666e-01   2.648264e-02   7.910503e-02   0.000000e+00   2.726812e-04   9.963563e-04   5.456880e-05   6.341385e-06   1.532317e-04   1.473170e-03   3.931928e-05   2.738168e-04   2.190510e-04
   8.720512e-01   3.138232e-02   1.428822e-01   8.729030e-01   1.246430e-01   8.479215e-01   1.632246e-01   2.294474e-04   2.740442e-04   1.577829e-04   4.498837e-04   1.843021e-03   1.082628e-04   4.656216e-04   3.976472e-05   4.542428e-06   5.777165e-07
   1.528986e-01   9.195412e-01   1.273052e-01   7.224836e-01   7.670567e-01   7.839565e-02   8.823945e-01   0.000000e+00   1.472842e-03   0.000000e+00   7.195516e-05   4.831546e-04   9.380998e-05   6.680056e-04   4.581862e-05   2.255737e-04   7.364399e-04
   1.533958e-01   1.195154e-01   4.163232e-02   8.583728e-01   1.308082e-02   8.353905e-01   1.671602e-01   0.000000e+00   4.278642e-03   7.087741e-04   1.657725e-03   4.948798e-04   1.666936e-04   0.000000e+00   1.093755e-04   1.346870e-04   1.395745e-02
   1.434285e-01   7.917402e-01   1.266095e-01   8.222871e-01   7.572393e-02   8.458984e-01   1.601361e-01   4.095020e-07   2.735019e-04   7.939680e-03   9.590176e-06   5.145343e-04   5.673567e-06   5.620781e-06   3.945377e-05   0.000000e+00   1.186518e-04
   2.140658e-01   1.201785e-01   8.562751e-01   1.260480e-01   8.897550e-01   5.517921e-02   8.603890e-01   1.346297e-04   2.631581e-04   7.586163e-06   1.042659e-04   3.810450e-04   2.719316e-04   1.377869e-05   4.244456e-06   0.000000e+00   0.000000e+00
   1.639364e-01   8.471455e-01   8.630146e-01   2.034609e-01   4.396417e-02   9.191596e-02   2.163588e-01   5.702558e-06   8.528296e-04   2.735400e-02   5.434420e-05   1.628371e-05   3.542328e-06   8.077602e-03   3.101208e-02   6.426002e-05   1.203021e-04
   6.581454e-02   1.448872e-01   8.618813e-01   1.212970e-01   8.778591e-01   8.662067e-01   9.054280e-02   0.000000e+00   0.000000e+00   9.021507e-03   1.021942e-04   1.164991e-04   1.783050e-04   6.431729e-05   1.845896e-05   6.904713e-06   7.467509e-05
   9.101443e-01   9.655050e-02   7.222249e-02   2.279472e-01   2.306099e-01   8.547913e-01   8.446135e-01   3.186852e-05   3.639529e-04   9.135253e-03   3.335137e-04   5.544199e-04   7.828428e-02   1.563033e-03   2.190568e-04   1.230848e-03   1.156881e-04
   8.912001e-01   1.698666e-01   1.234620e-01   8.003874e-02   8.828930e-01   2.250059e-01   1.547552e-01   9.049106e-04   9.330576e-05   8.156590e-04   1.151508e-05   1.266841e-04   2.180717e-02   8.304815e-04   1.741304e-02   0.000000e+00   1.132809e-04
   8.364524e-01   1.672870e-01   1.820793e-01   1.327563e-01   8.637297e-01   8.716306e-01   7.362111e-02   7.034144e-05   1.410556e-03   8.275042e-03   1.816480e-04   4.922179e-04   4.401989e-03   1.452522e-03   5.984529e-04   3.657998e-05   6.843368e-04
   1.589591e-01   3.137091e-01   8.624932e-01   2.817534e-01   1.233289e-01   8.648509e-01   4.890747e-02   4.519147e-04   2.579060e-05   1.441843e-04   1.244799e-02   3.725910e-04   2.921885e-04   6.654452e-04   1.839551e-05   2.661935e-05   1.248584e-04
   2.218261e-01   1.488004e-01   1.630182e-01   1.072846e-01   1.374107e-01   7.515122e-01   9.010375e-01   0.000000e+00   8.686228e-06   7.432637e-06   5.089873e-05   5.279698e-05   0.000000e+00   4.035923e-04   2.690412e-05   2.422972e-06   1.147849e-08
   2.140658e-01   1.126298e-01   8.562900e-01   1.260480e-01   5.143395e-02   5.517921e-02   8.593761e-01   5.141986e-06   2.631581e-04   4.662017e-02   1.042659e-04   2.440511e-03   2.747368e-04   4.585743e-04   1.062738e-08   0.000000e+00   0.000000e+00
   1.417304e-01   4.996188e-02   1.904815e-01   8.504451e-01   1.293443e-01   5.931966e-02   7.079940e-02   1.765596e-03   1.607721e-03   0.000000e+00   0.000000e+00   5.993462e-04   1.661179e-04   6.243309e-04   7.892082e-05   9.767704e-02   8.171864e-07
   1.185603e-01   1.825501e-01   7.978292e-01   9.457120e-02   2.831220e-02   8.683058e-01   9.516905e-02   1.365562e-02   1.476543e-03   2.373547e-05   3.920079e-06   5.146183e-02   1.681603e-04   2.650905e-04   7.627774e-04   1.541165e-04   1.434929e-02
   1.396494e-01   4.996188e-02   1.207977e-01   8.504451e-01   1.314987e-01   5.411848e-02   8.334546e-01   6.457676e-05   1.440449e-03   2.290155e-05   0.000000e+00   6.005549e-04   1.715048e-04   1.748863e-03   1.220659e-05   6.079476e-05   1.896606e-06
   1.440574e-01   7.213399e-02   8.126816e-01   2.223064e-01   2.310381e-01   8.414726e-01   8.459054e-01   0.000000e+00   3.651613e-04   3.014688e-04   3.257283e-04   2.435214e-05   4.500039e-03   7.098533e-04   2.163769e-04   1.227104e-03   1.158189e-04
   1.428513e-01   9.199962e-01   1.325914e-01   8.481456e-01   1.158160e-01   7.947533e-01   1.650280e-02   2.642361e-02   1.555786e-03   8.153998e-04   1.461020e-05   6.102944e-04   1.052158e-04   7.830701e-03   7.874077e-05   1.352006e-07   8.575579e-07
   1.459889e-01   9.306094e-01   8.919583e-01   8.768035e-01   7.474939e-01   9.049834e-02   1.428679e-01   7.069381e-05   0.000000e+00   5.043283e-06   5.217151e-05   2.496743e-05   4.329633e-08   1.570838e-02   6.867480e-04   5.355825e-05   1.011825e-04
   1.215734e-01   1.607820e-01   8.550326e-01   9.038598e-01   8.533992e-01   1.125844e-01   5.619752e-02   3.181912e-03   2.501134e-04   5.456654e-04   6.891453e-07   1.363467e-04   1.708179e-04   7.727456e-02   0.000000e+00   1.361856e-06   1.470377e-03
   2.400754e-01   9.134198e-02   8.543052e-01   9.519578e-02   7.682200e-01   6.756782e-01   8.332319e-01   1.084009e-01   1.409026e-05   1.710046e-04   6.251445e-05   9.684504e-06   2.297140e-02   7.084346e-04   2.106785e-04   1.079838e-05   1.051285e-04
   8.531923e-01   9.995125e-02   1.298723e-01   8.465627e-01   9.919867e-01   5.536869e-02   9.719437e-01   1.771354e-03   2.214749e-04   0.000000e+00   1.982530e-07   2.382011e-03   1.659712e-04   7.733273e-03   1.090019e-05   7.215836e-06   7.457240e-05
   9.413632e-01   1.619174e-01   1.305559e-01   1.304315e-01   8.605948e-01   8.604876e-01   1.715903e-01   8.064357e-02   0.000000e+00   9.240760e-03   5.682860e-05   5.502924e-04   1.783050e-04   7.643240e-03   1.845896e-05   6.604983e-06   7.467509e-05
   9.281672e-01   7.158087e-01   1.637008e-01   1.282055e-01   9.498317e-01   8.714887e-01   3.255973e-01   1.391076e-06   1.445108e-03   0.000000e+00   7.141636e-05   5.227295e-04   5.973158e-05   4.488793e-04   3.965157e-05   3.651715e-05   2.542249e-05
   8.939968e-01   7.971698e-01   1.584458e-01   9.692097e-02   9.312036e-01   7.405223e-01   1.700158e-01   1.341604e-04   2.544299e-04   3.234962e-02   1.405555e-03   0.000000e+00   1.825799e-04   7.507388e-04   3.963982e-05   0.000000e+00   4.285217e-02
   8.486769e-01   1.568502e-01   8.626052e-01   2.312866e-01   1.000203e-01   8.745659e-01   1.031838e-01   1.128802e-06   2.414257e-04   3.416558e-04   0.000000e+00   5.523489e-04   1.743692e-04   6.776572e-04   2.198003e-04   1.399935e-03   1.150806e-04
   8.603255e-01   8.463499e-01   8.141494e-01   2.279472e-01   2.269489e-01   9.729617e-02   8.455015e-01   3.186672e-05   3.716236e-04   8.949478e-03   3.335137e-04   5.295863e-04   1.122959e-04   1.504523e-04   2.190568e-04   1.230848e-03   1.158326e-04
   1.759679e-01   1.653153e-01   9.341919e-02   1.205741e-01   1.315210e-02   9.140350e-02   1.684833e-01   5.644988e-04   9.306355e-04   5.297413e-06   5.295573e-05   3.338369e-05   7.504671e-06   2.708474e-05   3.591873e-02   1.046663e-02   8.166168e-02
   8.603727e-01   1.543461e-01   9.651258e-01   2.286365e-01   2.306099e-01   8.547913e-01   8.443161e-01   3.186672e-05   1.123004e-04   8.957175e-03   5.652391e-05   5.318067e-04   2.423412e-05   1.563033e-03   2.211853e-04   1.230848e-03   1.158326e-04
   1.510410e-01   9.145787e-01   9.525452e-02   7.748961e-01   1.534000e-01   1.106265e-01   8.935317e-01   5.344205e-05   1.439346e-03   5.804576e-04   0.000000e+00   0.000000e+00   2.871964e-04   6.680056e-04   8.501471e-03   2.966484e-04   4.107940e-05
   1.825790e-01   1.674871e-01   1.087761e-02   1.149051e-01   1.264253e-01   8.476587e-01   8.864690e-01   0.000000e+00   1.499537e-03   8.478508e-03   1.875414e-04   9.743967e-06   4.293368e-02   6.915456e-04   0.000000e+00   1.338123e-06   8.430430e-04
   1.528794e-01   9.304586e-02   9.435289e-02   8.253757e-01   7.666466e-01   3.270405e-02   8.933518e-01   1.197744e-03   1.503726e-03   0.000000e+00   2.885975e-06   4.621186e-04   2.871964e-04   6.680056e-04   2.990643e-05   2.346776e-04   0.000000e+00
   8.465547e-01   1.804154e-01   1.509535e-01   1.893139e-01   1.011969e-01   8.147296e-01   1.138709e-01   1.237431e-04   2.078712e-05   0.000000e+00   7.874273e-05   2.239894e-07   4.427690e-03   8.106000e-04   3.946344e-05   1.608117e-04   3.517931e-06
   9.570949e-01   8.643457e-01   1.904490e-01   6.733363e-02   8.348425e-01   2.282509e-01   8.489609e-01   2.705142e-06   8.766963e-06   2.519931e-05   7.211857e-05   4.691902e-05   1.815663e-04   1.789933e-03   9.390265e-05   9.073010e-05   5.214414e-05
   8.426460e-01   8.529240e-01   8.255514e-01   1.083486e-01   1.184969e-01   7.490978e-01   1.136326e-01   7.685624e-05   9.300697e-04   3.907541e-04   7.767450e-05   4.699022e-04   1.335327e-03   4.605599e-04   5.707227e-06   7.786321e-05   1.275315e-04
   2.282716e-01   1.274102e-01   1.236320e-01   8.303850e-02   8.619190e-01   8.176491e-01   9.722950e-02   1.141196e-03   0.000000e+00   8.486684e-04   1.526852e-03   9.995128e-02   3.547300e-06   4.676171e-05   4.740794e-05   1.729619e-04   7.265184e-05
   1.206879e-01   1.008051e-01   8.781148e-01   1.435189e-01   8.637737e-01   2.243281e-01   8.352356e-01   9.487271e-04   5.101037e-05   4.260177e-04   1.460212e-03   2.282199e-03   1.650059e-04   1.140863e-04   1.402738e-04   7.317491e-04   1.024870e-04
   1.422955e-01   9.038923e-01   1.342286e-01   9.817483e-01   8.400703e-01   7.982422e-01   8.496558e-01   2.642361e-02   2.185259e-04   8.327628e-04   4.918428e-05   5.873073e-04   7.662624e-06   8.090707e-04   8.232770e-06   2.048422e-05   7.474461e-05
   3.052892e-02   1.263590e-01   1.091216e-01   1.507756e-01   7.994734e-02   8.709738e-01   9.938063e-02   0.000000e+00   1.459634e-03   2.092343e-04   6.748560e-05   1.337981e-05   1.174114e-04   7.662308e-03   0.000000e+00   2.103331e-03   8.430430e-04
   1.685154e-01   9.039307e-01   8.978138e-01   7.995691e-02   8.497204e-01   9.482107e-02   8.329713e-01   9.660181e-08   2.520716e-04   1.380275e-05   1.467117e-03   2.177720e-03   1.657211e-03   3.734988e-04   4.706727e-05   1.721357e-04   1.469954e-04
   2.212197e-01   1.136409e-01   8.523425e-01   1.311060e-01   7.224227e-01   8.117413e-01   9.681677e-02   2.492336e-06   8.321934e-03   0.000000e+00   1.662289e-06   6.407518e-03   2.848019e-03   8.122124e-03   4.854755e-05   1.736179e-04   7.245886e-05
   8.486769e-01   1.568502e-01   8.626052e-01   2.312866e-01   1.000203e-01   8.708679e-01   1.031838e-01   8.474791e-07   1.919512e-04   8.523412e-03   1.810282e-07   5.523489e-04   1.729500e-04   6.776572e-04   2.198003e-04   1.399935e-03   1.241021e-04
   1.081202e-01   1.085045e-01   1.217192e-01   8.326967e-01   7.934936e-01   7.755388e-01   8.139500e-02   5.726877e-06   2.859939e-04   3.708207e-04   1.399600e-05   3.810450e-04   8.009608e-05   1.377869e-05   3.909643e-05   6.918994e-08   6.629522e-04
   2.362872e-01   2.053476e-01   1.874896e-01   1.214024e-01   8.536814e-01   8.148017e-01   1.967106e-01   1.795383e-03   8.432345e-04   6.030058e-04   7.458168e-05   3.897642e-04   2.398280e-06   8.124083e-04   2.945943e-04   0.000000e+00   6.956156e-05
   1.529595e-01   1.479373e-01   9.272305e-02   1.514524e-01   8.499232e-01   8.709738e-01   8.867151e-01   0.000000e+00   4.936162e-05   1.997225e-06   4.380429e-04   1.337981e-05   9.043876e-05   4.598723e-04   0.000000e+00   1.338123e-06   0.000000e+00
   8.541286e-01   1.138174e-01   8.514566e-01   1.260834e-01   7.985425e-01   7.851973e-01   8.603890e-01   7.778665e-02   5.006859e-04   7.586163e-06   1.042659e-04   2.833032e-02   8.009608e-05   8.084989e-03   4.389428e-06   1.732643e-04   6.354400e-04
   1.639840e-01   9.037441e-01   2.070067e-01   2.034609e-01   1.425054e-01   9.191596e-02   2.425772e-01   3.511608e-08   3.118288e-02   2.735400e-02   5.423917e-05   1.628371e-05   3.455427e-06   8.077602e-03   3.101208e-02   6.426002e-05   1.203021e-04
   2.132049e-01   9.035029e-01   8.464687e-01   8.547226e-01   8.848685e-01   8.014698e-01   8.147736e-02   2.492350e-02   7.062358e-06   0.000000e+00   5.089873e-05   2.783310e-02   1.194772e-04   5.687230e-04   3.775782e-05   2.259605e-04   1.024796e-09
   8.418453e-01   9.995125e-02   1.223466e-01   8.465627e-01   5.700484e-02   9.311667e-02   6.622046e-02   1.771354e-03   2.214749e-04   6.663348e-05   2.030426e-07   2.887238e-05   9.621444e-06   3.178375e-02   4.197044e-05   1.350082e-07   7.457240e-05
   8.417501e-01   1.948466e-02   1.081708e-01   1.204327e-01   1.555423e-01   9.027767e-02   9.119926e-02   0.000000e+00   9.409959e-04   1.896042e-05   3.752461e-04   4.699022e-04   1.349622e-03   4.520940e-04   5.803254e-06   3.937778e-05   1.376843e-04
   7.075998e-02   4.954633e-02   9.164667e-02   8.521127e-01   8.676516e-01   8.555859e-01   9.257583e-01   6.909743e-05   5.972591e-02   8.847066e-04   1.836107e-04   2.360307e-03   4.499998e-03   3.050456e-03   1.172906e-01   2.314361e-04   4.159296e-06
   8.878032e-01   1.448872e-01   8.347696e-01   1.212970e-01   8.778591e-01   8.662067e-01   7.188155e-02   5.431164e-07   5.521432e-05   8.891035e-03   4.395706e-04   1.178908e-04   1.783050e-04   6.431729e-05   1.875023e-05   6.904713e-06   7.467509e-05
   2.701973e-01   1.200951e-01   8.478760e-01   1.069338e-01   8.931241e-01   5.040702e-02   8.605405e-01   1.403301e-04   5.204348e-02   2.646301e-06   0.000000e+00   3.853218e-04   1.792304e-04   1.366107e-03   3.208994e-06   0.000000e+00   2.641065e-08
   1.778479e-01   8.675337e-01   8.066707e-01   2.074242e-01   2.266248e-01   8.200223e-01   8.976743e-01   0.000000e+00   3.708649e-04   8.516881e-03   5.525825e-05   4.873569e-04   2.546458e-02   3.739789e-04   2.130422e-04   1.225900e-03   7.951418e-05
   8.136823e-01   8.466846e-01   8.500190e-01   8.570424e-01   8.569651e-01   1.352138e-01   2.430664e-01   1.172008e-03   2.915006e-04   2.230014e-06   4.614301e-06   4.874254e-04   2.013252e-03   1.025878e-02   1.000200e-05   6.787425e-05   1.231756e-04
   1.524919e-01   8.466889e-01   1.499859e-01   7.967785e-01   0.000000e+00   1.486848e-01   1.666610e-01   1.133920e-03   2.399106e-04   1.415599e-05   3.797196e-04   5.146150e-04   0.000000e+00   2.134612e-05   7.398641e-05   3.270791e-06   1.408962e-02
   9.269351e-01   1.738443e-01   1.644210e-01   1.113605e-01   8.792162e-01   8.175913e-01   6.861403e-02   2.235696e-05   1.406100e-03   9.207124e-04   6.946312e-05   4.438824e-04   1.648202e-04   1.303954e-04   1.317389e-06   3.723067e-05   3.781330e-02
   1.859146e-01   8.233847e-02   8.395530e-01   1.056103e-01   8.167320e-01   9.088916e-02   9.299801e-01   4.542085e-02   1.487497e-03   5.403953e-04   7.407291e-05   1.553987e-06   4.758017e-02   4.923008e-04   2.130336e-04   0.000000e+00   1.203021e-04
   1.201347e-01   1.085045e-01   8.483032e-01   8.324964e-01   7.934936e-01   7.755388e-01   1.185845e-01   5.726877e-06   2.859939e-04   3.708207e-04   1.399600e-05   1.587328e-06   8.009608e-05   1.377869e-05   3.298887e-05   2.958846e-09   1.119566e-04
   2.358665e-01   7.239455e-01   9.290872e-01   8.504737e-01   8.146764e-01   2.629221e-01   3.135459e-01   2.129768e-07   0.000000e+00   2.505354e-05   5.199817e-05   5.146184e-04   1.201428e-04   2.255710e-05   0.000000e+00   5.467939e-05   4.887744e-06
   1.675323e-01   1.522236e-01   8.890441e-01   8.735532e-01   1.267574e-01   7.650579e-01   9.010375e-01   0.000000e+00   4.979417e-06   1.471965e-08   5.089873e-05   7.760211e-04   9.285151e-03   8.938528e-03   6.793233e-06   1.868722e-04   4.186647e-06
   1.396581e-01   9.032465e-01   1.450762e-01   2.279472e-01   8.559308e-01   9.729617e-02   8.496775e-01   3.186672e-05   3.704716e-04   9.192151e-04   3.335137e-04   5.299140e-04   1.122959e-04   1.347714e-04   1.471386e-05   1.211749e-03   7.524917e-05
   1.297771e-01   8.562810e-01   8.735406e-01   8.884674e-02   7.749442e-01   1.670277e-01   1.172728e-01   2.039041e-02   1.664018e-05   5.574156e-04   6.543741e-05   0.000000e+00   4.344414e-04   1.207873e-05   4.374097e-03   2.762628e-06   6.419076e-04
   1.685154e-01   8.468685e-01   0.000000e+00   7.875292e-02   9.382880e-02   1.199539e-01   8.338210e-01   2.369219e-05   2.630968e-04   1.336296e-05   1.652325e-04   2.282673e-03   8.131126e-05   3.734988e-04   1.666044e-06   1.721357e-04   7.265184e-05
   8.467014e-01   1.817444e-01   2.026195e-02   1.148564e-01   1.279789e-01   8.644487e-01   8.871742e-01   1.270219e-04   9.211948e-04   3.088651e-05   7.765702e-05   4.699022e-04   2.656161e-04   6.701899e-04   5.308690e-06   7.584817e-05   7.184308e-04
   8.603727e-01   4.623702e-04   9.651258e-01   2.332475e-01   1.285022e-01   8.547913e-01   8.443161e-01   3.186672e-05   1.123004e-04   9.019359e-03   5.857008e-05   5.318067e-04   4.356700e-05   1.563033e-03   2.211853e-04   1.659623e-04   1.158326e-04
   1.529595e-01   1.514923e-01   9.367882e-02   1.516594e-01   0.000000e+00   2.391743e-01   8.867151e-01   2.570001e-06   4.915864e-05   1.997225e-06   4.380429e-04   5.685417e-02   1.376236e-02   4.598723e-04   0.000000e+00   1.336441e-06   0.000000e+00
   2.144659e-01   1.908980e-01   1.423796e-01   7.347201e-01   1.410421e-01   9.071921e-01   8.766469e-01   0.000000e+00   2.631581e-04   7.586163e-06   4.937172e-02   2.099246e-05   2.750155e-04   1.377869e-05   4.843842e-05   3.377625e-05   5.456159e-06
   9.207377e-01   1.102059e-01   8.167845e-01   8.601959e-01   8.616418e-01   1.108388e-01   9.021134e-01   1.244335e-04   0.000000e+00   1.775528e-05   6.919251e-07   0.000000e+00   1.117488e-04   1.452522e-03   8.646402e-03   2.893760e-04   4.708753e-05
   8.221215e-01   8.842592e-01   1.298415e-01   6.285941e-02   8.883575e-01   1.181434e-01   7.259039e-02   1.351515e-04   2.588216e-04   3.894536e-06   4.456684e-04   5.257796e-05   1.648202e-04   5.202248e-05   9.587517e-06   5.671904e-05   6.986071e-04
   8.652538e-01   4.033000e-02   7.821200e-01   8.609863e-01   8.785910e-01   8.555345e-01   9.257583e-01   6.653387e-05   3.413028e-06   8.219190e-05   1.423057e-04   3.519952e-05   1.183343e-05   5.842005e-04   7.879357e-04   0.000000e+00   1.175689e-04
   8.650118e-01   7.158087e-01   1.244623e-01   8.795916e-01   9.498317e-01   8.714887e-01   3.255973e-01   1.142365e-03   2.959548e-04   0.000000e+00   1.229603e-05   5.260427e-04   5.973158e-05   4.377744e-04   2.979748e-03   5.299917e-05   3.496607e-03
   8.541286e-01   1.138174e-01   1.920254e-01   8.538947e-01   7.985425e-01   7.864197e-01   8.751096e-01   7.778665e-02   5.006859e-04   7.586163e-06   1.042659e-04   2.815058e-02   7.946051e-05   8.084989e-03   2.910114e-06   1.732643e-04   1.276475e-05
   2.282716e-01   6.905677e-01   7.399050e-02   1.241754e-01   8.212109e-01   5.742984e-02   8.330714e-01   9.825586e-03   2.591490e-04   4.441449e-02   1.031745e-04   2.282673e-03   2.708054e-04   3.734988e-04   3.161951e-03   1.694998e-04   1.224038e-01
   1.434603e-01   8.936455e-02   1.210660e-01   8.587280e-01   8.525555e-01   1.569380e-01   8.311520e-02   0.000000e+00   1.498798e-03   5.621208e-04   1.360902e-05   3.809424e-04   3.511661e-04   6.750330e-04   3.888527e-05   7.786948e-06   6.705111e-04
   1.589591e-01   3.137091e-01   8.624932e-01   2.817534e-01   1.292070e-01   8.416728e-01   4.787640e-02   4.519147e-04   3.719014e-04   1.441843e-04   5.059221e-04   1.372600e-05   2.921885e-04   7.109577e-04   1.546620e-01   2.661935e-05   1.157449e-04
   8.182306e-01   7.884751e-01   7.122390e-02   8.755809e-01   7.358372e-02   8.507866e-01   1.609518e-01   8.676757e-05   2.624926e-04   0.000000e+00   4.792435e-07   2.315639e-03   7.274403e-05   1.982520e-02   7.822390e-06   1.881162e-04   1.474629e-06
   2.436389e-01   8.137580e-01   8.547930e-01   8.525254e-01   1.813766e-01   8.625252e-01   8.238139e-01   0.000000e+00   9.967462e-05   2.533228e-05   0.000000e+00   1.489525e-03   7.410943e-02   2.472497e-02   7.840397e-05   2.123672e-06   2.503134e-06
   8.713437e-01   1.199534e-01   6.915618e-02   8.758127e-01   1.044440e-01   8.183894e-01   6.515607e-02   3.680717e-06   2.633156e-04   0.000000e+00   1.929387e-05   2.315836e-03   1.823166e-04   8.583589e-04   5.307645e-08   1.779213e-04   5.886618e-04
   8.364524e-01   8.139615e-01   1.586680e-01   1.327563e-01   8.637297e-01   8.716306e-01   1.694417e-01   7.034144e-05   1.410556e-03   8.844440e-03   1.816480e-04   1.652077e-05   4.401989e-03   7.523389e-04   5.973495e-04   6.389982e-02   4.454977e-02
   8.192767e-01   7.886265e-01   7.122390e-02   9.513538e-02   1.374726e-01   7.762727e-02   1.609518e-01   8.392066e-05   2.624926e-04   7.169967e-06   0.000000e+00   4.975376e-05   7.274403e-05   1.990420e-02   2.766614e-05   1.244001e-06   0.000000e+00
   8.750742e-01   1.996323e-01   1.217192e-01   1.260480e-01   7.991231e-01   9.947076e-02   8.603890e-01   1.352976e-04   2.859622e-04   7.586163e-06   1.042659e-04   3.810450e-04   1.366441e-02   1.881025e-03   4.389428e-06   6.683707e-02   0.000000e+00
   2.238410e-01   9.039307e-01   8.978138e-01   7.683481e-02   8.498995e-01   2.484301e-01   8.329713e-01   9.660181e-08   2.520716e-04   1.380275e-05   1.457668e-03   5.522241e-04   0.000000e+00   3.734988e-04   4.706727e-05   1.721357e-04   7.093549e-05
   8.335852e-01   1.199534e-01   9.110574e-01   1.168231e-01   8.827119e-01   8.237419e-01   8.816449e-01   2.369468e-02   2.593685e-04   0.000000e+00   2.511533e-05   9.708241e-06   2.844226e-03   1.618978e-03   4.770492e-05   0.000000e+00   5.284522e-05
   8.532122e-01   8.718738e-02   8.179104e-01   8.331528e-01   1.000000e+00   8.532575e-01   6.622046e-02   1.771354e-03   3.627111e-04   3.500426e-04   2.030426e-07   5.024832e-05   2.430360e-02   8.066250e-03   1.090019e-05   2.904525e-02   7.457240e-05
   8.603727e-01   1.543461e-01   9.651258e-01   2.286365e-01   2.306099e-01   8.547913e-01   8.443161e-01   1.006674e-03   5.659860e-06   9.022504e-03   1.552400e-05   5.169569e-02   1.749304e-04   3.553701e-05   4.317590e-02   1.230848e-03   1.158326e-04
   3.142076e-02   1.242554e-01   8.864552e-01   1.362456e-01   1.442659e-01   9.019657e-01   8.867147e-01   0.000000e+00   0.000000e+00   2.074668e-06   1.012051e-04   5.835701e-05   1.152425e-04   1.960011e-04   2.960782e-07   5.980536e-05   1.122078e-04
   1.694615e-01   9.040601e-01   9.013213e-01   7.421170e-01   8.497204e-01   7.493052e-02   5.920599e-03   9.660181e-08   1.555581e-03   1.380275e-05   1.155794e-03   2.135043e-03   1.657211e-03   3.734988e-04   7.904492e-05   1.721357e-04   1.394092e-04
   8.422159e-01   3.154865e-02   1.090374e-01   7.955180e-01   1.244522e-01   2.221658e-01   8.342415e-01   2.336343e-04   9.285155e-04   1.549200e-04   4.498837e-04   1.838925e-03   4.543166e-04   4.717535e-04   3.976472e-05   8.197196e-05   0.000000e+00
   9.281672e-01   7.168388e-01   1.481382e-01   1.307552e-01   9.498317e-01   8.955829e-01   3.255973e-01   7.960197e-02   1.445108e-03   2.915507e-08   7.141636e-05   2.154975e-03   5.973158e-05   4.488793e-04   3.965157e-05   2.030553e-05   2.557230e-05
   1.685154e-01   8.468685e-01   0.000000e+00   7.913187e-01   1.506614e-02   1.203834e-01   8.338210e-01   2.572464e-05   2.630968e-04   1.292207e-05   2.110291e-04   2.282673e-03   8.229630e-05   3.734988e-04   1.666044e-06   1.718926e-04   7.866742e-06
   1.459889e-01   8.657163e-01   8.144601e-02   2.616003e-01   7.474939e-01   8.959438e-01   8.014347e-01   7.090172e-05   1.128878e-04   5.043283e-06   7.172251e-05   5.238999e-04   0.000000e+00   1.570838e-02   7.218470e-04   2.109263e-05   1.013515e-04
   8.136823e-01   8.466846e-01   8.500190e-01   8.821446e-01   8.309367e-01   1.352138e-01   1.502583e-01   1.173511e-03   3.722451e-04   7.229406e-05   1.783046e-05   4.892056e-04   1.192159e-04   1.025878e-02   1.000200e-05   1.223769e-03   1.231756e-04
   8.603255e-01   8.463499e-01   8.055536e-01   2.452808e-01   9.124911e-01   1.053807e-01   9.030135e-01   3.186672e-05   3.661552e-04   2.858800e-04   3.335137e-04   5.349019e-04   1.134950e-04   5.198567e-04   2.190568e-04   1.230848e-03   4.294695e-05
   1.206879e-01   8.440415e-02   1.958410e-01   1.239368e-01   8.347662e-01   2.242504e-01   8.352356e-01   0.000000e+00   5.091819e-05   4.303575e-04   1.460212e-03   6.823060e-05   1.650059e-04   1.414604e-04   1.402738e-04   7.259146e-04   2.928602e-05
   1.954553e-01   9.039307e-01   8.966553e-01   3.984317e-02   8.498995e-01   2.484301e-01   8.184274e-01   6.924958e-05   2.520716e-04   2.299283e-04   1.457668e-03   5.522241e-04   6.296069e-02   3.734988e-04   1.841959e-05   1.721357e-04   7.093549e-05
   2.140658e-01   1.196327e-01   8.562751e-01   8.772362e-01   8.897550e-01   4.647542e-02   8.751238e-01   0.000000e+00   2.521895e-04   7.586163e-06   1.042659e-04   3.810450e-04   8.340409e-05   0.000000e+00   2.920979e-06   1.748131e-04   0.000000e+00
   1.440103e-01   1.549425e-01   1.252371e-01   1.904710e-01   8.740545e-01   8.404211e-01   7.243841e-02   5.975295e-06   2.337265e-04   8.569929e-04   1.408141e-05   4.520948e-04   9.490272e-05   7.163514e-04   4.525717e-05   2.920621e-05   8.436348e-05
   8.315883e-01   1.675005e-01   8.626052e-01   2.312866e-01   1.758565e-01   1.976474e-01   9.914658e-01   0.000000e+00   1.584927e-03   8.537100e-03   1.810282e-07   1.342652e-04   5.827761e-05   1.018428e-04   2.198003e-04   1.426229e-03   1.241021e-04
   1.928006e-01   8.675337e-01   1.247282e-01   8.354549e-01   1.415896e-01   8.188498e-01   9.393726e-01   2.286050e-02   5.711746e-03   5.117354e-06   5.089873e-05   4.873569e-04   1.153522e-04   3.891014e-04   1.897548e-04   1.541703e-04   7.940831e-05
   8.720512e-01   3.138232e-02   1.090374e-01   7.955180e-01   1.246430e-01   2.221658e-01   8.346289e-01   2.294474e-04   2.423234e-04   1.549200e-04   4.498837e-04   1.843021e-03   4.543166e-04   4.627822e-04   3.976472e-05   4.542428e-06   5.777165e-07
   1.420589e-01   9.030231e-01   8.156438e-01   7.004338e-01   7.694964e-01   8.511209e-01   1.378630e-01   0.000000e+00   1.203905e-03   3.110203e-04   6.507199e-05   4.621186e-04   3.147549e-04   1.697462e-03   3.030496e-05   2.376806e-04   1.431734e-04
   8.599953e-01   1.240524e-02   8.053687e-01   7.782495e-01   1.419231e-01   2.087026e-01   9.008830e-01   2.328215e-07   1.567828e-03   4.995036e-02   3.813905e-04   1.301026e-04   2.586931e-04   1.265037e-03   8.063709e-04   3.968791e-06   0.000000e+00
   8.363499e-01   1.695230e-01   1.090374e-01   7.955180e-01   1.191004e-01   2.221658e-01   8.346289e-01   3.744239e-02   2.740442e-04   1.728677e-04   4.533048e-04   1.878164e-03   2.772276e-04   4.605027e-04   3.976472e-05   3.689857e-05   4.832946e-03
   8.652538e-01   4.033000e-02   7.821200e-01   8.330302e-01   8.785910e-01   8.555345e-01   9.257583e-01   6.653387e-05   3.413028e-06   1.368651e-04   8.291287e-05   3.519952e-05   1.183343e-05   2.450486e-03   7.879357e-04   8.928992e-10   1.175689e-04
   8.592800e-01   8.490921e-01   1.553327e-01   2.264780e-01   1.002556e-01   2.266772e-01   8.454736e-01   3.186672e-05   3.716236e-04   8.534666e-03   3.335137e-04   5.295863e-04   7.931842e-05   1.791721e-03   3.696894e-05   1.230848e-03   1.163059e-04
   8.426940e-01   2.043724e-02   1.427536e-01   7.066009e-02   1.371490e-01   8.548151e-01   8.622739e-01   5.479077e-05   3.591259e-06   2.131169e-04   1.427008e-04   5.635661e-04   1.902643e-04   1.484534e-03   8.969200e-06   7.691676e-05   1.189038e-04
   8.558444e-01   1.197972e-01   8.566167e-01   8.070993e-01   1.044440e-01   9.082640e-02   8.526641e-01   1.337322e-02   2.633159e-04   0.000000e+00   1.898579e-05   5.255721e-04   7.869400e-06   4.202689e-04   1.454218e-07   1.833036e-04   5.896457e-04
   8.465547e-01   1.056571e-01   1.357652e-01   1.893139e-01   1.011969e-01   8.147296e-01   1.138709e-01   1.237431e-04   2.078712e-05   0.000000e+00   7.874273e-05   2.239894e-07   2.316134e-02   8.106000e-04   4.020912e-05   1.608117e-04   3.517931e-06
   8.590573e-01   1.240524e-02   8.475708e-01   7.788608e-01   1.419231e-01   2.236731e-01   1.857833e-01   3.800052e-06   0.000000e+00   1.913341e-04   3.764143e-04   1.301026e-04   4.485525e-03   1.245608e-03   2.782438e-02   6.262701e-07   0.000000e+00
   1.201347e-01   1.085045e-01   9.620720e-01   2.463630e-01   7.934936e-01   8.537052e-01   1.185845e-01   5.113765e-06   2.962465e-04   9.001214e-03   5.708731e-05   5.098133e-04   8.009608e-05   1.488437e-03   3.034144e-05   2.958846e-09   1.158645e-04
   2.695772e-01   9.039307e-01   8.978138e-01   7.683481e-02   8.498995e-01   8.161882e-01   9.011223e-01   5.344540e-10   9.392618e-02   1.380275e-05   1.136724e-04   5.483806e-04   0.000000e+00   3.734988e-04   7.311806e-04   1.718195e-04   7.093549e-05
   9.281672e-01   7.158087e-01   1.637008e-01   1.282055e-01   9.498317e-01   8.543690e-01   3.255973e-01   1.046085e-06   1.445108e-03   0.000000e+00   7.141636e-05   6.671377e-02   1.765466e-04   4.488793e-04   3.965157e-05   6.822789e-02   2.539588e-05
   8.462527e-01   1.848208e-01   8.620660e-01   1.289437e-01   1.182918e-01   8.644487e-01   8.871742e-01   1.270219e-04   9.211948e-04   3.501403e-02   8.167261e-05   4.704019e-04   2.656161e-04   6.701899e-04   5.269151e-06   6.784461e-05   7.184308e-04
   8.363877e-01   7.446944e-01   1.829301e-01   1.785281e-01   9.455487e-01   8.714887e-01   8.365926e-02   1.142365e-03   3.155095e-04   3.509625e-03   1.231017e-05   5.260427e-04   1.214376e-04   6.075471e-02   4.591185e-04   3.681983e-05   5.664090e-04
   0.000000e+00   1.242554e-01   8.560761e-01   9.297285e-01   8.030269e-01   7.996408e-01   8.867890e-01   0.000000e+00   0.000000e+00   0.000000e+00   1.043986e-04   9.713352e-05   1.154163e-04   1.974453e-04   4.980213e-05   5.980536e-05   1.122078e-04
   8.603255e-01   8.463499e-01   8.141494e-01   2.279472e-01   2.269489e-01   8.474904e-01   8.456580e-01   3.186672e-05   1.075803e-04   8.949617e-03   3.320600e-04   5.296218e-04   1.175651e-04   1.504523e-04   2.212243e-04   1.211644e-03   1.158326e-04
   8.526929e-01   8.718738e-02   8.179104e-01   8.331528e-01   1.000000e+00   8.532575e-01   6.622046e-02   1.771354e-03   0.000000e+00   9.920531e-06   2.030426e-07   5.042597e-05   2.478972e-02   8.099890e-03   6.822610e-04   2.904525e-02   7.457240e-05
   8.426460e-01   7.990603e-01   8.255514e-01   1.083486e-01   1.184969e-01   7.490978e-01   1.203402e-01   7.685624e-05   4.046214e-04   3.169078e-04   7.879063e-02   4.699022e-04   3.210539e-04   4.653369e-04   5.520830e-06   7.786321e-05   1.275315e-04
   8.936432e-01   1.138174e-01   1.920254e-01   8.564061e-01   7.985425e-01   7.864197e-01   8.751096e-01   8.000568e-02   5.006859e-04   0.000000e+00   8.417665e-06   3.599265e-04   7.946051e-05   8.084989e-03   4.034413e-05   1.732643e-04   1.276475e-05
   2.282716e-01   8.465683e-01   7.399050e-02   8.303850e-02   1.421930e-01   8.238454e-01   1.546390e-01   2.914833e-02   2.172488e-06   1.339081e-05   1.495599e-03   2.282076e-03   3.547300e-06   1.384906e-04   7.937780e-04   1.756417e-04   2.876434e-05
   7.016191e-02   1.448872e-01   9.120219e-01   1.168463e-01   8.779213e-01   8.665332e-01   9.054280e-02   0.000000e+00   2.585282e-04   9.021507e-03   1.021942e-04   9.251804e-06   2.992265e-03   6.431729e-05   4.777311e-05   6.904713e-06   7.467509e-05
   8.750742e-01   1.996323e-01   5.328146e-02   8.559506e-01   8.120726e-01   9.947076e-02   8.603890e-01   1.241951e-04   9.585719e-06   7.586163e-06   1.042659e-04   3.810450e-04   1.370024e-02   1.881025e-03   4.389428e-06   2.789986e-03   0.000000e+00
   8.520159e-01   1.145565e-01   1.904490e-01   6.733363e-02   8.348425e-01   2.282509e-01   8.485064e-01   2.705142e-06   8.766963e-06   2.519931e-05   7.211857e-05   4.691902e-05   0.000000e+00   1.789933e-03   9.390265e-05   2.733249e-02   7.366845e-05
   2.358665e-01   1.048350e-01   8.374081e-01   9.614059e-01   8.499587e-01   2.553935e-01   8.270933e-01   4.335683e-06   0.000000e+00   7.306763e-06   1.737276e-02   3.631416e-04   7.663847e-05   8.054210e-03   0.000000e+00   2.221377e-05   1.279222e-05
   8.441283e-01   1.098103e-01   1.273052e-01   6.792213e-01   1.351048e-01   7.839565e-02   8.823945e-01   0.000000e+00   1.472842e-03   1.881027e-05   7.195516e-05   4.835087e-04   1.666951e-03   4.762139e-04   5.646552e-06   2.255737e-04   7.364399e-04
   8.359752e-01   2.004340e-02   1.536278e-01   1.238668e-01   8.637297e-01   2.532817e-01   1.689625e-01   1.300070e-06   1.410556e-03   8.574363e-03   1.828280e-04   1.691491e-05   4.402085e-03   7.353904e-04   3.543437e-04   6.389982e-02   2.240411e-04
   8.603255e-01   8.463499e-01   8.141494e-01   2.028450e-01   2.234733e-01   8.619346e-02   8.455015e-01   3.036398e-05   2.908791e-04   8.879414e-03   3.202975e-04   5.278062e-04   2.006333e-03   6.514915e-02   2.190568e-04   7.495367e-05   1.158326e-04
   1.409973e-01   1.081206e-01   7.961474e-01   8.354115e-01   1.490080e-01   8.329830e-01   5.257348e-02   6.852222e-05   3.786610e-04   1.571134e-04   2.512755e-06   5.959360e-04   7.266342e-03   7.958851e-03   5.618416e-05   5.914724e-05   0.000000e+00
   2.245760e-01   1.081206e-01   7.973060e-01   8.445592e-01   2.266554e-01   8.586262e-01   6.711733e-02   0.000000e+00   3.661273e-04   1.200355e-05   4.665927e-07   6.012516e-04   7.539487e-05   6.547121e-04   4.823144e-05   1.124033e-03   0.000000e+00
   8.633614e-01   7.171359e-01   9.014014e-01   8.382136e-01   8.585018e-01   9.215062e-02   9.250935e-01   1.421588e-07   1.450547e-03   9.157313e-03   1.482712e-03   4.578398e-05   1.618156e-05   6.061585e-04   8.128543e-04   2.030044e-06   0.000000e+00
   6.459526e-02   8.640499e-01   1.042632e-01   9.511648e-01   8.348425e-01   9.154925e-02   2.082530e-01   2.705142e-06   2.211984e-04   2.519931e-05   8.297905e-05   4.691902e-05   1.541516e-02   1.789933e-03   4.177491e-02   2.025758e-05   5.214414e-05
   1.457580e-01   7.213399e-02   8.126816e-01   9.170506e-01   2.361999e-01   8.192572e-01   8.543659e-01   0.000000e+00   3.651613e-04   3.014688e-04   3.219896e-04   1.945297e-05   4.500039e-03   6.506384e-04   2.163769e-04   1.227104e-03   3.874925e-03
   1.825790e-01   1.568368e-01   1.087761e-02   1.149051e-01   1.267102e-01   8.476587e-01   8.864690e-01   8.505657e-07   0.000000e+00   8.478508e-03   1.875414e-04   9.743967e-06   4.293368e-02   6.915456e-04   0.000000e+00   0.000000e+00   8.430430e-04
   8.709909e-01   4.033000e-02   1.038473e-01   8.609863e-01   8.780934e-01   8.548646e-01   9.258968e-01   4.025935e-02   3.624026e-06   0.000000e+00   1.432327e-04   5.469329e-04   1.183343e-05   4.191450e-04   7.879357e-04   1.812674e-04   1.188430e-04
   8.447032e-01   1.265695e-01   9.142269e-01   1.435189e-01   8.637737e-01   2.243281e-01   8.352356e-01   9.487271e-04   6.568753e-06   1.667233e-04   7.717787e-07   0.000000e+00   1.650059e-04   1.494288e-02   2.395234e-04   7.301020e-04   5.174027e-05
   8.720512e-01   3.138232e-02   9.845719e-02   7.955180e-01   1.246430e-01   2.221658e-01   8.346289e-01   2.294474e-04   2.740442e-04   6.467995e-05   4.498837e-04   1.843021e-03   4.543166e-04   4.627822e-04   3.976472e-05   4.542428e-06   5.777165e-07
   1.440574e-01   7.213399e-02   8.745073e-01   2.223064e-01   2.310381e-01   2.305572e-02   8.242525e-01   0.000000e+00   3.651613e-04   0.000000e+00   3.326289e-04   2.435214e-05   4.500039e-03   7.098533e-04   2.163769e-04   1.227104e-03   1.162913e-04
   1.081202e-01   4.088137e-02   1.217192e-01   8.326967e-01   7.934936e-01   7.739604e-01   9.250325e-01   6.545103e-05   2.859939e-04   3.708207e-04   1.399600e-05   3.810450e-04   8.009608e-05   6.729098e-06   3.909643e-05   6.918994e-08   6.629522e-04
   8.107143e-01   8.642255e-01   8.079914e-01   1.642032e-01   2.570933e-01   9.713001e-02   8.271296e-01   2.736762e-06   8.768563e-06   4.197627e-04   7.209799e-05   4.905893e-04   1.377176e-02   1.598136e-04   2.226921e-04   2.134971e-04   5.159777e-05
   7.405506e-02   1.123242e-01   8.542265e-01   8.826654e-01   9.420859e-01   6.847989e-01   8.119871e-01   1.843164e-04   2.438753e-04   1.278375e-05   1.531382e-03   4.390899e-05   2.212930e-02   7.062966e-04   4.635782e-06   5.264941e-06   4.618318e-04
   8.878032e-01   1.448872e-01   8.347696e-01   1.218807e-01   8.778591e-01   7.422397e-01   7.188155e-02   0.000000e+00   5.521432e-05   9.468793e-03   1.372515e-03   0.000000e+00   1.783050e-04   6.431729e-05   1.875023e-05   0.000000e+00   7.467509e-05
   1.777537e-01   8.675337e-01   8.066707e-01   2.074242e-01   2.266248e-01   8.212894e-01   8.976743e-01   0.000000e+00   3.708649e-04   8.516881e-03   5.525825e-05   4.850211e-04   2.546458e-02   3.739789e-04   2.054232e-04   1.192543e-03   8.042731e-05
   8.750742e-01   1.996323e-01   1.217192e-01   1.260480e-01   7.991231e-01   1.165904e-01   8.603890e-01   1.356426e-04   2.859622e-04   1.129059e-01   1.042659e-04   3.810450e-04   1.354760e-02   1.881025e-03   4.389428e-06   0.000000e+00   2.661424e-08
   8.141310e-01   8.436083e-01   8.214943e-03   8.429551e-01   8.693484e-01   1.352138e-01   2.430664e-01   1.172008e-03   2.915006e-04   2.230014e-06   5.987169e-07   4.869258e-04   2.013252e-03   1.025878e-02   1.004154e-05   7.587780e-05   2.433208e-02
   9.595951e-01   1.437694e-01   1.904490e-01   6.336415e-02   8.348425e-01   2.397223e-01   9.058392e-02   1.491660e-01   8.766963e-06   2.519931e-05   7.211857e-05   4.691902e-05   1.815663e-04   1.793373e-03   9.556984e-05   9.073010e-05   5.214414e-05
   8.878032e-01   1.476589e-01   8.307773e-01   1.212970e-01   2.311578e-01   8.662067e-01   7.188155e-02   0.000000e+00   5.521432e-05   8.858539e-03   4.395706e-04   2.545220e-05   1.783050e-04   3.022862e-05   2.391482e-05   6.904713e-06   7.467509e-05
   8.650765e-01   1.384013e-01   1.236115e-01   8.338198e-01   8.680126e-01   8.716306e-01   3.155592e-01   7.034144e-05   8.328720e-02   8.182277e-03   1.816338e-04   4.922179e-04   4.340283e-03   1.452522e-03   3.119082e-03   5.275932e-05   3.614535e-03
   1.215734e-01   1.607820e-01   8.550326e-01   8.223363e-01   8.894562e-02   1.125844e-01   5.619752e-02   4.144909e-05   2.748328e-04   7.949819e-03   6.891453e-07   1.363467e-04   1.725235e-04   7.752758e-02   4.263189e-05   1.015692e-06   1.470377e-03
   8.603727e-01   4.623702e-04   9.651258e-01   2.543272e-01   1.243941e-01   1.045971e-01   8.441596e-01   3.186672e-05   3.763437e-04   9.019220e-03   6.002373e-05   5.317713e-04   3.829784e-05   1.563033e-03   2.190178e-04   1.851663e-04   1.158326e-04
   7.982880e-01   8.422707e-01   1.426039e-01   6.572149e-02   8.495824e-01   8.527163e-01   8.509418e-01   1.949397e-07   8.768563e-06   0.000000e+00   1.774721e-03   4.905893e-04   1.339273e-02   3.098170e-02   4.078603e-05   2.118903e-04   5.207108e-05
   1.690365e-01   9.037988e-01   1.469567e-01   8.528161e-02   8.651784e-01   8.538182e-01   9.615235e-02   1.034057e-05   0.000000e+00   2.524657e-04   6.376514e-05   5.636014e-05   2.383189e-02   1.604952e-03   2.875678e-05   6.416935e-05   4.621728e-03
   2.502570e-01   8.236869e-01   8.562751e-01   9.051731e-02   8.897550e-01   5.517921e-02   8.603890e-01   1.346297e-04   6.970279e-06   7.586163e-06   1.038294e-04   3.810450e-04   2.719316e-04   1.377869e-05   9.922243e-05   0.000000e+00   0.000000e+00
