   6.035250e-01   3.810164e-01   5.322473e-01   4.584886e-01
   4.481518e-17   7.318874e-01   4.877550e-01   4.859046e-01
   4.834749e-01   0.000000e+00   7.271431e-01   4.897913e-01
   8.728893e-01   4.370217e-01   0.000000e+00   2.185392e-01
   5.659056e-01   5.682430e-01   5.604300e-01   2.198692e-01
   5.172975e-01   2.473021e-01   2.677609e-01   7.788157e-01
   2.263605e-01   2.310324e-01   2.314332e-01   9.232215e-01
   5.135165e-01   2.534134e-01   7.764433e-01   2.668642e-01
   6.877386e-01   0.000000e+00   6.894661e-01   2.306911e-01
   3.036012e-01   5.138156e-01   2.836775e-01   7.621842e-01
   8.727144e-01   0.000000e+00   2.219743e-01   4.361824e-01
   6.006870e-01   0.000000e+00   7.995341e-01   0.000000e+00
   2.179625e-01   8.739757e-01   0.000000e+00   4.360606e-01
   9.864781e-01   0.000000e+00   1.645394e-01   0.000000e+00
   3.377696e-17   3.547836e-17   7.999969e-01   6.001063e-01
   7.748610e-01   5.188487e-01   2.672690e-01   2.514250e-01
   1.180288e-17   1.927557e-01   1.928880e-01   9.621918e-01
   3.676146e-17   6.003602e-01   0.000000e+00   7.998106e-01
   2.316986e-01   3.101247e-01   4.883635e-01   7.821699e-01
   7.321718e-01   0.000000e+00   4.856391e-01   4.890493e-01
   8.733087e-01   2.179792e-01   0.000000e+00   4.359014e-01
   5.228443e-01   5.627257e-01   2.339997e-01   6.023465e-01
   1.907043e-01   9.635587e-01   1.893236e-01   0.000000e+00
   2.354627e-01   4.838039e-01   8.104102e-01   2.322185e-01
   7.260237e-01   4.863226e-01   4.892532e-01   0.000000e+00
   5.346371e-17   8.731287e-01   4.360312e-01   2.184795e-01
   2.180997e-01   4.364152e-01   0.000000e+00   8.731620e-01
   8.725005e-01   0.000000e+00   4.369163e-01   2.192294e-01
   1.351430e-17   2.207052e-01   8.724652e-01   4.363913e-01
   3.009522e-17   4.914923e-01   4.847603e-01   7.250522e-01
   7.996678e-01   0.000000e+00   6.005651e-01   0.000000e+00
   8.728297e-01   4.369011e-01   2.179978e-01   0.000000e+00
   4.897342e-17   7.997967e-01   0.000000e+00   6.003729e-01
   2.189290e-01   4.397856e-01   8.711286e-01   0.000000e+00
   6.040177e-17   9.864358e-01   1.645299e-01   0.000000e+00
   3.673270e-17   0.000000e+00   5.998905e-01   8.001994e-01
   5.685182e-17   9.284607e-01   3.715212e-01   0.000000e+00
   3.714776e-01   0.000000e+00   0.000000e+00   9.284994e-01
   3.716836e-01   0.000000e+00   9.284492e-01   0.000000e+00
   7.919140e-01   2.108006e-01   5.253139e-01   2.328688e-01
   4.206255e-17   6.869336e-01   2.278121e-01   6.908095e-01
   6.884447e-01   6.897713e-01   0.000000e+00   2.247145e-01
   1.170581e-17   1.911703e-01   9.627223e-01   1.921385e-01
   2.962750e-17   4.838537e-01   7.278379e-01   4.861266e-01
   4.212193e-17   6.879034e-01   6.883745e-01   2.306296e-01
   9.182910e-01   2.291039e-01   2.230514e-01   2.365933e-01
   1.948277e-01   5.786305e-01   5.434046e-01   6.166749e-01
   4.878333e-01   0.000000e+00   4.811514e-01   7.323262e-01
   5.685596e-17   9.285284e-01   0.000000e+00   3.713457e-01
   2.191873e-01   8.732779e-01   4.357617e-01   0.000000e+00
   6.040113e-17   0.000000e+00   9.864254e-01   1.643789e-01
   8.157795e-01   2.504293e-01   3.004169e-01   4.489988e-01
   1.010533e-17   1.650325e-01   0.000000e+00   9.863271e-01
   4.423795e-01   2.215718e-01   8.691496e-01   0.000000e+00
   9.628023e-01   0.000000e+00   1.926347e-01   1.906353e-01
   1.650299e-01   0.000000e+00   0.000000e+00   9.863112e-01
   5.349300e-17   8.736070e-01   2.179710e-01   4.352902e-01
   4.878079e-01   7.277853e-01   4.825815e-01   9.296964e-05
   2.329266e-01   0.000000e+00   6.871632e-01   6.891846e-01
   9.284479e-01   0.000000e+00   3.715160e-01   0.000000e+00
   6.931324e-01   2.320683e-01   0.000000e+00   6.841835e-01
   2.681679e-17   4.379514e-01   2.195552e-01   8.720059e-01
   5.218160e-01   7.859154e-01   2.189467e-01   2.500829e-01
   2.431558e-01   7.442206e-01   5.733991e-01   2.472557e-01
   2.180119e-01   2.168980e-01   9.227482e-01   2.331323e-01
   1.543788e-17   1.670636e-17   3.714883e-01   9.284651e-01
   1.925140e-01   0.000000e+00   1.924304e-01   9.623144e-01
   4.941782e-01   7.178922e-01   0.000000e+00   4.908746e-01
   1.804341e-01   2.657003e-01   7.956259e-01   5.145330e-01
   1.415860e-17   2.312275e-01   6.878143e-01   6.892221e-01
   5.891957e-17   9.622295e-01   1.927953e-01   1.924691e-01
   7.998029e-01   0.000000e+00   0.000000e+00   6.003776e-01
   2.112078e-01   7.969211e-01   2.529937e-01   5.120726e-01
   9.617667e-01   1.921801e-01   1.956242e-01   0.000000e+00
   2.317381e-01   9.204789e-01   2.171904e-01   2.303709e-01
   6.123350e-17   0.000000e+00   1.000019e+00   0.000000e+00
   2.274596e-17   3.714698e-01   0.000000e+00   9.284798e-01
   4.361153e-01   8.723993e-01   0.000000e+00   2.218565e-01
   8.720020e-01   2.177427e-01   4.390406e-01   0.000000e+00
   9.624672e-01   1.916765e-01   0.000000e+00   1.924704e-01
   4.902210e-17   8.005916e-01   5.992865e-01   0.000000e+00
   4.366356e-01   2.175371e-01   0.000000e+00   8.729885e-01
   2.196255e-01   0.000000e+00   8.731443e-01   4.355345e-01
   9.840212e-18   2.258355e-18   1.648808e-01   9.865223e-01
   6.010741e-01   7.992819e-01   0.000000e+00   0.000000e+00
   1.928476e-01   0.000000e+00   9.623489e-01   1.918721e-01
   9.285233e-01   0.000000e+00   0.000000e+00   3.713436e-01
   2.698660e-17   4.407246e-01   8.714570e-01   2.180959e-01
   1.002799e-17   1.637696e-01   9.866327e-01   0.000000e+00
   1.901392e-01   9.627600e-01   0.000000e+00   1.925427e-01
   2.261748e-01   6.880570e-01   6.895863e-01   0.000000e+00
   5.998701e-01   0.000000e+00   0.000000e+00   8.001722e-01
   1.000013e+00   0.000000e+00   0.000000e+00   0.000000e+00
   3.266820e-01   2.196494e-02   2.295603e-01   9.282424e-01
   6.867570e-01   0.000000e+00   2.277535e-01   6.906319e-01
   3.678094e-17   6.006783e-01   7.995225e-01   0.000000e+00
   9.288712e-01   3.704998e-01   0.000000e+00   0.000000e+00
   6.040057e-17   9.864161e-01   0.000000e+00   1.643774e-01
   9.865727e-01   1.635459e-01   0.000000e+00   0.000000e+00
   1.646297e-01   9.863721e-01   0.000000e+00   0.000000e+00
   8.002189e-01   5.998102e-01   0.000000e+00   0.000000e+00
   7.286832e-01   4.878893e-01   0.000000e+00   4.807414e-01
   6.886876e-01   6.912459e-01   2.196421e-01   0.000000e+00
   9.864188e-01   0.000000e+00   0.000000e+00   1.643778e-01
   1.931422e-01   1.918062e-01   0.000000e+00   9.623475e-01
   2.159307e-01   0.000000e+00   4.356937e-01   8.738883e-01
   6.119636e-17   2.122898e-18   0.000000e+00   1.000014e+00
   4.815697e-01   4.883653e-01   0.000000e+00   7.286008e-01
   3.705651e-01   9.289715e-01   0.000000e+00   0.000000e+00
   2.351793e-01   6.863110e-01   5.195320e-03   6.884125e-01
   1.643667e-01   0.000000e+00   9.864780e-01   0.000000e+00
   3.875369e-17   4.160241e-17   9.285296e-01   3.713462e-01
   4.367952e-01   0.000000e+00   8.744527e-01   2.192610e-01
   6.834265e-01   2.407342e-01   6.894412e-01   0.000000e+00
   4.883340e-01   4.820643e-01   7.282579e-01   0.000000e+00
   2.275817e-17   3.716691e-01   9.284130e-01   0.000000e+00
   1.978516e-01   1.979324e-01   9.601865e-01   0.000000e+00
   1.332767e-17   2.176574e-01   4.349195e-01   8.740261e-01
   6.123318e-17   1.000014e+00   0.000000e+00   0.000000e+00
   4.336324e-01   8.746181e-01   2.188428e-01   0.000000e+00
