   9.958409e-01   9.980038e-01   1.000000e+00   6.770402e-01   1.000000e+00   1.000000e+00   9.909047e-01   4.984546e-01   2.948190e-02   5.000169e-01   4.999897e-01   5.000101e-01   5.000170e-01   4.998855e-01
   1.000000e+00   6.789026e-01   9.935320e-01   9.932858e-01   5.080560e-01   9.944904e-01   9.946925e-01   9.975342e-01   1.664667e-02   5.000169e-01   4.999897e-01   5.000099e-01   5.000182e-01   4.998881e-01
   1.000000e+00   6.717427e-01   9.986522e-01   5.111512e-01   9.990901e-01   9.964141e-01   1.000000e+00   9.918038e-01   1.446500e-02   5.000170e-01   4.999897e-01   5.000101e-01   5.000170e-01   4.998889e-01
   9.999997e-01   6.667350e-01   9.986249e-01   5.063519e-01   9.990452e-01   9.980737e-01   9.989553e-01   1.963532e-02   4.545627e-01   5.000170e-01   4.999897e-01   5.000100e-01   5.000170e-01   4.998885e-01
   6.661486e-01   5.090516e-01   9.982222e-01   9.941609e-01   9.976993e-01   9.984769e-01   1.000000e+00   9.990519e-01   3.856617e-03   5.000169e-01   4.999897e-01   5.000100e-01   5.000168e-01   4.998882e-01
   9.971708e-01   6.679914e-01   9.999738e-01   1.000000e+00   9.999159e-01   9.997037e-01   4.968778e-01   0.000000e+00   4.874949e-01   5.000170e-01   4.999896e-01   5.000107e-01   5.000195e-01   4.998882e-01
   9.997156e-01   9.999721e-01   9.999721e-01   9.955782e-01   1.000000e+00   9.974524e-01   3.290154e-01   1.000000e+00   7.839672e-04   5.000169e-01   4.999897e-01   5.000101e-01   5.000170e-01   4.998880e-01
   1.000000e+00   3.349246e-01   9.986706e-01   9.996314e-01   9.999985e-01   9.981714e-01   9.995077e-01   1.372853e-03   8.473078e-01   5.000169e-01   4.999897e-01   5.000107e-01   5.000170e-01   4.998844e-01
   9.993719e-01   1.000000e+00   1.000000e+00   1.000000e+00   3.379988e-01   9.895992e-01   9.981143e-01   1.587826e-03   5.302290e-03   5.000169e-01   4.999897e-01   5.000101e-01   5.011505e-01   4.998884e-01
   9.533116e-01   9.955100e-01   1.000000e+00   9.860216e-01   1.000000e+00   9.915942e-01   9.733259e-01   3.542532e-01   5.718564e-02   5.000169e-01   4.999897e-01   5.000108e-01   5.000170e-01   4.998587e-01
   9.997700e-01   1.000000e+00   9.999868e-01   9.999982e-01   1.000000e+00   9.924070e-01   6.690340e-01   5.136903e-01   0.000000e+00   5.000170e-01   4.999897e-01   5.000100e-01   5.000126e-01   4.998864e-01
   6.712362e-01   9.999984e-01   9.990852e-01   5.053403e-01   1.000000e+00   9.947015e-01   2.365805e-02   1.000000e+00   9.985626e-01   5.000170e-01   4.999897e-01   5.000100e-01   4.999934e-01   4.998598e-01
   1.000000e+00   1.000000e+00   1.000000e+00   1.000000e+00   6.706444e-01   9.985403e-01   5.019322e-01   9.977882e-01   2.388460e-03   5.000170e-01   4.999897e-01   5.000100e-01   5.000172e-01   4.998886e-01
   6.613381e-01   5.061995e-01   1.000000e+00   1.000000e+00   1.000000e+00   9.716340e-01   0.000000e+00   9.999400e-01   1.000000e+00   5.000170e-01   4.999897e-01   5.000108e-01   5.000172e-01   4.998871e-01
   3.342513e-01   1.000000e+00   9.999391e-01   9.999455e-01   9.998567e-01   9.963475e-01   9.989535e-01   0.000000e+00   9.999622e-01   5.000169e-01   4.999897e-01   5.000099e-01   5.000171e-01   4.998885e-01
   1.000000e+00   3.441108e-01   9.874493e-01   1.000000e+00   9.954955e-01   9.844706e-01   9.074553e-03   9.659621e-02   9.597726e-01   5.000169e-01   4.999897e-01   5.000101e-01   5.000168e-01   4.998875e-01
   1.000000e+00   1.000000e+00   6.659732e-01   1.000000e+00   5.005113e-01   9.999968e-01   9.999988e-01   0.000000e+00   0.000000e+00   5.000169e-01   4.999896e-01   5.000100e-01   5.000161e-01   4.998884e-01
   9.999997e-01   1.000000e+00   9.977625e-01   1.000000e+00   3.470986e-01   9.987025e-01   9.762419e-01   9.870311e-01   6.708868e-03   5.000170e-01   4.999897e-01   5.000100e-01   5.000171e-01   4.998882e-01
   9.999993e-01   1.000000e+00   1.000000e+00   9.999944e-01   1.000000e+00   9.997306e-01   1.000000e+00   9.999115e-01   1.000000e+00   5.000169e-01   4.999897e-01   5.000101e-01   4.999929e-01   4.983544e-01
   1.000000e+00   6.668059e-01   9.986961e-01   1.000000e+00   9.999987e-01   1.000000e+00   5.039733e-01   9.978865e-01   2.700249e-03   5.000170e-01   4.999897e-01   5.000101e-01   5.000171e-01   4.998886e-01
   1.000000e+00   9.990624e-01   6.653530e-01   9.997456e-01   1.000000e+00   1.000000e+00   1.000000e+00   4.989059e-01   0.000000e+00   5.000169e-01   4.999897e-01   5.000099e-01   5.000172e-01   4.998885e-01
   9.999992e-01   1.000000e+00   1.000000e+00   1.000000e+00   6.674094e-01   9.991864e-01   1.000000e+00   1.000000e+00   0.000000e+00   5.000170e-01   4.999897e-01   5.000099e-01   5.000171e-01   4.998886e-01
   9.991043e-01   1.000000e+00   9.996349e-01   1.000000e+00   9.997351e-01   9.999996e-01   1.000000e+00   6.671471e-01   0.000000e+00   5.000169e-01   4.999897e-01   5.000100e-01   5.000171e-01   4.998890e-01
   9.999492e-01   6.665472e-01   9.985568e-01   9.914328e-01   6.538234e-01   9.911873e-01   9.980449e-01   9.936871e-01   9.898512e-01   5.000169e-01   4.999897e-01   5.000100e-01   5.000172e-01   4.998877e-01
   9.999977e-01   6.659688e-01   9.999563e-01   5.026822e-01   9.990138e-01   1.000000e+00   5.341814e-03   9.043148e-01   1.000000e+00   5.000169e-01   4.999896e-01   5.000101e-01   5.000182e-01   4.998890e-01
   9.997065e-01   1.000000e+00   6.684712e-01   9.938170e-01   5.021230e-01   9.996852e-01   9.967567e-01   9.988151e-01   0.000000e+00   5.000169e-01   4.999897e-01   5.011768e-01   5.000058e-01   4.998889e-01
   1.000000e+00   6.662005e-01   1.000000e+00   9.999898e-01   5.035308e-01   1.000000e+00   9.998881e-01   7.731112e-03   9.999146e-01   5.000169e-01   4.999897e-01   5.000101e-01   5.000162e-01   4.998853e-01
   9.999332e-01   6.662803e-01   9.994024e-01   9.999876e-01   5.005296e-01   9.999992e-01   2.485296e-03   8.885464e-01   1.000000e+00   5.000170e-01   4.999897e-01   5.000101e-01   5.000187e-01   4.998889e-01
   6.693367e-01   9.999696e-01   4.987508e-01   9.995419e-01   9.999182e-01   9.999829e-01   9.989776e-01   1.000000e+00   0.000000e+00   5.000170e-01   4.999897e-01   5.000107e-01   5.000170e-01   4.998889e-01
   9.997817e-01   6.664773e-01   1.000000e+00   9.999995e-01   9.999817e-01   9.999727e-01   0.000000e+00   9.617910e-01   4.363279e-02   5.000169e-01   4.999898e-01   5.000109e-01   4.999939e-01   4.998874e-01
   1.000000e+00   9.973999e-01   6.901992e-01   9.997539e-01   5.492143e-01   9.970975e-01   1.000000e+00   1.000000e+00   1.000000e+00   5.000169e-01   4.999897e-01   5.000099e-01   4.999939e-01   4.998884e-01
   9.999992e-01   9.999861e-01   1.000000e+00   1.000000e+00   6.674094e-01   1.000000e+00   9.993186e-01   5.000998e-01   0.000000e+00   5.000169e-01   4.999897e-01   5.000099e-01   4.999901e-01   4.998886e-01
   9.999890e-01   9.999612e-01   6.736014e-01   9.992953e-01   9.982858e-01   9.990823e-01   5.072041e-01   9.996487e-01   2.078330e-02   5.000170e-01   4.999897e-01   5.000101e-01   5.000075e-01   4.998889e-01
   1.000000e+00   9.999745e-01   9.999704e-01   3.333038e-01   0.000000e+00   7.210500e-02   3.962177e-02   4.668420e-01   5.222620e-01   5.000170e-01   4.999897e-01   4.999529e-01   5.000171e-01   4.998895e-01
   1.000000e+00   1.000000e+00   9.999663e-01   9.996566e-01   9.999914e-01   1.000000e+00   6.792100e-01   1.000000e+00   1.158997e-02   5.000170e-01   4.999897e-01   5.000101e-01   5.000171e-01   4.998885e-01
   6.768784e-01   5.231346e-01   9.888143e-01   1.000000e+00   9.887427e-01   9.945930e-01   9.803315e-01   3.660518e-02   8.868506e-01   5.000169e-01   4.999897e-01   5.000100e-01   5.000190e-01   4.998890e-01
   7.026535e-01   6.635773e-01   9.999737e-01   9.778312e-01   9.989169e-01   9.924839e-01   9.952391e-01   1.000000e+00   9.980859e-01   4.998766e-01   4.999897e-01   5.000100e-01   5.000172e-01   4.998877e-01
   6.661486e-01   5.090516e-01   9.982716e-01   9.941609e-01   7.075992e-03   9.582519e-01   1.000000e+00   9.990519e-01   3.856617e-03   5.000169e-01   4.999897e-01   5.000100e-01   5.000173e-01   4.998883e-01
   1.000000e+00   4.306663e-01   9.970698e-01   9.997616e-01   1.000000e+00   9.998347e-01   9.877860e-01   1.000000e+00   1.000000e+00   5.000169e-01   4.999897e-01   5.000101e-01   4.999910e-01   4.998884e-01
   9.999332e-01   3.303353e-01   9.999501e-01   1.000000e+00   9.999843e-01   1.000000e+00   9.931852e-01   1.000000e+00   2.364791e-03   5.000169e-01   4.999897e-01   5.000101e-01   5.000171e-01   4.998855e-01
   1.000000e+00   6.679086e-01   9.999478e-01   1.000000e+00   1.000000e+00   9.980037e-01   9.995574e-01   0.000000e+00   5.082036e-01   5.000169e-01   4.999896e-01   5.000100e-01   4.999898e-01   4.998876e-01
   6.682327e-01   9.998445e-01   5.002701e-01   1.000000e+00   9.996285e-01   1.000000e+00   1.000000e+00   0.000000e+00   4.081377e-01   5.000169e-01   4.999897e-01   5.000099e-01   4.999904e-01   4.998884e-01
   1.000000e+00   1.000000e+00   6.659874e-01   5.008939e-01   0.000000e+00   9.461570e-01   4.741954e-01   7.025452e-01   9.984839e-01   5.000170e-01   4.999897e-01   5.000101e-01   4.999894e-01   4.998895e-01
   1.000000e+00   1.000000e+00   1.000000e+00   1.000000e+00   9.999965e-01   1.000000e+00   6.659851e-01   0.000000e+00   5.648178e-01   5.000169e-01   4.999897e-01   5.000100e-01   5.000047e-01   4.998897e-01
   1.000000e+00   1.000000e+00   6.684534e-01   1.000000e+00   5.074805e-01   9.997985e-01   1.536574e-02   8.086115e-02   9.881084e-01   5.000169e-01   4.999897e-01   5.000099e-01   5.000066e-01   4.998890e-01
   1.000000e+00   9.999721e-01   1.000000e+00   7.540150e-01   9.999562e-01   1.000000e+00   1.000000e+00   1.000000e+00   9.998790e-01   5.000170e-01   4.999897e-01   5.000101e-01   4.999928e-01   4.998902e-01
   1.000000e+00   9.990328e-01   9.999884e-01   3.370347e-01   9.999999e-01   9.999989e-01   9.927457e-01   9.953602e-01   0.000000e+00   5.000169e-01   4.999897e-01   5.000100e-01   5.000082e-01   4.998889e-01
   1.000000e+00   1.000000e+00   3.381706e-01   9.998855e-01   9.998306e-01   9.814358e-01   3.897007e-04   6.695789e-01   6.344201e-03   5.000169e-01   4.999897e-01   5.000099e-01   4.999929e-01   4.998881e-01
   6.672781e-01   5.007095e-01   9.996894e-01   0.000000e+00   8.331176e-01   5.206654e-01   6.957655e-01   7.344524e-03   9.434476e-01   5.000169e-01   4.999896e-01   5.000100e-01   5.000163e-01   4.998885e-01
   6.719921e-01   9.998388e-01   9.997489e-01   9.999753e-01   5.008319e-01   9.854079e-01   9.992366e-01   9.994539e-01   4.882695e-04   5.000170e-01   4.999897e-01   5.000100e-01   5.000064e-01   4.998882e-01
   1.000000e+00   1.000000e+00   1.000000e+00   1.000000e+00   9.999965e-01   1.000000e+00   1.000000e+00   0.000000e+00   5.551593e-01   5.000169e-01   4.999897e-01   5.000100e-01   5.000047e-01   4.998897e-01
   6.666662e-01   1.000000e+00   1.000000e+00   0.000000e+00   1.000000e+00   5.774121e-01   2.545189e-03   8.871193e-01   8.554763e-02   5.000170e-01   4.999897e-01   5.000100e-01   4.999947e-01   4.998901e-01
   9.997006e-01   9.999986e-01   9.902978e-01   9.992705e-01   9.971444e-01   9.493782e-01   9.845557e-01   7.478685e-01   9.994003e-01   5.000169e-01   4.999897e-01   5.000099e-01   5.000067e-01   4.998884e-01
   9.999840e-01   1.000000e+00   1.000000e+00   1.000000e+00   6.662911e-01   1.000000e+00   9.999585e-01   4.970234e-05   9.974732e-01   5.000169e-01   4.999897e-01   5.000099e-01   5.000050e-01   4.998884e-01
   1.000000e+00   1.000000e+00   1.000000e+00   1.000000e+00   1.000000e+00   1.000000e+00   1.000000e+00   9.999981e-01   0.000000e+00   5.000170e-01   4.999897e-01   5.000101e-01   5.000163e-01   4.998885e-01
   1.000000e+00   1.000000e+00   1.000000e+00   6.676125e-01   5.074226e-01   9.830799e-01   9.928814e-03   0.000000e+00   1.164182e-02   5.000169e-01   4.999897e-01   5.000100e-01   4.999917e-01   4.998884e-01
   3.336130e-01   1.000000e+00   9.992461e-01   9.999826e-01   9.998559e-01   1.000000e+00   9.971722e-01   1.000000e+00   6.249035e-03   5.000169e-01   4.999897e-01   5.000100e-01   5.000170e-01   4.998885e-01
   9.929592e-01   9.999484e-01   9.999996e-01   1.000000e+00   6.801770e-01   9.993602e-01   5.865062e-01   1.000000e+00   1.000000e+00   5.000169e-01   4.999897e-01   5.000099e-01   5.000067e-01   4.998889e-01
   1.000000e+00   1.000000e+00   9.998854e-01   1.000000e+00   6.771667e-01   9.959900e-01   9.998368e-01   1.000000e+00   5.542150e-01   5.000169e-01   4.999897e-01   5.000099e-01   5.000179e-01   4.998886e-01
   9.999950e-01   9.999675e-01   6.679905e-01   9.996612e-01   9.995191e-01   9.986311e-01   0.000000e+00   0.000000e+00   5.445167e-01   5.000169e-01   4.999897e-01   5.000101e-01   4.999944e-01   4.998902e-01
   9.997308e-01   1.000000e+00   9.999998e-01   6.699092e-01   5.191903e-01   1.000000e+00   9.828358e-01   9.842776e-01   1.704473e-02   5.000169e-01   4.999897e-01   5.000100e-01   5.000069e-01   4.998889e-01
   9.585055e-01   9.975824e-01   9.543892e-01   9.688191e-01   1.000000e+00   9.914554e-01   9.331495e-01   9.089686e-01   1.045923e-01   5.000169e-01   4.999897e-01   5.000099e-01   5.000158e-01   4.998889e-01
   9.727829e-01   9.261216e-01   9.550640e-01   9.449671e-01   9.927785e-01   1.827495e-01   9.161641e-01   7.489822e-01   6.927631e-01   5.000170e-01   4.999897e-01   5.000099e-01   5.000067e-01   4.998884e-01
   9.998781e-01   9.999721e-01   1.000000e+00   9.997598e-01   7.204860e-01   1.000000e+00   9.997488e-01   1.000000e+00   9.999976e-01   5.000170e-01   4.999897e-01   5.000101e-01   4.999909e-01   4.998884e-01
   3.334915e-01   0.000000e+00   9.981147e-01   3.819825e-03   9.972762e-01   4.846215e-01   9.732959e-01   9.076955e-01   9.081755e-01   5.000169e-01   4.999897e-01   5.000100e-01   4.999974e-01   4.998904e-01
   3.469958e-01   9.957758e-01   1.000000e+00   1.000000e+00   9.974703e-01   9.835099e-01   2.112234e-02   6.331255e-01   5.485817e-02   5.000170e-01   4.999897e-01   5.000100e-01   5.000167e-01   4.998889e-01
   1.000000e+00   6.686983e-01   4.990405e-01   9.999421e-01   9.999976e-01   9.999822e-01   9.963750e-01   0.000000e+00   0.000000e+00   5.000169e-01   4.999897e-01   5.000099e-01   4.999941e-01   4.998889e-01
   9.999992e-01   6.705374e-01   5.148280e-01   1.000000e+00   9.755000e-01   9.857392e-01   0.000000e+00   1.000000e+00   4.898348e-01   5.000169e-01   4.999897e-01   5.000100e-01   5.000067e-01   4.998905e-01
   9.999992e-01   9.999987e-01   3.323058e-01   0.000000e+00   9.864598e-01   9.995840e-01   4.443951e-01   9.885630e-01   4.944180e-01   5.000170e-01   4.999896e-01   5.000099e-01   5.000067e-01   4.998903e-01
   1.000000e+00   9.999876e-01   1.000000e+00   7.135079e-01   5.373655e-01   9.998224e-01   9.981793e-01   1.000000e+00   1.000000e+00   5.000169e-01   4.999897e-01   5.000100e-01   4.999914e-01   4.998882e-01
   1.000000e+00   6.662654e-01   1.000000e+00   1.000000e+00   0.000000e+00   1.000000e+00   4.275601e-01   9.931473e-01   9.625180e-01   5.000170e-01   4.999897e-01   5.000101e-01   4.999950e-01   4.998889e-01
   1.000000e+00   9.999681e-01   1.000000e+00   6.676125e-01   5.010025e-01   9.949763e-01   1.000000e+00   0.000000e+00   8.250154e-01   5.000170e-01   4.999897e-01   5.000099e-01   4.999943e-01   4.998884e-01
   1.000000e+00   1.000000e+00   9.998192e-01   1.000000e+00   9.999907e-01   1.000000e+00   7.027257e-01   9.999451e-01   5.627310e-01   5.000169e-01   4.999897e-01   5.000101e-01   5.000173e-01   4.998885e-01
   1.000000e+00   9.998441e-01   6.653960e-01   4.983191e-01   9.999998e-01   1.000000e+00   1.000000e+00   1.724187e-03   2.913777e-03   5.000169e-01   4.999897e-01   5.000101e-01   4.999927e-01   4.998895e-01
   9.999992e-01   1.000000e+00   1.000000e+00   9.999994e-01   1.000000e+00   1.000000e+00   0.000000e+00   9.567697e-01   9.757681e-01   5.000170e-01   4.999898e-01   5.000100e-01   4.999950e-01   4.998903e-01
   9.972153e-01   1.000000e+00   9.999760e-01   1.000000e+00   1.000000e+00   9.904724e-01   6.725590e-01   6.106181e-01   9.861456e-01   5.000169e-01   4.999897e-01   5.000101e-01   4.999935e-01   4.998845e-01
   9.996064e-01   9.976591e-01   9.916176e-01   9.970624e-01   1.000000e+00   1.000000e+00   3.392029e-01   2.444083e-02   4.632521e-01   5.000169e-01   4.999897e-01   5.000101e-01   5.000179e-01   4.998856e-01
   1.000000e+00   1.000000e+00   9.999446e-01   7.214183e-01   9.999878e-01   9.991390e-01   9.910849e-01   6.533203e-01   9.822987e-01   5.000169e-01   4.999897e-01   5.000100e-01   5.000184e-01   4.998903e-01
   1.000000e+00   9.999951e-01   6.653960e-01   4.983191e-01   1.000000e+00   9.997626e-01   9.999772e-01   9.999697e-01   2.742767e-03   5.000169e-01   4.999897e-01   5.000099e-01   5.000042e-01   4.998895e-01
   9.999906e-01   9.998947e-01   1.000000e+00   6.684457e-01   1.000000e+00   9.997767e-01   9.999952e-01   0.000000e+00   7.829811e-04   5.000169e-01   4.999897e-01   5.000101e-01   4.999916e-01   4.998904e-01
   1.000000e+00   9.999927e-01   9.999990e-01   6.680403e-01   1.000000e+00   9.996529e-01   0.000000e+00   9.990636e-01   9.994981e-01   5.000169e-01   4.999897e-01   5.000101e-01   4.999928e-01   4.998895e-01
   1.000000e+00   1.000000e+00   1.000000e+00   9.999997e-01   1.000000e+00   0.000000e+00   0.000000e+00   1.000000e+00   9.593385e-01   5.000170e-01   4.999897e-01   5.000099e-01   5.000065e-01   4.998889e-01
   9.999581e-01   9.990633e-01   6.654098e-01   9.999017e-01   9.999172e-01   1.000000e+00   5.007698e-01   5.090171e-05   9.876876e-01   5.000169e-01   4.999897e-01   5.000099e-01   5.000081e-01   4.998896e-01
   6.669551e-01   1.000000e+00   5.006674e-01   9.957598e-01   1.000000e+00   1.000000e+00   0.000000e+00   1.000000e+00   1.000000e+00   5.000169e-01   4.999897e-01   5.000100e-01   4.999931e-01   4.998884e-01
   9.998712e-01   6.685629e-01   5.026640e-01   1.000000e+00   6.792596e-03   9.824247e-01   9.005266e-01   7.200585e-01   9.611177e-01   5.000170e-01   4.999897e-01   5.000101e-01   5.000070e-01   4.998895e-01
   1.000000e+00   7.597701e-01   9.956299e-01   1.000000e+00   9.988514e-01   1.000000e+00   1.000000e+00   9.975033e-01   9.996333e-01   5.000169e-01   4.999897e-01   5.000101e-01   4.999929e-01   4.998902e-01
   6.667937e-01   4.995338e-01   0.000000e+00   9.989788e-01   9.999917e-01   1.463496e-01   9.996683e-01   9.276067e-01   5.739202e-01   5.000169e-01   4.999897e-01   5.000100e-01   5.000088e-01   4.998895e-01
   1.000000e+00   9.999920e-01   6.698293e-01   5.010524e-01   9.983609e-01   3.570056e-02   6.533309e-01   9.999697e-01   9.998781e-01   5.000170e-01   4.999897e-01   5.000101e-01   4.999918e-01   4.998889e-01
   1.000000e+00   9.990298e-01   9.899041e-01   1.000000e+00   9.999926e-01   9.989265e-01   9.873592e-01   5.121288e-01   9.397527e-01   5.000169e-01   4.999897e-01   5.000101e-01   4.999933e-01   4.998895e-01
   9.999977e-01   6.669578e-01   1.000000e+00   5.026822e-01   2.484897e-02   1.000000e+00   5.341814e-03   7.132466e-01   1.000000e+00   5.000169e-01   4.999896e-01   5.000101e-01   5.000182e-01   4.998890e-01
   1.000000e+00   9.993637e-01   9.999431e-01   6.677534e-01   1.000000e+00   9.998715e-01   5.012303e-01   0.000000e+00   9.464353e-01   5.000169e-01   4.999897e-01   5.000101e-01   5.000171e-01   4.998895e-01
   1.000000e+00   9.999831e-01   7.055459e-01   9.983194e-01   9.996378e-01   9.903074e-01   9.999950e-01   6.528964e-01   1.000000e+00   5.000169e-01   4.999897e-01   5.000101e-01   5.000027e-01   4.998895e-01
   1.000000e+00   6.679275e-01   9.986103e-01   1.000000e+00   9.986625e-01   0.000000e+00   9.989777e-01   9.789495e-01   5.496703e-01   5.000170e-01   4.999897e-01   5.000100e-01   5.000171e-01   4.998889e-01
   6.942333e-01   9.999779e-01   9.999655e-01   1.000000e+00   5.394075e-01   9.999648e-01   1.000000e+00   9.999253e-01   9.975764e-01   5.000169e-01   4.999897e-01   5.000100e-01   4.999940e-01   4.998885e-01
   6.723340e-01   1.000000e+00   1.000000e+00   9.999963e-01   5.074843e-01   9.814528e-01   5.980772e-03   7.475760e-01   4.991926e-01   5.000169e-01   4.999897e-01   5.000099e-01   4.999931e-01   4.998880e-01
   1.000000e+00   6.680060e-01   4.990405e-01   9.999421e-01   9.999976e-01   9.999822e-01   9.965728e-01   9.999447e-01   0.000000e+00   5.000169e-01   4.999897e-01   5.000099e-01   5.000069e-01   4.998881e-01
   9.934446e-01   9.999798e-01   1.000000e+00   1.000000e+00   6.652736e-01   5.462488e-01   0.000000e+00   9.999287e-01   5.391759e-02   5.000169e-01   4.999897e-01   5.000101e-01   5.000067e-01   4.998889e-01
   1.000000e+00   9.999987e-01   6.651693e-01   1.000000e+00   1.000000e+00   0.000000e+00   0.000000e+00   9.999699e-01   9.509497e-01   4.987388e-01   4.999897e-01   5.000099e-01   5.000038e-01   4.998889e-01
   9.651158e-01   9.621393e-01   9.582771e-01   9.457467e-01   9.788764e-01   9.369353e-01   9.187815e-01   1.864318e-01   5.606888e-01   5.000170e-01   4.999897e-01   5.000100e-01   5.000074e-01   4.998895e-01
   6.710041e-01   9.989437e-01   9.990877e-01   5.116885e-01   9.995313e-01   9.967574e-01   9.955670e-01   3.062589e-02   5.807085e-01   5.000170e-01   4.999897e-01   5.000107e-01   5.000164e-01   4.998889e-01
   1.000000e+00   1.000000e+00   1.000000e+00   3.326549e-01   1.000000e+00   1.000000e+00   0.000000e+00   1.000000e+00   4.998140e-01   5.000169e-01   4.999897e-01   5.000100e-01   4.988022e-01   4.998890e-01
   9.999992e-01   9.993853e-01   1.000000e+00   9.990076e-01   6.612500e-01   1.692606e-01   9.441540e-01   8.862327e-01   9.320538e-01   5.000170e-01   4.999896e-01   5.000100e-01   5.000076e-01   4.998902e-01
   6.393573e-01   9.929177e-01   9.991012e-01   1.000000e+00   5.994867e-01   1.902300e-01   3.599559e-02   4.944233e-01   9.641520e-01   5.000169e-01   4.999897e-01   5.000101e-01   5.000069e-01   4.998884e-01
   9.999590e-01   9.999861e-01   9.996815e-01   9.999954e-01   3.383749e-01   9.999891e-01   1.471955e-02   9.943607e-01   6.534641e-01   5.000169e-01   4.999897e-01   5.000099e-01   5.000173e-01   4.998896e-01
   6.682118e-01   9.985507e-01   9.955305e-01   4.984764e-01   9.999988e-01   9.993541e-01   9.933809e-01   1.000000e+00   8.959869e-05   5.000169e-01   4.999897e-01   5.000099e-01   5.000162e-01   4.998902e-01
   6.727285e-01   9.976712e-01   9.625740e-01   9.994844e-01   9.115596e-01   9.967626e-01   9.153675e-01   7.086605e-01   1.000000e+00   5.000169e-01   4.999897e-01   5.000101e-01   4.999904e-01   4.998902e-01
   9.989124e-01   9.999999e-01   9.999314e-01   1.000000e+00   4.763627e-01   4.074158e-01   9.595061e-01   6.126025e-01   9.451182e-01   5.000169e-01   4.999897e-01   5.000099e-01   5.000190e-01   4.998895e-01
   1.000000e+00   6.661667e-01   9.999542e-01   9.993417e-01   9.999997e-01   5.109156e-01   1.000000e+00   1.000000e+00   0.000000e+00   5.000169e-01   4.999897e-01   5.000099e-01   5.000164e-01   4.998895e-01
   6.684068e-01   1.000000e+00   1.000000e+00   9.937919e-01   9.998637e-01   1.000000e+00   1.000000e+00   1.000000e+00   0.000000e+00   5.000169e-01   4.999897e-01   5.000100e-01   4.999940e-01   4.998897e-01
   6.668080e-01   9.999998e-01   1.000000e+00   9.999998e-01   9.998574e-01   9.986836e-01   0.000000e+00   9.903599e-01   9.712779e-01   5.000169e-01   4.999897e-01   5.000099e-01   5.000171e-01   4.998903e-01
   1.000000e+00   3.534377e-01   9.979212e-01   9.996123e-01   9.819131e-01   6.010629e-02   6.384816e-01   1.362436e-02   9.942235e-01   5.000170e-01   4.999897e-01   5.000100e-01   4.999955e-01   4.998889e-01
   1.000000e+00   9.993409e-01   6.669251e-01   9.998497e-01   0.000000e+00   6.805079e-01   9.921303e-01   9.999949e-01   2.245832e-02   5.000169e-01   4.999897e-01   5.000100e-01   4.999947e-01   4.998904e-01
   1.000000e+00   6.668910e-01   0.000000e+00   7.277510e-01   1.000000e+00   9.771352e-01   9.971500e-01   6.456533e-01   6.524674e-01   5.000169e-01   4.999897e-01   5.000100e-01   5.000040e-01   4.998905e-01
   1.000000e+00   9.988151e-01   1.000000e+00   9.998497e-01   9.999772e-01   6.708994e-01   9.987071e-01   9.999327e-01   1.788590e-02   5.000169e-01   4.999897e-01   5.000100e-01   5.000075e-01   4.998904e-01
   9.624422e-01   1.000000e+00   9.652641e-01   9.707650e-01   9.554027e-01   9.778750e-01   9.670513e-01   9.179611e-01   9.589091e-01   5.000170e-01   4.999897e-01   5.000100e-01   5.000155e-01   4.998902e-01
   3.339039e-01   9.994190e-01   9.991581e-01   0.000000e+00   1.000000e+00   1.000000e+00   9.600324e-01   9.939582e-01   9.999062e-01   5.000170e-01   4.999897e-01   5.000099e-01   5.000070e-01   4.998903e-01
   6.597767e-01   9.928925e-01   9.998648e-01   9.873384e-01   1.000000e+00   5.326516e-01   4.180817e-02   9.926541e-01   9.638854e-01   5.000169e-01   4.999897e-01   5.000101e-01   5.000069e-01   4.998885e-01
   9.997308e-01   9.999958e-01   3.379854e-01   9.860763e-01   9.984221e-01   9.998347e-01   1.000000e+00   1.000000e+00   2.846102e-03   5.000169e-01   4.999897e-01   5.000101e-01   5.000080e-01   4.998896e-01
   9.997006e-01   1.000000e+00   9.899163e-01   9.992705e-01   9.971444e-01   9.597360e-01   9.845557e-01   7.383977e-01   5.978425e-01   5.000169e-01   4.999897e-01   5.000099e-01   4.999934e-01   4.998884e-01
   6.682326e-01   9.992335e-01   5.033924e-01   8.863456e-03   1.000000e+00   1.000000e+00   9.952055e-01   1.000000e+00   1.000000e+00   5.000169e-01   4.999897e-01   5.000099e-01   4.999949e-01   4.998890e-01
   1.000000e+00   6.662385e-01   1.000000e+00   1.000000e+00   9.999915e-01   9.999822e-01   9.988860e-01   1.000000e+00   0.000000e+00   5.000169e-01   4.999897e-01   5.000101e-01   5.000173e-01   4.998889e-01
   6.666662e-01   1.000000e+00   1.000000e+00   1.000000e+00   1.000000e+00   1.000000e+00   5.024812e-01   0.000000e+00   1.374403e-02   5.000169e-01   4.999897e-01   5.000101e-01   5.000077e-01   4.998888e-01
   1.000000e+00   9.999938e-01   6.653960e-01   4.983191e-01   9.999875e-01   1.000000e+00   0.000000e+00   9.958809e-01   2.875743e-03   5.000169e-01   4.999897e-01   5.000101e-01   4.999936e-01   4.998895e-01
   9.997181e-01   1.000000e+00   9.999998e-01   6.682373e-01   9.999975e-01   1.000000e+00   4.987759e-01   9.997319e-01   1.475670e-04   5.000169e-01   4.999897e-01   5.000100e-01   4.999948e-01   4.998889e-01
   1.000000e+00   1.000000e+00   3.407374e-01   9.906070e-01   9.890301e-01   0.000000e+00   2.488185e-01   1.000000e+00   3.688148e-04   5.000169e-01   4.999897e-01   5.000101e-01   5.000080e-01   4.998896e-01
   3.339039e-01   9.999748e-01   9.999701e-01   9.991199e-01   0.000000e+00   7.210500e-02   8.516142e-01   9.823362e-01   9.633626e-01   5.000169e-01   4.999897e-01   4.999529e-01   5.000170e-01   4.998895e-01
   1.000000e+00   9.999160e-01   6.660966e-01   9.949667e-01   9.983602e-01   5.481423e-01   9.934610e-01   5.332100e-02   0.000000e+00   5.000170e-01   4.999896e-01   5.000101e-01   4.999918e-01   4.998884e-01
   1.000000e+00   9.999986e-01   3.334054e-01   9.998524e-01   0.000000e+00   1.000000e+00   5.482660e-01   6.769677e-01   4.324050e-01   5.000170e-01   4.999897e-01   5.000100e-01   5.000066e-01   4.998902e-01
   6.696725e-01   9.999721e-01   9.999998e-01   9.847808e-01   1.000000e+00   5.339428e-01   9.976748e-01   3.046366e-02   5.959905e-01   5.000170e-01   4.999897e-01   5.000101e-01   5.000069e-01   4.998890e-01
   6.667956e-01   1.000000e+00   1.000000e+00   1.000000e+00   1.000000e+00   1.640652e-03   9.423600e-01   9.062485e-01   9.757749e-01   5.000170e-01   4.999898e-01   5.000099e-01   5.000086e-01   4.998896e-01
   9.982940e-01   9.927612e-01   9.998648e-01   9.873384e-01   6.763636e-01   5.326516e-01   1.000000e+00   9.884179e-01   9.638854e-01   5.000169e-01   4.999897e-01   5.000101e-01   5.000070e-01   4.998885e-01
   9.999622e-01   1.000000e+00   9.986641e-01   7.131109e-01   9.998390e-01   1.000000e+00   6.194347e-01   9.903545e-01   1.000000e+00   5.000169e-01   4.999897e-01   5.000101e-01   4.999912e-01   4.998895e-01
   9.999991e-01   9.994584e-01   9.999776e-01   6.858504e-01   5.244595e-01   8.533532e-02   8.991595e-01   9.633699e-01   7.028787e-01   5.000169e-01   4.999897e-01   5.000100e-01   5.000166e-01   4.998890e-01
   6.668080e-01   1.000000e+00   9.987378e-01   1.000000e+00   1.000000e+00   9.993520e-01   6.366752e-01   9.998117e-01   9.789250e-01   5.000169e-01   4.999897e-01   5.000099e-01   5.000047e-01   4.998904e-01
   1.000000e+00   9.977495e-01   1.000000e+00   6.711540e-01   1.000000e+00   4.956545e-01   0.000000e+00   9.044037e-01   8.767997e-01   5.000169e-01   4.999897e-01   5.000099e-01   5.000075e-01   4.998900e-01
   9.999959e-01   6.678915e-01   9.994137e-01   9.997690e-01   9.985449e-01   9.999839e-01   9.922935e-01   1.000000e+00   5.633828e-01   5.000169e-01   4.999897e-01   5.000100e-01   4.999931e-01   4.998889e-01
   6.717148e-01   1.000000e+00   1.000000e+00   4.983191e-01   0.000000e+00   4.689281e-02   6.166443e-01   9.161513e-01   9.992365e-01   5.000169e-01   4.999897e-01   5.000100e-01   4.999972e-01   4.998890e-01
   1.000000e+00   9.999984e-01   1.000000e+00   9.996455e-01   9.999730e-01   6.718255e-01   5.074493e-01   0.000000e+00   5.812785e-01   5.000169e-01   4.999897e-01   5.000099e-01   4.999915e-01   4.998897e-01
   7.104258e-01   1.000000e+00   9.999915e-01   1.000000e+00   9.958515e-01   9.999975e-01   9.952865e-01   1.000000e+00   5.624805e-01   5.000169e-01   4.999897e-01   5.000100e-01   4.999918e-01   4.998890e-01
   1.000000e+00   9.999304e-01   9.995997e-01   3.688758e-01   9.988543e-01   8.027194e-01   7.264908e-01   1.000000e+00   5.692377e-01   5.000169e-01   4.999896e-01   5.000100e-01   4.999910e-01   4.998905e-01
   9.999992e-01   1.000000e+00   1.000000e+00   6.660051e-01   0.000000e+00   1.000000e+00   9.982516e-01   1.000000e+00   5.275051e-01   5.000169e-01   4.999897e-01   5.000100e-01   4.999951e-01   4.998904e-01
   9.999992e-01   1.000000e+00   1.000000e+00   9.999994e-01   0.000000e+00   9.898355e-01   6.522094e-01   9.567697e-01   9.567399e-01   5.000169e-01   4.999897e-01   5.000100e-01   4.999950e-01   4.998903e-01
   9.998828e-01   9.999997e-01   9.999962e-01   7.116093e-01   9.995763e-01   1.000000e+00   9.993281e-01   9.988704e-01   5.739265e-01   5.000169e-01   4.999896e-01   5.000100e-01   5.000190e-01   4.998903e-01
   1.000000e+00   7.318025e-01   9.993360e-01   1.000000e+00   9.958742e-01   9.956780e-01   9.952198e-01   6.239364e-01   9.860692e-01   5.000169e-01   4.999897e-01   5.000101e-01   4.999929e-01   4.998904e-01
   9.585055e-01   9.977431e-01   9.553764e-01   9.688191e-01   1.000000e+00   4.302192e-01   9.331495e-01   9.089686e-01   0.000000e+00   5.000169e-01   4.999897e-01   5.000101e-01   5.000160e-01   4.998903e-01
   1.000000e+00   3.334585e-01   3.692165e-04   9.348764e-01   1.000000e+00   9.674059e-01   1.000000e+00   0.000000e+00   3.223763e-02   5.000170e-01   4.999897e-01   5.000099e-01   4.999953e-01   4.998889e-01
   6.953588e-01   9.999879e-01   1.000000e+00   6.723177e-01   9.940933e-01   9.990779e-01   9.998156e-01   9.914005e-01   9.977402e-01   5.000170e-01   4.999897e-01   5.000100e-01   4.999917e-01   4.998883e-01
   9.991946e-01   6.679385e-01   9.999535e-01   1.000000e+00   9.999347e-01   5.235722e-01   2.915758e-03   9.995565e-01   0.000000e+00   5.000169e-01   4.999897e-01   5.000100e-01   5.000156e-01   4.998903e-01
   6.667344e-01   9.999999e-01   5.016509e-01   1.000000e+00   9.996248e-01   2.046257e-03   4.661400e-01   9.849117e-01   9.774896e-01   5.000169e-01   4.999897e-01   5.000101e-01   5.000089e-01   4.998903e-01
   9.999983e-01   9.988151e-01   9.978455e-01   9.998497e-01   9.999840e-01   6.708994e-01   9.987071e-01   5.611176e-01   1.600061e-02   5.000169e-01   4.999897e-01   5.000100e-01   5.000075e-01   4.998904e-01
   9.998998e-01   9.999975e-01   1.000000e+00   9.897450e-01   1.000000e+00   1.000000e+00   7.417323e-01   9.866864e-01   9.993772e-01   5.000170e-01   4.999897e-01   5.000100e-01   4.999926e-01   4.998902e-01
   9.999950e-01   9.999674e-01   6.679905e-01   9.996612e-01   9.995136e-01   5.172942e-01   0.000000e+00   0.000000e+00   5.458462e-01   5.000169e-01   4.999897e-01   5.000101e-01   4.999944e-01   4.998902e-01
   1.000000e+00   6.668079e-01   9.998396e-01   0.000000e+00   5.499333e-01   6.671964e-02   1.000000e+00   9.808452e-01   5.665622e-01   5.000170e-01   4.999897e-01   5.000101e-01   5.000168e-01   4.998895e-01
   3.727498e-01   9.999779e-01   9.999655e-01   1.000000e+00   1.000000e+00   9.999648e-01   1.000000e+00   9.999253e-01   9.975764e-01   5.000169e-01   4.999897e-01   5.000100e-01   5.000074e-01   4.998886e-01
   1.000000e+00   9.999326e-01   1.000000e+00   3.370236e-01   9.965320e-01   9.998527e-01   9.919822e-01   0.000000e+00   9.747638e-01   5.000169e-01   4.999897e-01   5.000100e-01   5.000177e-01   4.998889e-01
   9.999982e-01   1.000000e+00   1.000000e+00   9.990023e-01   4.511915e-01   9.976766e-01   9.880508e-01   9.576210e-01   9.756774e-01   5.000169e-01   4.999897e-01   5.000101e-01   5.000183e-01   4.998888e-01
   9.996262e-01   3.378295e-01   9.872840e-01   9.999421e-01   5.431204e-03   1.000000e+00   9.993494e-01   1.000000e+00   2.375150e-02   5.000169e-01   4.999897e-01   5.000099e-01   5.000180e-01   4.998875e-01
   3.342513e-01   8.313022e-01   6.715718e-01   9.978454e-01   9.990950e-01   5.971765e-01   6.612329e-01   6.658058e-01   9.877677e-01   5.000169e-01   4.999897e-01   5.000099e-01   5.000069e-01   4.998904e-01
   6.729363e-01   9.987107e-01   9.997629e-01   9.988946e-01   9.988794e-01   5.885549e-01   9.954422e-01   9.999597e-01   9.997700e-01   5.000169e-01   4.999897e-01   5.000100e-01   4.999927e-01   4.998902e-01
   9.935136e-01   9.959426e-01   9.978692e-01   7.540150e-01   9.999562e-01   5.755020e-01   1.000000e+00   1.000000e+00   1.000000e+00   5.000169e-01   4.999897e-01   5.000101e-01   4.999928e-01   4.998902e-01
   6.662906e-01   1.000000e+00   1.000000e+00   1.000000e+00   0.000000e+00   9.999960e-01   0.000000e+00   1.078539e-01   9.758276e-01   5.000169e-01   4.999897e-01   5.000099e-01   5.000066e-01   4.998889e-01
   1.000000e+00   1.000000e+00   1.000000e+00   1.000000e+00   6.693350e-01   9.961786e-01   5.019540e-01   7.675370e-03   2.035842e-01   5.000170e-01   4.999897e-01   5.000101e-01   5.000170e-01   4.998889e-01
   6.682968e-01   9.999282e-01   4.986161e-01   9.977268e-01   0.000000e+00   9.999992e-01   1.000000e+00   5.597406e-01   1.000000e+00   5.000169e-01   4.999897e-01   5.000099e-01   5.000065e-01   4.998904e-01
   6.721073e-01   9.998449e-01   9.999721e-01   9.955599e-01   9.996311e-01   9.975670e-01   9.985361e-01   5.094630e-01   2.061454e-02   5.000169e-01   4.999897e-01   5.000099e-01   5.000170e-01   4.998881e-01
   6.682327e-01   1.000000e+00   9.999617e-01   9.999907e-01   9.985478e-01   1.000000e+00   1.000000e+00   0.000000e+00   8.696184e-03   5.000169e-01   4.999897e-01   5.000100e-01   5.000040e-01   4.998884e-01
   1.000000e+00   9.999470e-01   7.414902e-01   9.997787e-01   9.989000e-01   9.967163e-01   1.000000e+00   9.973280e-01   1.000000e+00   5.000169e-01   4.999897e-01   5.000099e-01   5.000085e-01   4.998896e-01
   9.998824e-01   9.999992e-01   7.136131e-01   9.964791e-01   9.999972e-01   9.999407e-01   1.000000e+00   9.959583e-01   6.011333e-01   5.000169e-01   4.999897e-01   5.000100e-01   4.999950e-01   4.998903e-01
   6.694313e-01   9.999585e-01   1.000000e+00   9.937919e-01   9.997559e-01   5.345209e-01   9.781984e-01   1.000000e+00   0.000000e+00   5.000170e-01   4.999897e-01   5.000099e-01   4.999943e-01   4.998897e-01
   9.998437e-01   9.932207e-01   6.887298e-01   9.970411e-01   5.426630e-01   5.238779e-01   9.250674e-01   7.175089e-01   9.759594e-01   5.000169e-01   4.999897e-01   5.000100e-01   4.999890e-01   4.998902e-01
   9.999950e-01   1.000000e+00   1.000000e+00   9.979637e-01   9.998913e-01   2.379518e-01   1.000000e+00   0.000000e+00   9.831654e-01   5.000169e-01   4.999897e-01   5.000099e-01   5.000164e-01   4.998905e-01
   9.999992e-01   9.999545e-01   9.507049e-01   9.919518e-01   3.718379e-01   1.000000e+00   9.153675e-01   7.011197e-01   5.645995e-01   5.000169e-01   4.999897e-01   5.000100e-01   5.000072e-01   4.998895e-01
   9.999352e-01   9.950995e-01   4.349493e-01   1.000000e+00   9.995423e-01   9.999677e-01   1.000000e+00   1.000000e+00   1.000000e+00   5.000169e-01   4.999897e-01   5.000099e-01   4.999939e-01   4.998895e-01
   1.000000e+00   9.993409e-01   1.000000e+00   9.976206e-01   9.999730e-01   6.745036e-01   5.074493e-01   1.000000e+00   3.602763e-02   5.000169e-01   4.999897e-01   5.000099e-01   4.999915e-01   4.998905e-01
   1.000000e+00   1.000000e+00   1.000000e+00   1.000000e+00   6.652736e-01   1.000000e+00   0.000000e+00   1.000000e+00   0.000000e+00   5.000170e-01   4.999897e-01   5.000099e-01   5.000065e-01   4.998889e-01
   1.000000e+00   3.334360e-01   9.997597e-01   0.000000e+00   1.000000e+00   5.425881e-01   1.000000e+00   2.599665e-02   9.981256e-01   5.000170e-01   4.999897e-01   5.000099e-01   4.999948e-01   4.998904e-01
   6.713652e-01   9.962605e-01   1.000000e+00   9.979976e-01   5.011447e-01   9.968174e-01   9.999802e-01   3.439160e-03   9.768944e-01   5.000169e-01   4.999897e-01   5.000100e-01   4.999931e-01   4.998902e-01
   1.000000e+00   1.000000e+00   6.653530e-01   1.000000e+00   1.000000e+00   1.000000e+00   1.000000e+00   9.999108e-01   0.000000e+00   5.000169e-01   4.999897e-01   5.000101e-01   5.000159e-01   4.998895e-01
   1.000000e+00   9.999984e-01   1.000000e+00   1.000000e+00   9.999730e-01   6.765003e-01   1.000000e+00   0.000000e+00   5.812785e-01   5.000169e-01   4.999897e-01   5.000099e-01   4.999929e-01   4.998897e-01
   1.000000e+00   0.000000e+00   9.998104e-01   9.882767e-01   9.966519e-01   3.362660e-01   9.997352e-01   9.100832e-01   9.866415e-01   5.000169e-01   4.999897e-01   5.000100e-01   4.999969e-01   4.998906e-01
   9.998824e-01   9.999986e-01   9.997928e-01   9.934496e-01   9.999972e-01   9.999407e-01   1.000000e+00   9.999955e-01   4.418738e-01   5.000169e-01   4.999897e-01   5.000100e-01   4.999950e-01   4.998903e-01
   1.000000e+00   9.988151e-01   1.000000e+00   9.894260e-01   9.999939e-01   6.792358e-01   9.987071e-01   9.999327e-01   5.704387e-01   5.000169e-01   4.999896e-01   5.000100e-01   5.000174e-01   4.998904e-01
   1.000000e+00   1.000000e+00   9.999314e-01   9.999027e-01   7.182224e-01   1.000000e+00   9.687846e-01   6.150930e-01   9.996016e-01   5.000169e-01   4.999897e-01   5.000099e-01   5.000185e-01   4.998889e-01
   1.000000e+00   9.957124e-01   6.953970e-01   6.688255e-01   9.806913e-01   9.754854e-01   9.954678e-01   9.999229e-01   9.984824e-01   5.000169e-01   4.999897e-01   5.000100e-01   4.999918e-01   4.998902e-01
   6.666618e-01   0.000000e+00   4.903718e-01   9.999972e-01   9.811849e-01   9.765348e-01   9.997475e-01   9.413558e-01   9.943001e-01   5.000169e-01   4.999897e-01   5.000100e-01   4.999951e-01   4.998905e-01
   9.999985e-01   9.999545e-01   9.999393e-01   9.999756e-01   1.000000e+00   9.999963e-01   4.365430e-01   9.990972e-01   1.000000e+00   5.000170e-01   4.999897e-01   5.000100e-01   5.000160e-01   4.998894e-01
   1.000000e+00   6.686032e-01   5.038214e-01   1.000000e+00   9.978814e-01   9.872265e-03   9.046670e-01   7.188816e-01   9.485024e-01   5.000169e-01   4.999897e-01   5.000101e-01   5.000067e-01   4.998904e-01
   1.000000e+00   6.680060e-01   9.997410e-01   9.999446e-01   9.999924e-01   9.995853e-01   9.969418e-01   4.987664e-01   0.000000e+00   5.000170e-01   4.999897e-01   5.000101e-01   5.000069e-01   4.998882e-01
   3.372447e-01   9.931916e-01   9.970710e-01   9.998061e-01   9.981993e-01   0.000000e+00   6.206164e-01   9.991234e-01   9.961445e-01   5.000169e-01   4.999897e-01   5.000101e-01   4.999936e-01   4.998894e-01
   1.000000e+00   9.989962e-01   7.410540e-01   9.997332e-01   9.999730e-01   5.027871e-01   1.000000e+00   1.000000e+00   3.260352e-04   5.000169e-01   4.999897e-01   5.000101e-01   4.999918e-01   4.998895e-01
   1.000000e+00   9.993409e-01   9.992602e-01   9.976206e-01   9.958119e-01   6.745036e-01   5.172959e-01   1.000000e+00   9.795502e-01   5.000169e-01   4.999897e-01   5.000099e-01   4.999915e-01   4.998904e-01
   1.000000e+00   9.957902e-01   9.999826e-01   9.997984e-01   6.652736e-01   5.461670e-01   9.662335e-01   9.999282e-01   5.300368e-02   5.000169e-01   4.999897e-01   5.000101e-01   5.000067e-01   4.998889e-01
   6.695546e-01   5.178486e-01   1.000000e+00   9.935685e-01   1.000000e+00   9.053866e-02   9.785203e-01   9.965249e-01   5.723216e-01   5.000169e-01   4.999897e-01   5.000101e-01   4.999943e-01   4.998895e-01
   6.666867e-01   1.000000e+00   0.000000e+00   6.575756e-01   8.718677e-01   4.719348e-01   8.198205e-01   4.920479e-01   9.482871e-01   5.000169e-01   4.999897e-01   5.000101e-01   5.000068e-01   4.998903e-01
   1.000000e+00   9.982772e-01   9.998104e-01   9.886482e-01   1.000000e+00   3.569478e-01   1.393233e-02   9.100832e-01   9.866415e-01   5.000169e-01   4.999897e-01   5.000100e-01   4.999969e-01   4.998890e-01
   1.000000e+00   9.998418e-01   3.351259e-01   9.974824e-01   9.927346e-01   9.998793e-01   1.000000e+00   2.354769e-03   1.000000e+00   5.000169e-01   4.999897e-01   5.000100e-01   4.999926e-01   4.998888e-01
   1.000000e+00   1.000000e+00   1.000000e+00   0.000000e+00   9.999894e-01   9.908589e-01   5.869131e-01   9.960199e-01   5.778153e-01   5.000169e-01   4.999897e-01   5.000100e-01   4.999949e-01   4.998904e-01
   1.000000e+00   6.668079e-01   9.998396e-01   1.000000e+00   5.499333e-01   6.671964e-02   9.989960e-01   9.076078e-01   0.000000e+00   5.000170e-01   4.999897e-01   5.000101e-01   5.000066e-01   4.998895e-01
   1.000000e+00   9.987801e-01   9.977583e-01   6.698896e-01   9.999984e-01   5.073338e-01   1.000000e+00   2.075001e-02   1.619002e-02   5.000169e-01   4.999897e-01   5.000101e-01   5.000075e-01   4.998903e-01
   1.000000e+00   1.000000e+00   6.670096e-01   0.000000e+00   9.929505e-01   7.486263e-01   4.563647e-01   5.699611e-01   0.000000e+00   5.000169e-01   4.999897e-01   5.000099e-01   5.000063e-01   4.998902e-01
   9.998602e-01   6.680452e-01   5.023442e-01   1.390329e-03   6.509991e-01   1.000000e+00   9.005266e-01   7.278656e-01   9.633040e-01   5.000169e-01   4.999897e-01   5.000101e-01   5.000051e-01   4.998895e-01
   9.999337e-01   7.308120e-01   1.000000e+00   6.494060e-01   9.995372e-01   2.041919e-01   9.161664e-01   1.000000e+00   7.029406e-01   5.000169e-01   4.999897e-01   5.000099e-01   4.999939e-01   4.998884e-01
   1.000000e+00   6.638071e-01   1.000000e+00   9.965106e-01   9.996302e-01   1.000000e+00   5.876274e-01   9.907932e-01   1.000000e+00   5.000169e-01   4.999897e-01   5.000099e-01   5.000073e-01   4.998895e-01
   9.999432e-01   7.134961e-01   6.995524e-01   9.863189e-01   9.817888e-01   9.998396e-01   9.385262e-01   9.999033e-01   9.751970e-01   5.000169e-01   4.999897e-01   5.000099e-01   5.000172e-01   4.998889e-01
   1.000000e+00   6.927607e-01   1.000000e+00   9.892033e-01   9.999984e-01   4.998163e-01   9.989289e-01   0.000000e+00   9.590473e-01   5.000169e-01   4.999897e-01   5.000100e-01   4.999950e-01   4.998897e-01
   9.843869e-01   9.469126e-01   9.433793e-01   9.415510e-01   9.790173e-01   9.964572e-01   2.324578e-01   6.762699e-01   5.650685e-01   5.000170e-01   4.999897e-01   5.000100e-01   5.000070e-01   4.998896e-01
   6.682573e-01   9.990899e-01   1.000000e+00   9.990464e-01   9.986226e-01   1.000000e+00   4.992278e-01   1.000000e+00   0.000000e+00   5.000169e-01   4.999897e-01   5.000099e-01   4.999947e-01   4.998886e-01
   9.999999e-01   9.999777e-01   1.000000e+00   6.677605e-01   1.000000e+00   9.998939e-01   9.999952e-01   9.999571e-01   7.829811e-04   5.000169e-01   4.999897e-01   5.000100e-01   4.999950e-01   4.998902e-01
   1.000000e+00   1.000000e+00   1.000000e+00   4.364767e-01   1.000000e+00   9.993711e-01   9.995429e-01   9.965503e-01   9.998808e-01   5.000169e-01   4.999897e-01   5.000099e-01   5.000088e-01   4.998902e-01
   1.000000e+00   7.448703e-01   1.000000e+00   9.983579e-01   9.999484e-01   6.127395e-01   9.999951e-01   9.990118e-01   9.971576e-01   5.000169e-01   4.999897e-01   5.000101e-01   5.000024e-01   4.998902e-01
   9.999021e-01   1.000000e+00   6.972460e-01   9.998538e-01   9.985035e-01   9.998488e-01   5.584862e-01   1.000000e+00   1.000000e+00   5.000169e-01   4.999897e-01   5.000101e-01   4.999936e-01   4.998894e-01
   1.000000e+00   3.252257e-01   9.902522e-01   7.558687e-01   5.292838e-01   5.064046e-01   9.777434e-01   5.185381e-01   5.780106e-01   5.000170e-01   4.999897e-01   5.000100e-01   4.999895e-01   4.998905e-01
   3.339286e-01   9.993563e-01   7.866329e-06   9.997969e-01   9.997687e-01   7.130488e-01   9.871688e-01   4.634686e-01   9.999663e-01   5.000169e-01   4.999897e-01   5.000100e-01   5.000062e-01   4.998904e-01
   1.000000e+00   7.556678e-01   9.808644e-01   6.499525e-01   9.988512e-01   1.000000e+00   9.603909e-01   9.975033e-01   1.000000e+00   5.000169e-01   4.999897e-01   5.000101e-01   4.999929e-01   4.998896e-01
   7.076298e-01   9.999843e-01   6.485760e-01   9.974160e-01   9.986480e-01   9.999910e-01   9.961173e-01   9.999560e-01   9.685416e-01   5.000169e-01   4.999897e-01   5.000101e-01   4.999905e-01   4.998904e-01
   6.713406e-01   1.000000e+00   1.000000e+00   4.920034e-01   1.000000e+00   3.509869e-04   1.000000e+00   9.966023e-01   9.990802e-01   5.000170e-01   4.999897e-01   5.000099e-01   5.000055e-01   4.998896e-01
   1.000000e+00   9.999999e-01   0.000000e+00   9.999907e-01   9.985478e-01   1.000000e+00   1.000000e+00   9.750481e-01   8.696184e-03   5.000169e-01   4.999897e-01   5.000100e-01   5.000040e-01   4.998906e-01
   7.157030e-01   1.000000e+00   9.999915e-01   1.000000e+00   9.958515e-01   9.999975e-01   9.952865e-01   1.000000e+00   9.764028e-01   5.000169e-01   4.999897e-01   5.000101e-01   4.999929e-01   4.998890e-01
   9.997308e-01   1.000000e+00   1.000000e+00   6.699092e-01   1.000000e+00   2.179896e-02   9.963606e-01   9.557842e-01   5.639273e-01   5.000169e-01   4.999897e-01   5.000100e-01   5.000062e-01   4.998889e-01
   0.000000e+00   5.159754e-01   9.982547e-01   9.992674e-01   1.000000e+00   1.000000e+00   9.983338e-01   9.999962e-01   5.090183e-01   5.000170e-01   4.999897e-01   5.000099e-01   4.999972e-01   4.998905e-01
   1.000000e+00   9.994356e-01   6.660966e-01   9.999875e-01   1.000000e+00   9.999968e-01   9.999693e-01   0.000000e+00   0.000000e+00   5.000169e-01   4.999895e-01   5.000100e-01   5.000057e-01   4.998884e-01
   1.000000e+00   9.543199e-01   3.203711e-01   9.654900e-01   7.168308e-01   9.880279e-01   5.265133e-01   5.464098e-01   3.826245e-01   5.000170e-01   4.999897e-01   5.000100e-01   5.000068e-01   4.998912e-01
   9.996862e-01   1.000000e+00   9.997922e-01   6.678721e-01   1.000000e+00   4.987522e-01   9.996869e-01   9.959583e-01   1.964332e-02   5.000169e-01   4.999897e-01   5.000100e-01   5.000073e-01   4.998904e-01
   1.000000e+00   9.999987e-01   9.997668e-01   1.000000e+00   1.000000e+00   1.000000e+00   9.986876e-01   1.000000e+00   7.228121e-01   5.000169e-01   4.999896e-01   5.000099e-01   4.999948e-01   4.998904e-01
   9.999356e-01   9.987824e-01   1.000000e+00   9.999966e-01   9.999912e-01   6.708994e-01   9.987586e-01   5.769998e-01   1.000000e+00   5.000169e-01   4.999897e-01   5.000100e-01   5.000075e-01   4.998904e-01
   9.999992e-01   9.999999e-01   9.909812e-01   9.854049e-01   9.998275e-01   7.495738e-01   9.989628e-01   9.974322e-01   1.000000e+00   5.000169e-01   4.999897e-01   5.000100e-01   5.000066e-01   4.998885e-01
   1.000000e+00   9.999942e-01   1.000000e+00   9.916750e-01   1.000000e+00   4.777074e-01   1.000000e+00   9.798470e-01   1.000000e+00   5.000169e-01   4.999897e-01   5.000099e-01   5.000148e-01   4.998896e-01
   9.997051e-01   9.999304e-01   9.996121e-01   3.688758e-01   9.988301e-01   1.540752e-01   6.305028e-01   9.685804e-01   5.808660e-01   5.000169e-01   4.999896e-01   5.000101e-01   4.999913e-01   4.998905e-01
   1.000000e+00   9.999983e-01   9.934426e-01   9.753604e-01   6.642650e-01   6.675168e-01   1.000000e+00   0.000000e+00   1.268558e-02   5.000169e-01   4.999897e-01   5.000101e-01   4.999929e-01   4.998904e-01
   1.000000e+00   9.952809e-01   7.414902e-01   9.999998e-01   9.989000e-01   5.778996e-01   9.995566e-01   1.000000e+00   1.000000e+00   5.000169e-01   4.999898e-01   5.000101e-01   4.999921e-01   4.998904e-01
   9.999639e-01   9.999984e-01   1.000000e+00   1.000000e+00   9.999723e-01   6.722619e-01   0.000000e+00   9.855081e-01   5.517947e-01   5.000169e-01   4.999898e-01   5.000101e-01   4.999953e-01   4.998897e-01
