   4.125698e-02   1.141849e-02   9.102539e-02   3.510530e-02   6.712490e-02   4.570979e-02   8.040520e-01   8.212822e-01   5.869408e-02   1.817886e+01
   0.000000e+00   0.000000e+00   1.361891e-03   4.607715e-02   8.472762e-03   2.872676e-02   5.086779e-02   0.000000e+00   3.493696e-02   2.029279e+01
   7.722142e-02   3.796752e-02   9.119991e-01   4.216552e-02   5.601560e-02   0.000000e+00   5.029299e-02   8.997396e-01   7.076126e-02   1.808295e+01
   6.709293e-01   0.000000e+00   7.816148e-02   8.155636e-02   2.994195e-02   5.800166e-02   8.048344e-03   5.430106e-02   2.784755e-02   1.934700e+01
   8.486152e-01   1.513009e-02   8.399441e-01   2.570603e-02   5.397047e-02   5.137414e-02   5.034563e-02   6.152354e-02   6.992091e-02   1.838372e+01
   8.048864e-01   5.389838e-04   1.361891e-03   3.518285e-04   2.994195e-02   5.800166e-02   4.980764e-03   7.697822e-01   3.117257e-02   1.777159e+01
   2.491913e-03   0.000000e+00   0.000000e+00   0.000000e+00   5.161640e-02   8.670597e-01   1.344232e-02   8.743097e-01   0.000000e+00   1.781497e+01
   6.397624e-02   1.463553e-02   5.777978e-03   8.483096e-01   1.883220e-02   6.316408e-04   2.132810e-02   4.306737e-02   9.106723e-01   1.790135e+01
   2.327521e-02   1.551451e-02   1.776859e-03   0.000000e+00   8.074072e-01   6.207799e-04   5.312955e-02   4.284961e-02   9.133298e-01   1.831562e+01
   2.083448e-02   4.598469e-01   7.662170e-02   3.384152e-02   2.523002e-02   5.111346e-02   5.113958e-02   0.000000e+00   5.358185e-02   1.958889e+01
   2.996030e-02   8.985503e-01   5.902718e-02   1.863858e-03   2.348515e-02   7.473288e-02   1.181791e-01   5.033505e-03   2.698047e-02   1.786662e+01
   5.130183e-02   8.128199e-04   8.131066e-01   9.443428e-02   4.007384e-02   8.332693e-02   0.000000e+00   0.000000e+00   6.192296e-02   1.933579e+01
   9.642920e-02   4.622801e-02   3.560169e-02   8.004347e-03   1.015893e-03   4.058856e-02   4.451100e-02   6.472543e-02   7.625168e-01   1.927010e+01
   1.904900e-02   8.952421e-01   9.430471e-01   6.296888e-02   5.046834e-02   2.743324e-02   1.052670e-01   3.326355e-04   2.913774e-02   1.819482e+01
   8.518028e-02   1.211358e-02   6.576243e-03   4.646323e-02   2.300618e-02   8.573964e-01   1.129339e-03   0.000000e+00   8.304803e-01   1.834085e+01
   8.318744e-01   0.000000e+00   6.350939e-03   8.262815e-01   1.055942e-02   2.715746e-02   8.846148e-04   6.697135e-02   4.372349e-02   1.772905e+01
   2.950958e-02   8.959240e-01   5.895184e-02   4.703655e-02   3.805479e-04   0.000000e+00   7.647636e-01   6.482168e-03   2.913774e-02   1.753232e+01
   8.571200e-01   6.256783e-02   7.786557e-02   8.588191e-01   8.653492e-01   7.511021e-02   9.720172e-02   6.491895e-02   7.329390e-02   1.418362e+01
   7.511702e-02   7.786703e-03   0.000000e+00   2.309022e-02   8.853728e-01   2.602489e-02   8.045322e-01   9.862440e-03   0.000000e+00   1.809461e+01
   8.412085e-01   4.228462e-02   1.059641e-04   2.125742e-02   2.311876e-04   6.566218e-02   0.000000e+00   2.427061e-02   8.062107e-01   1.807350e+01
   5.902917e-02   1.860838e-03   1.361891e-03   7.550175e-01   9.665282e-04   5.800166e-02   6.492781e-03   7.481324e-01   3.337911e-02   1.803728e+01
   8.784404e-02   7.515714e-02   8.134356e-02   9.666252e-02   8.347067e-02   7.017608e-02   8.593933e-01   8.594595e-01   8.570197e-01   1.408116e+01
   7.476549e-02   8.554830e-01   5.793114e-02   8.530633e-01   6.069272e-02   8.327058e-02   9.309549e-02   8.585773e-01   9.162166e-02   1.415237e+01
   5.157421e-02   5.405474e-02   6.941415e-02   9.331371e-02   9.344142e-02   8.513741e-01   8.614893e-01   6.985142e-02   8.631431e-01   1.421677e+01
   0.000000e+00   8.112712e-03   3.057880e-02   8.274006e-01   2.701296e-02   1.215397e-03   7.410785e-01   0.000000e+00   7.850259e-02   1.791301e+01
   8.259708e-01   9.062674e-06   5.215078e-03   5.791953e-02   1.909122e-02   8.049070e-01   3.321144e-03   4.324654e-02   4.273358e-02   1.780274e+01
   3.214956e-02   7.815340e-03   8.675422e-02   8.019843e-02   2.795172e-02   8.808990e-01   8.313144e-01   4.094632e-02   4.221130e-02   1.891829e+01
   8.267225e-01   1.551451e-02   1.776859e-03   0.000000e+00   8.074072e-01   4.715399e-04   5.298945e-02   4.284961e-02   9.517695e-02   1.840670e+01
   6.327880e-02   2.309758e-02   9.278172e-01   1.690698e-03   4.124158e-03   8.267446e-02   5.453140e-02   6.397418e-02   6.218416e-02   1.799872e+01
   7.587545e-02   7.396034e-02   8.866843e-02   8.224243e-02   8.646070e-01   8.530248e-01   8.299922e-02   8.728798e-01   7.189986e-02   1.414138e+01
   6.979951e-03   8.842347e-01   7.931004e-02   8.075583e-01   6.941514e-04   6.712436e-02   3.300177e-03   3.664440e-04   7.447094e-02   1.732879e+01
   8.616541e-02   8.632247e-01   8.602414e-02   8.336889e-02   8.672912e-01   7.027363e-02   8.742288e-01   6.743693e-02   9.153610e-02   1.412058e+01
   8.593639e-01   8.545053e-01   8.652808e-01   8.548360e-02   8.726336e-02   7.641595e-02   8.234235e-02   7.405094e-02   7.779571e-02   1.411716e+01
   9.050254e-02   7.188516e-02   8.409594e-02   5.756791e-02   7.540176e-02   8.351905e-02   7.187026e-02   6.505608e-02   7.341875e-02   1.892499e+01
   9.308382e-02   8.594335e-01   8.543332e-01   9.293265e-02   8.642793e-01   7.374337e-02   8.276700e-02   8.466813e-02   7.173695e-02   1.407987e+01
   6.780392e-02   6.165375e-02   9.173747e-02   6.786185e-02   7.229779e-02   8.648804e-01   7.418364e-02   8.626576e-01   8.485922e-01   1.421591e+01
   1.575579e-02   7.714525e-03   4.241589e-02   5.102464e-02   7.646022e-01   8.098198e-01   0.000000e+00   5.350291e-02   6.323080e-02   1.789046e+01
   2.792043e-02   1.685725e-02   5.836676e-02   5.349450e-02   6.962081e-02   2.923759e-02   9.453281e-01   8.576533e-02   4.087021e-03   1.809573e+01
   8.919406e-02   8.580750e-01   7.914149e-02   8.590320e-01   8.611615e-01   8.628981e-02   6.850091e-02   5.680916e-02   8.044484e-02   1.416512e+01
   9.304908e-02   6.701172e-02   8.534206e-01   9.666669e-02   8.404738e-02   8.714453e-02   8.225020e-02   8.592038e-01   8.570197e-01   1.404685e+01
   9.135644e-02   8.629534e-01   8.592179e-01   8.854026e-02   7.533088e-02   8.510824e-01   7.987253e-02   9.968669e-02   5.765468e-02   1.409157e+01
   8.948536e-02   9.358168e-02   8.652808e-01   7.333215e-02   8.605085e-01   6.306497e-02   8.522814e-01   9.685248e-02   7.254830e-02   1.409613e+01
   9.687840e-02   7.081626e-02   8.613348e-02   6.807470e-02   7.015208e-02   8.534367e-01   8.597580e-01   8.662668e-01   9.146868e-02   1.410810e+01
   3.214956e-02   1.317310e-02   1.859442e-04   8.323685e-01   2.795172e-02   8.808990e-01   0.000000e+00   2.461501e-02   3.667542e-02   1.776348e+01
   8.598267e-01   8.549557e-01   7.906623e-02   8.528677e-01   7.600278e-02   7.875396e-02   9.100672e-02   9.672789e-02   9.032680e-02   1.404914e+01
   9.932393e-02   7.476832e-02   8.606647e-01   8.569336e-01   9.177214e-02   9.188880e-02   8.804465e-02   7.073013e-02   8.672863e-01   1.403869e+01
   0.000000e+00   8.820707e-01   2.003589e-03   1.963582e-02   8.819134e-01   8.254725e-02   0.000000e+00   2.664243e-03   6.875534e-02   1.808570e+01
   8.582918e-01   6.475225e-02   8.635105e-01   8.439995e-02   8.694596e-01   7.595143e-02   8.817881e-02   8.345474e-02   6.976683e-02   1.414862e+01
   7.977505e-02   6.235784e-02   7.004705e-02   8.570085e-01   8.666378e-01   6.723773e-02   7.413471e-02   8.329001e-02   8.547512e-01   1.421141e+01
   8.601518e-01   9.005589e-02   8.629853e-01   8.517519e-01   7.279536e-02   7.641595e-02   8.214338e-02   6.954699e-02   7.779571e-02   1.414986e+01
   4.881267e-02   1.766594e-02   2.057407e-02   3.432003e-01   1.095640e-01   2.392554e-02   7.435717e-02   1.442894e-02   3.976466e-05   1.945116e+01
   7.779128e-02   6.848251e-02   8.640544e-02   8.545662e-01   8.624753e-01   8.642867e-01   7.512446e-02   5.407041e-02   8.017237e-02   1.420390e+01
   8.600095e-01   7.331465e-02   7.731078e-02   6.567713e-02   7.475594e-02   9.376955e-02   8.472416e-01   8.566909e-01   9.147420e-02   1.412935e+01
   7.801267e-02   9.301888e-02   8.606553e-01   8.650463e-01   9.203408e-02   6.739560e-02   8.600032e-01   8.329996e-02   5.392103e-02   1.413870e+01
   8.482957e-01   8.664681e-01   7.725155e-02   6.389295e-02   7.612675e-02   6.091362e-02   8.601429e-01   8.322076e-02   6.960029e-02   1.423221e+01
   7.207799e-02   6.256120e-02   3.955024e-02   6.785536e-02   7.138183e-02   9.601344e-01   7.545788e-02   6.137648e-02   3.269756e-02   1.793754e+01
   7.311979e-02   7.902246e-02   8.602414e-02   8.139329e-02   8.451328e-01   6.540040e-02   8.613263e-01   8.192390e-02   8.626745e-01   1.415322e+01
   6.397653e-02   2.063856e-02   3.543498e-02   0.000000e+00   8.256935e-03   7.049305e-02   5.520606e-02   9.363442e-02   8.915476e-01   1.788476e+01
   8.598267e-01   8.060455e-02   7.896689e-02   8.529392e-01   7.600278e-02   7.875396e-02   9.100672e-02   8.719108e-01   9.032680e-02   1.409189e+01
   8.617187e-01   7.231042e-02   8.402103e-02   8.512634e-01   9.739965e-02   6.423809e-02   9.719505e-02   6.776217e-02   8.540371e-01   1.411129e+01
   8.177133e-02   1.272286e-02   8.753150e-01   6.740755e-02   2.422623e-02   8.496698e-01   8.545320e-03   0.000000e+00   8.839471e-02   1.818611e+01
   8.410401e-01   6.845322e-02   8.859739e-02   8.552590e-01   4.929414e-02   8.643083e-01   7.578558e-02   7.996328e-02   7.652714e-02   1.421726e+01
   8.307801e-02   7.318811e-02   8.619458e-01   8.969069e-02   7.306437e-02   8.518121e-01   7.366841e-02   8.619194e-02   8.652409e-01   1.412355e+01
   3.801036e-02   0.000000e+00   7.684906e-01   8.354086e-01   3.650158e-02   7.859933e-02   7.245318e-03   8.311013e-02   3.460998e-02   1.719784e+01
   7.494804e-02   9.400255e-02   8.592178e-01   8.435814e-01   6.562792e-02   8.510824e-01   7.987253e-02   9.763823e-02   7.992286e-02   1.409939e+01
   8.602621e-01   7.347638e-02   5.249080e-02   8.679261e-02   7.736532e-02   8.641582e-01   9.738156e-02   6.776217e-02   8.540371e-01   1.417547e+01
   9.308382e-02   8.528062e-01   9.362828e-02   6.877482e-02   8.642793e-01   7.374337e-02   8.276700e-02   8.633180e-01   7.170350e-02   1.411074e+01
   8.743525e-01   5.248790e-02   8.578866e-02   8.331412e-02   9.924141e-02   8.539907e-01   8.618258e-01   9.270927e-02   9.633809e-02   1.405119e+01
   9.292341e-02   6.745932e-02   8.592169e-01   8.527944e-01   7.606292e-02   7.802416e-02   7.444606e-02   8.804568e-01   9.044565e-02   1.413605e+01
   8.306665e-02   7.318811e-02   8.619458e-01   8.969069e-02   7.306437e-02   8.417117e-01   8.594133e-01   8.340063e-02   4.816200e-02   1.418688e+01
   8.556045e-01   7.411913e-02   7.300018e-02   9.666252e-02   8.346463e-02   7.017608e-02   8.593777e-01   1.188498e-01   8.570197e-01   1.402917e+01
   3.034595e-02   8.815313e-01   0.000000e+00   2.125742e-02   2.311876e-04   8.849974e-01   0.000000e+00   2.664243e-03   4.221130e-02   1.865527e+01
   7.393685e-02   1.051146e-01   3.248599e-02   8.329244e-02   8.518451e-02   5.211905e-01   5.594744e-02   6.743190e-02   1.201417e-01   1.893065e+01
   9.888224e-02   7.516089e-02   5.320775e-04   9.402869e-01   6.244710e-02   5.800166e-02   0.000000e+00   5.956980e-02   4.426851e-02   1.793171e+01
   9.012339e-02   4.025736e-02   2.015331e-03   9.075821e-03   7.361085e-01   4.541996e-02   7.530323e-02   6.816276e-02   5.149811e-03   1.892505e+01
   7.973613e-02   6.496791e-02   8.601164e-01   9.787244e-02   8.596213e-01   8.517782e-01   9.741983e-02   8.022870e-02   8.038217e-02   1.406869e+01
   5.369955e-03   8.820707e-01   0.000000e+00   3.213046e-02   3.832592e-02   7.189773e-02   4.913014e-04   7.188060e-04   8.555739e-01   1.812571e+01
   8.617607e-01   5.226293e-02   9.007236e-02   7.160109e-02   8.649435e-02   9.213300e-02   9.768838e-02   8.633756e-01   8.629145e-01   1.409400e+01
   9.025232e-02   8.507891e-01   8.592412e-01   8.577361e-01   9.790488e-02   9.536563e-02   8.749601e-02   7.763099e-02   7.998081e-02   1.401143e+01
   8.930603e-02   6.158158e-02   7.744849e-02   8.518665e-01   6.831550e-02   8.598633e-01   8.609617e-01   6.354039e-02   5.967511e-02   1.424521e+01
   0.000000e+00   5.111249e-02   1.055632e-02   3.225465e-05   5.196914e-02   3.004069e-02   6.853530e-01   7.553182e-02   2.388322e-04   1.922130e+01
   8.562554e-01   6.493805e-02   6.906476e-02   6.787516e-02   8.486087e-01   6.496378e-02   8.610545e-01   8.351194e-02   7.334721e-02   1.424325e+01
   8.290634e-02   7.665385e-02   8.652808e-01   6.372225e-02   8.748213e-02   9.302673e-02   8.517772e-01   8.550363e-01   9.232562e-02   1.407972e+01
   8.590438e-01   8.639033e-01   7.291239e-02   5.670178e-02   8.560172e-01   9.238373e-02   6.001298e-02   7.405094e-02   7.912883e-02   1.421206e+01
   9.635443e-02   8.687488e-01   9.335346e-02   6.802566e-02   7.194696e-02   6.509259e-02   8.653076e-01   8.648787e-01   8.044562e-02   1.412944e+01
   7.977505e-02   6.235784e-02   7.004705e-02   8.092610e-02   8.666378e-01   8.286503e-02   7.413471e-02   8.459916e-01   8.396295e-01   1.420865e+01
   9.424612e-02   8.547230e-01   6.377750e-02   8.529382e-01   6.318483e-02   8.510522e-01   7.979389e-02   9.766037e-02   7.406508e-02   1.413195e+01
   9.299395e-02   1.038577e-01   7.750977e-02   8.553744e-01   6.831550e-02   6.498937e-02   7.415322e-02   8.592951e-01   8.511806e-01   1.410851e+01
   7.511702e-02   7.786703e-03   8.461701e-01   9.452707e-02   4.912800e-02   3.651693e-02   8.522124e-01   9.035028e-03   0.000000e+00   1.765817e+01
   6.685460e-02   8.528580e-01   8.569503e-01   7.494180e-02   9.266617e-02   8.210835e-02   5.199917e-02   8.545028e-01   7.867466e-02   1.418489e+01
   9.090130e-02   8.593557e-01   9.000668e-02   8.428878e-02   8.675589e-01   6.749351e-02   7.815940e-02   8.712477e-02   8.662140e-01   1.408363e+01
   8.468920e-02   7.450951e-02   9.697311e-02   9.104625e-02   8.508716e-01   7.015650e-02   8.659104e-01   8.464558e-01   8.626369e-02   1.407354e+01
   8.424959e-01   8.443131e-03   0.000000e+00   2.309022e-02   1.774241e-02   2.353762e-02   8.028308e-01   8.628924e-02   0.000000e+00   1.703293e+01
   8.660162e-01   5.253723e-02   8.578866e-02   6.813930e-02   6.881578e-02   8.536926e-01   7.535543e-02   8.633756e-01   8.837184e-02   1.421080e+01
   9.901187e-02   9.609966e-02   8.652269e-01   8.862512e-02   8.625759e-01   9.209445e-02   7.372216e-02   9.413462e-02   8.538259e-01   1.397388e+01
   7.996613e-02   7.530275e-02   8.649449e-01   8.082913e-02   8.557793e-01   7.855744e-02   6.674822e-02   8.534035e-01   9.583702e-02   1.412429e+01
   9.177630e-02   7.212655e-02   8.619996e-01   7.725829e-02   3.147127e-02   8.598351e-01   6.682324e-02   8.679288e-01   4.816200e-02   1.430208e+01
   8.879390e-02   8.050486e-02   8.858210e-02   8.166663e-02   8.569114e-01   8.527774e-01   8.563604e-01   8.722278e-02   7.104097e-02   1.408411e+01
   5.415768e-02   9.186916e-02   8.189183e-02   8.545662e-01   7.085616e-02   8.547831e-01   7.512446e-02   8.611536e-01   5.334669e-02   1.423274e+01
   6.397286e-02   8.584714e-01   9.704205e-02   8.397819e-02   9.344874e-02   7.024404e-02   8.535244e-01   6.971030e-02   8.412634e-01   1.412944e+01
   8.048864e-01   9.322888e-01   1.361891e-03   3.518285e-04   2.994195e-02   7.307337e-02   4.980764e-03   0.000000e+00   3.117257e-02   1.896768e+01
   8.753960e-02   8.635456e-01   3.477181e-02   8.221056e-02   9.351971e-02   8.289161e-02   6.609940e-02   8.556179e-01   8.457201e-01   1.418253e+01
   4.257609e-02   4.767970e-02   9.124205e-01   7.660719e-02   3.063558e-02   5.246663e-04   2.604410e-02   5.928109e-02   8.477875e-01   1.998110e+01
   8.980959e-01   8.277320e-03   4.226170e-02   3.469323e-02   2.464852e-02   4.491052e-03   5.248273e-02   7.484611e-02   9.550556e-02   1.792248e+01
   5.956638e-02   1.853457e-03   7.929714e-02   8.567995e-02   5.186767e-02   9.542211e-02   7.688770e-02   9.609324e-01   7.773509e-02   1.783115e+01
   5.369955e-03   0.000000e+00   0.000000e+00   3.213046e-02   3.832592e-02   5.682602e-02   4.913014e-04   8.002757e-01   8.555739e-01   1.755533e+01
   9.334427e-02   8.729024e-01   7.730869e-02   8.527938e-01   7.508372e-02   8.287682e-02   1.003569e-01   7.125836e-02   8.543847e-01   1.407859e+01
   8.489224e-02   9.363535e-02   8.652808e-01   7.372890e-02   9.542763e-02   6.746430e-02   8.602693e-01   7.005817e-02   8.597131e-01   1.410353e+01
   8.580721e-01   7.450559e-02   9.634270e-02   7.179727e-02   8.508247e-01   8.464815e-02   9.335710e-02   8.462542e-01   7.675415e-02   1.409288e+01
   6.746575e-02   2.304914e-02   2.752981e-02   7.354688e-01   8.074291e-01   4.311747e-04   2.814385e-02   4.293369e-02   0.000000e+00   1.736893e+01
   7.554632e-02   8.605635e-01   8.626581e-01   8.405121e-02   8.767371e-02   7.688134e-02   8.518925e-01   6.557332e-02   8.874160e-02   1.411882e+01
   8.580721e-01   7.465355e-02   8.468449e-01   7.179727e-02   8.677922e-02   8.464815e-02   9.335710e-02   8.462542e-01   7.614357e-02   1.411392e+01
   9.174000e-02   8.581163e-01   8.620629e-01   6.517704e-02   9.184117e-02   9.155051e-02   7.299373e-02   8.871106e-02   8.600053e-01   1.406799e+01
   0.000000e+00   0.000000e+00   9.711781e-03   8.165811e-02   9.027298e-01   3.222144e-02   6.147863e-02   7.315104e-02   2.286595e-02   1.798229e+01
   7.925822e-02   8.575225e-01   6.869705e-02   7.864801e-02   9.344142e-02   8.513753e-01   8.614893e-01   6.976044e-02   8.426990e-02   1.413202e+01
   8.530560e-01   7.456153e-02   8.387392e-02   8.648557e-01   8.613022e-02   9.239318e-02   8.585082e-01   9.273418e-02   7.672651e-02   1.406097e+01
   0.000000e+00   1.489102e-03   0.000000e+00   0.000000e+00   7.575965e-01   1.528433e-02   4.728242e-02   7.399218e-01   3.144112e-02   1.787665e+01
   6.511292e-02   1.062309e-01   9.853482e-02   8.530096e-01   8.853169e-02   6.885873e-02   8.660178e-01   6.953952e-02   8.644937e-01   1.407454e+01
   8.789431e-02   7.515714e-02   3.617724e-02   9.666252e-02   1.808099e-02   7.017608e-02   8.593933e-01   8.594595e-01   8.570197e-01   1.429334e+01
   8.303123e-02   6.158158e-02   7.744849e-02   8.518665e-01   6.831550e-02   8.598633e-01   7.511937e-02   6.715733e-02   8.548339e-01   1.422030e+01
   6.599552e-02   7.070169e-02   8.614123e-02   6.629864e-02   8.718108e-01   8.534582e-01   6.873937e-02   9.251124e-02   8.597036e-01   1.419005e+01
   9.533447e-02   1.110541e-01   8.581453e-01   8.617442e-01   8.582111e-01   9.482101e-02   8.738580e-02   8.860630e-02   7.215414e-02   1.395680e+01
   2.496837e-02   5.908127e-02   1.562915e-02   1.735990e-03   3.085204e-02   2.891983e-02   7.647636e-01   4.652367e-03   7.854535e-01   1.723197e+01
   7.256419e-02   3.434261e-02   6.679714e-02   8.293213e-02   7.299713e-02   3.356875e-02   7.531610e-02   5.987384e-01   3.758957e-02   1.907626e+01
   5.414287e-02   8.729024e-01   4.318997e-02   8.873717e-02   7.508372e-02   8.287682e-02   7.833796e-02   7.117884e-02   6.089111e-02   1.741917e+01
   7.973613e-02   6.496791e-02   8.601164e-01   1.097365e-01   4.707292e-02   8.517782e-01   9.741983e-02   8.022870e-02   9.064927e-02   1.564282e+01
   9.461500e-02   5.484753e-02   7.300018e-02   8.472895e-01   7.150054e-02   6.503478e-02   8.534645e-01   8.846791e-01   8.168681e-02   1.422808e+01
   8.879390e-02   1.084403e-01   8.865265e-02   8.500961e-01   8.569114e-01   7.447069e-02   8.563604e-01   8.722278e-02   7.104097e-02   1.403448e+01
   9.291310e-02   6.871428e-02   7.881568e-02   8.529379e-01   8.624753e-01   7.858503e-02   7.424440e-02   8.504407e-01   8.017237e-02   1.413834e+01
   7.481130e-02   8.525764e-01   8.232649e-02   7.880287e-02   9.610191e-02   8.602149e-01   9.923764e-02   9.423717e-02   8.722646e-01   1.401931e+01
   8.290634e-02   6.236833e-02   8.652808e-01   6.372225e-02   8.748213e-02   9.623877e-01   1.108348e-02   8.345226e-01   3.222729e-02   1.480116e+01
   8.661210e-01   7.130488e-02   8.643466e-01   7.378784e-02   6.882040e-02   8.496698e-01   7.926547e-02   8.963610e-02   8.926305e-02   1.413715e+01
   7.312723e-02   8.550599e-01   6.123624e-02   9.089999e-02   9.934841e-02   8.576008e-01   9.158424e-02   8.633502e-01   8.309281e-02   1.407103e+01
   8.602621e-01   7.347638e-02   9.092067e-02   7.162767e-02   9.372292e-02   8.641582e-01   9.758456e-02   6.776217e-02   8.540371e-01   1.409002e+01
   9.461500e-02   5.542913e-02   7.300018e-02   8.472895e-01   7.150054e-02   6.503478e-02   8.044208e-02   1.193214e-01   8.168681e-02   1.722588e+01
   8.598267e-01   8.549557e-01   7.899569e-02   8.443824e-02   7.600278e-02   8.570606e-01   9.100672e-02   9.672789e-02   9.032680e-02   1.403543e+01
   8.600021e-01   7.188466e-02   7.731078e-02   6.480396e-02   3.904187e-02   9.376955e-02   8.472416e-01   8.819174e-01   9.157308e-02   1.422357e+01
   8.484180e-01   8.641569e-01   8.229011e-02   8.221056e-02   9.351971e-02   8.289161e-02   6.609940e-02   8.556179e-01   9.025384e-02   1.408193e+01
   8.743525e-01   5.248790e-02   8.939561e-02   8.331412e-02   9.306697e-02   8.496503e-01   9.101369e-01   9.270927e-02   7.246258e-02   1.424796e+01
   8.582918e-01   6.475225e-02   8.635105e-01   3.704527e-02   3.498010e-02   7.595143e-02   6.664796e-02   8.349213e-02   7.099519e-02   1.593800e+01
   1.028082e-01   8.549557e-01   7.744799e-02   8.635279e-01   7.751415e-02   6.997896e-02   8.797236e-01   8.430988e-02   6.022884e-02   1.415127e+01
   6.274679e-02   8.594335e-01   3.555876e-02   8.859220e-02   7.636084e-02   8.681159e-01   7.576546e-02   1.047451e-01   7.220961e-02   1.582210e+01
   6.599552e-02   7.070169e-02   8.613125e-02   6.629864e-02   8.639363e-01   8.758244e-01   8.218866e-02   8.772463e-02   1.082956e-01   1.566785e+01
   8.306665e-02   7.318811e-02   8.619458e-01   8.971099e-02   1.009278e-01   8.534430e-02   8.594133e-01   9.390071e-02   4.816200e-02   1.563246e+01
   1.095221e-01   7.665385e-02   6.546165e-02   6.372225e-02   8.743093e-02   9.278953e-02   7.147139e-02   8.550363e-01   1.060357e-02   1.733161e+01
   1.195252e-01   7.347638e-02   3.133431e-02   8.785547e-02   7.736532e-02   8.598090e-01   9.738156e-02   6.776217e-02   4.354926e-02   1.755519e+01
   9.003099e-02   7.070169e-02   8.781889e-02   8.121636e-02   8.718868e-01   8.534214e-01   7.524131e-02   1.088920e-01   8.597036e-01   1.404793e+01
   5.415768e-02   9.186916e-02   8.189183e-02   1.258138e-01   7.045187e-02   9.609339e-01   1.163847e-02   8.611536e-01   5.333615e-02   1.617693e+01
   9.902006e-02   7.476832e-02   8.606802e-01   8.251810e-02   9.177214e-02   9.188880e-02   8.804465e-02   7.073013e-02   8.593511e-01   1.558652e+01
   7.207799e-02   6.255384e-02   3.916193e-02   6.785536e-02   7.138183e-02   0.000000e+00   2.631559e-02   6.137648e-02   3.269756e-02   1.972342e+01
   9.304908e-02   6.701172e-02   8.534206e-01   8.588114e-01   8.404738e-02   9.492101e-02   8.225020e-02   8.592038e-01   4.766078e-02   1.413650e+01
   8.576521e-01   8.468343e-01   9.891955e-02   8.257493e-02   5.862522e-02   9.869438e-02   8.249511e-02   1.035567e-01   8.627279e-01   1.402054e+01
   7.405589e-02   1.014003e-01   3.248599e-02   6.668789e-02   2.538736e-02   5.267413e-01   5.594744e-02   1.500776e-01   1.216967e-01   1.924299e+01
   8.661210e-01   7.130488e-02   5.006799e-02   7.378784e-02   6.882448e-02   8.496698e-01   7.412527e-02   8.963610e-02   8.881943e-02   1.584588e+01
   9.308382e-02   8.594335e-01   5.095522e-02   9.293265e-02   8.874324e-01   7.374337e-02   8.276700e-02   8.466813e-02   7.212267e-02   1.572689e+01
   8.581223e-01   6.158158e-02   6.234779e-02   8.518665e-01   6.831550e-02   8.356602e-01   9.043108e-01   5.781437e-02   6.002700e-02   1.285179e+01
   8.416448e-01   9.255994e-02   8.515271e-01   8.345278e-02   9.542763e-02   6.306497e-02   7.027416e-02   7.904047e-02   8.522299e-01   1.412038e+01
   8.421735e-01   9.311296e-02   8.515271e-01   9.039431e-01   2.512337e-02   7.766692e-02   5.518374e-02   7.902386e-02   8.522299e-01   1.278405e+01
   1.001333e-02   8.528580e-01   0.000000e+00   7.444677e-02   1.780481e-02   8.067007e-02   1.772823e-02   8.282718e-01   7.867466e-02   1.667226e+01
   8.593639e-01   8.175167e-02   8.652808e-01   9.111542e-02   8.726336e-02   7.627977e-02   8.616136e-01   7.405094e-02   7.779571e-02   1.410508e+01
   6.301517e-02   7.563914e-02   8.971615e-01   5.653312e-02   8.605567e-01   7.858897e-02   8.723245e-01   6.953952e-02   1.621740e-02   1.441547e+01
   9.424612e-02   8.547230e-01   8.635479e-02   7.495603e-02   8.584876e-01   8.510522e-01   6.091175e-02   6.754691e-02   7.406508e-02   1.416410e+01
   7.303296e-02   7.902246e-02   8.602414e-02   8.648311e-02   8.583574e-01   6.540040e-02   9.080788e-02   8.192390e-02   6.393743e-02   1.726428e+01
   8.598267e-01   8.060455e-02   7.896689e-02   8.449812e-01   1.124869e-01   7.875396e-02   9.100672e-02   8.348850e-01   9.032680e-02   1.434726e+01
   3.203052e-02   1.688741e-02   1.859442e-04   8.489730e-01   8.774887e-02   8.753482e-01   0.000000e+00   6.648791e-02   3.512035e-02   1.718713e+01
   8.521535e-01   6.475225e-02   8.635096e-01   8.439995e-02   8.694596e-01   8.668034e-01   8.817881e-02   7.994793e-02   6.976683e-02   1.259250e+01
   9.177845e-02   6.720236e-02   8.621188e-01   6.318829e-02   3.174117e-02   5.741445e-02   8.225020e-02   8.591304e-01   4.766078e-02   1.615194e+01
   8.532404e-01   7.054877e-02   9.078252e-02   8.151400e-02   8.593932e-01   8.615285e-01   1.003698e-01   9.349483e-02   9.453406e-01   1.279861e+01
   8.530560e-01   6.200960e-02   7.743697e-02   8.915187e-01   6.752703e-02   5.206601e-02   8.954130e-02   9.273418e-02   7.672651e-02   1.581180e+01
   8.593639e-01   8.613116e-01   8.652808e-01   8.548360e-02   8.360961e-02   7.646318e-02   1.044391e-01   1.178489e-01   7.779571e-02   1.397623e+01
   5.884385e-02   6.089149e-03   8.652808e-01   7.924746e-01   8.788641e-02   8.502182e-01   8.741294e-01   8.310903e-01   3.223783e-02   1.288079e+01
   6.397624e-02   1.463553e-02   7.870703e-02   8.483096e-01   7.252477e-02   6.316408e-04   2.132810e-02   1.893814e-02   9.110125e-01   1.747606e+01
   6.468365e-02   8.592380e-01   9.132234e-01   8.772441e-01   8.728051e-01   6.347379e-02   7.662792e-02   8.701142e-02   8.601572e-01   1.122024e+01
   8.581133e-01   1.130329e-01   8.634009e-01   8.441361e-02   1.187579e-01   8.466505e-02   6.899458e-02   8.489242e-01   7.274854e-02   1.400634e+01
   9.090130e-02   8.820305e-01   9.002253e-02   8.469916e-02   9.431428e-02   6.738623e-02   7.728447e-02   7.746185e-02   8.662140e-01   1.589417e+01
   8.593639e-01   8.198985e-02   8.652808e-01   6.372901e-02   8.044654e-02   3.779148e-02   8.680403e-01   8.080372e-01   7.500181e-02   1.279210e+01
   8.532404e-01   7.077565e-02   9.078252e-02   8.151400e-02   8.593932e-01   8.615285e-01   1.003698e-01   6.425388e-02   9.488730e-02   1.406996e+01
   9.879532e-02   7.794941e-02   8.706840e-01   2.358525e-02   9.260377e-02   6.750758e-02   8.025733e-01   8.603144e-01   0.000000e+00   1.467085e+01
   0.000000e+00   0.000000e+00   9.874162e-03   8.165811e-02   9.019325e-01   3.303042e-02   6.147863e-02   8.776177e-01   2.286595e-02   1.641954e+01
   8.576521e-01   9.892151e-02   8.744171e-02   7.552385e-02   8.539256e-01   6.499890e-02   8.690749e-02   9.687926e-02   8.627309e-01   1.405063e+01
   8.598267e-01   8.549557e-01   7.906623e-02   8.528677e-01   7.600278e-02   7.875396e-02   1.111975e-01   8.734117e-03   9.032680e-02   1.416471e+01
   8.600720e-01   5.301460e-02   8.914806e-01   7.371667e-02   6.804340e-02   8.914149e-01   8.136187e-01   9.181951e-02   9.633809e-02   1.274922e+01
   6.757742e-01   7.188516e-02   8.679328e-02   5.756791e-02   9.271926e-02   8.350235e-02   8.478947e-01   6.505608e-02   7.348368e-02   1.671863e+01
   9.533447e-02   7.860365e-02   8.581453e-01   8.429584e-01   8.582111e-01   9.482101e-02   8.737702e-02   7.069823e-02   8.612023e-01   1.251043e+01
   6.519953e-02   6.512273e-02   9.853482e-02   8.926675e-01   1.556536e-01   8.475700e-01   8.660178e-01   6.948241e-02   8.415893e-01   1.248791e+01
   7.055024e-02   6.826000e-02   3.400436e-02   8.209447e-02   9.369873e-02   9.144096e-01   6.609940e-02   8.518265e-01   8.457201e-01   1.437315e+01
   7.427290e-02   8.493920e-01   8.609757e-02   7.854621e-02   7.000555e-02   8.601421e-01   9.923764e-02   9.297346e-02   8.722646e-01   1.407630e+01
   1.790912e-01   7.311093e-02   9.092067e-02   7.162767e-02   9.995570e-02   8.983088e-01   8.276685e-01   6.959773e-02   8.540371e-01   1.398266e+01
   9.825757e-02   1.067129e-01   8.926444e-01   6.530873e-02   8.921178e-01   6.499890e-02   1.145650e-01   9.725316e-02   8.578695e-01   1.403982e+01
   6.331886e-02   8.126873e-02   2.752981e-02   8.450939e-01   8.288056e-01   0.000000e+00   1.032506e-01   8.355359e-01   8.798299e-02   1.469859e+01
   1.034110e-01   7.476832e-02   8.489970e-01   8.569336e-01   9.177214e-02   9.188880e-02   8.804465e-02   7.073013e-02   8.489995e-01   1.403431e+01
   9.025232e-02   8.669502e-01   8.592412e-01   8.577361e-01   9.828160e-02   1.020821e-01   8.749601e-02   7.763099e-02   6.117183e-02   1.430056e+01
   8.471589e-01   7.456167e-02   9.522140e-02   8.399620e-02   6.752703e-02   6.482365e-02   8.954130e-02   9.653611e-02   7.672651e-02   1.722891e+01
   8.598267e-01   8.549557e-01   7.899569e-02   8.443824e-02   2.836492e-02   8.627811e-01   9.100672e-02   0.000000e+00   9.032680e-02   1.431765e+01
   7.801267e-02   9.301888e-02   8.606553e-01   8.650463e-01   6.870444e-02   6.739560e-02   8.600032e-01   8.960823e-02   5.345155e-02   1.427181e+01
   2.792043e-02   8.532800e-01   4.207380e-02   8.963048e-02   1.000004e-01   2.923759e-02   9.453281e-01   8.576533e-02   4.087021e-03   1.630305e+01
   8.484180e-01   8.643727e-01   5.213712e-02   8.249998e-02   9.351971e-02   8.289161e-02   8.233438e-02   3.780067e-02   9.025384e-02   1.575618e+01
   8.671993e-01   7.347638e-02   9.092067e-02   7.219600e-02   8.757288e-02   7.353657e-02   9.293527e-02   6.646819e-02   8.243159e-01   1.595809e+01
   9.003099e-02   5.454991e-02   8.781889e-02   8.121636e-02   8.754156e-01   8.700770e-02   7.524131e-02   7.122915e-02   8.597036e-01   1.598308e+01
   3.492330e-02   8.613658e-01   7.808509e-02   8.454913e-01   8.551813e-01   2.940927e-03   1.414519e-01   8.355359e-01   8.798299e-02   1.297362e+01
   7.973613e-02   2.321445e-02   8.601164e-01   9.787244e-02   8.596213e-01   8.563513e-01   8.605433e-01   8.022870e-02   7.128425e-02   1.264423e+01
   9.095001e-02   8.685091e-01   9.859873e-01   8.604074e-01   8.288343e-01   6.757051e-02   8.907207e-01   8.610426e-01   6.906320e-02   1.030648e+01
   9.304693e-02   7.193591e-02   8.533013e-01   8.728814e-01   8.377748e-02   8.973417e-01   6.682324e-02   8.680022e-01   4.816200e-02   1.289797e+01
   8.638024e-01   8.507891e-01   0.000000e+00   7.285576e-02   8.660418e-01   9.495626e-02   8.695488e-02   9.389954e-02   8.013394e-02   1.419455e+01
   6.397653e-02   2.063856e-02   3.543498e-02   0.000000e+00   8.256935e-03   7.049305e-02   5.520606e-02   6.439347e-02   4.109431e-02   1.951032e+01
   8.678810e-01   9.301888e-02   8.606553e-01   8.650463e-01   9.203408e-02   8.866955e-01   7.625483e-02   9.652706e-02   9.021249e-02   1.318234e+01
   8.475322e-01   5.491172e-02   1.196930e-01   9.071027e-02   8.793247e-01   7.170063e-02   8.442001e-01   7.166771e-01   1.050128e-01   1.313317e+01
   9.019389e-02   1.463553e-02   0.000000e+00   7.482442e-02   1.358609e-02   2.631956e-03   2.285957e-02   4.332483e-02   9.106723e-01   1.939347e+01
   8.575904e-01   7.450559e-02   9.634270e-02   7.179727e-02   4.649496e-02   9.797302e-02   9.335710e-02   8.390428e-01   7.675415e-02   1.693769e+01
   2.496837e-02   8.954503e-01   1.564999e-02   8.496027e-01   3.085204e-02   2.891983e-02   7.681269e-01   4.652367e-03   7.854535e-01   1.397066e+01
   8.583638e-01   7.106213e-02   7.785079e-02   1.198140e-01   8.523790e-01   1.218002e-01   9.260772e-02   1.096250e-01   8.812706e-02   1.572868e+01
   8.484180e-01   8.641569e-01   8.229011e-02   1.032412e-01   9.351971e-02   6.788563e-02   7.840634e-02   8.556179e-01   8.615995e-01   1.250758e+01
   8.581134e-01   7.593793e-02   8.634009e-01   8.441361e-02   8.822929e-01   1.172942e-01   1.188661e-01   8.250860e-01   9.993361e-02   1.264167e+01
   8.436632e-01   7.405569e-02   8.594308e-01   8.443467e-02   8.364505e-02   7.017608e-02   8.593777e-01   1.188498e-01   8.597870e-01   1.271351e+01
   6.493235e-02   9.383995e-01   8.657151e-01   0.000000e+00   8.727558e-01   8.517782e-01   9.713680e-02   8.487598e-01   7.514408e-02   1.172152e+01
   9.461500e-02   3.520961e-02   7.346733e-02   8.472895e-01   7.150054e-02   6.509706e-02   8.677949e-01   8.597829e-01   7.153482e-02   1.426084e+01
   8.370745e-02   8.089952e-01   3.176056e-02   8.230002e-02   7.620220e-02   6.466110e-02   5.494983e-02   8.551699e-01   6.189742e-02   1.599785e+01
   9.932393e-02   1.072188e-01   8.606647e-01   8.569336e-01   9.177214e-02   9.188880e-02   8.805343e-02   8.863820e-02   7.823805e-02   1.548044e+01
   0.000000e+00   0.000000e+00   8.665912e-01   0.000000e+00   7.575965e-01   1.528433e-02   4.731238e-02   7.496703e-02   3.172349e-02   1.722885e+01
   8.930603e-02   7.329740e-02   7.706377e-02   8.726264e-01   6.831550e-02   9.917578e-02   8.609617e-01   3.398627e-02   5.988678e-02   1.620729e+01
   9.244519e-02   7.130276e-02   1.294544e-01   9.207055e-02   2.942130e-02   8.734002e-01   8.899592e-01   7.844501e-02   9.627193e-02   1.660110e+01
   6.210210e-02   8.488620e-01   8.595010e-01   7.744380e-02   2.872198e-02   8.297695e-01   9.038316e-02   8.679288e-01   8.391975e-01   1.135140e+01
   7.508668e-02   7.484300e-02   8.613348e-02   6.807470e-02   7.015208e-02   3.630591e-02   8.597580e-01   8.662668e-01   9.145485e-02   1.579170e+01
   7.850742e-02   6.159572e-02   9.864265e-02   9.645315e-02   8.847131e-01   7.533916e-02   7.418686e-02   6.996169e-01   8.396295e-01   1.567385e+01
   8.597226e-01   8.503071e-01   7.744421e-02   0.000000e+00   7.441667e-02   9.537520e-02   8.376730e-01   9.333515e-02   1.304334e-01   1.411008e+01
   8.661210e-01   7.130488e-02   8.742784e-01   7.378784e-02   7.035720e-02   8.496698e-01   7.910553e-02   8.963610e-02   8.419738e-01   1.262967e+01
   8.660162e-01   5.253723e-02   8.578866e-02   6.813930e-02   9.214542e-02   8.536926e-01   7.535543e-02   8.570673e-01   8.884133e-02   1.471128e+01
   6.746575e-02   2.349018e-02   4.230046e-02   7.354688e-01   1.155535e-01   9.126481e-02   7.560250e-02   3.745468e-02   9.964722e-02   1.853622e+01
   8.593639e-01   8.542895e-01   8.954338e-01   8.519418e-02   8.726336e-02   7.641595e-02   6.610737e-02   8.918682e-01   7.779571e-02   1.266764e+01
   6.266256e-02   8.548658e-01   2.691544e-02   8.635508e-01   5.113842e-02   7.305765e-02   8.417068e-01   8.430988e-02   8.465855e-02   1.436341e+01
