   1.068366e-01   8.591365e-01   8.652825e-01   5.164758e-01   2.758641e-01   1.073655e-01   3.490089e-01   9.901258e-01   9.926242e-01   4.796398e-01   4.546595e-01   5.091992e-01   5.333731e-01   4.267713e-01   4.749924e-01   6.730776e-01   5.434049e-01   2.243832e-01   5.123528e-01
   8.711679e-01   6.002487e-01   9.057558e-01   5.195119e-01   3.782051e-01   3.375269e-01   9.909406e-01   9.938287e-01   1.000000e+00   5.171269e-01   4.798132e-01   5.073357e-01   4.965898e-01   5.010065e-01   4.003559e-01   3.705866e-01   4.995338e-01   5.140728e-01   4.796137e-01
   1.521826e-03   8.403231e-01   1.692664e-01   5.323290e-01   9.898855e-01   9.220178e-01   9.929493e-01   7.057682e-01   1.000000e+00   4.953303e-01   4.885939e-01   5.023160e-01   5.027578e-01   4.978982e-01   4.929244e-01   6.704799e-01   4.909399e-01   5.366199e-01   5.112261e-01
   9.475174e-01   5.929786e-01   6.163894e-01   3.685331e-01   9.909370e-01   4.106301e-02   9.921965e-01   1.000000e+00   4.344522e-01   5.170820e-01   2.791797e-01   4.554937e-01   5.323630e-01   4.928026e-01   5.059063e-01   5.762622e-01   5.273191e-01   4.529360e-01   5.219104e-01
   4.686725e-02   9.906558e-01   9.930393e-01   9.534166e-01   3.193757e-01   1.114344e-01   1.000000e+00   9.585530e-01   5.165466e-01   4.996295e-01   5.124864e-01   5.015077e-01   4.183015e-01   5.019245e-01   5.059475e-01   5.181927e-01   4.882037e-01   5.579695e-01   5.093754e-01
   7.596593e-01   9.907291e-01   9.931601e-01   1.000000e+00   8.166944e-01   1.019595e-01   1.197865e-01   5.745375e-01   4.221168e-01   4.956291e-01   4.643063e-01   5.240185e-01   4.838052e-01   4.997429e-01   4.118059e-01   5.053134e-01   5.088682e-01   5.049727e-01   5.093860e-01
   2.197460e-01   8.368980e-01   1.767251e-01   8.439074e-01   9.904325e-01   9.937860e-01   1.000000e+00   9.925159e-01   9.966451e-01   4.997265e-01   4.942560e-01   5.054606e-01   4.401992e-01   5.005275e-01   5.139684e-01   5.488612e-01   5.116498e-01   4.478677e-01   4.909817e-01
   9.918391e-01   6.663692e-01   8.861943e-01   5.448128e-01   1.018659e-01   2.658387e-02   7.251044e-01   6.175834e-01   9.935954e-01   4.898715e-01   4.787939e-01   4.944698e-01   4.805418e-01   3.964847e-01   5.139525e-01   5.055497e-01   5.128271e-01   5.121175e-01   4.607313e-01
   7.239258e-01   9.163954e-01   2.275236e-01   5.535464e-01   9.917998e-01   6.239717e-02   9.265821e-02   9.916458e-01   9.996363e-01   4.981218e-01   4.841556e-01   5.067220e-01   5.043758e-01   4.999791e-01   4.954950e-01   5.075190e-01   5.097583e-01   5.356106e-01   5.043591e-01
   5.115635e-01   9.909471e-01   8.445666e-01   2.908295e-01   2.777702e-01   9.944693e-02   3.397153e-01   8.610698e-01   9.931720e-01   5.206195e-01   4.656273e-01   4.766122e-01   6.173617e-01   4.955889e-01   4.643540e-01   4.069406e-01   5.198795e-01   7.556624e-01   5.034815e-01
   9.903314e-01   9.931138e-01   8.475386e-01   5.347615e-01   3.160345e-01   1.682370e-01   1.187565e-01   9.053433e-01   5.017591e-01   5.025457e-01   4.928685e-01   5.078868e-01   4.904475e-01   4.968808e-01   4.951538e-01   5.057077e-01   5.081068e-01   5.089511e-01   5.026544e-01
   9.900268e-01   6.857663e-01   9.935802e-01   5.631400e-01   1.000000e+00   3.768911e-02   3.171565e-01   1.531705e-01   1.000000e+00   4.790258e-01   4.994667e-01   5.006736e-01   5.042113e-01   4.996229e-01   4.945284e-01   4.762248e-01   5.370397e-01   4.699804e-01   4.538267e-01
   9.062844e-01   9.907334e-01   8.800032e-02   5.412773e-01   8.449907e-01   5.726485e-02   9.932249e-01   5.314574e-01   1.000000e+00   5.001284e-01   4.943593e-01   5.183390e-01   4.885205e-01   5.002423e-01   4.930277e-01   5.017062e-01   4.994839e-01   4.966349e-01   5.091466e-01
   7.815114e-01   6.127581e-01   2.164239e-01   9.908590e-01   3.374957e-01   9.931540e-01   8.086215e-01   8.860162e-01   7.460588e-01   5.039042e-01   4.087220e-01   5.059254e-01   5.683027e-01   3.758600e-01   5.415467e-01   5.080976e-01   5.418246e-01   5.059608e-01   5.028369e-01
   6.641380e-03   9.908054e-01   8.716928e-01   3.975687e-02   9.929769e-01   6.102311e-02   1.779610e-01   5.853487e-01   7.623946e-01   4.960421e-01   6.805096e-01   5.056441e-01   5.040717e-01   4.987750e-01   5.036633e-01   4.880920e-01   5.124162e-01   5.092623e-01   5.031076e-01
   8.738185e-01   7.472788e-01   8.842654e-01   5.117660e-01   4.760561e-01   3.225873e-01   9.909406e-01   9.934572e-01   4.331586e-01   5.171269e-01   4.802673e-01   5.073887e-01   4.030047e-01   5.009313e-01   3.987899e-01   5.074837e-01   4.985727e-01   5.140728e-01   4.796776e-01
   7.196904e-01   6.590280e-01   6.495043e-01   2.832759e-01   9.903070e-01   9.052239e-02   9.922920e-01   6.297864e-01   4.440790e-01   4.968432e-01   4.933274e-01   5.066148e-01   4.773094e-01   4.978102e-01   4.647276e-01   5.418884e-01   4.727839e-01   3.659241e-01   5.092349e-01
   1.118218e-02   9.245790e-01   3.441925e-01   5.371262e-01   7.118373e-01   9.917732e-01   9.935759e-01   3.019769e-01   9.990321e-01   4.959164e-01   5.090290e-01   5.046692e-01   5.136513e-01   4.983553e-01   4.570563e-01   5.010512e-01   5.088738e-01   5.069247e-01   5.074828e-01
   7.086287e-01   8.244135e-01   7.626591e-01   9.906991e-01   7.893028e-01   3.625348e-02   8.834165e-02   9.931207e-01   4.880577e-01   5.202964e-01   4.616642e-01   5.022276e-01   5.023833e-01   5.049887e-01   5.071286e-01   5.072763e-01   4.968996e-01   5.089680e-01   5.092153e-01
   2.029596e-02   5.570693e-01   7.768452e-01   5.418825e-01   9.982251e-01   9.877331e-01   9.918563e-01   9.927319e-01   9.961805e-01   4.951256e-01   5.017297e-01   4.603433e-01   5.056233e-01   4.999979e-01   4.901917e-01   3.973890e-01   4.634245e-01   5.083526e-01   4.601904e-01
   7.856988e-01   9.910417e-01   8.756490e-01   5.513825e-01   8.884961e-01   9.931399e-01   3.696467e-01   1.606075e-01   3.587251e-01   4.815092e-01   4.990482e-01   5.012264e-01   6.341274e-01   5.121907e-01   4.962258e-01   5.149566e-01   4.698373e-01   4.601119e-01   5.053484e-01
   8.848728e-01   9.908324e-01   2.259740e-01   5.456265e-01   2.774884e-01   1.173096e-01   8.565470e-01   9.927801e-01   1.000000e+00   5.069095e-01   4.899997e-01   5.021668e-01   4.882901e-01   5.003530e-01   5.037787e-01   4.040349e-01   4.840179e-01   4.815296e-01   5.080038e-01
   2.111739e-01   9.912311e-01   2.893845e-01   1.243863e-01   9.926603e-01   1.626187e-02   1.000000e+00   1.464027e-01   1.000000e+00   4.995081e-01   4.929168e-01   4.985121e-01   4.963536e-01   3.602978e-01   5.069435e-01   4.986008e-01   5.086159e-01   3.911118e-01   5.090415e-01
   5.823770e-01   8.577442e-01   9.082566e-01   9.909592e-01   9.925393e-01   5.822746e-02   1.000000e+00   1.118476e-01   9.690567e-01   4.982886e-01   4.935455e-01   5.039671e-01   5.291745e-01   5.018719e-01   4.722282e-01   5.087976e-01   5.133482e-01   5.069921e-01   4.935342e-01
   3.294006e-01   9.911325e-01   8.648033e-01   5.513997e-01   7.863917e-01   9.931982e-01   4.019423e-01   1.000000e+00   8.326477e-01   4.801673e-01   5.038372e-01   5.202537e-01   5.054486e-01   5.012803e-01   4.930209e-01   5.149029e-01   4.961316e-01   5.166119e-01   5.033722e-01
   9.901780e-01   6.530197e-01   9.930921e-01   6.773585e-01   8.217790e-01   8.787277e-02   1.815995e-01   1.000000e+00   9.828106e-01   4.851372e-01   4.912545e-01   5.108189e-01   4.881121e-01   4.949114e-01   5.046032e-01   5.044408e-01   5.005309e-01   5.308238e-01   5.001666e-01
   7.182480e-01   9.911535e-01   8.418982e-01   5.329699e-01   7.942342e-01   9.931982e-01   3.857569e-01   1.168188e-01   1.000000e+00   4.963066e-01   4.937569e-01   5.042117e-01   5.054486e-01   4.976409e-01   4.930259e-01   5.054238e-01   4.924849e-01   5.166119e-01   5.191789e-01
   7.872115e-01   6.859518e-01   7.942451e-01   5.298665e-01   8.779043e-01   9.878694e-01   1.000000e+00   5.537116e-03   4.833934e-01   5.062836e-01   4.963565e-01   5.012363e-01   4.902927e-01   4.986760e-01   4.962178e-01   4.986843e-01   5.086780e-01   4.996741e-01   5.045506e-01
   3.548156e-02   3.141636e-01   2.344870e-01   9.906724e-01   7.751880e-01   4.491451e-02   5.703745e-02   1.063205e-02   9.934624e-01   4.738588e-01   4.674264e-01   5.005089e-01   4.895975e-01   5.078813e-01   5.885632e-01   5.033792e-01   5.178803e-01   5.028964e-01   5.803534e-01
   9.906276e-01   6.126779e-01   8.609697e-01   5.666887e-01   9.859632e-02   9.932421e-01   9.645703e-02   5.716738e-01   4.690499e-01   4.506436e-01   5.075320e-01   4.928835e-01   4.991853e-01   4.988131e-01   4.934754e-01   5.008285e-01   5.132500e-01   5.052486e-01   5.117479e-01
   9.904391e-01   9.931138e-01   8.493271e-01   1.000000e+00   3.026699e-01   1.682370e-01   6.106236e-02   9.075023e-01   4.908570e-01   3.314937e-01   4.935405e-01   5.028595e-01   5.214054e-01   4.986839e-01   4.816193e-01   5.061054e-01   5.303932e-01   5.087298e-01   5.054659e-01
   0.000000e+00   4.124559e-01   9.906192e-01   9.930370e-01   2.906993e-01   1.667202e-01   8.479541e-01   1.657277e-01   1.000000e+00   4.897971e-01   5.105405e-01   4.849053e-01   5.029589e-01   5.003069e-01   4.751509e-01   5.563926e-01   5.049516e-01   5.150357e-01   5.110370e-01
   7.643678e-01   6.097543e-01   8.702609e-01   2.899700e-01   9.075528e-02   9.902733e-01   6.904156e-01   9.922034e-01   1.000000e+00   5.365495e-01   5.234579e-01   5.085055e-01   5.004620e-01   5.035645e-01   5.118751e-01   5.959003e-01   5.117281e-01   4.993570e-01   5.079580e-01
   9.906407e-01   9.931138e-01   1.336089e-01   7.956785e-01   4.733932e-01   3.226238e-02   2.631973e-02   1.000000e+00   9.983753e-01   4.960580e-01   4.912376e-01   5.075791e-01   5.025371e-01   4.986201e-01   5.690236e-01   5.034866e-01   5.081998e-01   5.089511e-01   5.028068e-01
   7.759768e-01   5.748577e-01   8.402565e-01   5.638957e-01   1.651600e-01   1.086198e-01   7.857879e-01   1.738743e-01   9.965182e-01   4.962060e-01   5.011226e-01   5.002933e-01   5.880540e-01   5.010441e-01   5.076034e-01   4.983837e-01   4.971216e-01   5.018191e-01   4.996324e-01
   7.552177e-01   6.684297e-01   9.906783e-01   5.667106e-01   3.579381e-02   9.925951e-01   7.785854e-01   1.000000e+00   9.665470e-01   4.986792e-01   4.964855e-01   4.929216e-01   5.008895e-01   5.015415e-01   5.019619e-01   5.074408e-01   5.117578e-01   5.051284e-01   5.122184e-01
   7.417219e-01   8.576491e-01   8.661027e-01   9.784071e-01   9.765289e-01   9.749754e-01   6.217370e-02   1.000000e+00   1.000000e+00   5.055107e-01   5.005199e-01   4.946349e-01   5.027266e-01   4.970284e-01   5.046038e-01   5.034851e-01   5.388727e-01   5.025646e-01   5.063987e-01
   7.877792e-01   9.908311e-01   7.992343e-01   9.931268e-01   6.641816e-01   1.305510e-01   5.500464e-02   1.472084e-01   1.000000e+00   5.171285e-01   5.041860e-01   5.052137e-01   4.869591e-01   5.124425e-01   5.079017e-01   4.698658e-01   5.097937e-01   5.031272e-01   5.114487e-01
   6.014975e-02   9.905507e-01   9.930393e-01   5.443285e-01   3.001342e-01   1.000000e+00   2.413182e-02   3.249868e-01   9.246028e-01   5.061010e-01   5.034970e-01   4.982226e-01   5.036262e-01   4.984253e-01   5.068192e-01   5.010333e-01   4.971873e-01   5.577618e-01   5.103885e-01
   7.653248e-01   9.965072e-01   8.728826e-01   8.713278e-01   8.680860e-01   4.179488e-02   6.224410e-02   1.720937e-02   1.000000e+00   4.964982e-01   4.997367e-01   5.058506e-01   5.027463e-01   4.999686e-01   5.026495e-01   4.988083e-01   4.956783e-01   5.014803e-01   5.028331e-01
   5.267493e-01   8.394716e-01   9.909461e-01   5.713671e-01   8.870627e-01   1.137019e-01   9.935263e-01   2.069669e-01   1.000000e+00   4.777976e-01   4.929643e-01   5.063678e-01   4.894030e-01   5.279249e-01   4.828562e-01   5.030497e-01   5.151194e-01   4.934392e-01   5.048349e-01
   9.909625e-01   6.966055e-01   8.915446e-01   9.930380e-01   1.164438e-01   2.085696e-01   1.150822e-01   3.142064e-02   9.686333e-01   5.026347e-01   4.165244e-01   5.048105e-01   5.021454e-01   4.972689e-01   4.859759e-01   5.009761e-01   4.970464e-01   5.084351e-01   5.025542e-01
   9.908617e-01   8.569866e-01   1.877756e-01   9.924038e-01   7.386254e-01   9.151872e-02   9.722195e-01   1.000000e+00   3.963413e-01   5.174299e-01   5.432700e-01   5.024371e-01   5.169029e-01   5.037411e-01   4.358793e-01   5.068692e-01   5.096015e-01   5.651681e-01   4.663492e-01
   5.292114e-01   9.441707e-01   6.329346e-01   5.371262e-01   8.538292e-01   9.900578e-01   9.936331e-01   1.890922e-01   9.645581e-01   4.981014e-01   5.127909e-01   4.821976e-01   5.136513e-01   5.312883e-01   4.954422e-01   5.350958e-01   5.004517e-01   4.400920e-01   5.059770e-01
   9.912902e-01   8.776064e-01   8.666992e-01   5.674872e-01   6.669647e-02   3.452906e-02   9.933604e-01   1.464492e-01   9.999918e-01   4.956651e-01   5.280928e-01   5.042464e-01   5.001179e-01   4.949891e-01   5.043737e-01   4.983224e-01   5.086099e-01   4.999130e-01   5.082087e-01
   9.906542e-01   8.435567e-01   2.213862e-01   5.410032e-01   1.857795e-01   9.934511e-01   8.822297e-02   7.091112e-01   1.000000e+00   4.985497e-01   5.006672e-01   4.930328e-01   4.985593e-01   5.047287e-01   5.051597e-01   5.006477e-01   5.088362e-01   5.017888e-01   5.001782e-01
   9.901738e-01   8.424894e-01   9.933704e-01   3.810399e-01   8.304197e-01   1.000000e+00   6.260128e-02   5.993668e-01   9.288107e-01   4.851372e-01   4.930605e-01   5.064341e-01   4.715922e-01   5.012730e-01   4.945630e-01   4.866712e-01   5.124705e-01   5.070308e-01   5.041286e-01
   7.613922e-01   9.914055e-01   8.452541e-01   1.511732e-01   9.929769e-01   1.494627e-01   8.750819e-01   1.442720e-01   1.000000e+00   4.947915e-01   4.973538e-01   4.946199e-01   4.966212e-01   4.970815e-01   5.000681e-01   5.034809e-01   4.966305e-01   4.962938e-01   5.026416e-01
   6.179336e-01   8.201450e-01   9.878744e-01   5.979993e-01   1.959863e-01   0.000000e+00   8.141782e-01   6.968016e-01   1.000000e+00   5.015583e-01   5.008700e-01   5.024880e-01   5.035608e-01   5.017190e-01   5.035719e-01   5.006769e-01   4.975019e-01   4.957048e-01   5.025476e-01
   7.706438e-02   3.736428e-01   8.310621e-01   6.776249e-01   3.215679e-01   8.724747e-02   1.163245e-01   9.965275e-01   4.579504e-01   4.949521e-01   4.996346e-01   4.979344e-01   4.968387e-01   4.999590e-01   4.935894e-01   4.992895e-01   4.995100e-01   5.055167e-01   5.025898e-01
   9.907925e-01   6.193115e-01   9.929582e-01   9.999874e-01   9.928836e-01   1.688247e-02   8.254530e-01   2.583803e-01   9.711202e-01   4.959279e-01   4.912813e-01   5.108688e-01   5.589628e-01   4.829750e-01   5.269336e-01   5.077099e-01   4.825865e-01   5.069382e-01   5.077646e-01
   9.905896e-01   9.931138e-01   8.972726e-01   5.361678e-01   6.440418e-01   2.329878e-01   1.441433e-02   2.013632e-01   1.000000e+00   4.927744e-01   4.993877e-01   4.949623e-01   4.903564e-01   5.009864e-01   4.977901e-01   4.708861e-01   5.009265e-01   5.994552e-01   5.246385e-01
   8.502218e-01   6.435788e-01   8.052713e-01   5.778535e-01   1.976977e-01   3.000372e-01   9.878823e-01   5.787162e-01   1.000000e+00   5.015424e-01   4.935423e-01   5.022326e-01   5.032667e-01   4.986878e-01   4.960201e-01   5.078465e-01   4.978098e-01   4.978873e-01   5.032286e-01
   5.320244e-01   9.965072e-01   8.659961e-01   1.000000e+00   7.071104e-01   1.829689e-02   9.684724e-01   3.622373e-01   9.999723e-01   5.019701e-01   5.006087e-01   4.982525e-01   5.038155e-01   4.976519e-01   4.951877e-01   5.080701e-01   4.970530e-01   5.075018e-01   5.032702e-01
   4.147010e-02   6.231595e-01   9.909841e-01   2.042326e-01   9.929733e-01   1.000000e+00   1.000000e+00   6.248038e-01   9.914592e-01   4.997357e-01   4.924083e-01   4.937953e-01   5.050843e-01   4.839717e-01   4.954514e-01   5.067152e-01   4.863349e-01   5.053987e-01   4.975287e-01
   8.276184e-01   6.886743e-01   9.909461e-01   9.932364e-01   8.781726e-03   1.000000e+00   9.978249e-01   1.000000e+00   4.214052e-01   4.847776e-01   5.007544e-01   5.044556e-01   5.039195e-01   5.067997e-01   4.951194e-01   5.070155e-01   4.968549e-01   5.119544e-01   5.114485e-01
   5.857301e-01   6.292101e-01   8.657392e-01   5.407410e-01   9.878713e-01   2.098036e-02   1.000000e+00   9.905259e-01   1.000000e+00   5.017870e-01   4.995975e-01   4.981478e-01   5.038775e-01   4.977194e-01   5.037921e-01   5.034830e-01   4.969552e-01   5.027353e-01   4.887728e-01
   9.906542e-01   8.435567e-01   9.239095e-01   5.410032e-01   1.857795e-01   9.934511e-01   1.000000e+00   1.000000e+00   9.632805e-01   4.985497e-01   5.006672e-01   4.933233e-01   4.985593e-01   5.047287e-01   5.051597e-01   5.064571e-01   5.088362e-01   4.880487e-01   5.001782e-01
   4.840093e-01   7.206498e-01   9.093209e-01   1.007703e-01   9.337486e-01   9.910886e-01   8.904678e-02   6.449522e-01   9.931618e-01   5.002057e-01   5.093781e-01   5.135289e-01   5.037625e-01   4.952158e-01   4.968177e-01   4.820561e-01   5.282622e-01   5.050136e-01   5.215764e-01
   5.196305e-01   8.241151e-01   7.781757e-01   9.906991e-01   7.941063e-01   1.889127e-01   3.838366e-01   9.931207e-01   1.000000e+00   4.962464e-01   4.935542e-01   5.041548e-01   5.023988e-01   4.976544e-01   5.071286e-01   5.054118e-01   5.079309e-01   5.162476e-01   5.285922e-01
   7.430589e-01   6.039921e-01   8.587030e-01   5.551599e-01   6.387034e-01   9.965116e-01   8.670645e-01   2.398220e-02   1.000000e+00   5.018576e-01   5.226379e-01   4.938749e-01   5.006646e-01   5.123830e-01   4.960743e-01   5.090773e-01   4.973240e-01   5.089525e-01   5.111456e-01
   7.652763e-01   8.685730e-01   8.664490e-01   8.708941e-01   8.693086e-01   7.625977e-02   8.103637e-01   1.000000e+00   3.242235e-01   5.011453e-01   4.954398e-01   4.983321e-01   5.033956e-01   4.999039e-01   5.026398e-01   4.986845e-01   4.964847e-01   4.996601e-01   5.092510e-01
   9.909731e-01   8.824988e-01   2.597391e-01   5.303968e-01   8.255348e-01   1.392770e-01   5.160856e-01   9.931600e-01   7.399745e-01   4.399910e-01   5.028789e-01   4.800817e-01   4.661536e-01   5.035702e-01   4.928256e-01   5.065792e-01   5.131380e-01   5.288174e-01   5.083442e-01
   7.697268e-03   6.226409e-01   9.909461e-01   4.990538e-01   3.369825e-01   1.083612e-01   9.932584e-01   5.851930e-01   4.994788e-01   4.972450e-01   4.996258e-01   4.937204e-01   4.888052e-01   5.013909e-01   4.924991e-01   4.830211e-01   5.091801e-01   5.027726e-01   5.113252e-01
   8.493139e-01   8.473689e-01   1.949334e-01   9.228741e-02   9.878713e-01   1.000000e+00   3.259771e-02   5.990903e-02   1.000000e+00   5.025742e-01   4.993735e-01   4.987128e-01   5.014813e-01   4.973667e-01   4.946066e-01   5.005063e-01   5.011587e-01   5.007188e-01   5.045236e-01
   7.414813e-01   8.697543e-01   8.476278e-02   9.907408e-01   3.322803e-01   9.931475e-01   1.000000e+00   5.888073e-01   9.990127e-01   4.951571e-01   4.014140e-01   4.942567e-01   4.922101e-01   5.125483e-01   4.937286e-01   4.877368e-01   4.989638e-01   4.467428e-01   5.072823e-01
   9.903276e-01   9.931238e-01   8.297108e-01   5.345515e-01   2.333966e-01   1.711870e-01   1.000000e+00   1.000000e+00   9.915523e-01   5.020624e-01   4.828640e-01   5.067887e-01   4.899642e-01   4.967931e-01   5.045533e-01   5.060269e-01   5.080979e-01   5.132150e-01   5.028462e-01
   9.901738e-01   8.360541e-01   9.929582e-01   7.889200e-01   8.304197e-01   8.780874e-03   6.260128e-02   5.998976e-01   9.288107e-01   5.023822e-01   4.930537e-01   4.981180e-01   4.715922e-01   4.976461e-01   4.841390e-01   4.866712e-01   5.140878e-01   5.070308e-01   4.592131e-01
   6.484341e-01   6.387504e-01   9.905011e-01   5.642714e-01   4.674339e-01   6.661714e-02   5.866286e-01   3.625802e-01   9.929551e-01   5.875272e-01   4.938021e-01   5.063062e-01   5.035671e-01   4.981269e-01   4.949273e-01   5.020839e-01   5.132119e-01   5.031541e-01   5.026283e-01
   6.944227e-01   8.573180e-01   1.547444e-01   5.397720e-01   8.338240e-01   4.250775e-02   9.965102e-01   2.028481e-03   4.611810e-01   4.962003e-01   4.974411e-01   5.058512e-01   5.013247e-01   5.013701e-01   5.026676e-01   5.022821e-01   4.966450e-01   5.014586e-01   5.038930e-01
   2.457115e-01   8.990355e-01   9.907737e-01   5.818466e-01   9.930143e-01   1.067613e-01   8.641576e-01   5.612764e-01   8.529324e-01   4.822709e-01   5.469438e-01   5.001798e-01   5.015331e-01   5.233787e-01   4.433865e-01   5.006990e-01   4.967275e-01   5.028685e-01   5.062561e-01
   7.857545e-01   9.965072e-01   8.754296e-01   8.722925e-01   8.680860e-01   4.157127e-02   6.224410e-02   1.000000e+00   2.577333e-01   5.010066e-01   4.994386e-01   5.058173e-01   5.027463e-01   4.999731e-01   5.065117e-01   4.988083e-01   5.019715e-01   4.999220e-01   5.028331e-01
   8.609234e-01   9.908324e-01   2.647968e-01   5.732142e-02   7.226548e-01   1.177605e-01   8.603715e-01   9.927801e-01   6.983353e-01   5.457478e-01   4.903198e-01   5.021668e-01   4.884163e-01   5.003530e-01   5.035467e-01   5.017838e-01   4.965347e-01   4.810739e-01   5.062012e-01
   9.909731e-01   8.824988e-01   2.597391e-01   5.303968e-01   8.255348e-01   1.367754e-01   7.980214e-01   9.931600e-01   9.998329e-01   4.344121e-01   5.008424e-01   4.801947e-01   4.656790e-01   5.071539e-01   4.928256e-01   5.008168e-01   5.131380e-01   5.286477e-01   5.084159e-01
   9.620213e-01   8.617000e-01   8.626773e-01   9.984756e-01   9.828167e-01   2.358323e-02   9.741147e-01   9.897929e-01   9.905231e-01   4.971337e-01   4.798930e-01   5.132033e-01   4.964444e-01   5.032963e-01   5.071250e-01   5.006313e-01   5.102573e-01   4.955873e-01   4.774189e-01
   8.541159e-01   8.529217e-01   8.583745e-01   9.905329e-01   8.330799e-01   9.931540e-01   7.168806e-02   1.000000e+00   9.780134e-01   5.007132e-01   5.505694e-01   5.063958e-01   5.028764e-01   4.994796e-01   5.041034e-01   5.024195e-01   4.990259e-01   5.015673e-01   5.043531e-01
   0.000000e+00   8.432355e-01   9.906192e-01   9.925504e-01   7.062420e-01   2.148439e-01   1.000000e+00   3.939936e-01   3.872618e-01   5.102480e-01   5.185532e-01   4.804968e-01   5.013245e-01   5.021523e-01   4.941235e-01   5.552088e-01   4.968595e-01   4.864032e-01   4.529724e-01
   9.903314e-01   9.930878e-01   8.452609e-01   5.214645e-01   6.570194e-01   1.000000e+00   9.183790e-02   1.000000e+00   1.000000e+00   4.995366e-01   5.003011e-01   4.702013e-01   5.010770e-01   4.559092e-01   5.050355e-01   5.091243e-01   5.085236e-01   5.186491e-01   5.027420e-01
   2.429723e-01   6.862703e-01   2.483685e-01   5.340656e-01   2.046514e-01   1.634547e-01   9.878746e-01   6.951518e-01   4.392113e-01   5.017022e-01   4.999574e-01   5.047150e-01   5.034873e-01   5.029573e-01   4.943728e-01   5.077298e-01   4.979114e-01   5.032816e-01   5.028236e-01
   8.690370e-01   8.670603e-01   8.625895e-01   8.439837e-01   8.616981e-01   1.871360e-01   6.995730e-02   7.440523e-02   8.648244e-01   4.995006e-01   4.906853e-01   4.983865e-01   4.894103e-01   5.019149e-01   5.335727e-01   5.006264e-01   5.107838e-01   5.018338e-01   5.025610e-01
   8.790464e-01   9.907366e-01   6.474890e-01   9.931571e-01   7.380793e-01   9.047805e-01   1.135401e-01   2.921703e-01   9.517929e-01   5.056868e-01   4.930331e-01   4.999260e-01   5.047059e-01   5.038240e-01   4.518015e-01   5.357384e-01   5.103047e-01   5.094671e-01   5.033103e-01
   7.611408e-01   8.752041e-01   7.622147e-01   9.905329e-01   8.330799e-01   9.931540e-01   8.214730e-02   4.923305e-01   1.000000e+00   5.007074e-01   5.004345e-01   5.064587e-01   5.032830e-01   5.007736e-01   4.568726e-01   4.873110e-01   4.991104e-01   5.005848e-01   5.038510e-01
   7.857545e-01   9.965072e-01   8.754296e-01   8.707872e-01   8.680860e-01   4.157127e-02   6.224410e-02   1.720937e-02   2.544237e-01   4.964056e-01   4.996081e-01   5.058506e-01   5.027409e-01   4.999684e-01   5.026495e-01   4.988083e-01   5.019361e-01   5.014803e-01   5.028331e-01
   5.449328e-02   6.657908e-01   8.040157e-01   8.672983e-01   8.635484e-01   1.690367e-02   9.965102e-01   5.439934e-01   1.000000e+00   5.015373e-01   4.954591e-01   5.022479e-01   5.032633e-01   5.011979e-01   4.967818e-01   5.053876e-01   4.977609e-01   4.997538e-01   5.032359e-01
   9.902449e-01   8.266196e-01   7.610655e-01   4.232568e-01   9.929429e-01   8.788879e-02   7.869547e-01   1.000000e+00   1.000000e+00   4.832129e-01   5.131934e-01   4.996837e-01   4.908762e-01   4.985479e-01   5.038795e-01   5.006489e-01   5.108006e-01   4.891958e-01   4.907953e-01
   2.485542e-01   8.982724e-01   9.907737e-01   5.834674e-01   9.930143e-01   1.038037e-01   8.652927e-01   5.696107e-01   1.000000e+00   5.460125e-01   5.471988e-01   5.001798e-01   5.015129e-01   4.995647e-01   4.996870e-01   5.005989e-01   4.967268e-01   4.999533e-01   5.062561e-01
   9.878631e-01   8.436766e-01   3.378241e-01   5.070506e-01   3.328531e-01   3.290747e-02   3.448049e-01   1.000000e+00   4.471655e-01   5.016148e-01   5.001594e-01   5.048107e-01   5.026747e-01   5.013889e-01   4.972551e-01   4.978505e-01   4.977281e-01   5.006125e-01   5.045516e-01
   7.681011e-01   8.646691e-01   8.792960e-01   9.632266e-01   9.764510e-01   9.699103e-01   9.753272e-01   9.707858e-01   9.995924e-01   4.979958e-01   4.909261e-01   4.943966e-01   4.860611e-01   5.075315e-01   4.729123e-01   5.002831e-01   4.991823e-01   5.020283e-01   5.042573e-01
   6.910918e-01   3.946701e-01   9.965129e-01   5.803043e-01   7.383577e-01   1.000000e+00   9.619690e-01   6.228958e-01   1.000000e+00   5.016759e-01   5.002795e-01   4.646327e-01   5.030934e-01   5.012927e-01   4.946632e-01   4.942632e-01   5.081095e-01   5.108191e-01   5.026893e-01
   6.390531e-01   8.720777e-01   9.878744e-01   8.672878e-01   3.879986e-01   1.060107e-01   1.000000e+00   1.080598e-02   1.000000e+00   5.009471e-01   4.999820e-01   4.990416e-01   5.039400e-01   5.018872e-01   5.045163e-01   5.005890e-01   4.931033e-01   5.032977e-01   5.054085e-01
   9.902606e-01   6.966598e-01   2.430520e-01   9.930380e-01   2.019590e-01   6.549691e-02   1.000000e+00   3.142064e-02   9.686333e-01   4.975856e-01   4.997038e-01   5.048105e-01   5.038777e-01   5.023306e-01   4.330296e-01   5.077223e-01   5.273944e-01   5.029501e-01   5.026431e-01
   9.903446e-01   9.931138e-01   8.450900e-01   3.539236e-01   1.000000e+00   9.612455e-01   1.000000e+00   9.989248e-01   9.562162e-01   4.990802e-01   4.943918e-01   5.004273e-01   5.013490e-01   5.019898e-01   4.908818e-01   5.058860e-01   5.087260e-01   4.964083e-01   5.034506e-01
   9.965051e-01   7.077912e-01   6.371708e-01   6.137335e-01   2.298063e-01   3.785822e-02   5.738610e-02   6.336606e-01   1.000000e+00   4.857645e-01   4.999391e-01   5.044833e-01   4.706576e-01   5.020671e-01   4.838564e-01   4.878982e-01   5.005096e-01   5.014683e-01   5.035322e-01
   7.907427e-02   3.757340e-01   2.696098e-01   9.750410e-01   7.107733e-01   9.749754e-01   9.988926e-01   6.007099e-01   1.000000e+00   5.054924e-01   5.004756e-01   4.997372e-01   5.006762e-01   5.014203e-01   4.951347e-01   5.036330e-01   5.110781e-01   5.326659e-01   5.078148e-01
   8.261515e-01   8.473689e-01   1.815988e-01   8.662867e-02   9.878713e-01   9.520268e-02   3.259771e-02   6.951247e-02   4.391964e-01   4.976355e-01   5.003137e-01   4.996436e-01   4.970158e-01   4.973667e-01   5.005772e-01   5.013476e-01   5.011587e-01   5.013943e-01   5.045316e-01
   9.906407e-01   9.931138e-01   1.000000e+00   7.956785e-01   4.733932e-01   3.226238e-02   1.404919e-01   1.000000e+00   9.983753e-01   4.869251e-01   4.912376e-01   5.075791e-01   5.025186e-01   4.589667e-01   5.072883e-01   5.034866e-01   5.081998e-01   5.089511e-01   3.494086e-01
   7.663887e-01   6.314997e-01   9.906475e-01   5.062600e-01   6.286130e-01   9.938217e-01   5.737107e-02   1.243841e-03   1.000000e+00   5.642596e-01   4.551443e-01   4.941657e-01   5.626863e-01   4.376018e-01   5.041434e-01   4.593940e-01   5.136827e-01   5.129775e-01   4.552780e-01
   8.299516e-01   6.809205e-01   8.498742e-01   9.878785e-01   1.891744e-01   1.000000e+00   3.509988e-02   5.873287e-01   9.288016e-01   4.979370e-01   5.046183e-01   5.028998e-01   5.017963e-01   4.937458e-01   5.073860e-01   5.057700e-01   4.990361e-01   5.093277e-01   5.027091e-01
   7.751676e-02   3.863691e-01   3.148770e-01   5.968485e-01   7.195444e-01   5.982443e-02   8.520806e-01   9.878940e-01   1.000000e+00   4.948993e-01   5.007810e-01   4.997944e-01   5.034684e-01   5.011979e-01   5.049182e-01   4.993594e-01   4.970284e-01   4.955314e-01   5.032411e-01
   8.170563e-01   6.913807e-01   1.673705e-01   9.965029e-01   4.039526e-01   5.145598e-02   6.574273e-02   2.185943e-01   1.000000e+00   4.984750e-01   4.934297e-01   4.999140e-01   5.006853e-01   5.027682e-01   5.024527e-01   5.040682e-01   5.088450e-01   5.032564e-01   5.033838e-01
   8.571053e-01   6.907557e-01   9.909461e-01   9.931823e-01   1.000000e+00   9.911673e-01   1.000000e+00   1.000000e+00   9.999714e-01   4.842257e-01   5.002148e-01   5.043999e-01   5.038980e-01   5.019770e-01   5.337347e-01   5.023904e-01   4.968914e-01   5.120493e-01   5.114485e-01
   9.878682e-01   1.000000e+00   2.655389e-01   5.057806e-01   1.646113e-01   1.000000e+00   9.998398e-01   3.447467e-01   9.359905e-01   5.021681e-01   4.911988e-01   4.994687e-01   5.012283e-01   5.009105e-01   4.945448e-01   5.047034e-01   4.986817e-01   4.904712e-01   4.902090e-01
   1.741027e-01   8.515392e-01   8.427735e-01   9.878785e-01   1.609742e-01   1.187081e-01   1.000000e+00   1.000000e+00   4.376923e-01   4.961111e-01   4.938933e-01   5.058939e-01   4.969003e-01   5.020182e-01   4.972113e-01   5.007931e-01   4.990715e-01   5.013832e-01   5.022575e-01
   1.580280e-01   6.218853e-01   9.909461e-01   5.927699e-01   7.714255e-01   1.268885e-01   9.931167e-01   1.000000e+00   4.603261e-01   4.973115e-01   4.904320e-01   4.941241e-01   4.891283e-01   4.986778e-01   4.946274e-01   5.055918e-01   5.092160e-01   5.246373e-01   5.113374e-01
   3.755318e-01   8.397902e-01   9.906192e-01   1.260063e-01   2.577354e-01   9.938217e-01   8.043817e-01   9.398522e-01   7.853849e-01   5.290179e-01   4.999148e-01   5.006965e-01   4.948295e-01   4.967734e-01   5.003326e-01   5.053028e-01   5.153414e-01   5.132126e-01   4.597369e-01
   8.790464e-01   9.907366e-01   6.474890e-01   9.931571e-01   1.649378e-01   9.047805e-01   1.135401e-01   1.000000e+00   9.517929e-01   5.056868e-01   4.997492e-01   4.999260e-01   5.062416e-01   5.038240e-01   4.524488e-01   5.357384e-01   5.103047e-01   5.022301e-01   5.026488e-01
   8.690370e-01   8.670603e-01   8.633453e-01   8.666099e-01   8.532723e-01   4.173208e-02   0.000000e+00   6.856237e-02   1.000000e+00   4.994906e-01   4.943703e-01   5.044777e-01   5.020677e-01   5.018038e-01   5.339735e-01   5.006264e-01   5.106677e-01   5.018338e-01   5.037805e-01
   7.591235e-01   8.463510e-01   1.809807e-01   8.518031e-02   9.905943e-01   1.193699e-01   3.897354e-03   5.983447e-02   9.928490e-01   5.024946e-01   4.918585e-01   5.018746e-01   5.014803e-01   4.973161e-01   5.044573e-01   5.007966e-01   5.006782e-01   5.024385e-01   4.948131e-01
   4.696923e-02   8.264647e-01   9.914755e-01   1.033812e-01   2.631181e-01   1.660730e-02   3.355514e-01   9.927164e-01   1.000000e+00   4.714573e-01   5.123549e-01   4.983389e-01   5.195499e-01   4.948248e-01   4.941694e-01   5.033939e-01   4.878182e-01   4.582372e-01   5.477310e-01
   7.180495e-01   9.905507e-01   9.931028e-01   5.443285e-01   9.434584e-01   9.117985e-02   2.502523e-02   5.410081e-02   9.246028e-01   5.092650e-01   4.885207e-01   4.982222e-01   5.050460e-01   5.018492e-01   5.067049e-01   5.006209e-01   4.971873e-01   5.566339e-01   5.103719e-01
   8.654860e-01   8.727935e-01   8.633453e-01   8.666099e-01   8.532723e-01   1.000000e+00   0.000000e+00   1.000000e+00   9.803608e-01   4.994906e-01   4.943703e-01   5.044777e-01   5.020677e-01   5.018038e-01   5.339735e-01   5.005266e-01   5.106677e-01   4.995117e-01   5.037805e-01
   5.991647e-02   9.907366e-01   6.552014e-01   9.931571e-01   1.000000e+00   1.578136e-01   9.314566e-01   6.966847e-01   4.422745e-01   5.021057e-01   4.928578e-01   5.047855e-01   5.036460e-01   5.029632e-01   4.518015e-01   5.064032e-01   4.983584e-01   5.035782e-01   5.033103e-01
   2.578091e-02   3.815392e-01   3.819444e-01   3.623889e-02   2.480086e-01   1.535753e-01   8.595207e-01   9.965275e-01   1.000000e+00   4.979187e-01   5.001595e-01   4.982170e-01   5.016661e-01   5.015878e-01   5.047603e-01   4.990377e-01   5.007953e-01   5.055167e-01   5.080883e-01
   9.098160e-01   3.158892e-01   9.041598e-01   5.275101e-01   1.938936e-01   2.773989e-02   9.901825e-01   9.109150e-02   9.930893e-01   5.043342e-01   4.637416e-01   4.956163e-01   4.862309e-01   5.118814e-01   4.813312e-01   5.067889e-01   5.382395e-01   5.033161e-01   5.113756e-01
   2.241602e-01   8.248559e-01   9.983647e-01   5.237919e-01   9.908788e-01   9.936028e-01   9.851116e-01   9.918107e-01   9.966198e-01   5.014898e-01   5.130538e-01   4.983696e-01   5.016187e-01   5.005778e-01   5.021411e-01   5.008926e-01   5.098423e-01   5.032155e-01   5.055153e-01
   7.946579e-01   5.022804e-01   2.770756e-01   9.965038e-01   1.000000e+00   4.020442e-03   8.357556e-01   1.000000e+00   1.000000e+00   4.982567e-01   4.936440e-01   5.031419e-01   5.016527e-01   4.985015e-01   5.027199e-01   5.072477e-01   4.969638e-01   5.031233e-01   5.035763e-01
   6.898149e-01   3.866181e-01   9.964876e-01   1.342997e-01   8.683071e-01   1.914322e-02   8.652981e-01   5.593972e-02   1.000000e+00   4.976918e-01   5.002417e-01   4.983986e-01   5.039690e-01   4.994158e-01   5.072480e-01   4.945199e-01   4.963491e-01   5.091759e-01   5.052868e-01
   1.434704e-02   6.717763e-01   8.615905e-01   8.210739e-02   9.878713e-01   2.169205e-02   7.116770e-01   1.000000e+00   9.634764e-01   4.975440e-01   5.000102e-01   4.997523e-01   5.039626e-01   4.994614e-01   5.044607e-01   5.021925e-01   4.969005e-01   5.068892e-01   5.054011e-01
   5.253720e-01   8.433432e-01   7.746143e-01   5.130598e-01   1.633253e-01   9.913457e-01   6.878236e-01   9.935502e-01   4.394240e-01   5.007880e-01   4.970231e-01   4.996065e-01   4.867723e-01   4.985288e-01   5.046364e-01   5.007708e-01   4.954822e-01   5.006938e-01   5.060317e-01
   6.110223e-01   6.378077e-01   9.878741e-01   1.006710e-01   1.104482e-01   2.001577e-01   6.242517e-02   1.000000e+00   4.521900e-01   4.953538e-01   5.017742e-01   5.027216e-01   5.012314e-01   5.014246e-01   5.067987e-01   5.057401e-01   5.016633e-01   5.013587e-01   5.028277e-01
   7.569410e-01   7.169367e-01   1.642750e-01   9.904175e-01   4.149983e-01   6.267213e-02   9.934478e-01   4.964138e-01   1.000000e+00   4.816515e-01   4.952324e-01   4.846512e-01   5.004962e-01   5.022770e-01   5.045726e-01   5.042882e-01   5.006069e-01   5.343798e-01   5.080866e-01
   4.147010e-02   6.231595e-01   9.909841e-01   3.765381e-01   9.929733e-01   8.267574e-04   8.655494e-01   1.000000e+00   9.914592e-01   4.964133e-01   4.960551e-01   4.937953e-01   5.050843e-01   4.976618e-01   4.954343e-01   5.067780e-01   4.966529e-01   4.999062e-01   5.032990e-01
   8.825648e-01   6.656686e-01   8.070199e-01   4.105436e-01   8.311877e-01   2.056063e-01   9.965102e-01   1.000000e+00   9.590359e-01   5.014201e-01   5.005086e-01   4.994868e-01   5.043665e-01   5.011665e-01   4.969294e-01   5.005716e-01   4.977609e-01   5.002199e-01   5.031833e-01
   8.678044e-01   8.660929e-01   9.965035e-01   3.616861e-01   1.000000e+00   9.654309e-04   8.636012e-01   6.627214e-02   3.557401e-01   4.979378e-01   4.926857e-01   4.982964e-01   5.015353e-01   5.011966e-01   5.006728e-01   5.053749e-01   5.114431e-01   4.997518e-01   4.535775e-01
   7.136375e-01   9.905507e-01   9.931028e-01   5.449105e-01   9.616121e-01   5.634937e-02   2.502523e-02   1.000000e+00   9.265545e-01   5.092732e-01   5.007982e-01   4.982141e-01   5.019906e-01   4.992043e-01   5.067049e-01   5.007017e-01   4.971873e-01   5.566339e-01   5.017936e-01
   9.878631e-01   7.641848e-01   2.658391e-01   4.675830e-02   7.272582e-01   3.590704e-02   1.000000e+00   5.639579e-01   1.000000e+00   5.011427e-01   4.946435e-01   4.997796e-01   4.951140e-01   5.013903e-01   4.972975e-01   4.968056e-01   4.966884e-01   5.006045e-01   5.035143e-01
   1.867964e-01   6.723870e-01   8.610222e-01   1.027446e-01   2.333591e-01   9.878642e-01   2.370950e-01   1.000000e+00   4.077665e-01   4.976166e-01   4.999814e-01   5.057835e-01   5.013654e-01   5.032701e-01   5.035607e-01   5.020923e-01   4.972227e-01   5.035830e-01   5.030865e-01
   7.682693e-01   8.646691e-01   8.792960e-01   9.632266e-01   9.764510e-01   9.696746e-01   9.753272e-01   9.749730e-01   4.908866e-01   5.011842e-01   4.909102e-01   4.943966e-01   4.853607e-01   5.075613e-01   4.729123e-01   5.001899e-01   4.991823e-01   5.025933e-01   5.042573e-01
   7.880079e-01   8.548182e-01   7.935839e-01   8.091379e-02   1.783961e-01   9.907145e-01   9.919455e-01   1.000000e+00   9.623983e-01   4.975445e-01   5.074684e-01   5.063239e-01   5.038170e-01   5.129626e-01   5.046938e-01   4.990762e-01   4.960092e-01   5.067762e-01   5.053834e-01
   4.264059e-02   9.911087e-01   1.536713e-01   5.470277e-01   9.278576e-01   9.932821e-01   1.000000e+00   4.560275e-01   4.965709e-01   4.810199e-01   5.007122e-01   5.003557e-01   5.038969e-01   4.985439e-01   5.046627e-01   5.147097e-01   4.930018e-01   5.034987e-01   5.245618e-01
   8.690370e-01   8.670603e-01   8.633453e-01   8.666099e-01   1.000000e+00   4.173208e-02   0.000000e+00   6.856237e-02   1.000000e+00   4.994906e-01   4.943703e-01   5.044777e-01   5.020677e-01   5.018054e-01   5.339735e-01   5.006264e-01   5.106677e-01   5.018338e-01   5.037805e-01
   5.528893e-01   6.368923e-01   9.965128e-01   1.000000e+00   8.721378e-01   2.804380e-02   9.765317e-01   5.152177e-02   3.533146e-01   5.021952e-01   5.003482e-01   4.984181e-01   5.039551e-01   4.975756e-01   4.951884e-01   5.081002e-01   4.962916e-01   5.074415e-01   5.081900e-01
   9.906173e-01   6.023719e-01   8.600923e-01   4.431303e-01   9.929429e-01   0.000000e+00   8.451863e-01   1.590764e-01   8.026348e-01   4.995819e-01   4.960708e-01   4.922979e-01   5.026733e-01   4.992045e-01   4.928120e-01   4.820299e-01   5.085164e-01   4.907439e-01   5.045527e-01
   8.670450e-01   3.352847e-01   8.693951e-01   9.878773e-01   2.119285e-01   2.542852e-01   5.033274e-02   6.368862e-01   1.000000e+00   4.988266e-01   4.927222e-01   4.996260e-01   5.011020e-01   5.070588e-01   5.038527e-01   4.988856e-01   4.969102e-01   5.036234e-01   5.027007e-01
   4.838997e-02   9.905902e-01   9.930393e-01   9.614024e-01   1.000000e+00   9.715972e-01   6.021269e-01   4.749981e-01   1.000000e+00   4.717206e-01   4.910671e-01   4.942864e-01   5.406483e-01   4.820084e-01   4.954644e-01   4.639793e-01   4.883028e-01   5.579695e-01   5.128851e-01
   5.522477e-01   9.914055e-01   8.258251e-01   5.296916e-01   9.930303e-01   1.000000e+00   1.675308e-01   7.853674e-01   7.573081e-01   4.952840e-01   4.941874e-01   4.818194e-01   5.038797e-01   5.070908e-01   5.036236e-01   5.055130e-01   5.087234e-01   5.062792e-01   5.030438e-01
   6.928421e-01   8.550555e-01   9.899646e-01   9.925095e-01   2.576838e-01   1.668458e-01   1.520071e-02   1.000000e+00   5.322860e-01   4.732987e-01   4.926124e-01   4.999009e-01   5.025829e-01   4.992159e-01   4.947667e-01   5.033792e-01   5.435800e-01   5.130714e-01   4.595071e-01
   7.702005e-01   6.905210e-01   2.692499e-01   9.965029e-01   2.387575e-01   5.278439e-02   1.000000e+00   2.185943e-01   3.045535e-01   4.979449e-01   4.960067e-01   4.997342e-01   5.010041e-01   5.005665e-01   4.953405e-01   5.035830e-01   4.932853e-01   4.999714e-01   5.032095e-01
   4.259938e-02   3.352847e-01   8.693951e-01   9.878782e-01   1.000000e+00   1.544874e-02   5.095825e-02   6.368862e-01   4.577302e-01   4.985904e-01   4.927222e-01   4.992842e-01   5.011061e-01   5.069600e-01   4.960845e-01   4.986961e-01   4.969071e-01   5.034333e-01   5.032380e-01
   8.278854e-01   9.965072e-01   8.691966e-01   5.679079e-01   1.000000e+00   6.795023e-02   2.926433e-02   9.874294e-01   5.020479e-01   4.962620e-01   5.006592e-01   4.992143e-01   5.011708e-01   5.017128e-01   5.042813e-01   4.964097e-01   5.086125e-01   5.017040e-01   5.067534e-01
   7.946551e-01   6.859158e-01   3.220106e-01   9.909592e-01   8.045506e-01   1.964128e-01   9.938802e-01   1.000000e+00   3.993885e-01   5.017687e-01   4.984624e-01   5.056930e-01   5.003256e-01   4.985613e-01   4.967722e-01   5.023059e-01   5.106073e-01   5.037747e-01   4.981875e-01
   8.779626e-01   6.726019e-01   2.749731e-01   5.325570e-01   9.903936e-01   3.900044e-02   5.676454e-02   9.924051e-01   4.605720e-01   4.988244e-01   5.100275e-01   5.044345e-01   5.014805e-01   4.868897e-01   4.975822e-01   5.080301e-01   5.090424e-01   5.089979e-01   5.019968e-01
   8.321639e-02   8.290173e-01   8.531551e-01   9.909592e-01   9.927826e-01   1.847885e-02   6.382265e-01   4.581794e-01   1.000000e+00   4.695460e-01   4.996269e-01   5.105854e-01   5.038468e-01   5.049019e-01   4.888394e-01   5.078274e-01   5.107228e-01   5.070407e-01   5.116580e-01
   8.161166e-01   9.878643e-01   7.623430e-01   5.317445e-01   7.047818e-01   2.146100e-01   8.659517e-01   1.000000e+00   5.324505e-01   4.961051e-01   4.933326e-01   5.044988e-01   5.006238e-01   5.028472e-01   4.957260e-01   5.062305e-01   5.039940e-01   4.876036e-01   5.029746e-01
   9.878631e-01   8.436766e-01   8.518273e-01   2.139327e-01   3.417340e-01   3.290747e-02   3.448049e-01   6.209397e-01   4.390645e-01   5.011636e-01   5.001806e-01   5.048107e-01   5.033299e-01   5.013889e-01   4.974140e-01   5.058976e-01   4.977281e-01   4.978210e-01   5.197253e-01
   7.483945e-01   8.668657e-01   9.906192e-01   9.930397e-01   0.000000e+00   8.965967e-01   2.453742e-02   1.626691e-01   4.972183e-01   4.964176e-01   4.931579e-01   5.001081e-01   5.034804e-01   5.013305e-01   4.952190e-01   4.986283e-01   4.970487e-01   5.006039e-01   4.975745e-01
   9.901998e-01   7.290942e-01   1.659266e-01   4.968756e-01   9.932491e-01   1.451955e-01   1.000000e+00   1.378164e-01   1.000000e+00   5.000217e-01   4.964880e-01   4.973244e-01   5.031214e-01   5.047023e-01   5.074413e-01   4.828147e-01   5.076909e-01   5.031442e-01   5.028083e-01
   9.912466e-01   6.227699e-01   2.784291e-01   4.732213e-01   7.041596e-01   2.029088e-01   9.931815e-01   1.000000e+00   9.727364e-01   4.953626e-01   5.007432e-01   4.997872e-01   5.034780e-01   5.017388e-01   4.970842e-01   4.993964e-01   5.015274e-01   4.997881e-01   5.025233e-01
   1.115121e-01   6.841713e-01   3.170068e-01   9.909592e-01   9.927843e-01   1.325768e-01   9.123250e-01   1.000000e+00   4.456946e-01   4.995610e-01   4.944943e-01   5.018792e-01   4.764873e-01   4.981401e-01   4.966411e-01   5.064912e-01   5.105598e-01   4.964626e-01   5.045290e-01
   7.644671e-01   6.761691e-01   7.984653e-01   8.772453e-01   2.156858e-01   9.965116e-01   8.983979e-01   1.000000e+00   4.785855e-01   4.975626e-01   4.903191e-01   4.988232e-01   5.027950e-01   5.123302e-01   4.972595e-01   4.990293e-01   5.081790e-01   4.994699e-01   5.046006e-01
   6.022998e-01   9.878643e-01   1.000000e+00   5.345479e-01   8.578482e-01   1.937248e-01   7.086444e-01   1.031521e-01   9.777494e-01   4.962828e-01   4.928321e-01   4.941918e-01   5.037539e-01   5.016739e-01   4.960190e-01   5.006849e-01   4.969082e-01   5.016863e-01   4.977796e-01
   8.161166e-01   9.878643e-01   8.279772e-01   5.317924e-01   6.933671e-01   2.146100e-01   8.659517e-01   1.159442e-01   5.324505e-01   4.983046e-01   4.933565e-01   5.027490e-01   5.006981e-01   5.039716e-01   4.951371e-01   5.062939e-01   4.972138e-01   4.953039e-01   5.029746e-01
   9.901780e-01   6.530197e-01   9.930921e-01   6.773585e-01   1.474530e-01   1.695879e-02   1.000000e+00   1.000000e+00   9.631305e-01   4.851372e-01   4.912545e-01   5.110639e-01   4.881121e-01   4.949114e-01   5.046032e-01   4.461991e-01   5.090019e-01   5.307961e-01   5.001666e-01
   9.964895e-01   6.259239e-01   8.056583e-01   5.074718e-01   1.064985e-01   3.940207e-02   8.547221e-01   1.000000e+00   1.000000e+00   5.031586e-01   5.008288e-01   4.982390e-01   5.038728e-01   5.002975e-01   5.024994e-01   4.992284e-01   5.077140e-01   5.033765e-01   5.023399e-01
   9.964977e-01   1.000000e+00   2.754659e-01   3.750769e-01   7.087899e-01   9.351200e-01   1.194959e-01   4.778359e-01   9.996451e-01   5.021999e-01   4.928301e-01   5.671332e-01   4.854902e-01   4.964694e-01   4.957113e-01   5.066906e-01   5.019689e-01   4.502793e-01   5.037665e-01
   4.686725e-02   9.905902e-01   9.930393e-01   9.639103e-01   3.307748e-01   9.334085e-02   3.060955e-01   5.802133e-01   1.000000e+00   4.711850e-01   4.944497e-01   5.015077e-01   5.365026e-01   4.974149e-01   4.950582e-01   4.937100e-01   4.968384e-01   5.579695e-01   5.075976e-01
   9.906374e-01   6.647495e-01   8.063880e-01   3.137224e-01   3.157775e-01   9.934511e-01   1.680645e-02   1.000000e+00   3.955321e-01   5.019161e-01   4.960151e-01   4.645466e-01   5.030218e-01   4.969524e-01   4.411572e-01   5.005746e-01   5.080850e-01   5.051277e-01   5.131510e-01
   8.667816e-01   8.675648e-01   1.000000e+00   9.999197e-01   8.844963e-01   2.532281e-01   7.895629e-02   9.906120e-01   1.000000e+00   4.984567e-01   4.996174e-01   4.999344e-01   5.010863e-01   5.000034e-01   4.961070e-01   5.021248e-01   4.960721e-01   5.031991e-01   5.035032e-01
   9.965051e-01   8.483035e-01   1.719604e-01   6.049905e-01   1.000000e+00   1.735876e-01   3.260474e-02   5.364367e-01   9.737376e-01   4.856826e-01   4.999130e-01   5.044877e-01   4.979332e-01   5.021037e-01   4.842166e-01   4.935248e-01   5.005096e-01   5.090826e-01   5.034470e-01
   7.569410e-01   7.169367e-01   1.642750e-01   9.904175e-01   4.187883e-01   7.003153e-02   9.934478e-01   5.363414e-01   8.677051e-01   4.816515e-01   4.952324e-01   4.846512e-01   4.679393e-01   4.809587e-01   5.061535e-01   5.042882e-01   5.006062e-01   5.343798e-01   5.080586e-01
   8.659309e-01   6.404584e-01   9.878741e-01   8.677717e-01   1.000000e+00   2.001577e-01   6.242517e-02   1.000000e+00   1.000000e+00   4.993649e-01   4.744686e-01   5.027509e-01   5.012314e-01   5.014246e-01   5.059825e-01   5.006648e-01   5.048874e-01   5.013783e-01   5.037613e-01
   7.797533e-01   9.965072e-01   1.000000e+00   5.346559e-01   8.123155e-01   4.120041e-02   8.779150e-02   1.000000e+00   2.688733e-01   5.009594e-01   4.999142e-01   4.994504e-01   5.009336e-01   5.000615e-01   5.050388e-01   4.988061e-01   5.084360e-01   4.999416e-01   5.028585e-01
   7.430589e-01   6.039921e-01   8.549408e-01   5.551599e-01   6.387034e-01   9.965116e-01   1.000000e+00   2.610814e-02   1.000000e+00   5.018576e-01   5.226379e-01   4.938752e-01   5.007613e-01   5.123830e-01   4.960965e-01   5.082190e-01   4.860174e-01   5.053118e-01   4.980131e-01
   9.911024e-01   3.233532e-01   9.928419e-01   1.930567e-01   7.217688e-01   2.050735e-01   3.392428e-01   4.168890e-02   1.000000e+00   4.982066e-01   5.123349e-01   4.994220e-01   4.986631e-01   5.180436e-01   4.986902e-01   4.978543e-01   4.966924e-01   5.218150e-01   5.036244e-01
   9.908633e-01   6.440799e-01   2.749547e-01   9.930259e-01   1.000000e+00   1.331486e-01   9.500489e-01   6.704815e-01   9.996706e-01   5.021999e-01   4.928301e-01   5.016339e-01   5.008964e-01   4.964148e-01   4.957113e-01   5.056734e-01   5.109528e-01   4.997801e-01   5.039552e-01
   9.878682e-01   8.522597e-01   2.655389e-01   5.010486e-01   3.322721e-01   1.000000e+00   9.998398e-01   8.519541e-02   9.359905e-01   5.021681e-01   4.913419e-01   4.994687e-01   5.012283e-01   5.014601e-01   4.945448e-01   5.047560e-01   4.986817e-01   4.907389e-01   5.077711e-01
   8.321639e-02   8.290173e-01   8.531551e-01   9.909592e-01   9.927826e-01   1.000000e+00   6.382265e-01   4.581794e-01   5.222561e-01   4.693797e-01   4.996269e-01   5.105854e-01   5.033752e-01   5.051129e-01   4.291454e-01   5.078274e-01   5.044689e-01   5.070407e-01   5.116580e-01
   6.460569e-01   8.201450e-01   9.878744e-01   5.159339e-01   8.567106e-01   1.000000e+00   7.241697e-01   5.849841e-01   9.872299e-01   4.980421e-01   4.998058e-01   5.021059e-01   5.035608e-01   5.017190e-01   4.963665e-01   5.018092e-01   4.972775e-01   4.999758e-01   5.025411e-01
   8.500903e-01   9.878643e-01   8.641971e-01   5.394073e-01   1.000000e+00   1.000000e+00   1.000000e+00   9.567449e-01   3.642718e-01   5.014389e-01   5.032143e-01   4.998453e-01   5.006365e-01   5.029236e-01   4.908821e-01   5.022519e-01   5.046532e-01   4.964197e-01   5.034509e-01
   7.857545e-01   9.965072e-01   8.636037e-01   8.758822e-01   2.839508e-01   6.513781e-02   1.000000e+00   9.423616e-01   2.784407e-01   5.010066e-01   4.994510e-01   5.046937e-01   5.027463e-01   4.998430e-01   5.009730e-01   4.989243e-01   5.020592e-01   5.005872e-01   5.038304e-01
   9.908633e-01   6.660727e-01   1.909681e-01   9.924570e-01   8.448631e-01   1.443914e-01   8.381516e-01   1.271361e-01   1.000000e+00   4.899230e-01   4.958435e-01   4.997210e-01   5.014942e-01   5.027557e-01   5.027118e-01   5.129572e-01   5.290409e-01   4.997801e-01   5.100571e-01
   4.147010e-02   6.217645e-01   9.909841e-01   2.065350e-01   9.929733e-01   3.727118e-02   1.000000e+00   6.248038e-01   9.933298e-01   4.964133e-01   4.924083e-01   4.941249e-01   5.012173e-01   4.976618e-01   4.954343e-01   5.020697e-01   4.966529e-01   5.027552e-01   4.973527e-01
   1.829331e-01   9.907334e-01   8.800032e-02   5.084689e-01   8.424349e-01   1.388648e-01   9.931592e-01   5.314574e-01   4.363231e-01   4.961241e-01   4.939164e-01   5.044004e-01   4.969654e-01   5.019759e-01   4.930277e-01   5.361611e-01   5.119655e-01   4.979387e-01   5.627528e-01
   7.725142e-01   4.307299e-01   2.925885e-01   9.965038e-01   1.591143e-01   2.820719e-02   7.093428e-01   1.000000e+00   3.568055e-01   4.985761e-01   4.940307e-01   5.031419e-01   5.033701e-01   4.985947e-01   4.952265e-01   5.071586e-01   4.980445e-01   5.031233e-01   5.022496e-01
   2.985320e-02   9.878643e-01   8.730700e-01   1.000000e+00   2.853575e-01   1.110050e-01   5.798247e-02   3.597111e-01   9.962366e-01   5.015742e-01   5.000591e-01   4.946366e-01   5.027899e-01   5.010713e-01   4.968977e-01   4.988023e-01   4.980297e-01   5.011732e-01   5.031064e-01
   9.620749e-01   6.472458e-01   7.181524e-01   5.492132e-01   2.180096e-01   9.982509e-01   9.914302e-01   9.878450e-01   9.953863e-01   5.388672e-01   4.650693e-01   5.071060e-01   5.052548e-01   4.991691e-01   5.056907e-01   5.068286e-01   5.079030e-01   5.102139e-01   5.118644e-01
   9.878631e-01   8.458063e-01   1.000000e+00   7.891810e-02   3.260964e-01   7.576342e-02   3.614227e-01   9.397518e-02   4.451540e-01   7.653461e-01   5.001594e-01   5.048572e-01   5.039543e-01   5.014732e-01   5.045971e-01   4.978505e-01   4.468083e-01   4.977165e-01   5.077632e-01
   8.149653e-01   9.905934e-01   3.416276e-01   9.931333e-01   8.592663e-01   1.000000e+00   9.944698e-01   2.024207e-01   5.177577e-01   5.065522e-01   5.007928e-01   4.998657e-01   5.022481e-01   4.985125e-01   5.028213e-01   5.019803e-01   5.140393e-01   5.032736e-01   5.050815e-01
   0.000000e+00   6.146029e-01   9.965129e-01   5.142410e-01   7.550154e-01   4.621037e-02   1.000000e+00   6.417009e-01   7.239210e-01   4.962265e-01   4.905991e-01   4.938666e-01   4.927232e-01   5.007969e-01   4.946454e-01   5.003975e-01   4.863773e-01   5.027569e-01   5.023752e-01
   1.000000e+00   8.254076e-01   8.614741e-01   5.978292e-01   1.959729e-01   4.991024e-02   8.125419e-01   7.033925e-01   9.999646e-01   5.019368e-01   5.008132e-01   5.024877e-01   5.010843e-01   5.004575e-01   4.971570e-01   5.006721e-01   4.960515e-01   5.015939e-01   5.025139e-01
   0.000000e+00   8.405691e-01   9.906182e-01   5.008934e-01   7.351078e-01   8.835845e-02   5.050083e-01   9.931651e-01   7.424511e-01   4.902415e-01   4.451096e-01   5.044832e-01   5.008007e-01   4.348592e-01   4.951339e-01   5.179620e-01   4.999056e-01   5.286501e-01   5.029278e-01
   7.860534e-01   9.905043e-01   2.673567e-01   6.442979e-01   9.936131e-01   5.931334e-02   6.224410e-02   1.000000e+00   2.988041e-01   4.952628e-01   4.930307e-01   4.993877e-01   5.027463e-01   5.038127e-01   4.945563e-01   5.046547e-01   5.016848e-01   5.015087e-01   4.907493e-01
   9.903023e-01   8.272078e-01   8.416647e-01   1.444680e-01   9.929429e-01   1.000000e+00   4.579811e-01   1.381701e-01   9.342254e-01   4.970535e-01   5.004665e-01   5.027288e-01   5.518365e-01   5.046638e-01   4.942252e-01   5.005791e-01   5.095096e-01   5.280064e-01   5.079597e-01
   9.878682e-01   8.561932e-01   2.947651e-01   5.010486e-01   1.000000e+00   1.000000e+00   1.000000e+00   8.484352e-02   9.359905e-01   5.021694e-01   4.913530e-01   4.994687e-01   5.012438e-01   5.014601e-01   4.943601e-01   5.047560e-01   4.960298e-01   4.907389e-01   5.000620e-01
   8.575988e-01   7.011797e-01   8.680801e-01   6.955546e-01   2.555079e-01   1.657526e-02   1.000000e+00   6.012384e-01   1.000000e+00   4.959336e-01   4.645159e-01   4.777880e-01   4.878665e-01   5.014219e-01   5.048754e-01   4.826504e-01   4.963917e-01   4.900733e-01   5.131998e-01
   9.964895e-01   6.855000e-01   1.000000e+00   5.669816e-01   3.780784e-02   1.642149e-01   1.000000e+00   6.270627e-01   4.262018e-01   4.980842e-01   5.002627e-01   5.047144e-01   5.032997e-01   5.015582e-01   5.016660e-01   5.077344e-01   4.979131e-01   5.032787e-01   5.027929e-01
   9.901998e-01   6.196345e-01   1.628427e-01   3.103937e-01   9.929429e-01   1.467812e-01   4.404646e-01   1.378164e-01   1.000000e+00   5.000590e-01   4.962631e-01   5.035982e-01   5.033166e-01   5.047023e-01   4.954521e-01   4.834151e-01   5.080575e-01   5.272464e-01   4.974838e-01
   7.557718e-01   6.240662e-01   9.904434e-01   5.085347e-01   2.017987e-01   9.930848e-01   1.000000e+00   1.346847e-01   4.596357e-01   5.011247e-01   5.052523e-01   5.061544e-01   5.018730e-01   4.985680e-01   4.946319e-01   5.094435e-01   4.990387e-01   4.958747e-01   4.936563e-01
   8.700587e-01   6.621001e-01   7.984653e-01   3.879967e-01   2.184676e-01   9.965116e-01   8.624969e-01   6.641582e-02   3.540039e-01   4.975611e-01   4.926838e-01   4.988232e-01   5.015310e-01   5.123302e-01   4.973570e-01   4.991417e-01   5.081790e-01   5.003097e-01   5.046006e-01
   4.696923e-02   3.896929e-01   9.052009e-01   9.329946e-02   2.165720e-01   1.660730e-02   3.355514e-01   9.877973e-01   3.722366e-01   4.697444e-01   5.121306e-01   4.983389e-01   5.195499e-01   4.577418e-01   4.941694e-01   5.033939e-01   4.879999e-01   4.582372e-01   5.477310e-01
   8.335809e-01   6.199697e-01   2.745104e-01   5.698099e-01   9.965020e-01   1.000000e+00   9.679200e-01   5.710080e-01   8.520222e-01   5.002136e-01   4.998355e-01   5.046928e-01   5.013627e-01   5.012799e-01   4.967517e-01   5.053307e-01   5.074863e-01   4.997731e-01   5.038961e-01
   1.036144e-01   8.495970e-01   1.742506e-01   5.927400e-01   8.413715e-01   1.197457e-01   9.878821e-01   1.000000e+00   3.420526e-01   4.976148e-01   5.003255e-01   4.996434e-01   5.027686e-01   5.027511e-01   5.025562e-01   5.012802e-01   5.006549e-01   4.978522e-01   5.045317e-01
   7.873176e-01   6.859963e-01   7.942451e-01   5.232177e-01   8.772145e-01   9.878694e-01   3.468473e-02   5.537116e-03   4.957645e-01   4.977256e-01   4.963565e-01   5.020804e-01   5.012744e-01   4.986966e-01   4.962271e-01   5.021236e-01   4.976035e-01   4.996741e-01   5.045499e-01
   9.908327e-01   6.222721e-01   8.649286e-01   4.730508e-01   1.961620e-01   3.085819e-02   9.931815e-01   5.747089e-01   4.181310e-01   4.974441e-01   4.933553e-01   5.001448e-01   5.022781e-01   5.038060e-01   4.526332e-01   5.363402e-01   5.084560e-01   5.095043e-01   5.025212e-01
   7.724601e-01   8.661411e-01   2.541482e-01   1.346679e-01   8.621523e-01   1.191529e-01   7.079149e-01   7.801181e-03   9.878713e-01   5.028816e-01   4.924612e-01   4.997182e-01   5.013699e-01   4.965765e-01   5.074476e-01   5.019218e-01   4.967647e-01   5.005626e-01   5.030633e-01
   2.909852e-03   4.431139e-01   7.581061e-01   6.027132e-01   9.905766e-01   9.931891e-01   8.502579e-01   1.000000e+00   5.557082e-01   4.941809e-01   4.302111e-01   5.193168e-01   4.386879e-01   5.015713e-01   4.931971e-01   6.326818e-01   5.007301e-01   5.033929e-01   5.034244e-01
   8.149653e-01   9.906748e-01   2.631257e-01   9.931333e-01   8.428471e-01   1.853533e-01   1.000000e+00   2.076121e-01   5.067942e-01   5.067931e-01   5.008338e-01   4.998657e-01   5.032796e-01   4.981533e-01   4.834694e-01   5.006755e-01   5.143449e-01   5.006160e-01   5.050815e-01
   9.878631e-01   6.428581e-01   2.784245e-01   4.786454e-01   7.242619e-01   1.654406e-01   4.125943e-02   5.820607e-01   1.000000e+00   5.011418e-01   4.903133e-01   4.997832e-01   5.012884e-01   5.013868e-01   5.035482e-01   5.058555e-01   5.014355e-01   4.877560e-01   5.035143e-01
   8.175764e-01   6.841713e-01   3.067390e-01   9.909592e-01   9.929436e-01   8.803310e-02   9.109928e-01   7.763312e-01   4.354741e-01   5.003978e-01   5.133333e-01   5.019070e-01   4.909124e-01   4.985822e-01   4.967595e-01   5.004844e-01   5.105619e-01   5.018163e-01   5.024104e-01
   6.424379e-01   6.528359e-01   8.641060e-01   6.133247e-01   1.950797e-01   9.878642e-01   5.438711e-02   8.645523e-01   1.000000e+00   5.016533e-01   4.921526e-01   4.983823e-01   5.039550e-01   4.993874e-01   4.889856e-01   4.884541e-01   4.997300e-01   5.013865e-01   5.025895e-01
   1.413136e-02   6.717763e-01   3.134571e-01   8.210739e-02   9.965021e-01   3.418859e-02   7.116770e-01   1.000000e+00   9.634764e-01   4.975440e-01   4.937512e-01   4.997523e-01   5.039626e-01   4.994614e-01   5.044607e-01   5.022202e-01   4.969005e-01   5.068892e-01   5.053978e-01
   0.000000e+00   6.392083e-01   9.965129e-01   5.145395e-01   7.638081e-01   1.904895e-01   7.128857e-01   1.000000e+00   1.000000e+00   5.015798e-01   4.903678e-01   4.980715e-01   4.922153e-01   4.976051e-01   4.946376e-01   4.803685e-01   4.966221e-01   5.052881e-01   4.978543e-01
   0.000000e+00   4.114671e-01   8.155720e-01   3.829187e-01   9.905766e-01   9.931891e-01   8.502579e-01   4.343088e-01   5.557082e-01   4.941809e-01   5.002393e-01   4.451523e-01   4.392164e-01   4.979341e-01   5.036875e-01   6.299414e-01   5.006755e-01   5.034082e-01   5.034246e-01
   6.967455e-01   9.878643e-01   1.608094e-01   5.345479e-01   8.325683e-01   3.288694e-02   1.000000e+00   1.152055e-01   4.691584e-01   4.961501e-01   4.976468e-01   5.028679e-01   5.037539e-01   5.016660e-01   4.960190e-01   5.006849e-01   4.969082e-01   5.016863e-01   5.023368e-01
   8.459199e-01   6.631117e-01   8.949810e-01   9.965065e-01   8.617616e-01   2.418354e-02   8.697445e-01   2.102643e-01   5.857565e-01   4.976174e-01   4.996254e-01   4.993389e-01   5.037543e-01   5.020451e-01   5.024527e-01   4.990249e-01   5.109781e-01   5.242113e-01   5.023221e-01
   9.984925e-01   9.875630e-01   9.895379e-01   5.528136e-01   9.889859e-01   1.446320e-01   9.715973e-01   9.896441e-01   9.901578e-01   5.331387e-01   4.804740e-01   4.610889e-01   4.963874e-01   4.818206e-01   4.937882e-01   5.035746e-01   5.093282e-01   5.088290e-01   4.632508e-01
   8.407014e-01   8.786247e-01   1.815988e-01   8.731699e-02   9.878713e-01   9.426334e-02   8.699273e-01   6.951247e-02   1.000000e+00   4.976361e-01   5.001584e-01   4.996436e-01   4.970618e-01   4.973667e-01   5.005772e-01   5.013010e-01   5.024098e-01   5.013943e-01   5.045316e-01
   8.588951e-01   6.269338e-01   2.884074e-01   5.040130e-01   9.965020e-01   4.093643e-02   1.000000e+00   1.105205e-01   9.924850e-01   4.955897e-01   4.914135e-01   4.982511e-01   5.015754e-01   4.949333e-01   4.853399e-01   4.964894e-01   4.968800e-01   5.002567e-01   5.026522e-01
   8.673062e-01   9.986450e-01   9.876921e-01   9.869379e-01   5.605107e-01   1.856674e-01   9.887067e-01   9.933960e-01   9.926554e-01   4.441851e-01   5.039115e-01   4.995901e-01   5.012965e-01   4.945523e-01   4.835466e-01   5.075432e-01   5.143433e-01   5.257900e-01   5.053998e-01
   9.899021e-01   6.271451e-01   3.014039e-01   9.932364e-01   7.013196e-01   1.000000e+00   9.979586e-01   1.000000e+00   9.046748e-01   4.847776e-01   5.007542e-01   4.997850e-01   5.034784e-01   5.063847e-01   4.971271e-01   5.070155e-01   5.011430e-01   4.997482e-01   5.114485e-01
   9.965254e-01   6.380640e-01   7.472650e-01   8.818685e-02   7.706752e-01   1.000000e+00   9.007368e-02   8.823446e-01   9.977976e-01   4.974183e-01   4.934499e-01   4.995633e-01   5.030627e-01   4.986674e-01   4.951367e-01   5.067716e-01   5.045910e-01   4.980813e-01   5.027131e-01
   7.877670e-01   3.752669e-01   8.075624e-01   9.878782e-01   6.772669e-01   2.480105e-01   1.594864e-01   1.000000e+00   1.000000e+00   5.069609e-01   4.994975e-01   5.047617e-01   5.038232e-01   4.993666e-01   5.044351e-01   5.063324e-01   4.969735e-01   5.059384e-01   5.027938e-01
   9.965051e-01   7.077912e-01   6.371708e-01   6.184245e-01   7.707486e-01   3.785822e-02   1.000000e+00   6.336606e-01   1.000000e+00   4.857688e-01   4.906287e-01   5.042162e-01   4.703900e-01   5.020671e-01   4.838564e-01   4.875126e-01   4.863368e-01   5.014954e-01   5.035322e-01
   3.614042e-02   6.370479e-01   9.878744e-01   1.000000e+00   8.766775e-01   0.000000e+00   8.012661e-01   7.008305e-01   1.000000e+00   5.016747e-01   4.963496e-01   5.027218e-01   5.036532e-01   4.987070e-01   4.964459e-01   5.057417e-01   4.975019e-01   4.957066e-01   5.027245e-01
   8.326722e-01   9.908324e-01   8.545995e-01   5.456265e-01   6.416934e-01   9.374256e-02   9.928630e-01   1.000000e+00   1.000000e+00   5.068759e-01   5.050091e-01   5.021171e-01   4.886756e-01   5.002863e-01   5.036182e-01   5.082676e-01   4.840179e-01   5.063008e-01   5.111287e-01
   5.647837e-02   6.142548e-01   7.597600e-01   5.073673e-01   9.965020e-01   3.296435e-02   8.321916e-01   3.893418e-02   3.238636e-01   5.023859e-01   4.958544e-01   4.980417e-01   5.017333e-01   4.984446e-01   5.019468e-01   4.963144e-01   4.963645e-01   4.999072e-01   5.034963e-01
   7.725142e-01   4.307299e-01   2.770756e-01   9.965038e-01   1.990251e-01   1.000000e+00   1.481903e-03   1.000000e+00   9.895155e-01   5.027532e-01   5.004696e-01   5.031419e-01   5.016639e-01   4.988666e-01   4.933826e-01   5.005486e-01   4.927018e-01   5.031203e-01   5.054233e-01
   8.670450e-01   6.395783e-01   8.693951e-01   1.000000e+00   1.000000e+00   2.606447e-01   5.033274e-02   6.273221e-01   1.000000e+00   4.988765e-01   4.924952e-01   4.981717e-01   4.968889e-01   5.004630e-01   5.038527e-01   5.036928e-01   4.969102e-01   5.035815e-01   5.027007e-01
   8.488487e-01   9.878643e-01   8.635446e-01   5.284982e-01   8.322610e-01   1.000000e+00   9.942877e-01   1.102684e-01   2.659991e-01   5.010060e-01   4.973355e-01   4.998453e-01   5.006297e-01   5.029024e-01   4.960831e-01   5.021825e-01   4.969033e-01   5.006263e-01   5.038389e-01
   9.965054e-01   7.077912e-01   8.653890e-01   1.000000e+00   2.261964e-01   1.807271e-01   9.952855e-01   6.401979e-01   5.600466e-01   5.013868e-01   5.158770e-01   4.998325e-01   5.002418e-01   5.020860e-01   4.841091e-01   5.018857e-01   5.112716e-01   4.964938e-01   5.034574e-01
   8.267907e-01   6.813373e-01   8.498742e-01   9.878348e-01   1.891744e-01   1.190402e-01   4.177260e-02   4.896896e-01   9.288016e-01   4.979907e-01   5.045606e-01   5.028998e-01   4.910440e-01   4.937355e-01   5.045116e-01   4.779272e-01   5.005708e-01   5.093277e-01   5.027091e-01
   5.320751e-02   9.211441e-01   8.886855e-01   5.075920e-01   9.906956e-01   9.924827e-01   1.237175e-01   2.410261e-01   1.000000e+00   4.964184e-01   5.088529e-01   4.939776e-01   5.155604e-01   4.981657e-01   5.536004e-01   5.044772e-01   4.967554e-01   5.094521e-01   4.969693e-01
   0.000000e+00   6.146029e-01   9.965129e-01   5.095500e-01   1.920012e-01   4.621037e-02   3.571910e-02   6.417009e-01   7.239210e-01   4.962222e-01   4.999095e-01   4.941336e-01   4.929908e-01   5.007969e-01   4.946454e-01   5.007830e-01   5.005502e-01   5.027298e-01   5.023752e-01
   9.965051e-01   6.619079e-01   2.669271e-01   3.888987e-01   2.298063e-01   1.906364e-01   1.189135e-01   6.080031e-01   3.232433e-01   5.029658e-01   4.959625e-01   4.983070e-01   5.015245e-01   5.020668e-01   4.839457e-01   4.991869e-01   4.963620e-01   5.002822e-01   5.082231e-01
   8.713263e-01   9.965072e-01   8.754296e-01   8.697062e-01   8.658089e-01   1.000000e+00   5.796725e-02   9.886809e-01   2.578412e-01   5.008610e-01   4.994386e-01   5.058173e-01   5.010513e-01   5.000423e-01   4.141975e-01   4.983713e-01   5.012682e-01   5.024469e-01   5.026892e-01
   6.135739e-03   8.051385e-01   2.639270e-01   5.058721e-01   9.965020e-01   1.362346e-01   8.190419e-01   1.105205e-01   1.000000e+00   4.826265e-01   5.005482e-01   4.986522e-01   5.092817e-01   4.948877e-01   4.963286e-01   4.984413e-01   4.974914e-01   5.002376e-01   5.025426e-01
   8.670450e-01   1.000000e+00   8.731095e-01   5.418907e-01   2.119285e-01   2.542852e-01   1.619544e-01   6.368862e-01   9.999788e-01   4.952634e-01   4.914840e-01   5.002236e-01   5.011020e-01   5.012934e-01   5.038832e-01   4.988856e-01   4.969102e-01   5.062993e-01   5.031156e-01
   9.878631e-01   8.711984e-01   1.967571e-01   1.000000e+00   9.313986e-01   3.548366e-02   3.103255e-02   9.034116e-01   9.921949e-01   4.986160e-01   4.951242e-01   5.028719e-01   5.022436e-01   4.999345e-01   5.026607e-01   4.986945e-01   4.955584e-01   5.033506e-01   5.029858e-01
   6.077119e-01   6.345620e-01   9.878741e-01   8.672486e-01   8.327496e-01   1.789227e-02   8.190646e-01   6.253100e-01   4.521900e-01   4.955700e-01   5.061265e-01   5.028700e-01   5.033998e-01   4.999732e-01   5.067987e-01   4.978021e-01   4.976856e-01   5.012940e-01   5.091998e-01
   1.270071e-01   9.878640e-01   8.277204e-01   4.914588e-01   8.004987e-01   8.644071e-02   1.234114e-01   8.754537e-02   1.000000e+00   4.901693e-01   4.932317e-01   5.029523e-01   5.195882e-01   5.012684e-01   4.950562e-01   4.995072e-01   4.963179e-01   4.857158e-01   5.031920e-01
