   2.230963e-09   0.000000e+00   7.468150e-01   0.000000e+00   0.000000e+00   8.367078e-10   0.000000e+00   7.160580e-07   1.120217e-06   9.907302e-07   2.362605e-08   2.080468e-10   3.661382e-09   1.894450e-05   0.000000e+00   5.472518e-09   9.010859e-06
   0.000000e+00   2.156397e-01   8.508525e-03   0.000000e+00   0.000000e+00   1.099579e-08   2.398702e-01   1.151211e-06   3.619069e-06   3.494939e-06   3.696514e-09   6.414886e-08   3.945917e-07   1.826202e-07   3.306127e-07   3.991340e-07   8.179786e-09
   2.871169e-07   1.660939e-06   0.000000e+00   7.861506e-01   0.000000e+00   7.817592e-01   0.000000e+00   8.500687e-05   1.210807e-06   7.497214e-07   3.505336e-09   1.379308e-07   1.052337e-08   0.000000e+00   4.237814e-05   3.130815e-07   3.333902e-09
   2.230963e-09   3.528450e-06   7.468150e-01   0.000000e+00   0.000000e+00   0.000000e+00   1.003487e-07   7.211750e-07   1.120217e-06   9.907302e-07   2.763868e-08   2.579880e-07   7.055956e-09   1.894450e-05   2.998729e-07   5.472518e-09   9.010859e-06
   1.781621e-08   0.000000e+00   2.906582e-04   5.042942e-01   8.236841e-04   7.688871e-01   1.012221e-04   2.563416e-06   1.147307e-06   2.794523e-08   2.208829e-12   2.235636e-07   1.835764e-05   6.761611e-08   3.013530e-05   1.132722e-05   0.000000e+00
   0.000000e+00   0.000000e+00   0.000000e+00   0.000000e+00   0.000000e+00   3.137555e-08   1.121621e-07   1.005739e-06   1.649524e-08   6.994398e-07   0.000000e+00   6.365385e-08   9.354866e-07   0.000000e+00   3.306127e-07   3.807414e-07   2.686925e-08
   0.000000e+00   0.000000e+00   0.000000e+00   4.087030e-07   6.411211e-07   7.475429e-01   0.000000e+00   4.196974e-07   1.179093e-06   0.000000e+00   2.116710e-07   6.014887e-07   1.841853e-05   3.638356e-07   1.067771e-05   3.955986e-07   6.365860e-11
   2.981759e-01   0.000000e+00   9.185684e-03   2.244039e-01   0.000000e+00   8.775370e-03   2.693948e-03   1.508296e-06   3.714273e-02   3.310533e-06   8.790331e-09   2.351747e-11   1.185087e-08   4.703091e-04   8.026816e-08   3.675401e-07   5.708593e-10
   0.000000e+00   0.000000e+00   8.126066e-07   0.000000e+00   0.000000e+00   0.000000e+00   1.121621e-07   1.005739e-06   1.750256e-08   6.994398e-07   0.000000e+00   6.403680e-08   9.354866e-07   0.000000e+00   4.005977e-07   1.603271e-07   2.686925e-08
   2.150534e-09   7.573453e-01   0.000000e+00   6.002010e-11   0.000000e+00   1.119149e-09   0.000000e+00   7.179574e-07   2.828815e-07   0.000000e+00   2.357150e-08   0.000000e+00   3.622321e-09   0.000000e+00   1.061355e-06   3.767601e-09   8.593958e-07
   6.440134e-07   4.470660e-03   1.934836e-01   2.347269e-01   0.000000e+00   2.062269e-08   6.741524e-05   6.989363e-07   0.000000e+00   0.000000e+00   3.397065e-09   6.386780e-08   3.995731e-08   7.044145e-07   2.321340e-06   3.452676e-07   0.000000e+00
   7.552555e-07   1.402769e-05   1.261181e-06   2.299141e-01   9.510772e-09   0.000000e+00   0.000000e+00   6.601536e-07   4.964996e-06   0.000000e+00   8.949935e-09   2.085356e-11   9.507158e-08   5.748317e-09   8.134803e-07   4.065785e-07   2.914190e-09
   6.992279e-07   0.000000e+00   2.348730e-01   0.000000e+00   2.428088e-05   0.000000e+00   0.000000e+00   9.814735e-06   1.355286e-06   0.000000e+00   4.181852e-09   7.584189e-10   9.919018e-08   1.171670e-06   2.337175e-06   0.000000e+00   0.000000e+00
   0.000000e+00   0.000000e+00   1.886534e-01   0.000000e+00   0.000000e+00   2.074609e-01   2.297658e-01   0.000000e+00   1.576178e-06   6.382658e-08   1.021292e-08   4.404571e-08   5.682846e-06   7.652005e-06   0.000000e+00   3.334918e-07   0.000000e+00
   1.161369e-04   4.834888e-06   3.607435e-07   8.111125e-05   0.000000e+00   1.678912e-08   7.395803e-01   6.401211e-07   0.000000e+00   3.664679e-06   1.098843e-08   2.212940e-08   9.860091e-09   0.000000e+00   4.880021e-07   4.599972e-06   2.553737e-06
   7.378833e-05   0.000000e+00   0.000000e+00   2.167177e-01   0.000000e+00   3.197393e-07   2.678983e-01   9.822828e-06   1.038847e-06   7.527270e-07   1.414643e-10   6.381826e-08   3.670392e-07   5.981375e-09   5.877223e-05   2.553436e-07   1.712070e-05
   0.000000e+00   0.000000e+00   0.000000e+00   6.172666e-11   0.000000e+00   3.266473e-07   8.114344e-09   1.151211e-06   0.000000e+00   6.994398e-07   3.511976e-09   6.365385e-08   3.732881e-07   0.000000e+00   3.128706e-07   3.671534e-07   2.713414e-08
   1.161369e-04   4.247290e-06   0.000000e+00   0.000000e+00   2.675221e-01   2.367551e-07   8.177018e-01   1.509046e-06   1.987585e-06   6.271105e-06   9.160763e-07   0.000000e+00   1.371008e-10   2.781785e-05   5.103569e-07   3.555656e-07   4.235422e-08
   2.150534e-09   7.573453e-01   0.000000e+00   0.000000e+00   0.000000e+00   0.000000e+00   1.040478e-07   7.179574e-07   2.828815e-07   0.000000e+00   2.357150e-08   0.000000e+00   3.622321e-09   0.000000e+00   1.079097e-06   1.735558e-08   8.593958e-07
   1.180728e-01   6.078109e-05   0.000000e+00   0.000000e+00   0.000000e+00   3.137555e-08   1.121621e-07   9.554634e-07   0.000000e+00   6.910052e-07   3.933555e-08   0.000000e+00   9.354866e-07   0.000000e+00   3.335977e-07   3.807414e-07   2.686925e-08
   7.214876e-06   7.727422e-04   2.776666e-03   0.000000e+00   1.520729e-08   1.649550e-08   7.397142e-01   1.273837e-06   0.000000e+00   3.918114e-05   3.180729e-09   2.252566e-07   0.000000e+00   5.391659e-07   0.000000e+00   1.133378e-05   6.980755e-08
   1.152584e-01   0.000000e+00   3.132717e-05   0.000000e+00   2.387892e-01   0.000000e+00   0.000000e+00   7.707100e-05   1.168317e-03   5.347869e-06   3.279466e-09   1.668721e-07   4.000981e-07   0.000000e+00   7.003466e-07   1.396403e-04   1.932771e-08
   0.000000e+00   0.000000e+00   0.000000e+00   0.000000e+00   0.000000e+00   3.218192e-07   1.121621e-07   1.151211e-06   0.000000e+00   0.000000e+00   3.511976e-09   6.365385e-08   3.861794e-07   0.000000e+00   3.313431e-07   3.807414e-07   7.169913e-08
   1.767739e-08   7.276934e-01   7.515015e-01   0.000000e+00   0.000000e+00   0.000000e+00   0.000000e+00   6.953856e-07   1.120217e-06   2.689982e-05   2.310292e-08   6.630846e-10   7.475096e-11   1.894450e-05   5.981866e-08   4.334876e-07   9.010859e-06
   7.258806e-06   0.000000e+00   3.362363e-01   1.306717e-03   2.523325e-01   0.000000e+00   0.000000e+00   1.691818e-08   1.776602e-07   2.537356e-06   0.000000e+00   1.359383e-08   0.000000e+00   1.375072e-05   3.827145e-07   4.264022e-08   1.178030e-03
   1.718314e-03   6.826661e-01   2.512684e-01   0.000000e+00   2.912011e-01   3.378170e-07   3.344047e-04   1.150980e-06   4.816202e-06   0.000000e+00   7.430753e-11   6.606459e-10   0.000000e+00   4.455199e-06   1.060227e-06   3.521818e-07   0.000000e+00
   6.162020e-07   2.646582e-01   0.000000e+00   2.370181e-01   2.472967e-01   2.021002e-01   1.104480e-08   1.002445e-05   1.290531e-03   0.000000e+00   5.762203e-05   1.445511e-08   0.000000e+00   7.336415e-07   4.505491e-05   1.024779e-08   2.015114e-08
   1.089166e-08   7.399421e-01   5.243355e-03   0.000000e+00   0.000000e+00   7.865802e-01   1.018279e-07   6.096453e-07   4.664576e-07   0.000000e+00   3.599684e-09   4.869836e-11   0.000000e+00   0.000000e+00   1.109941e-05   4.056672e-07   6.188561e-11
   2.009017e-09   0.000000e+00   8.118294e-01   0.000000e+00   3.892460e-09   8.403262e-10   2.666232e-01   1.006108e-06   1.750256e-08   7.116507e-07   7.405650e-09   9.621108e-03   1.195292e-07   0.000000e+00   4.005977e-07   1.603271e-07   1.817993e-05
   7.427377e-05   0.000000e+00   2.541646e-01   6.792605e-03   0.000000e+00   7.956170e-10   2.915516e-01   5.296786e-07   5.015623e-06   3.731966e-06   2.716605e-10   6.608505e-10   3.352673e-09   5.624836e-09   5.783909e-05   2.642209e-07   1.773134e-05
   1.180728e-01   6.078109e-05   3.491429e-07   0.000000e+00   0.000000e+00   3.109455e-08   1.121621e-07   9.556427e-07   0.000000e+00   6.741244e-07   4.907235e-11   0.000000e+00   9.354866e-07   1.386629e-09   4.103199e-07   3.807414e-07   8.885380e-10
   2.150534e-09   0.000000e+00   0.000000e+00   6.002010e-11   0.000000e+00   1.119149e-09   0.000000e+00   7.179574e-07   7.187679e-08   0.000000e+00   2.365184e-08   0.000000e+00   3.622321e-09   0.000000e+00   1.061355e-06   4.134063e-07   5.971805e-08
   1.160053e-01   0.000000e+00   2.884857e-09   6.233267e-01   3.505271e-01   2.159851e-01   1.614862e-04   8.697148e-07   3.375122e-05   0.000000e+00   3.930820e-09   1.876406e-05   1.660594e-05   6.181300e-04   3.785147e-07   3.454212e-07   3.058642e-06
   0.000000e+00   7.573453e-01   0.000000e+00   7.451435e-01   0.000000e+00   5.883476e-04   0.000000e+00   7.179574e-07   2.397330e-07   7.118198e-07   2.400396e-08   0.000000e+00   3.665088e-09   0.000000e+00   8.278909e-07   0.000000e+00   8.593958e-07
   2.231360e-11   3.065127e-01   2.409299e-01   0.000000e+00   1.833473e-02   0.000000e+00   1.194020e-07   1.086537e-06   0.000000e+00   2.052676e-05   0.000000e+00   4.388176e-08   0.000000e+00   3.044320e-09   1.060399e-06   3.521820e-07   7.374270e-08
   0.000000e+00   3.257869e-05   8.118294e-01   5.190892e-04   2.840581e-01   2.416285e-07   3.021583e-01   1.493634e-06   5.824103e-05   4.908168e-07   6.168579e-09   6.316338e-08   9.175524e-07   4.049437e-06   6.310775e-07   6.108259e-06   2.686925e-08
   1.287994e-01   3.387466e-02   0.000000e+00   2.291606e-01   1.450849e-08   0.000000e+00   3.290671e-05   9.822828e-06   1.057793e-06   3.222893e-06   7.968093e-11   8.963288e-10   1.210781e-07   5.273469e-07   5.946333e-05   3.862336e-07   9.301295e-06
   5.625548e-08   6.614124e-05   1.067406e-04   0.000000e+00   3.377692e-05   7.801517e-01   7.748687e-01   7.051983e-07   1.340542e-06   0.000000e+00   2.368846e-08   0.000000e+00   0.000000e+00   0.000000e+00   4.632190e-05   3.956262e-04   8.833301e-06
   1.148266e-04   3.169414e-01   8.319744e-05   0.000000e+00   1.481832e-08   2.367551e-07   8.015291e-01   1.002198e-06   0.000000e+00   2.470694e-06   6.317573e-09   0.000000e+00   9.695244e-09   0.000000e+00   6.394589e-07   3.780304e-04   2.566092e-06
   1.750248e-08   7.467491e-01   0.000000e+00   0.000000e+00   2.106942e-08   3.362719e-01   1.121941e-07   8.034697e-05   3.506246e-09   1.938616e-03   3.705613e-09   0.000000e+00   2.151962e-07   4.498254e-11   3.481319e-05   3.611096e-07   0.000000e+00
   1.271812e-01   3.387466e-02   0.000000e+00   7.328451e-01   1.950130e-10   1.275056e-02   0.000000e+00   4.150628e-02   1.057793e-06   8.554152e-07   7.968093e-11   8.963288e-10   1.210781e-07   0.000000e+00   3.264214e-06   3.862336e-07   9.301295e-06
   1.228584e-04   4.850386e-06   3.607435e-07   2.417730e-01   2.446901e-01   3.298304e-10   0.000000e+00   1.029887e-05   1.134391e-08   1.671509e-06   5.650174e-05   2.212940e-08   9.860091e-09   7.513315e-07   4.488687e-07   4.181717e-06   2.553737e-06
   3.377710e-09   2.638523e-01   3.089075e-01   4.977614e-02   0.000000e+00   2.218223e-01   0.000000e+00   3.239894e-06   1.178982e-06   4.246406e-05   4.227895e-05   6.182470e-07   2.799491e-07   7.360504e-07   1.109547e-05   2.333423e-08   6.993437e-09
   1.865851e-03   1.403267e-05   1.261181e-06   2.299141e-01   6.591744e-09   2.978494e-01   0.000000e+00   6.601536e-07   4.964996e-06   0.000000e+00   8.949935e-09   1.270183e-08   9.507158e-08   5.748317e-09   8.134803e-07   4.098753e-07   2.914190e-09
   1.181455e-04   4.850386e-06   3.200921e-01   7.669898e-01   1.447305e-03   3.298303e-10   4.999116e-02   6.748130e-06   1.134740e-08   3.664679e-06   5.885805e-04   2.212940e-08   6.490501e-09   0.000000e+00   4.488687e-07   4.159131e-06   2.657858e-06
   6.163689e-07   2.156397e-01   8.300898e-01   0.000000e+00   0.000000e+00   7.976656e-01   2.940064e-02   0.000000e+00   1.119536e-07   1.183363e-03   3.468648e-09   6.447992e-08   3.945917e-07   1.826202e-07   2.945448e-07   3.098179e-07   8.510350e-09
   0.000000e+00   7.755490e-01   7.522010e-05   1.264613e-05   2.829926e-03   3.335550e-01   3.017434e-01   1.290460e-06   2.025132e-06   3.627024e-06   4.135882e-08   1.978857e-05   2.129007e-07   3.858052e-07   6.667000e-07   3.839784e-04   2.859892e-06
   1.229582e-01   4.715855e-03   4.485253e-03   4.081666e-05   0.000000e+00   7.605709e-01   8.921748e-05   9.393457e-06   1.120217e-06   1.456666e-07   1.367617e-09   2.636381e-07   0.000000e+00   1.890156e-05   3.630198e-07   5.436471e-09   9.022371e-06
   0.000000e+00   0.000000e+00   2.533427e-01   1.346323e-02   4.729655e-01   5.949591e-07   0.000000e+00   6.290328e-07   1.343509e-06   1.604169e-03   8.499648e-09   3.195215e-08   1.224633e-07   5.305807e-06   3.207348e-05   3.241995e-07   1.984506e-03
   0.000000e+00   0.000000e+00   0.000000e+00   4.087030e-07   6.411211e-07   7.482389e-01   0.000000e+00   2.469198e-06   1.179416e-06   0.000000e+00   2.116710e-07   6.014887e-07   1.841853e-05   3.798643e-07   3.013099e-05   4.533046e-07   6.365860e-11
   2.054771e-08   3.504771e-05   0.000000e+00   1.930253e-04   7.453512e-01   3.460631e-01   3.515916e-07   8.727971e-06   7.716268e-07   4.446945e-06   1.935207e-08   9.462399e-07   0.000000e+00   0.000000e+00   1.182493e-03   2.222506e-08   0.000000e+00
   1.574520e-01   7.527071e-01   2.544296e-01   2.380370e-03   0.000000e+00   7.956170e-10   2.915516e-01   1.021676e-06   5.015623e-06   3.731966e-06   2.355243e-09   2.777244e-14   4.767694e-09   3.066039e-11   4.727517e-08   2.640465e-07   1.773305e-05
   6.525837e-07   4.724111e-03   7.839934e-01   6.199594e-03   0.000000e+00   3.224993e-01   3.250604e-03   7.943356e-05   0.000000e+00   2.831711e-05   9.296743e-10   1.640948e-07   4.076442e-08   2.870847e-09   2.922441e-07   2.506370e-03   0.000000e+00
   0.000000e+00   0.000000e+00   1.083395e-01   0.000000e+00   2.905554e-01   2.174110e-01   2.297658e-01   0.000000e+00   5.022583e-06   9.200705e-06   8.814015e-09   3.289915e-08   0.000000e+00   5.452793e-06   2.833042e-08   3.527009e-07   9.748253e-05
   0.000000e+00   0.000000e+00   1.957157e-06   6.015541e-01   0.000000e+00   0.000000e+00   1.121621e-07   2.573989e-06   0.000000e+00   6.994398e-07   0.000000e+00   6.403680e-08   7.823597e-07   0.000000e+00   4.005977e-07   1.278486e-07   2.558400e-08
   1.880535e-08   0.000000e+00   2.650885e-04   5.940696e-01   0.000000e+00   0.000000e+00   1.012221e-04   3.472052e-07   1.520437e-03   9.841045e-07   7.802090e-09   2.236010e-07   1.856773e-05   6.761611e-08   3.097395e-05   1.423552e-06   0.000000e+00
   1.470829e-06   0.000000e+00   2.530521e-01   0.000000e+00   4.013360e-04   4.623684e-07   0.000000e+00   9.067570e-06   4.009057e-05   7.502472e-07   3.940187e-08   6.279244e-10   1.058858e-08   3.788707e-05   5.643491e-05   2.642209e-07   1.773305e-05
   1.160053e-01   2.595452e-01   2.884857e-09   2.319934e-01   3.521989e-01   2.022452e-01   0.000000e+00   1.042419e-05   0.000000e+00   0.000000e+00   5.639074e-05   1.876406e-05   1.549746e-05   6.112848e-04   4.513968e-05   3.451660e-07   3.058642e-06
   2.016142e-09   3.599824e-03   8.068425e-05   0.000000e+00   0.000000e+00   0.000000e+00   4.194271e-01   8.186610e-07   4.889096e-06   3.473178e-09   2.018241e-08   0.000000e+00   1.467824e-02   1.104466e-08   3.105699e-05   3.499742e-07   2.735505e-06
   2.391847e-08   1.929464e-01   2.541282e-09   0.000000e+00   1.008716e-04   0.000000e+00   1.140572e-08   4.739574e-07   6.010232e-05   0.000000e+00   2.389608e-08   0.000000e+00   5.268301e-08   0.000000e+00   6.831379e-06   4.167853e-07   6.027699e-08
   1.767739e-08   7.404106e-01   0.000000e+00   0.000000e+00   0.000000e+00   0.000000e+00   0.000000e+00   6.798669e-07   0.000000e+00   2.689982e-05   8.020493e-09   6.617225e-10   7.475096e-11   1.894450e-05   6.101492e-08   4.326954e-07   1.531216e-07
   1.696935e-03   0.000000e+00   3.132717e-05   0.000000e+00   2.387892e-01   0.000000e+00   2.512156e-01   7.707100e-05   1.168317e-03   7.221411e-07   2.369778e-08   0.000000e+00   7.464329e-09   0.000000e+00   7.003466e-07   1.396403e-04   1.932771e-08
   1.741515e-01   7.634978e-02   0.000000e+00   0.000000e+00   0.000000e+00   0.000000e+00   7.796146e-01   9.798281e-06   0.000000e+00   1.833539e-02   1.456222e-09   3.597019e-09   0.000000e+00   7.602422e-06   7.381962e-07   3.735665e-04   8.717594e-06
   1.577794e-01   2.160941e-01   7.394694e-03   8.690174e-03   0.000000e+00   0.000000e+00   2.677676e-01   1.011848e-06   0.000000e+00   3.494431e-06   8.553047e-09   2.351747e-11   4.724546e-09   4.619687e-04   3.379519e-07   3.700357e-07   3.853568e-10
   1.189998e-04   0.000000e+00   7.515015e-01   7.977597e-01   0.000000e+00   0.000000e+00   0.000000e+00   6.953856e-07   1.120217e-06   2.689982e-05   2.310292e-08   2.177115e-08   7.475096e-11   1.945799e-05   5.981866e-08   4.334876e-07   8.801173e-06
   1.176291e-01   0.000000e+00   3.132717e-05   0.000000e+00   2.150487e-01   7.864533e-01   0.000000e+00   4.732370e-05   1.168317e-03   5.347869e-06   3.496691e-09   1.666129e-07   4.112728e-07   0.000000e+00   7.003466e-07   1.396403e-04   1.932771e-08
   6.671241e-07   0.000000e+00   8.068425e-05   7.696541e-01   0.000000e+00   0.000000e+00   4.102936e-01   8.189258e-07   7.132366e-06   5.504812e-07   2.018241e-08   7.116143e-10   0.000000e+00   2.278380e-08   3.105699e-05   3.499742e-07   2.735505e-06
   1.135614e-01   6.459727e-05   2.113945e-03   0.000000e+00   0.000000e+00   8.453841e-10   8.338448e-04   1.079724e-07   3.283337e-05   5.611351e-06   3.811170e-09   1.675695e-07   3.926338e-07   7.992850e-07   4.092001e-07   1.408928e-06   0.000000e+00
   6.176041e-07   1.975751e-01   1.502405e-07   2.285489e-01   0.000000e+00   2.934293e-08   2.161859e-08   1.002445e-05   1.150388e-03   3.648382e-10   2.590658e-03   7.202477e-08   4.000981e-07   0.000000e+00   4.882227e-07   1.725532e-08   0.000000e+00
   2.230963e-09   0.000000e+00   7.202515e-01   0.000000e+00   0.000000e+00   8.367078e-10   6.707888e-09   5.872981e-07   6.620310e-07   0.000000e+00   2.362605e-08   2.080468e-10   1.200903e-07   1.894450e-05   0.000000e+00   6.856222e-09   8.990000e-06
   0.000000e+00   7.381584e-01   0.000000e+00   0.000000e+00   7.569404e-01   1.119149e-09   3.151493e-01   7.179574e-07   3.035105e-07   0.000000e+00   2.357150e-08   7.130614e-08   3.622321e-09   0.000000e+00   1.061355e-06   1.325581e-07   8.706671e-07
   1.156720e-04   0.000000e+00   3.576399e-07   2.167177e-01   1.052878e-04   3.197393e-07   7.407424e-01   9.747857e-06   1.028803e-06   3.762396e-06   1.704927e-10   4.584026e-09   0.000000e+00   1.770558e-06   5.641447e-05   2.540942e-07   1.695568e-05
   1.136895e-01   2.277229e-01   8.516570e-03   0.000000e+00   2.398995e-01   1.089420e-08   1.020510e-03   1.151211e-06   1.042032e-03   3.507858e-06   3.684289e-09   6.414886e-08   9.449592e-07   1.826202e-07   6.924436e-07   7.126087e-06   7.708970e-09
   0.000000e+00   0.000000e+00   0.000000e+00   0.000000e+00   0.000000e+00   2.070065e-01   2.295335e-01   0.000000e+00   1.649085e-06   3.221943e-05   1.021292e-08   4.404571e-08   5.584009e-06   0.000000e+00   3.014681e-07   3.334918e-07   0.000000e+00
   6.673634e-07   0.000000e+00   7.465766e-01   0.000000e+00   2.788585e-01   2.123075e-01   1.581110e-08   1.058675e-06   4.889307e-06   6.111493e-06   1.199327e-10   3.314818e-08   0.000000e+00   8.715084e-09   3.105699e-05   3.523230e-07   1.033076e-04
   1.788508e-01   1.432867e-05   2.206588e-01   0.000000e+00   0.000000e+00   1.901386e-09   1.146742e-07   8.583457e-07   6.796324e-05   7.759787e-08   1.101287e-08   3.049093e-09   5.037580e-06   1.647690e-08   3.123602e-07   3.865978e-07   5.906987e-08
   1.674397e-01   3.117181e-01   8.121278e-05   0.000000e+00   9.510772e-09   0.000000e+00   0.000000e+00   6.870817e-07   4.964996e-06   3.673773e-06   2.416810e-08   0.000000e+00   9.203392e-08   5.782859e-09   0.000000e+00   3.856803e-04   1.196317e-08
   8.194748e-04   0.000000e+00   2.678127e-01   6.233267e-01   9.995370e-04   3.029480e-01   8.274709e-01   8.551908e-07   3.327395e-05   0.000000e+00   5.087887e-11   1.306080e-05   1.687248e-05   6.181300e-04   3.795366e-07   0.000000e+00   3.034857e-06
   1.180728e-01   6.078109e-05   0.000000e+00   0.000000e+00   0.000000e+00   3.135928e-08   1.121621e-07   9.554634e-07   0.000000e+00   6.910052e-07   3.933555e-08   0.000000e+00   9.354866e-07   0.000000e+00   3.335977e-07   3.807414e-07   2.686925e-08
   1.694093e-03   0.000000e+00   3.190969e-05   0.000000e+00   2.387892e-01   0.000000e+00   2.512156e-01   7.498914e-05   1.211173e-03   7.221411e-07   3.682958e-09   2.242643e-07   7.464329e-09   0.000000e+00   7.003466e-07   1.396403e-04   1.932771e-08
   1.732703e-03   3.122594e-01   0.000000e+00   0.000000e+00   1.833473e-02   0.000000e+00   1.194020e-07   1.086537e-06   0.000000e+00   2.091100e-05   7.316689e-11   6.483012e-08   0.000000e+00   3.276597e-09   4.186484e-07   4.038526e-08   2.552744e-08
   6.380247e-07   2.023864e-04   0.000000e+00   1.117167e-05   1.590956e-01   0.000000e+00   2.402522e-06   8.534951e-06   4.906473e-06   9.310304e-10   1.110324e-08   0.000000e+00   4.414249e-08   1.728513e-09   3.172472e-05   2.758060e-07   2.691903e-06
   1.879617e-01   0.000000e+00   0.000000e+00   0.000000e+00   0.000000e+00   3.118296e-03   0.000000e+00   9.755703e-06   7.187679e-08   0.000000e+00   2.365184e-08   0.000000e+00   5.237237e-06   0.000000e+00   2.317862e-06   4.134063e-07   7.190284e-08
   1.151842e-01   2.523657e-06   9.961379e-06   7.353321e-03   3.295580e-07   2.813938e-01   2.858047e-01   1.010008e-06   1.745928e-09   6.936225e-07   3.985779e-08   0.000000e+00   2.646316e-03   5.688718e-12   2.409434e-06   3.747624e-07   0.000000e+00
   1.701992e-01   1.351719e-05   2.314912e-01   2.172751e-01   0.000000e+00   1.901386e-09   2.619691e-01   1.010809e-05   1.037854e-06   0.000000e+00   9.156699e-09   1.786506e-09   5.264209e-06   2.302669e-02   7.531885e-07   3.838659e-07   5.906987e-08
   1.750248e-08   7.539669e-01   2.146392e-01   0.000000e+00   0.000000e+00   3.362719e-01   1.141595e-07   4.109108e-05   2.511815e-09   0.000000e+00   8.887923e-10   0.000000e+00   0.000000e+00   0.000000e+00   2.650743e-05   3.825675e-09   0.000000e+00
   0.000000e+00   1.355278e-05   2.883604e-01   2.288599e-01   6.711490e-09   7.956170e-10   0.000000e+00   1.009664e-06   5.015623e-06   3.731966e-06   2.350028e-09   2.806708e-11   3.352673e-09   2.337640e-08   2.256381e-08   4.077411e-07   1.263184e-06
   0.000000e+00   8.725351e-03   1.306177e-06   2.298429e-01   3.060507e-01   7.598842e-01   0.000000e+00   1.331961e-07   1.408891e-06   0.000000e+00   4.217502e-10   1.828060e-05   2.546487e-06   0.000000e+00   8.334410e-07   3.900968e-07   0.000000e+00
   1.181455e-04   2.987270e-01   2.444282e-04   6.484682e-01   4.649998e-03   8.513348e-12   4.656591e-03   6.882728e-07   1.134391e-08   2.486784e-06   9.004663e-09   7.516056e-08   9.860091e-09   0.000000e+00   5.116902e-07   4.282520e-06   2.553737e-06
   1.180728e-01   0.000000e+00   0.000000e+00   0.000000e+00   0.000000e+00   3.137555e-08   2.388498e-01   9.554634e-07   3.313468e-06   6.910052e-07   3.933555e-08   0.000000e+00   3.851191e-07   0.000000e+00   3.335977e-07   8.940886e-08   2.648313e-08
   1.702267e-04   3.141569e-03   0.000000e+00   0.000000e+00   7.276743e-01   0.000000e+00   7.644441e-01   1.139824e-06   0.000000e+00   0.000000e+00   2.654506e-09   6.689573e-10   0.000000e+00   0.000000e+00   1.134871e-07   3.287367e-07   1.164991e-03
   8.092890e-04   2.633298e-01   2.582305e-01   6.174113e-01   3.505271e-01   2.159851e-01   1.614862e-04   1.021642e-06   3.931527e-05   3.613729e-06   4.695351e-10   1.876406e-05   0.000000e+00   3.795084e-05   3.785147e-07   3.488917e-07   3.058642e-06
   1.243115e-04   4.848431e-06   3.607435e-07   2.417730e-01   2.446901e-01   3.298304e-10   0.000000e+00   8.643297e-07   1.132515e-08   0.000000e+00   5.488334e-05   7.034094e-08   2.298766e-09   7.249980e-09   4.515931e-07   4.528422e-06   2.553737e-06
   1.803823e-01   3.136233e-01   2.314912e-01   0.000000e+00   5.524206e-10   2.289873e-07   1.146742e-07   1.010809e-05   1.376931e-06   0.000000e+00   6.249661e-09   1.751088e-09   3.613313e-09   0.000000e+00   3.120902e-07   3.865978e-07   5.071748e-08
   1.182060e-01   6.157811e-05   3.492071e-07   0.000000e+00   7.255776e-01   0.000000e+00   1.821980e-08   9.582252e-07   4.929068e-06   3.262578e-08   0.000000e+00   0.000000e+00   1.065873e-08   2.255960e-08   0.000000e+00   3.812798e-07   2.735505e-06
   1.940852e-01   1.531029e-03   0.000000e+00   1.700385e-03   0.000000e+00   6.967975e-01   0.000000e+00   9.650484e-06   1.164063e-07   0.000000e+00   1.920853e-06   0.000000e+00   3.864599e-07   6.161527e-03   9.606231e-07   3.923643e-07   7.062773e-08
   3.034097e-06   4.486215e-07   0.000000e+00   6.233267e-01   3.392048e-01   8.796976e-10   0.000000e+00   2.951579e-06   0.000000e+00   3.545474e-09   2.394564e-08   1.046947e-09   4.708157e-08   6.180490e-04   0.000000e+00   3.454212e-07   4.984698e-06
   1.161037e-01   0.000000e+00   0.000000e+00   0.000000e+00   0.000000e+00   2.084571e-01   0.000000e+00   1.043871e-05   1.120217e-06   3.286023e-08   0.000000e+00   2.080468e-10   0.000000e+00   6.367616e-04   0.000000e+00   6.255494e-09   3.137861e-06
   1.767739e-08   7.404106e-01   0.000000e+00   0.000000e+00   0.000000e+00   0.000000e+00   8.085064e-01   6.693849e-07   0.000000e+00   2.689982e-05   8.020493e-09   6.617225e-10   0.000000e+00   1.039140e-06   3.237067e-05   4.326954e-07   1.531216e-07
   0.000000e+00   0.000000e+00   1.486436e-04   0.000000e+00   2.312567e-05   1.998764e-01   0.000000e+00   4.016224e-06   1.035598e-03   5.798225e-08   3.932533e-09   4.224831e-08   0.000000e+00   4.715244e-06   2.967625e-08   3.829475e-07   0.000000e+00
   1.991785e-01   2.511603e-01   0.000000e+00   0.000000e+00   0.000000e+00   3.520704e-01   0.000000e+00   9.774149e-06   1.864872e-07   0.000000e+00   2.014277e-06   0.000000e+00   3.864599e-07   6.161527e-03   9.606231e-07   3.848799e-07   7.062773e-08
   1.470829e-06   0.000000e+00   2.503984e-01   6.149621e-01   1.972539e-02   4.970915e-07   2.913643e-01   9.187974e-07   7.041484e-06   5.734187e-07   3.806777e-08   6.929990e-11   0.000000e+00   0.000000e+00   3.111592e-05   2.642209e-07   1.773305e-05
   1.231066e-01   2.270901e-04   8.508525e-03   2.113364e-01   3.524495e-01   9.708812e-09   0.000000e+00   6.911008e-07   1.118629e-06   3.507858e-06   1.163126e-10   6.429982e-08   5.135461e-08   8.948564e-09   0.000000e+00   6.834754e-06   3.541361e-08
   0.000000e+00   3.403040e-07   2.328705e-01   2.169944e-01   2.927284e-01   0.000000e+00   2.619691e-01   1.010809e-05   1.037854e-06   6.794739e-07   1.613736e-10   1.786506e-09   5.264209e-06   2.302669e-02   7.561071e-07   3.838659e-07   5.906987e-08
   1.267499e-01   0.000000e+00   9.874653e-03   2.293993e-01   2.877756e-10   8.775370e-03   2.693948e-03   1.508296e-06   3.714273e-02   3.310533e-06   8.564917e-09   9.422674e-10   1.896432e-09   4.703091e-04   8.026816e-08   3.851200e-07   5.708593e-10
   0.000000e+00   0.000000e+00   1.286486e-02   0.000000e+00   2.426977e-01   2.365007e-07   0.000000e+00   3.147149e-01   8.650323e-05   3.642654e-06   6.158577e-09   1.109724e-09   9.860091e-09   0.000000e+00   6.308361e-07   3.856023e-04   0.000000e+00
   0.000000e+00   7.445273e-05   7.474991e-04   5.498789e-06   1.520729e-08   2.987809e-01   7.065726e-01   8.724848e-06   0.000000e+00   1.368672e-06   9.362463e-07   1.107127e-08   2.570797e-03   5.391659e-07   1.436562e-07   5.118131e-07   7.034136e-08
   2.876107e-01   0.000000e+00   2.933872e-03   6.565301e-03   9.394072e-09   8.775370e-03   1.195212e-02   1.508486e-06   0.000000e+00   5.617372e-10   8.471731e-09   2.848259e-10   2.051401e-03   4.665336e-04   8.026816e-08   5.988882e-08   9.852159e-10
   2.150534e-09   7.573453e-01   1.315756e-06   0.000000e+00   0.000000e+00   0.000000e+00   2.090877e-09   7.179574e-07   4.899957e-06   0.000000e+00   2.333211e-08   2.042511e-11   9.802571e-08   0.000000e+00   8.141921e-07   1.990637e-08   8.593958e-07
   6.673634e-07   0.000000e+00   0.000000e+00   0.000000e+00   2.788585e-01   3.919995e-03   3.251510e-02   1.058675e-06   4.889307e-06   6.113283e-06   1.199327e-10   3.988277e-08   0.000000e+00   8.715084e-09   3.700051e-05   3.523230e-07   0.000000e+00
   5.177934e-12   1.299531e-02   5.617072e-03   5.777292e-01   0.000000e+00   1.119149e-09   1.132285e-07   7.179574e-07   2.191679e-09   0.000000e+00   2.418620e-08   0.000000e+00   7.519628e-07   0.000000e+00   8.061422e-07   3.767601e-09   8.593958e-07
   1.104080e-01   3.167767e-01   0.000000e+00   6.233267e-01   0.000000e+00   2.159851e-01   0.000000e+00   1.006598e-06   3.215829e-05   0.000000e+00   3.930820e-09   1.876406e-05   5.667890e-07   6.175275e-04   3.785147e-07   3.754732e-04   6.943201e-02
   2.231360e-11   3.065127e-01   0.000000e+00   0.000000e+00   2.350995e-01   0.000000e+00   1.536495e-08   1.086537e-06   0.000000e+00   2.052676e-05   0.000000e+00   4.402592e-08   3.120161e-08   3.044320e-09   2.270440e-06   3.817531e-07   7.374270e-08
   1.833655e-08   2.559285e-01   7.464144e-01   2.319934e-01   2.493548e-02   0.000000e+00   0.000000e+00   7.033033e-07   0.000000e+00   9.578699e-07   4.409152e-02   1.876406e-05   1.709733e-05   0.000000e+00   3.239159e-05   6.729473e-02   8.931640e-06
   7.427377e-05   0.000000e+00   2.541646e-01   1.560279e-01   0.000000e+00   7.956170e-10   2.915516e-01   5.296786e-07   5.015623e-06   3.731939e-06   2.716605e-10   6.608505e-10   3.352673e-09   5.624836e-09   5.783909e-05   2.567995e-07   1.773134e-05
   1.203313e-04   3.122120e-01   8.319744e-05   0.000000e+00   2.392576e-01   2.367551e-07   0.000000e+00   3.349799e-07   5.218191e-06   3.627095e-06   5.757526e-11   0.000000e+00   4.366400e-08   0.000000e+00   0.000000e+00   7.105278e-06   2.552074e-06
   1.136787e-01   2.352421e-01   0.000000e+00   1.030445e-02   1.862422e-01   1.089420e-08   5.048436e-06   1.138084e-06   1.042032e-03   2.087119e-02   5.516189e-05   6.414886e-08   9.449592e-07   1.826202e-07   4.291878e-05   4.653958e-07   7.708970e-09
   2.231561e-09   0.000000e+00   0.000000e+00   5.835864e-11   0.000000e+00   1.119149e-09   0.000000e+00   7.179574e-07   0.000000e+00   0.000000e+00   1.099354e-09   0.000000e+00   7.003975e-08   0.000000e+00   1.061355e-06   0.000000e+00   8.207991e-07
   1.221666e-01   0.000000e+00   5.370635e-02   0.000000e+00   1.293436e-02   5.103419e-03   7.440691e-02   0.000000e+00   5.022583e-06   9.200705e-06   8.644209e-09   0.000000e+00   0.000000e+00   5.355242e-04   5.744326e-03   3.733748e-07   0.000000e+00
   9.831382e-06   0.000000e+00   3.153868e-01   2.583273e-03   2.524951e-01   7.900635e-01   0.000000e+00   3.347832e-08   5.819738e-06   7.829092e-07   0.000000e+00   6.348939e-08   5.777792e-06   7.677190e-06   3.841789e-07   1.104184e-08   1.191487e-03
   0.000000e+00   0.000000e+00   0.000000e+00   0.000000e+00   6.860775e-01   3.218192e-07   1.121621e-07   1.109229e-06   4.925884e-06   6.180335e-06   3.511976e-09   6.365385e-08   3.884925e-07   0.000000e+00   1.410860e-07   3.807414e-07   7.169913e-08
   3.256983e-08   2.730793e-01   2.993731e-01   1.118719e-01   7.053311e-01   3.320872e-03   0.000000e+00   3.239894e-06   1.178982e-06   4.246406e-05   4.227895e-05   6.182470e-07   2.799491e-07   4.507404e-08   1.109547e-05   2.333423e-08   1.904580e-07
   6.671241e-07   0.000000e+00   3.522468e-07   0.000000e+00   7.209175e-01   0.000000e+00   0.000000e+00   6.422058e-07   4.889096e-06   0.000000e+00   2.567279e-09   0.000000e+00   0.000000e+00   7.165366e-08   3.105699e-05   6.639997e-09   2.735505e-06
   2.230963e-09   1.169487e-08   7.468150e-01   0.000000e+00   2.354274e-01   0.000000e+00   1.003487e-07   0.000000e+00   1.120217e-06   2.619851e-07   2.763868e-08   2.579880e-07   7.477395e-09   3.937011e-07   2.998729e-07   1.413412e-04   9.010859e-06
   0.000000e+00   1.766448e-06   3.607435e-07   7.923342e-01   0.000000e+00   2.936180e-10   7.458879e-01   7.178096e-07   3.350275e-03   3.694615e-06   1.096393e-08   2.128780e-08   0.000000e+00   1.933572e-05   2.507649e-07   4.527512e-06   2.553737e-06
   1.181455e-04   4.512724e-06   0.000000e+00   7.544665e-01   0.000000e+00   3.298303e-10   0.000000e+00   7.211801e-07   3.130399e-09   7.569547e-07   1.070877e-08   2.212940e-08   9.860091e-09   0.000000e+00   4.488687e-07   4.181717e-06   2.553737e-06
   1.181455e-04   4.850386e-06   3.606847e-07   7.727696e-01   0.000000e+00   0.000000e+00   8.371408e-10   6.882728e-07   3.795074e-06   8.997284e-09   2.513527e-08   2.134950e-08   9.860091e-09   0.000000e+00   2.989944e-07   3.805010e-07   1.211051e-07
   3.002254e-01   1.589312e-01   0.000000e+00   2.241653e-01   1.422072e-08   0.000000e+00   3.290671e-05   9.822828e-06   1.057793e-06   3.222893e-06   3.050950e-10   0.000000e+00   1.210781e-07   5.273469e-07   5.946333e-05   3.686537e-07   9.301295e-06
   5.088080e-07   8.510498e-01   3.627144e-06   2.298266e-01   2.378188e-01   2.365007e-07   1.123733e-07   6.777416e-07   1.433346e-03   3.642654e-06   7.421701e-09   6.589418e-08   3.714533e-07   7.965909e-09   1.267060e-08   3.856023e-04   0.000000e+00
   3.230934e-08   0.000000e+00   7.545554e-01   7.953194e-04   7.056796e-01   2.083876e-01   1.389437e-07   5.329310e-07   1.024946e-06   2.203228e-08   2.211816e-09   3.340403e-08   0.000000e+00   2.226945e-08   1.988572e-05   4.931866e-07   1.036903e-04
   1.566557e-09   0.000000e+00   0.000000e+00   4.087682e-07   9.012557e-07   7.475429e-01   0.000000e+00   4.196974e-07   2.146987e-07   0.000000e+00   2.116710e-07   6.014887e-07   2.990636e-07   3.638356e-07   1.063149e-05   4.169221e-07   6.365860e-11
   1.180728e-01   0.000000e+00   3.580417e-07   0.000000e+00   2.301969e-01   0.000000e+00   2.388498e-01   9.554634e-07   3.302380e-06   7.110955e-07   5.791841e-05   0.000000e+00   7.866103e-09   0.000000e+00   3.335977e-07   4.332432e-06   2.648313e-08
   2.145356e-09   7.443500e-01   2.410259e-01   2.382494e-02   0.000000e+00   0.000000e+00   0.000000e+00   2.573989e-06   2.806898e-07   7.061093e-07   0.000000e+00   0.000000e+00   3.401923e-08   0.000000e+00   1.061581e-06   1.278486e-07   4.845633e-08
   1.389676e-03   1.647362e-04   8.397748e-05   0.000000e+00   3.550706e-01   2.367551e-07   8.037915e-01   8.653149e-07   1.592928e-06   2.470694e-06   6.317573e-09   0.000000e+00   1.604885e-05   6.025465e-07   6.394589e-07   2.902673e-06   2.566092e-06
   0.000000e+00   1.763948e-03   9.271864e-04   7.680405e-01   1.684081e-06   2.639455e-01   8.224706e-03   1.093416e-06   3.710944e-05   7.067068e-07   3.434390e-09   5.764167e-12   1.366674e-08   0.000000e+00   3.349427e-07   5.615201e-08   0.000000e+00
   0.000000e+00   4.507521e-03   4.366568e-01   0.000000e+00   0.000000e+00   0.000000e+00   1.212506e-07   1.052288e-06   0.000000e+00   2.574023e-07   0.000000e+00   3.316625e-10   1.284162e-08   0.000000e+00   2.924469e-06   1.603271e-07   5.001961e-08
   4.528646e-02   1.782226e-01   7.791964e-01   2.244039e-01   0.000000e+00   0.000000e+00   3.402963e-03   1.523815e-06   1.196961e-06   3.494431e-06   2.298951e-09   2.478858e-11   0.000000e+00   4.619687e-04   3.367556e-07   4.060079e-07   8.368297e-06
   1.153661e-01   0.000000e+00   3.354429e-07   1.921871e-04   0.000000e+00   2.542858e-01   0.000000e+00   9.278995e-06   3.353865e-05   3.075226e-05   1.021292e-08   6.145352e-10   5.635365e-06   7.733987e-06   6.107077e-05   4.262652e-06   1.754728e-05
   0.000000e+00   3.122120e-01   0.000000e+00   2.280429e-01   2.365048e-01   2.367551e-07   6.090812e-02   7.435879e-07   5.222755e-06   3.627095e-06   7.421701e-09   0.000000e+00   9.008067e-09   5.870543e-09   8.258143e-07   0.000000e+00   2.552074e-06
   0.000000e+00   7.440273e-01   8.245205e-03   0.000000e+00   3.272634e-01   0.000000e+00   8.190496e-01   6.676119e-07   0.000000e+00   2.689982e-05   2.304595e-03   6.617225e-10   0.000000e+00   1.054045e-06   4.511875e-05   6.707920e-02   1.531216e-07
   1.816503e-02   1.940619e-01   8.295792e-05   0.000000e+00   2.426977e-01   2.367551e-07   0.000000e+00   7.435879e-07   5.479031e-06   3.627095e-06   7.421701e-09   0.000000e+00   0.000000e+00   4.403400e-04   0.000000e+00   3.976632e-04   2.748717e-06
   1.914488e-01   0.000000e+00   1.486436e-04   0.000000e+00   2.306785e-05   1.998764e-01   0.000000e+00   3.972545e-06   1.035598e-03   1.177617e-10   3.990200e-09   4.224831e-08   2.124943e-07   4.715244e-06   2.254721e-06   3.824030e-07   7.390282e-08
   6.671241e-07   0.000000e+00   4.111838e-03   1.224924e-02   0.000000e+00   0.000000e+00   4.053985e-01   8.967699e-06   3.963062e-05   3.709054e-06   2.151652e-08   7.116143e-10   0.000000e+00   3.846433e-05   5.637598e-05   3.573956e-07   2.735505e-06
   1.243115e-04   5.113440e-08   3.607435e-07   2.417730e-01   2.388285e-01   3.298304e-10   0.000000e+00   8.643297e-07   0.000000e+00   0.000000e+00   5.575212e-05   7.034094e-08   2.298766e-09   0.000000e+00   7.070526e-07   1.407675e-04   2.553737e-06
   7.468908e-05   2.212435e-06   3.607435e-07   7.110743e-03   0.000000e+00   1.678912e-08   7.395803e-01   6.401211e-07   0.000000e+00   3.666209e-06   2.637621e-10   2.215501e-08   1.815334e-09   8.831105e-11   1.427223e-06   4.478319e-06   1.873551e-05
   1.089166e-08   2.441284e-02   6.000365e-03   0.000000e+00   0.000000e+00   5.907820e-01   1.018279e-07   6.096453e-07   5.338492e-07   1.809074e-06   8.461647e-11   8.859801e-10   0.000000e+00   0.000000e+00   1.109941e-05   4.056672e-07   9.056349e-06
   4.958697e-07   8.362371e-01   8.211889e-03   1.264613e-05   2.880937e-03   3.140308e-03   3.017434e-01   1.290460e-06   1.118123e-06   3.627024e-06   2.366063e-08   1.906965e-05   2.129007e-07   3.858052e-07   6.667000e-07   3.839784e-04   2.755130e-06
   1.718314e-03   7.200850e-01   2.512684e-01   5.981128e-01   2.912011e-01   3.378170e-07   3.344047e-04   1.150980e-06   2.501124e-09   0.000000e+00   7.430753e-11   7.896311e-10   0.000000e+00   0.000000e+00   1.092294e-06   1.280577e-07   0.000000e+00
   2.149937e-09   7.678777e-01   4.530359e-01   1.661463e-12   7.244740e-01   8.363450e-10   0.000000e+00   2.980412e-07   4.678390e-02   1.112187e-06   2.422949e-08   0.000000e+00   6.790093e-09   1.454558e-08   4.817652e-05   3.916321e-04   3.859707e-08
   7.174703e-06   0.000000e+00   1.490825e-10   1.341834e-03   0.000000e+00   0.000000e+00   2.409728e-01   1.471541e-06   3.090657e-03   2.642743e-06   2.844916e-09   1.396873e-08   9.488360e-11   1.113534e-03   3.226299e-05   3.490650e-07   9.904956e-07
   2.230963e-09   0.000000e+00   4.535536e-01   0.000000e+00   7.244740e-01   0.000000e+00   0.000000e+00   2.980412e-07   0.000000e+00   1.038523e-06   2.422949e-08   0.000000e+00   7.320752e-08   1.454558e-08   1.739977e-06   0.000000e+00   2.760658e-13
   6.525837e-07   4.880877e-03   7.839934e-01   7.137176e-05   0.000000e+00   3.224993e-01   2.574028e-01   7.879114e-05   0.000000e+00   2.831711e-05   9.296743e-10   3.361305e-02   3.951541e-08   0.000000e+00   2.922441e-07   2.506370e-03   0.000000e+00
   1.096959e-04   0.000000e+00   9.201606e-05   0.000000e+00   0.000000e+00   2.081333e-01   0.000000e+00   0.000000e+00   1.839945e-06   3.075226e-05   1.032949e-08   4.424542e-08   0.000000e+00   1.380751e-05   0.000000e+00   4.262652e-06   0.000000e+00
   7.214876e-06   7.727422e-04   4.584205e-05   1.114626e-05   1.520729e-08   0.000000e+00   7.375284e-01   1.273837e-06   0.000000e+00   0.000000e+00   3.194261e-09   2.252566e-07   0.000000e+00   1.579827e-09   3.242652e-05   1.133378e-05   2.770042e-06
   1.202897e-04   0.000000e+00   7.468150e-01   0.000000e+00   0.000000e+00   8.367078e-10   0.000000e+00   6.304132e-07   0.000000e+00   9.607933e-07   2.365054e-08   0.000000e+00   3.661382e-09   0.000000e+00   0.000000e+00   7.793259e-08   9.010859e-06
   7.378833e-05   3.376624e-07   3.612470e-07   2.426143e-01   0.000000e+00   3.197393e-07   2.678983e-01   9.789921e-06   1.047060e-06   3.660451e-06   1.414643e-10   6.381826e-08   3.670392e-07   5.981375e-09   5.877223e-05   2.553436e-07   1.712070e-05
