   5.244377e-32   1.369777e-37   3.018198e-34   4.648745e-33   8.598442e-16   1.404232e+01   6.270992e-02   9.695740e-03
   5.164847e-32   1.368151e-37   1.370345e-33   4.579422e-33   8.470882e-16   1.383400e+01   1.025924e-03   0.000000e+00
   5.222740e-32   1.383487e-37   1.322175e-33   4.630607e-33   8.565563e-16   1.398863e+01   2.917534e-03   0.000000e+00
   8.567636e-16   2.269539e-21   2.273179e-17   5.839483e-17   1.690107e-17   1.403210e+01   1.040615e-03   0.000000e+00
   3.110500e-48   5.079831e-32   2.943979e-36   4.502812e-33   8.328522e-16   1.360151e+01   8.498156e-05   9.391280e-03
   1.611959e-33   2.632529e-17   1.525663e-21   2.333500e-18   8.287669e-16   1.354167e+01   3.393196e-02   0.000000e+00
   2.441038e-01   0.000000e+00   0.000000e+00   4.646656e+02   8.732379e-02   5.946451e+00   3.459787e+00   0.000000e+00
   2.932992e-33   4.789939e-17   7.822565e-01   9.457208e+02   0.000000e+00   6.131869e-03   0.000000e+00   1.313182e+03
   8.095114e-14   1.322032e+03   0.000000e+00   0.000000e+00   0.000000e+00   0.000000e+00   4.551472e+00   1.330285e-01
   1.620610e+01   4.130512e+02   0.000000e+00   0.000000e+00   1.156594e-03   0.000000e+00   5.348451e+02   2.113905e-03
   5.246502e-32   1.389781e-37   1.369407e-37   4.650185e-33   8.601779e-16   1.404777e+01   1.094631e-03   0.000000e+00
   6.381873e+01   0.000000e+00   9.298818e+02   0.000000e+00   0.000000e+00   0.000000e+00   7.532562e+02   3.615731e-01
   3.135751e-48   5.121070e-32   2.834211e-36   4.539367e-33   8.396134e-16   1.371193e+01   6.787234e-05   9.467519e-03
   3.555848e-14   5.807141e+02   0.000000e+00   0.000000e+00   0.000000e+00   1.763737e+01   0.000000e+00   5.663812e+02
   3.693049e+00   9.713717e-06   2.917263e+02   8.987904e-01   0.000000e+00   0.000000e+00   5.830314e-08   1.816258e-04
   4.647543e+01   2.670619e-01   0.000000e+00   4.049284e+02   5.404638e+00   0.000000e+00   4.315579e+02   1.194876e+00
   4.533663e-14   1.774302e-15   4.451503e-15   0.000000e+00   7.445279e+02   2.261269e+01   0.000000e+00   7.261518e+02
   2.121311e-14   3.640382e-21   3.761447e-15   1.909532e-15   5.336987e-17   5.006962e-19   1.414277e-18   3.532208e+02
   2.052238e-30   5.078771e-33   2.597777e-32   6.363981e-36   3.351838e-14   5.473967e+02   0.000000e+00   6.044858e+02
   1.614861e-30   5.174924e-32   0.000000e+00   2.638622e-14   4.309198e+02   1.803342e-01   1.405034e+00   5.862311e+02
   2.077833e-14   1.470481e-18   3.393359e+02   0.000000e+00   0.000000e+00   7.223125e+00   1.090826e+01   3.763815e-06
   1.797872e-30   2.936147e-14   0.000000e+00   2.671188e-15   3.100168e-16   4.815161e+02   0.000000e+00   4.770615e+02
   2.945383e-14   4.810175e+02   0.000000e+00   1.723482e-03   2.939061e-01   1.161980e+00   7.751309e-05   1.689085e-01
   2.578764e-30   4.211441e-14   6.877806e+02   0.000000e+00   0.000000e+00   0.000000e+00   6.379762e-04   8.333930e+02
   6.555745e+02   0.000000e+00   5.588369e-01   0.000000e+00   0.000000e+00   0.000000e+00   0.000000e+00   1.977966e-01
   3.083651e-14   0.000000e+00   0.000000e+00   5.035984e+02   4.860136e-04   1.238110e+00   2.647874e-03   5.163963e-02
   2.924820e-14   8.313192e-16   0.000000e+00   4.778522e+02   6.336362e+00   0.000000e+00   5.073471e+02   1.409850e+00
   2.838102e-14   1.008191e-16   0.000000e+00   1.578486e-20   4.635002e+02   0.000000e+00   5.998623e+02   4.462240e+00
   4.344696e-14   7.095427e+02   8.501125e+00   0.000000e+00   0.000000e+00   1.051258e-02   0.000000e+00   9.238144e+02
   1.801181e-15   1.786104e-14   2.931723e+02   4.258008e-01   5.587588e-01   0.000000e+00   0.000000e+00   5.461086e+00
   1.060778e-18   1.732382e-02   2.601086e+01   0.000000e+00   0.000000e+00   1.669117e-01   3.363568e-04   1.231747e+03
   2.839740e-14   0.000000e+00   4.637647e+02   0.000000e+00   6.712346e-02   0.000000e+00   4.561040e+02   0.000000e+00
   1.715971e-14   7.644980e-17   0.000000e+00   5.546365e-18   2.802422e+02   0.000000e+00   3.482908e+02   4.712424e+02
   1.103885e-46   1.802781e-30   2.944165e-14   4.808186e+02   0.000000e+00   0.000000e+00   5.576999e+02   1.082604e+03
   3.200191e-14   5.226309e+02   0.000000e+00   1.872583e-03   0.000000e+00   0.000000e+00   8.421858e-05   3.018909e+00
   1.386688e-14   2.232759e-15   0.000000e+00   0.000000e+00   2.293802e+02   6.148743e-03   0.000000e+00   7.525788e-02
   1.543815e-46   2.521241e-30   6.055028e-32   5.832512e-35   4.118686e-14   0.000000e+00   5.333222e-14   1.100474e+03
   2.269407e-15   5.410198e-14   0.000000e+00   4.032059e-17   8.843297e+02   1.095002e+01   0.000000e+00   5.865231e-02
   5.493839e+02   0.000000e+00   3.085826e+00   0.000000e+00   1.552031e-02   1.357662e+01   0.000000e+00   2.081335e-02
   7.590976e+00   0.000000e+00   5.265183e+02   0.000000e+00   9.895792e-02   6.738695e+00   0.000000e+00   0.000000e+00
   4.918329e-16   2.896504e-14   9.322561e-18   0.000000e+00   4.731031e+02   0.000000e+00   6.134440e+02   7.795186e-02
   4.202396e+00   3.854840e-01   0.000000e+00   2.189962e+02   0.000000e+00   1.003529e-01   0.000000e+00   0.000000e+00
   4.551170e-30   7.432625e-14   1.980748e-16   1.213844e+03   0.000000e+00   0.000000e+00   0.000000e+00   0.000000e+00
   8.088890e+02   0.000000e+00   0.000000e+00   5.685768e+00   0.000000e+00   0.000000e+00   0.000000e+00   0.000000e+00
   8.901925e+00   0.000000e+00   5.645993e+02   1.722517e-02   0.000000e+00   0.000000e+00   4.022342e+02   7.145166e+02
   1.113311e-15   6.287898e-14   1.027053e+03   0.000000e+00   1.330244e+01   7.062216e-01   2.452845e+00   3.033127e+01
   1.898303e+01   4.814659e+02   0.000000e+00   1.728697e-03   2.944087e-01   1.163967e+00   2.255298e-04   1.319347e-03
   7.584016e-01   1.119039e+03   0.000000e+00   0.000000e+00   0.000000e+00   0.000000e+00   3.852610e+00   1.126025e-01
   5.237928e-17   4.050109e-14   6.614335e+02   0.000000e+00   0.000000e+00   0.000000e+00   3.471918e+00   9.775495e+02
   2.192435e-33   0.000000e+00   1.019504e-31   1.665362e-15   2.233941e-14   3.658426e+02   7.152555e-02   5.839283e+02
   2.104361e-50   3.436683e-34   5.837542e-31   9.533432e-15   8.190884e-14   1.346703e+03   0.000000e+00   0.000000e+00
   7.660915e-01   0.000000e+00   1.739062e+01   4.808735e+02   2.780002e-02   1.038258e-02   0.000000e+00   6.264555e+02
   1.343307e-18   3.224664e-17   0.000000e+00   1.291942e-21   6.519797e-19   1.850828e-14   3.022636e+02   1.397769e-02
   1.396502e-30   4.480346e-33   2.280673e-14   3.724621e+02   2.962809e-06   0.000000e+00   4.447160e+02   9.516973e+02
   6.990564e-01   1.035287e+03   0.000000e+00   0.000000e+00   0.000000e+00   1.784216e-02   3.603222e+00   1.042131e-01
   2.804922e-14   4.580784e+02   1.166845e+01   0.000000e+00   0.000000e+00   0.000000e+00   2.183936e-04   2.985625e-02
   2.066685e-01   1.353767e+02   1.940203e-03   6.139905e-04   3.749673e-04   0.000000e+00   2.835955e-03   4.726630e-02
   2.660645e+02   0.000000e+00   4.809069e+00   2.916719e-06   5.843295e-01   0.000000e+00   4.770447e+00   4.837365e+00
   4.188713e-30   6.840688e-14   1.117169e+03   0.000000e+00   0.000000e+00   7.787641e-01   0.000000e+00   0.000000e+00
   6.544784e-21   1.250456e-18   5.791117e-17   2.764783e-14   1.058337e-15   2.746135e-16   4.518773e+02   6.093084e+02
   1.483059e-17   2.422018e-01   2.698498e+01   7.454770e+02   2.314962e-03   9.537498e+00   0.000000e+00   5.123186e+02
   1.735056e-14   2.833562e+02   2.578334e+01   0.000000e+00   0.000000e+00   0.000000e+00   3.630664e+02   9.322970e+02
   1.600015e-14   0.000000e+00   2.906759e-16   0.000000e+00   2.613455e+02   0.000000e+00   4.503116e+00   3.149195e-02
   1.225589e+02   7.110581e-01   1.782698e-03   2.156346e-01   0.000000e+00   0.000000e+00   0.000000e+00   9.030684e-05
   8.869741e-16   4.672140e-17   7.704993e-15   2.294284e-14   0.000000e+00   7.477786e-16   3.957046e+02   2.274191e+00
   2.927792e-14   0.000000e+00   0.000000e+00   7.962212e-20   4.781447e+02   0.000000e+00   0.000000e+00   5.880330e+02
   1.454054e+01   0.000000e+00   3.772439e+02   1.189881e-03   5.464133e-02   0.000000e+00   3.712879e+02   3.043361e+01
   8.426555e-16   4.759255e-14   7.773671e+02   0.000000e+00   4.080214e+01   0.000000e+00   2.018620e+00   6.811749e+02
   3.400536e-01   5.132200e+02   7.355401e-03   2.327667e-03   0.000000e+00   8.979429e-03   1.845994e+00   1.786782e-01
   1.845226e+00   0.000000e+00   3.351466e-02   0.000000e+00   1.689692e-01   0.000000e+00   3.193244e-02   2.519913e+02
   2.105191e-17   3.044035e-14   0.000000e+00   2.650416e-15   3.157724e-16   4.990363e+02   0.000000e+00   4.992953e+02
   4.966202e+00   3.641369e+02   5.157382e+01   0.000000e+00   0.000000e+00   0.000000e+00   1.752977e-04   2.396468e-02
   3.489071e-16   3.075213e-15   3.211142e-14   1.318613e-18   0.000000e+00   7.923586e-16   5.270083e+02   1.419175e-02
   9.068129e-16   4.776641e-17   9.722829e-15   1.016420e-15   0.000000e+00   3.031422e-16   1.604148e+02   9.865565e-01
   2.106033e-14   6.756706e-17   0.000000e+00   3.439430e+02   1.610500e-07   0.000000e+00   4.106644e+02   8.788265e+02
   7.603565e-21   1.241756e-04   2.134963e-01   0.000000e+00   1.776787e+01   1.136606e-04   0.000000e+00   1.006415e+03
   1.454293e+01   6.206991e+02   5.165473e+00   7.453308e-04   0.000000e+00   7.744274e-01   8.940812e+02   0.000000e+00
   8.948589e-32   1.303883e-30   0.000000e+00   4.418509e-32   2.641680e-32   2.136067e-14   3.488462e+02   1.613183e-02
   2.961800e+01   7.512004e+02   0.000000e+00   2.697175e-03   4.618546e-01   5.200162e-02   2.460661e+00   2.058498e-03
   1.451398e+02   8.672979e+00   0.000000e+00   3.904986e+02   0.000000e+00   5.480013e-03   0.000000e+00   4.532468e+02
   7.947301e-14   1.297893e+03   0.000000e+00   0.000000e+00   0.000000e+00   7.334567e-04   4.468364e+00   1.306453e-01
   3.992875e-14   0.000000e+00   0.000000e+00   1.917415e-15   6.528374e+02   0.000000e+00   1.506128e+00   0.000000e+00
   1.196869e-30   2.053947e-37   2.124233e-31   1.095104e-31   1.993221e-14   4.614267e-19   1.303356e-18   3.255177e+02
   1.508567e-18   0.000000e+00   2.463676e-02   9.862014e-07   5.122536e-04   1.412843e+01   4.186071e+02   1.936884e-02
   2.368677e-16   0.000000e+00   1.642939e-14   2.683403e+02   5.042870e-02   1.152672e-02   4.517633e+00   2.081665e-01
   1.007299e+00   6.544053e+02   0.000000e+00   0.000000e+00   1.817616e-03   0.000000e+00   6.931036e-01   6.652529e-02
   2.071192e-30   3.448851e-37   3.526582e-31   2.090757e-31   3.448142e-14   0.000000e+00   2.290451e-18   5.631243e+02
   4.015892e-14   6.387219e-15   0.000000e+00   1.627754e-18   0.000000e+00   1.450869e-15   6.645110e+02   6.759295e-03
   4.187569e-17   6.838820e-01   1.765140e+01   0.000000e+00   0.000000e+00   9.036953e-01   1.775415e+01   1.419427e+03
   2.069704e-30   3.332509e-31   0.000000e+00   0.000000e+00   3.423618e-14   1.125115e-15   5.594211e+02   1.835418e-01
   1.114673e-02   9.553256e+00   3.730535e+02   0.000000e+00   1.044135e-03   0.000000e+00   4.745022e+02   8.724444e+02
   1.048739e-01   0.000000e+00   2.678414e+00   2.015798e-01   0.000000e+00   5.645197e+02   5.552011e+02   0.000000e+00
   2.029080e-30   3.313739e-14   5.411747e+02   0.000000e+00   8.979007e+00   0.000000e+00   6.277931e+02   0.000000e+00
   5.063193e-14   8.268822e+02   0.000000e+00   5.923378e+00   0.000000e+00   5.361479e-03   1.283591e-06   1.148197e+03
   1.750752e-14   4.638628e-20   2.859194e+02   6.234253e-01   0.000000e+00   0.000000e+00   1.352421e-03   1.779958e-04
   2.518339e+01   6.225377e+02   3.051486e-01   9.675429e+01   0.000000e+00   0.000000e+00   1.695629e+01   0.000000e+00
   9.101539e-32   1.342542e-30   3.325934e-32   2.855883e-33   2.198247e-14   0.000000e+00   2.327325e-14   5.228224e+02
   7.027516e-01   1.040759e+03   0.000000e+00   0.000000e+00   0.000000e+00   1.734833e-02   3.622268e+00   1.047272e-01
   1.483796e-30   4.754916e-32   3.939170e-32   2.425320e-14   3.960848e+02   1.657562e-01   1.302431e+00   5.388411e+02
   5.252297e+00   1.323196e-02   3.730017e+02   0.000000e+00   6.890518e+00   2.175192e-02   4.538864e+02   0.000000e+00
   4.317198e+00   4.383953e+02   0.000000e+00   1.588010e-02   0.000000e+00   0.000000e+00   1.479704e+01   5.722168e+02
   5.384020e-15   0.000000e+00   9.781185e-17   6.843992e-17   8.794933e+01   0.000000e+00   1.502087e+00   1.059781e-02
   8.464889e-19   1.382421e-02   2.376809e+01   0.000000e+00   0.000000e+00   1.520330e-04   0.000000e+00   1.346185e+03
   1.166993e+02   0.000000e+00   0.000000e+00   0.000000e+00   0.000000e+00   0.000000e+00   9.966546e-06   1.428726e+01
   3.561429e-01   5.149707e+02   0.000000e+00   4.483807e+01   3.836810e+00   0.000000e+00   1.030840e-05   5.172017e+02
   5.647411e-17   4.212712e-19   2.711292e-15   5.220762e-14   1.059699e-18   8.537647e+02   0.000000e+00   7.792911e+00
   1.165407e+03   0.000000e+00   1.043032e-01   1.386207e-03   0.000000e+00   5.410221e+01   0.000000e+00   0.000000e+00
   7.715653e-01   6.456605e+00   9.148619e-02   2.658130e-04   0.000000e+00   1.597278e-01   3.696840e+02   9.956724e-03
   5.708884e+00   5.026568e+02   0.000000e+00   0.000000e+00   1.396222e-03   6.381644e+00   5.324581e-01   5.110625e-02
   2.880731e+00   9.537654e+01   8.756595e+02   0.000000e+00   1.042486e-01   0.000000e+00   0.000000e+00   0.000000e+00
   4.403404e-32   5.852453e-31   1.450620e-32   2.833084e-32   9.598881e-15   1.839068e-18   1.016252e-14   2.282961e+02
   1.365725e+01   7.713510e+02   4.119593e+01   0.000000e+00   4.055040e+01   0.000000e+00   0.000000e+00   6.769700e+02
   4.218542e-17   6.222652e-16   1.587379e-17   2.738835e-17   2.817389e-14   5.188507e-20   0.000000e+00   4.602276e+02
   2.706149e-14   3.336829e-17   0.000000e+00   1.083263e-18   0.000000e+00   1.241727e-15   4.424130e+02   1.191370e-02
   8.947777e-02   9.071972e-03   4.366858e+02   0.000000e+00   2.366293e-02   9.422347e-03   0.000000e+00   5.685179e+02
   1.142023e-46   1.865065e-30   0.000000e+00   3.045882e-14   0.000000e+00   4.974303e+02   5.280871e+02   1.467484e+00
   2.875147e-15   4.787559e-22   4.895462e-16   2.902307e-16   4.786575e+01   4.469982e-03   0.000000e+00   7.118657e+02
   3.495091e-16   9.258383e-22   2.054143e-14   0.000000e+00   3.355155e+02   0.000000e+00   2.488169e-02   0.000000e+00
   2.363898e-63   3.860538e-47   6.304737e-31   5.457061e-32   1.033491e-14   1.687820e+02   0.000000e+00   1.006162e+00
   6.255458e-16   0.000000e+00   1.021594e+01   6.715439e+02   0.000000e+00   6.967247e-04   1.741629e+00   5.877054e+02
   3.162655e-14   0.000000e+00   0.000000e+00   5.165008e+02   9.101226e-02   6.609799e+00   0.000000e+00   0.000000e+00
   4.101047e-16   6.855764e-15   6.478606e-14   7.820637e-20   0.000000e+00   1.628616e-15   1.064298e+03   0.000000e+00
   7.492684e-01   0.000000e+00   1.761556e-03   3.589513e+02   0.000000e+00   0.000000e+00   2.742104e-06   0.000000e+00
   7.220139e+02   0.000000e+00   0.000000e+00   0.000000e+00   0.000000e+00   1.203519e-02   2.512903e+00   7.265319e-02
   7.914427e+02   0.000000e+00   0.000000e+00   7.639966e+01   7.673574e-04   1.954777e+00   4.180677e-03   8.153279e-02
   1.360772e-46   2.222309e-30   3.508924e-33   3.629311e-14   5.927115e+02   0.000000e+00   1.204983e-01   0.000000e+00
   2.422592e-01   1.144207e+01   7.938119e+02   0.000000e+00   1.451169e-01   1.015968e+01   0.000000e+00   2.993375e-01
   2.186107e-16   6.496568e-14   1.060976e+03   0.000000e+00   1.374182e+01   7.194512e-01   1.465897e+02   3.163062e+01
   3.472298e+01   7.799801e+02   1.594491e+01   0.000000e+00   0.000000e+00   1.929341e+01   0.000000e+00   0.000000e+00
   2.853461e-14   7.605013e-20   4.660055e+02   1.016089e+00   0.000000e+00   0.000000e+00   2.164797e-03   0.000000e+00
   1.954513e-15   2.297820e-16   2.041862e-14   8.506730e-19   1.646691e-15   5.108205e-16   3.361877e+02   9.053165e-03
   2.135344e-35   2.903944e-34   4.945951e-31   8.077353e-15   7.000377e-14   1.150833e+03   0.000000e+00   0.000000e+00
   1.258674e-14   3.481228e-16   3.413329e-20   1.005642e-15   2.062904e+02   1.234106e-01   3.004790e+02   0.000000e+00
   1.956199e-47   3.194715e-31   2.889289e-30   1.771853e-32   4.747412e-14   7.753112e+02   1.364762e+01   0.000000e+00
   1.747347e-34   2.853634e-18   6.853306e-20   6.114082e-17   9.995929e-01   0.000000e+00   1.294357e+00   8.245931e+02
   5.464058e+00   0.000000e+00   3.496000e+02   1.066581e-02   0.000000e+00   3.829649e+00   2.413675e+02   6.880321e+02
   2.924733e-30   1.144629e-31   4.780109e-14   5.377556e-15   7.855754e+02   2.412989e+01   0.000000e+00   0.000000e+00
   1.254402e-30   2.048593e-14   3.345607e+02   0.000000e+00   0.000000e+00   1.417296e-02   3.103341e-04   4.053917e+02
   1.904955e+01   0.000000e+00   0.000000e+00   4.560216e+02   1.011733e+01   1.119628e+00   5.036139e+02   6.970141e-02
   1.539948e+00   5.098529e+01   4.730726e+02   0.000000e+00   3.488988e+00   0.000000e+00   3.067016e-01   0.000000e+00
   3.629573e-14   5.458625e-18   3.284463e-18   4.317236e-20   5.927543e+02   2.405986e+01   0.000000e+00   7.197217e+02
   7.863418e-16   4.483342e-14   0.000000e+00   0.000000e+00   7.322979e+02   9.009004e+00   4.913691e-02   4.929212e+01
   1.558209e-32   8.907662e-35   2.544790e-16   4.155958e+00   4.224179e+02   0.000000e+00   4.472435e+02   7.439756e-02
   4.217914e-01   6.246637e+02   0.000000e+00   0.000000e+00   0.000000e+00   3.126771e-04   7.558299e+02   0.000000e+00
   9.327075e-02   1.053943e+01   3.539066e+02   0.000000e+00   1.871399e+01   7.282464e-03   0.000000e+00   4.615960e+02
   7.874801e-24   4.745277e-21   1.850646e-18   3.022343e-02   0.000000e+00   2.634957e+02   2.784261e+02   4.722893e+02
   9.754007e-16   0.000000e+00   4.018334e-14   6.564370e+02   0.000000e+00   1.215940e+00   5.014656e-06   0.000000e+00
   6.329017e-33   1.549320e-31   1.719901e-30   2.820203e-14   0.000000e+00   4.605742e+02   4.889595e+02   1.358754e+00
   8.566659e-49   1.399042e-32   2.909169e-30   4.751089e-14   7.759117e+02   0.000000e+00   8.214724e+02   1.113618e-01
   3.495609e-16   0.000000e+00   2.424592e-14   3.960071e+02   7.442090e-02   0.000000e+00   0.000000e+00   0.000000e+00
   3.110705e-01   0.000000e+00   0.000000e+00   2.874642e+00   2.676189e+02   0.000000e+00   2.419408e+02   2.564205e-01
   2.508032e+01   0.000000e+00   6.432482e+02   4.841112e+01   0.000000e+00   5.422175e+00   6.349136e+02   0.000000e+00
   2.491855e-30   4.381729e-32   4.070138e-14   6.647040e+02   8.609279e+00   4.570635e-01   1.587470e+00   1.937942e+01
   9.352594e+02   0.000000e+00   0.000000e+00   0.000000e+00   0.000000e+00   7.787849e-04   1.239745e+01   2.822063e-01
