   4.564762e-19   2.255915e-16   1.164782e-17   0.000000e+00   3.595549e-16   2.253667e-17   1.473352e-17   5.770493e-19   0.000000e+00   6.948600e+00
   3.218851e-51   1.591013e-48   8.214776e-50   2.601788e-32   4.249042e-16   1.276637e-17   1.468002e-17   0.000000e+00   0.000000e+00   6.946482e+00
   5.157218e-35   2.565905e-32   1.364126e-33   0.000000e+00   4.196367e-16   1.125686e-17   1.454517e-17   5.580981e-19   0.000000e+00   6.859774e+00
   5.196111e-35   2.567918e-32   1.325877e-33   0.000000e+00   4.199324e-16   1.227815e-17   1.470498e-17   5.576321e-19   0.000000e+00   6.865155e+00
   3.863913e-35   2.568990e-32   1.326429e-33   0.000000e+00   4.201073e-16   3.154462e-18   1.450549e-17   0.000000e+00   0.000000e+00   6.865155e+00
   5.156765e-35   2.565680e-32   1.364006e-33   0.000000e+00   4.195998e-16   1.272849e-17   1.462341e-17   5.581085e-19   0.000000e+00   6.859902e+00
   3.265767e-14   0.000000e+00   5.333402e+02   4.272849e-05   0.000000e+00   0.000000e+00   1.199905e+00   0.000000e+00   9.465115e-05   9.378238e-03
   2.716030e-14   0.000000e+00   0.000000e+00   0.000000e+00   7.805489e-20   0.000000e+00   4.435614e+02   0.000000e+00   4.136246e+02   6.111026e+02
   2.874575e-14   4.694536e+02   0.000000e+00   6.015186e+02   1.057860e-02   0.000000e+00   6.841816e-06   0.000000e+00   5.076341e-02   6.011325e-03
   7.597701e+02   0.000000e+00   0.000000e+00   5.796747e-02   0.000000e+00   0.000000e+00   7.405496e-03   0.000000e+00   1.162178e+03   0.000000e+00
   2.537442e-30   4.143957e-14   0.000000e+00   0.000000e+00   6.767595e+02   7.698278e-01   5.972146e+02   7.334094e+02   0.000000e+00   2.037514e-01
   5.169932e-35   2.554981e-32   2.897966e-33   0.000000e+00   4.199363e-16   1.215491e-17   1.470499e-17   2.968204e-21   0.000000e+00   6.865155e+00
   1.733837e-01   6.158823e+02   0.000000e+00   0.000000e+00   1.856650e-03   1.568550e-02   5.364151e+02   0.000000e+00   3.960492e+01   1.023772e-04
   5.152058e-35   2.546147e-32   1.314636e-33   1.421752e-33   4.170190e-16   1.219297e-17   1.460296e-17   5.537634e-19   2.811643e-18   6.817681e+00
   2.180415e+01   5.044135e+02   0.000000e+00   0.000000e+00   0.000000e+00   2.169484e-01   4.473214e+02   8.585155e+01   0.000000e+00   5.435130e-03
   8.475219e-16   1.384108e+01   0.000000e+00   7.038229e+02   0.000000e+00   0.000000e+00   4.706616e-01   7.697270e+02   0.000000e+00   5.615425e-03
   7.556459e-17   1.234063e+00   4.985765e+02   0.000000e+00   0.000000e+00   0.000000e+00   1.213299e-02   0.000000e+00   0.000000e+00   0.000000e+00
   3.771793e-16   1.689309e-17   0.000000e+00   1.394985e-14   1.535656e-14   0.000000e+00   0.000000e+00   1.401463e-17   3.388742e+02   8.943205e-05
   6.031145e+02   7.944779e+00   0.000000e+00   0.000000e+00   5.704658e+02   2.363306e-01   0.000000e+00   0.000000e+00   1.185865e-01   0.000000e+00
   3.153566e-14   5.150164e+02   7.129126e-02   0.000000e+00   0.000000e+00   1.612813e+00   2.095602e-01   0.000000e+00   0.000000e+00   0.000000e+00
   3.358850e-05   2.507433e-03   4.294670e-02   2.764138e+00   5.319621e+02   4.385529e-02   1.108861e+01   0.000000e+00   0.000000e+00   0.000000e+00
   2.179940e+02   0.000000e+00   1.942576e+01   6.493285e-04   0.000000e+00   7.841923e-01   0.000000e+00   0.000000e+00   4.731806e+02   5.026495e+02
   3.844750e-14   6.278954e+02   0.000000e+00   2.027381e+01   0.000000e+00   0.000000e+00   2.215244e+01   1.227879e+01   5.805828e-02   7.025599e+02
   3.200392e-31   5.226637e-15   2.632424e-16   0.000000e+00   8.546566e+01   7.323810e-03   1.455181e+03   5.740082e-02   0.000000e+00   0.000000e+00
   2.568612e-14   4.194861e+02   0.000000e+00   5.122287e+02   5.388468e+00   0.000000e+00   3.322095e-01   5.497408e+02   5.006605e+00   1.293423e-01
   5.096834e-35   2.519416e-32   1.339411e-33   0.000000e+00   4.120338e-16   1.105291e-17   1.443105e-17   5.480020e-19   2.699765e-18   6.735717e+00
   3.223724e-14   5.264741e+02   1.710733e+01   5.435666e-02   0.000000e+00   5.138727e+02   2.194078e-07   1.030452e-01   4.403186e+00   0.000000e+00
   5.014361e-16   3.884017e-17   1.662581e-14   1.907649e-15   1.350519e-14   3.512924e+02   0.000000e+00   1.103850e-01   2.888925e+00   0.000000e+00
   4.747722e+02   4.230083e-01   8.361049e-02   5.665965e+02   0.000000e+00   0.000000e+00   6.484647e-01   6.549797e+02   0.000000e+00   3.024701e-01
   1.501905e-15   2.452797e+01   6.344950e+02   2.085670e+01   0.000000e+00   7.533774e+02   1.481145e-05   0.000000e+00   6.008586e+00   0.000000e+00
   8.825892e-01   0.000000e+00   5.469068e+02   6.460658e+00   0.000000e+00   4.738957e-02   3.082376e-01   5.518715e+02   1.514137e-02   2.388269e+01
   6.570864e-17   1.073104e+00   3.486959e-02   5.179768e+02   0.000000e+00   5.053132e+02   2.157531e-07   1.013288e-01   4.329843e+00   0.000000e+00
   5.365204e-30   8.762043e-14   1.430950e+03   2.057492e+01   0.000000e+00   4.039340e+00   0.000000e+00   0.000000e+00   0.000000e+00   8.577260e+00
   2.976170e-33   1.473032e-31   1.682690e-36   2.406135e-15   2.601274e-14   7.364491e-16   1.968676e-17   0.000000e+00   4.268035e+02   0.000000e+00
   2.350104e-30   0.000000e+00   3.838011e-14   1.509995e-14   0.000000e+00   6.735604e+02   3.782642e-02   1.148225e-01   2.555273e-02   0.000000e+00
   1.268218e-15   0.000000e+00   0.000000e+00   0.000000e+00   5.361372e-17   2.073007e+01   5.446023e+02   4.788002e+02   0.000000e+00   7.879041e+02
   5.654016e-15   3.392202e-14   5.616312e+02   7.133427e+02   9.890714e-02   0.000000e+00   3.756009e+00   2.488731e-01   2.667958e-02   4.999962e-05
   3.488763e-14   5.697582e+02   1.851381e+01   5.882560e-02   6.223269e-04   5.561208e+02   2.374464e-07   1.115171e-01   1.655459e-01   0.000000e+00
   6.546937e-14   3.255512e-16   0.000000e+00   5.170310e-15   3.738715e-15   0.000000e+00   1.074275e+03   0.000000e+00   9.068312e+02   1.195142e-04
   8.424224e+02   0.000000e+00   0.000000e+00   1.661277e+00   0.000000e+00   0.000000e+00   0.000000e+00   9.420379e-02   2.598639e+00   8.412043e+02
   3.591533e+01   1.623093e+00   0.000000e+00   5.097335e+02   5.679866e+02   1.922967e-02   3.119451e-03   3.132417e-04   5.256707e+00   9.819148e-05
   9.566297e+00   8.898631e-01   9.794848e-02   0.000000e+00   4.990473e+02   0.000000e+00   5.880695e-02   3.659153e+02   1.073636e-04   0.000000e+00
   3.609206e-32   1.313627e-30   0.000000e+00   7.675817e-32   9.500921e-31   2.651242e-14   0.000000e+00   4.329807e+02   0.000000e+00   4.578260e+02
   1.244639e-46   8.005696e-49   4.684103e-48   6.968726e-48   2.037312e-30   5.877863e-32   0.000000e+00   3.328568e-14   1.484850e-16   5.436018e+02
   2.047932e-15   3.344527e+01   0.000000e+00   0.000000e+00   8.038063e+02   9.151373e-01   7.099423e+02   0.000000e+00   0.000000e+00   1.879775e-01
   1.058124e+03   0.000000e+00   0.000000e+00   2.539901e+02   1.906305e-01   0.000000e+00   0.000000e+00   1.093860e+03   0.000000e+00   0.000000e+00
   1.399387e+00   0.000000e+00   9.308600e+02   3.801632e+01   0.000000e+00   0.000000e+00   0.000000e+00   4.306469e-03   5.193900e-01   9.286284e+02
   3.223985e-14   7.282078e-16   0.000000e+00   8.243854e-17   5.266527e+02   1.176483e-04   0.000000e+00   1.256988e-09   0.000000e+00   5.558083e+02
   3.499202e-14   2.824427e-16   0.000000e+00   2.154946e-15   0.000000e+00   0.000000e+00   0.000000e+00   2.366484e-17   5.725644e+02   2.782337e-03
   6.647208e+02   8.756314e+00   1.231628e-01   0.000000e+00   5.348762e+02   2.428884e-01   0.000000e+00   0.000000e+00   1.218771e-01   0.000000e+00
   6.604060e-16   6.466901e-14   6.411675e-16   0.000000e+00   1.056232e+03   2.343883e-03   2.014394e+01   0.000000e+00   0.000000e+00   0.000000e+00
   7.013601e+02   9.938576e+00   0.000000e+00   2.176983e+00   0.000000e+00   0.000000e+00   6.836892e-03   0.000000e+00   1.072944e+03   0.000000e+00
   3.321651e-14   5.424667e+02   0.000000e+00   6.049466e+02   0.000000e+00   0.000000e+00   3.920040e+02   5.286401e+02   1.610841e+00   0.000000e+00
   1.471408e+01   0.000000e+00   0.000000e+00   6.124302e-02   5.792748e+02   1.443835e-02   0.000000e+00   0.000000e+00   4.795483e+02   0.000000e+00
   2.419998e-17   5.964888e-16   9.749415e+00   0.000000e+00   0.000000e+00   0.000000e+00   3.900039e+02   0.000000e+00   0.000000e+00   1.779302e-01
   3.503164e+00   1.011662e+03   2.367501e-05   2.391739e+01   8.766307e+00   1.328711e+00   0.000000e+00   0.000000e+00   1.577586e+01   2.715810e-05
   1.153231e-16   8.436817e-16   1.173070e-14   1.867986e-14   2.172212e-14   0.000000e+00   0.000000e+00   5.057736e+02   4.008506e+02   4.092552e+01
   1.420277e+03   0.000000e+00   6.833589e-03   1.465612e+00   0.000000e+00   3.269467e-03   0.000000e+00   0.000000e+00   0.000000e+00   3.302943e-02
   6.071565e-01   8.490019e-03   4.039146e+02   1.772895e+01   0.000000e+00   0.000000e+00   0.000000e+00   1.868885e-03   5.970797e-04   4.574364e+02
   1.433782e+01   4.677922e+00   6.223163e-01   2.438552e-03   6.392986e-03   5.241444e-01   0.000000e+00   7.815836e+02   0.000000e+00   0.000000e+00
   4.033638e+01   1.058202e-03   0.000000e+00   0.000000e+00   7.037544e+02   2.401207e-01   0.000000e+00   0.000000e+00   0.000000e+00   8.279135e+02
   6.303467e+02   0.000000e+00   0.000000e+00   0.000000e+00   0.000000e+00   8.484059e-03   3.776166e-04   0.000000e+00   6.645921e-02   4.779252e+00
   7.304085e-16   2.658436e-14   0.000000e+00   1.553384e-15   1.949922e-14   5.391521e+02   0.000000e+00   4.185386e-02   0.000000e+00   5.723667e+02
   4.069342e-14   0.000000e+00   6.645739e+02   0.000000e+00   0.000000e+00   0.000000e+00   6.776648e+00   0.000000e+00   0.000000e+00   3.103075e-01
   5.075818e+02   2.435026e+00   1.008934e-01   0.000000e+00   4.100234e+00   4.981271e+02   5.380620e-02   0.000000e+00   0.000000e+00   2.831637e-01
   3.782011e-14   5.288480e-16   6.177097e+02   0.000000e+00   3.629997e-04   0.000000e+00   0.000000e+00   0.000000e+00   0.000000e+00   4.481966e+02
   5.953913e+02   1.260330e+01   0.000000e+00   0.000000e+00   1.795280e-03   7.294800e+00   5.187232e+02   0.000000e+00   3.899536e+01   6.219479e-05
   8.882531e-17   1.450627e+00   2.014928e-04   0.000000e+00   3.671240e-02   4.544204e-03   3.795000e-05   6.966455e+02   0.000000e+00   0.000000e+00
   5.152111e-35   2.546147e-32   1.314636e-33   1.421752e-33   4.170190e-16   1.219613e-17   1.460254e-17   5.537634e-19   2.811643e-18   6.817681e+00
   6.068459e+02   1.629520e+00   2.594789e+01   8.017204e+02   5.519720e-04   0.000000e+00   3.747998e+01   6.381073e+02   2.332273e-04   0.000000e+00
   8.597255e-14   2.774248e-19   2.459612e-15   8.522044e-20   1.404613e+03   1.699755e+01   0.000000e+00   0.000000e+00   0.000000e+00   5.359184e+00
   4.357028e+02   5.273774e+00   0.000000e+00   0.000000e+00   4.843280e+02   3.826571e-01   2.659988e-03   1.177129e-03   4.551362e+00   1.071621e-05
   1.683559e-15   5.419368e-17   0.000000e+00   3.187415e-14   5.212707e+02   6.356471e+02   7.300819e+02   0.000000e+00   2.532461e+01   1.904410e-01
   3.061477e-14   0.000000e+00   4.999772e+02   0.000000e+00   2.553750e-04   0.000000e+00   5.531961e-02   4.141098e+02   5.284452e+02   0.000000e+00
   9.963510e+00   8.748966e+02   4.777104e+01   0.000000e+00   4.082410e+01   0.000000e+00   0.000000e+00   1.563802e-01   0.000000e+00   0.000000e+00
   3.583813e-14   2.892722e-16   0.000000e+00   2.145884e-15   0.000000e+00   0.000000e+00   0.000000e+00   2.423456e-17   5.863485e+02   2.849320e-03
   2.371064e-30   3.872241e-14   0.000000e+00   1.690916e-15   0.000000e+00   1.042444e-15   0.000000e+00   0.000000e+00   6.332165e+02   6.963310e+02
   4.539740e-31   7.413957e-15   1.210791e+02   1.763425e+00   0.000000e+00   1.033145e+01   9.608297e+02   0.000000e+00   0.000000e+00   0.000000e+00
   2.357902e+00   4.371470e+01   0.000000e+00   0.000000e+00   0.000000e+00   2.503252e-04   4.302803e+00   3.355322e-01   5.616891e+02   6.641587e+02
   1.929554e-16   2.079662e-14   1.411090e-16   2.520155e-14   5.336280e+02   2.147496e+01   0.000000e+00   0.000000e+00   0.000000e+00   0.000000e+00
   4.127345e+02   4.189573e+01   0.000000e+00   4.502450e+02   2.795837e+00   0.000000e+00   2.706970e+02   3.922543e+02   6.470708e+02   0.000000e+00
   6.523781e+02   0.000000e+00   0.000000e+00   0.000000e+00   8.649980e-06   0.000000e+00   2.672266e+01   4.453077e+02   1.426011e+01   8.007327e-02
   2.497570e-02   3.506393e+02   2.603927e-03   1.949219e+01   0.000000e+00   2.785694e-01   1.204617e+01   2.042662e+00   0.000000e+00   1.484949e-01
   1.753496e-02   3.143218e-01   5.623516e+02   5.538801e-02   0.000000e+00   5.848051e+02   1.026546e-01   0.000000e+00   4.892174e+00   0.000000e+00
   4.605779e+00   0.000000e+00   6.366323e+02   0.000000e+00   6.678959e+02   1.324028e+00   0.000000e+00   0.000000e+00   0.000000e+00   1.467403e-05
   2.750415e+01   1.282786e+00   0.000000e+00   6.285228e+02   6.983892e+02   2.365815e-02   3.837841e-03   3.390659e-02   6.529425e+00   1.208044e-04
   7.060092e-17   0.000000e+00   4.696311e-14   1.917973e-15   0.000000e+00   7.676060e+02   3.736572e+01   6.314917e+02   5.545390e-01   9.964726e+02
   7.902127e+02   0.000000e+00   4.829846e+00   9.335014e+00   0.000000e+00   6.847326e-02   4.453730e-01   0.000000e+00   1.540043e-02   7.976371e+02
   4.502628e-02   4.181703e-04   1.117265e+00   5.211822e+02   1.229434e+00   0.000000e+00   4.970353e+02   1.453030e-02   1.095817e-02   0.000000e+00
   3.483596e-14   0.000000e+00   0.000000e+00   1.442632e-15   2.454801e-14   6.963757e+02   4.162916e-04   0.000000e+00   0.000000e+00   0.000000e+00
   5.590894e+02   0.000000e+00   0.000000e+00   1.735209e+00   0.000000e+00   0.000000e+00   5.330712e+01   5.041141e+02   1.154407e+03   0.000000e+00
   4.359318e-16   2.728386e-14   6.369032e-16   0.000000e+00   4.457575e+02   4.746109e-05   5.088333e+02   0.000000e+00   0.000000e+00   3.115335e-01
   1.224171e+00   0.000000e+00   8.143078e+02   1.498427e+00   0.000000e+00   0.000000e+00   0.000000e+00   1.771776e-04   6.718354e+02   1.050372e+03
   1.579600e-15   2.579682e+01   0.000000e+00   7.219888e+02   6.512963e+02   2.014385e-02   0.000000e+00   5.196392e-03   0.000000e+00   3.187629e-06
   1.464805e-46   2.392209e-30   3.906773e-14   4.315042e-17   9.135192e-16   6.381993e+02   0.000000e+00   5.259524e+02   0.000000e+00   0.000000e+00
   3.464657e-14   0.000000e+00   5.658214e+02   0.000000e+00   0.000000e+00   5.079250e-02   0.000000e+00   1.248250e+00   9.984631e-05   2.762802e-04
   8.339154e-17   6.504500e-15   6.681112e-14   0.000000e+00   0.000000e+00   1.512395e-16   1.096271e+03   0.000000e+00   0.000000e+00   0.000000e+00
   3.505651e-01   0.000000e+00   5.464902e+02   0.000000e+00   6.337772e+02   2.210117e+01   0.000000e+00   0.000000e+00   0.000000e+00   9.351095e+02
   1.109541e+01   9.517351e+02   0.000000e+00   0.000000e+00   4.383919e-01   0.000000e+00   0.000000e+00   1.622400e-01   0.000000e+00   0.000000e+00
   1.145255e+03   0.000000e+00   3.508055e-01   0.000000e+00   0.000000e+00   0.000000e+00   0.000000e+00   6.075775e+01   2.922116e+01   1.082442e+01
   6.157603e+00   6.838174e+02   8.312903e-01   0.000000e+00   0.000000e+00   0.000000e+00   0.000000e+00   3.161059e-03   6.488034e-02   7.457822e+02
   3.252999e-30   5.312551e-14   6.248953e-18   0.000000e+00   5.892519e-18   8.676054e+02   4.771072e+02   5.882655e-01   0.000000e+00   5.004455e-02
   3.749601e-14   0.000000e+00   6.123563e+02   0.000000e+00   0.000000e+00   0.000000e+00   1.353160e+00   0.000000e+00   1.083749e-04   3.153498e+01
   6.092713e+01   8.633638e-01   7.144784e+02   2.225529e+00   0.000000e+00   0.000000e+00   6.989350e-03   0.000000e+00   1.096870e+03   0.000000e+00
   2.038238e-30   3.328696e-14   1.718681e-15   0.000000e+00   5.443414e+02   1.281477e+01   0.000000e+00   7.241851e-01   0.000000e+00   0.000000e+00
   3.542345e-14   5.785089e+02   0.000000e+00   0.000000e+00   8.020432e-03   5.612766e+02   7.227511e-06   0.000000e+00   5.346226e-02   6.360540e-03
   3.003232e-16   8.654412e-14   4.374609e-17   1.413382e+03   1.055296e+00   1.098917e+02   2.805268e+01   1.934182e+00   9.710328e+00   0.000000e+00
   3.214445e+01   8.432911e-04   0.000000e+00   0.000000e+00   5.621560e+02   1.889737e-01   0.000000e+00   0.000000e+00   5.290418e+02   7.757080e+02
   2.803120e-14   4.577842e+02   0.000000e+00   0.000000e+00   0.000000e+00   6.161479e-03   5.787423e-07   3.608631e-02   4.826546e-02   5.218808e+02
   1.042505e+03   0.000000e+00   5.015959e-03   1.075782e+00   0.000000e+00   2.399839e-03   0.000000e+00   6.072099e+02   0.000000e+00   2.902473e-02
   1.842060e-30   0.000000e+00   4.052271e-33   0.000000e+00   3.008319e-14   0.000000e+00   1.055654e-15   3.999553e-17   9.277184e-17   4.916010e+02
   1.719872e-01   4.725533e+00   1.088740e-02   2.721628e-03   0.000000e+00   2.087306e-07   7.798014e+02   0.000000e+00   0.000000e+00   0.000000e+00
   5.894638e-14   0.000000e+00   1.848881e-15   1.085218e-16   0.000000e+00   0.000000e+00   2.068263e-15   7.605013e-17   4.868685e-14   1.249398e+03
   6.375084e+01   9.033769e-01   0.000000e+00   1.978791e-01   1.168251e+03   4.823514e+01   1.857957e-03   0.000000e+00   0.000000e+00   0.000000e+00
   2.905897e-16   4.745690e+00   1.310799e+03   1.884744e+01   0.000000e+00   3.649209e+00   0.000000e+00   0.000000e+00   1.014108e+02   7.880585e+00
   5.690030e+02   6.379523e+00   0.000000e+00   9.771846e-03   0.000000e+00   5.955637e-05   2.213539e-03   0.000000e+00   1.991473e-02   6.048701e-03
   3.869297e-30   6.319041e-14   0.000000e+00   9.123286e-17   0.000000e+00   1.699208e-15   1.693518e-16   8.537334e-17   4.137910e-16   1.032379e+03
   7.396876e+02   0.000000e+00   4.565364e+00   0.000000e+00   5.951589e+02   3.295831e-01   0.000000e+00   0.000000e+00   0.000000e+00   0.000000e+00
   7.491327e-01   5.131964e+01   8.388714e+02   1.278646e+01   6.211760e-01   4.661945e+00   0.000000e+00   1.357282e-01   0.000000e+00   4.158840e-02
   1.008132e-30   6.998919e-32   1.650368e-14   2.149004e-14   2.535141e-20   4.425113e+02   2.321111e-02   3.636219e-02   1.390671e+00   0.000000e+00
   1.128102e+00   7.545325e+02   0.000000e+00   8.791966e-01   6.070928e+02   0.000000e+00   0.000000e+00   0.000000e+00   1.383324e-01   0.000000e+00
   2.563119e-30   0.000000e+00   4.185891e-14   6.836079e+02   2.031143e-03   2.355533e+01   0.000000e+00   5.145607e+02   3.200980e-01   8.921416e-02
   1.844943e+01   4.222417e+02   1.523012e+01   0.000000e+00   0.000000e+00   0.000000e+00   0.000000e+00   0.000000e+00   3.266849e+00   4.491796e+02
   6.896034e+00   7.768809e-02   7.197129e-05   3.969322e-03   0.000000e+00   8.968583e-01   4.755275e+02   0.000000e+00   0.000000e+00   0.000000e+00
   3.978548e-14   0.000000e+00   6.497462e+02   2.556307e+02   0.000000e+00   6.519810e-01   0.000000e+00   1.190270e-01   2.648842e-02   2.465601e-04
   2.810422e-02   1.035279e+00   2.106374e+01   7.779367e+02   0.000000e+00   0.000000e+00   0.000000e+00   1.693256e-04   0.000000e+00   7.743087e+02
   1.561129e+01   0.000000e+00   0.000000e+00   0.000000e+00   6.145917e+02   7.354604e+00   0.000000e+00   4.574533e+02   6.331588e+02   0.000000e+00
   3.943083e-14   6.439544e+02   0.000000e+00   7.863237e+02   8.271853e+00   0.000000e+00   5.099757e-01   8.682251e+00   0.000000e+00   1.527639e-01
   3.018076e-14   4.928893e+02   0.000000e+00   0.000000e+00   0.000000e+00   6.632691e-01   0.000000e+00   0.000000e+00   0.000000e+00   3.276594e-02
   3.173914e+00   0.000000e+00   3.537556e+01   5.976056e+02   1.260215e+01   2.522307e+01   0.000000e+00   4.236131e-03   4.689382e+02   0.000000e+00
   1.299231e-15   2.121805e+01   0.000000e+00   5.938405e+02   5.356955e+02   1.656845e-02   0.000000e+00   1.671944e+01   0.000000e+00   1.611085e-08
   2.680217e-18   4.377126e-02   1.086779e+00   5.069602e+02   1.195885e+00   0.000000e+00   4.834723e+02   8.206976e-04   1.065914e-02   0.000000e+00
   8.321771e-05   6.676658e-01   2.367980e+01   1.807393e-03   0.000000e+00   1.310951e+03   1.111904e-02   2.371697e-05   7.372397e+00   0.000000e+00
   5.521913e-15   1.640601e-16   9.632186e-20   1.052112e-18   4.674810e-14   1.137186e-15   1.911690e-20   7.689909e+02   2.244857e+01   0.000000e+00
   1.278840e-16   2.088504e+00   3.165555e+01   0.000000e+00   4.418889e+02   0.000000e+00   0.000000e+00   2.161428e-02   0.000000e+00   1.851349e+01
   3.472894e-14   0.000000e+00   2.794286e-15   4.048244e-19   3.093589e-14   7.609266e+02   0.000000e+00   7.046232e+02   6.161484e+01   0.000000e+00
   2.478861e+01   6.128705e+02   0.000000e+00   9.226590e+00   0.000000e+00   6.679955e+01   0.000000e+00   9.783754e-02   0.000000e+00   0.000000e+00
   8.601494e-16   1.404731e+01   8.203844e+02   0.000000e+00   3.791328e-01   0.000000e+00   0.000000e+00   0.000000e+00   0.000000e+00   3.795039e-01
   2.973818e-14   2.057722e-15   0.000000e+00   0.000000e+00   0.000000e+00   4.868226e+02   0.000000e+00   4.607072e+00   0.000000e+00   5.440105e+02
   1.023912e-47   1.158645e-46   1.899586e-30   6.404040e-33   3.102276e-14   8.335513e-16   3.013411e-15   4.232032e-17   2.074843e-16   5.092184e+02
   2.446502e-14   3.995442e+02   2.125654e+01   0.000000e+00   1.254829e+00   1.081693e+01   1.378953e+01   4.002140e+02   1.037502e+01   4.860966e-06
   1.300852e-17   0.000000e+00   1.568407e-22   2.565261e-15   1.828738e-14   3.015796e+02   0.000000e+00   3.995163e-01   1.651458e-02   1.570831e-02
   3.124786e-16   5.103163e+00   0.000000e+00   0.000000e+00   5.367358e-04   8.854575e-05   5.150096e+02   3.000148e+00   0.000000e+00   5.470084e+02
   2.700323e-30   4.409962e-14   3.616673e-17   1.712653e-15   0.000000e+00   1.006722e-15   0.000000e+00   0.000000e+00   2.460151e-16   7.209433e+02
   7.814328e-02   0.000000e+00   1.938935e+00   9.044747e+02   2.133595e+00   0.000000e+00   2.915125e+00   0.000000e+00   1.376227e-02   0.000000e+00
   1.148517e+00   5.469982e-02   4.645406e+02   0.000000e+00   0.000000e+00   1.406202e-03   0.000000e+00   0.000000e+00   0.000000e+00   0.000000e+00
   2.241626e-15   3.535859e-14   5.786088e+02   0.000000e+00   3.365132e-04   0.000000e+00   0.000000e+00   0.000000e+00   0.000000e+00   4.198259e+02
   7.635916e-16   4.772398e-14   5.192922e-16   4.581669e-17   7.795380e+02   0.000000e+00   5.984856e+01   0.000000e+00   0.000000e+00   3.550319e-01
   4.796892e-01   0.000000e+00   7.477795e+02   0.000000e+00   8.672170e+02   3.024172e+01   0.000000e+00   0.000000e+00   0.000000e+00   5.855787e+01
   3.402915e-30   5.557382e-14   0.000000e+00   0.000000e+00   9.075893e+02   1.032401e+00   0.000000e+00   7.374718e+02   0.000000e+00   2.790695e-03
   1.124708e+01   3.025144e+02   1.152380e-04   0.000000e+00   4.451848e-02   2.698127e-03   0.000000e+00   4.850479e+00   2.655266e+00   0.000000e+00
   7.093201e-14   1.158408e+03   1.367281e-01   0.000000e+00   1.284870e-01   0.000000e+00   5.599103e+00   6.144869e-01   3.627474e+00   0.000000e+00
   4.146879e-15   3.910446e-16   4.642500e-14   7.612233e+02   0.000000e+00   2.497458e+01   6.493198e+00   0.000000e+00   5.782280e+02   0.000000e+00
   5.157741e-01   2.444540e-02   0.000000e+00   1.710296e+01   6.736232e+02   1.678998e-02   4.773727e+01   8.844422e+00   5.597702e+02   0.000000e+00
   2.416569e-19   1.223506e-15   1.397364e-20   3.959186e-17   3.306965e-14   1.589241e-15   2.495702e-17   6.957656e-16   5.411806e+02   0.000000e+00
   6.786638e+02   1.436602e+01   0.000000e+00   0.000000e+00   7.333920e-05   0.000000e+00   5.912284e+02   0.000000e+00   0.000000e+00   7.080189e-05
   1.808999e+01   4.745804e-04   0.000000e+00   3.568576e-01   6.714683e+02   0.000000e+00   0.000000e+00   0.000000e+00   0.000000e+00   7.889232e+02
   2.658000e-16   7.117229e-14   7.830957e-17   0.000000e+00   7.894272e-18   1.162341e+03   6.266669e+02   7.004673e-01   4.034978e+00   0.000000e+00
   8.553171e+00   7.336687e+02   0.000000e+00   0.000000e+00   3.379453e-01   0.000000e+00   0.000000e+00   1.250667e-01   1.212632e-03   0.000000e+00
   7.558144e-34   1.785966e-30   0.000000e+00   2.916705e-14   1.650437e-15   0.000000e+00   4.770960e+02   7.367245e+00   7.661519e-02   0.000000e+00
   3.046932e+01   2.412915e+00   0.000000e+00   0.000000e+00   7.345766e+02   8.363189e-01   6.487969e+02   0.000000e+00   0.000000e+00   1.717875e-01
   2.769767e-30   4.523373e-14   0.000000e+00   2.673616e-17   7.387230e+02   8.427035e-01   6.518950e+02   0.000000e+00   0.000000e+00   1.723631e-01
   1.719404e-30   2.808000e-14   0.000000e+00   4.585811e+02   4.219041e+02   8.026172e-02   0.000000e+00   2.818793e+01   4.511951e+02   8.005980e-04
   2.294806e-14   3.747703e+02   1.172284e+01   0.000000e+00   0.000000e+00   2.622079e+00   1.564396e-02   2.955765e-02   4.198594e-02   4.035660e+02
   8.128322e+00   4.277353e+02   4.882193e-03   0.000000e+00   5.958814e+01   9.638808e-02   0.000000e+00   1.555065e+01   3.553955e+02   3.019156e-03
   4.042811e+00   1.611676e-02   3.342775e+02   4.070524e+02   0.000000e+00   3.495882e-02   4.620690e-01   4.650538e+02   0.000000e+00   0.000000e+00
   3.075080e-16   3.314304e-14   9.152278e-17   0.000000e+00   5.412922e+02   2.178340e+01   0.000000e+00   4.024681e+01   0.000000e+00   2.387709e-04
   2.203912e+01   0.000000e+00   5.697293e+02   1.872778e+01   0.000000e+00   7.612268e+02   1.429692e-05   1.807778e-02   5.799857e+00   0.000000e+00
   3.119222e-14   5.094076e+02   5.175575e-03   0.000000e+00   0.000000e+00   9.077541e-01   1.941819e-03   2.500933e+00   4.459169e+02   8.666094e-03
   1.040880e+00   0.000000e+00   5.011088e-02   6.613512e+02   0.000000e+00   2.736388e-01   4.209661e-01   0.000000e+00   4.088676e+01   3.199710e+00
   3.402048e+00   9.588998e+02   0.000000e+00   0.000000e+00   1.949391e+00   0.000000e+00   6.917036e+01   1.923998e-01   0.000000e+00   0.000000e+00
   3.559994e-30   5.813911e-14   0.000000e+00   1.891963e-15   4.630335e-16   0.000000e+00   9.500164e+02   2.380263e+01   0.000000e+00   4.998703e-02
   7.756273e+00   4.802142e+02   0.000000e+00   5.135572e+02   4.060789e-04   4.032673e-01   3.392227e+02   1.141631e+00   5.513694e+00   0.000000e+00
   3.777309e-15   4.042212e-14   6.630194e+02   7.323068e-01   1.550335e+01   0.000000e+00   0.000000e+00   5.360995e+02   0.000000e+00   0.000000e+00
   5.091256e-31   3.223183e-30   9.996806e-32   0.000000e+00   0.000000e+00   5.331621e-14   8.707198e+02   0.000000e+00   2.559195e+01   0.000000e+00
   4.122869e-33   1.991070e-30   0.000000e+00   0.000000e+00   3.251671e-14   8.232167e-17   1.983286e-17   4.320512e-17   2.652485e-14   6.853116e+02
   3.109538e+01   1.497976e+00   0.000000e+00   6.807197e+02   5.504523e+00   6.822535e+02   7.295452e-02   2.294557e+01   0.000000e+00   0.000000e+00
   1.212160e-01   4.996185e+02   1.901902e-04   1.978404e+00   7.249529e-02   4.367214e-03   7.602616e-09   7.995673e+00   4.298743e+00   0.000000e+00
   9.103347e+00   2.583848e-03   5.148246e-01   1.070969e+01   6.132678e-01   4.256936e-07   0.000000e+00   6.753051e+02   1.956980e+01   2.832621e+00
   4.359390e-14   0.000000e+00   7.119424e+02   0.000000e+00   0.000000e+00   0.000000e+00   5.871353e+02   2.109827e+01   3.361684e+01   0.000000e+00
   2.234755e-04   6.198456e-02   1.532425e+00   7.148501e+02   1.686283e+00   0.000000e+00   2.430972e+00   1.426166e-03   1.087699e-02   0.000000e+00
   4.712550e-14   7.696178e+02   0.000000e+00   8.574050e+01   0.000000e+00   1.071308e-02   8.450072e-01   4.669364e+02   6.459653e+00   1.539487e-05
   5.705226e-20   0.000000e+00   9.317342e-04   5.554268e+00   4.697661e+02   5.454664e+02   6.412724e+02   0.000000e+00   0.000000e+00   0.000000e+00
   1.097354e-01   1.883540e+01   4.600953e+02   0.000000e+00   4.865870e+02   4.084841e-03   0.000000e+00   2.353496e-04   0.000000e+00   1.065397e-05
   2.690904e-17   1.868149e-18   3.669997e-16   0.000000e+00   3.442965e-22   6.009727e+00   3.034361e+02   2.493895e-02   0.000000e+00   0.000000e+00
   2.737205e-02   4.906559e-01   8.778302e+02   8.646061e-02   4.529204e+02   0.000000e+00   1.248408e-01   0.000000e+00   6.252010e+00   1.916356e-01
   2.254982e-15   2.499485e-17   0.000000e+00   3.682892e+01   1.019855e+03   0.000000e+00   1.975131e+01   1.375776e+00   0.000000e+00   7.009032e+00
   5.607134e+01   7.255357e+02   0.000000e+00   0.000000e+00   7.862055e-05   0.000000e+00   6.210164e+02   6.182202e-02   0.000000e+00   7.524376e-05
   1.744353e+01   7.315944e-02   4.509336e+02   1.907885e+01   0.000000e+00   6.027147e+02   0.000000e+00   6.791298e+02   2.531773e-01   0.000000e+00
   9.879489e-16   4.187016e-14   5.545445e-18   6.839819e+02   0.000000e+00   0.000000e+00   0.000000e+00   7.665861e-02   5.419021e+00   6.830097e+02
   1.705858e-17   0.000000e+00   2.659233e-14   4.342858e+02   5.036511e+02   8.876407e-02   0.000000e+00   2.992172e+01   0.000000e+00   7.436070e+02
   5.114326e-17   8.352328e-01   2.714018e-02   4.031588e+02   3.349392e+02   5.113239e+02   9.220571e-09   0.000000e+00   1.108202e-01   0.000000e+00
   3.021492e-15   4.934471e+01   0.000000e+00   0.000000e+00   5.023052e+02   1.890493e+01   2.929229e-01   5.138527e+02   0.000000e+00   0.000000e+00
   8.783435e-14   2.111835e-16   4.439813e-17   1.434448e+03   1.101320e+00   1.115297e+02   2.847081e+01   0.000000e+00   3.135404e+00   0.000000e+00
   4.848046e-16   4.319691e-14   0.000000e+00   0.000000e+00   0.000000e+00   0.000000e+00   7.055036e+02   1.074889e-04   6.693515e-02   7.487934e+02
   2.403571e-15   6.604069e-14   1.550412e-16   3.803554e-17   0.000000e+00   2.917071e-21   1.079244e+03   0.000000e+00   0.000000e+00   0.000000e+00
   3.229871e+00   1.530815e-01   0.000000e+00   1.306278e+01   5.297819e+02   1.456270e+01   2.756396e-01   6.941070e+00   4.228401e+02   0.000000e+00
   1.571593e-15   2.566606e+01   6.639353e+02   2.156084e+01   0.000000e+00   7.883235e+02   1.549849e-05   0.000000e+00   4.806798e+00   0.000000e+00
   2.211455e-32   3.611581e-16   2.701095e-15   4.450480e+01   6.199076e+02   0.000000e+00   0.000000e+00   9.551614e-02   0.000000e+00   2.474126e+01
   9.627878e-19   4.505984e-17   1.223530e-21   2.860338e-14   4.671292e+02   1.973009e-01   4.119533e+02   3.927574e-02   0.000000e+00   0.000000e+00
   4.182694e+01   0.000000e+00   2.012481e-04   1.554794e+03   1.048149e-01   2.211237e-04   0.000000e+00   0.000000e+00   0.000000e+00   1.651182e+02
   6.511088e+00   4.825735e+02   2.023445e+00   0.000000e+00   0.000000e+00   8.575455e-01   1.839713e-03   8.480446e-02   4.224643e+02   8.210310e-03
   5.572006e+02   1.581530e-01   3.151155e+01   6.555224e+02   0.000000e+00   0.000000e+00   0.000000e+00   0.000000e+00   0.000000e+00   3.608879e+00
   1.771928e-16   4.994350e-14   0.000000e+00   0.000000e+00   1.022255e-16   8.156460e+02   4.421638e-01   1.632309e-01   0.000000e+00   0.000000e+00
   2.886758e-30   8.975199e-32   4.716712e-14   5.154818e-17   7.725726e-16   7.704014e+02   0.000000e+00   0.000000e+00   5.638012e+02   0.000000e+00
   2.391328e-18   3.905335e-02   7.343211e+02   0.000000e+00   0.000000e+00   2.382032e+01   0.000000e+00   6.031418e+02   5.938430e+00   2.851464e-02
   4.924434e-01   1.816663e+01   3.837107e-03   6.726131e+02   0.000000e+00   0.000000e+00   0.000000e+00   1.700029e-04   0.000000e+00   6.416594e+02
   3.766446e+01   4.147366e-01   0.000000e+00   2.179208e-02   0.000000e+00   3.132730e+00   6.085718e+02   0.000000e+00   1.030846e-04   6.564509e+02
   3.347156e-14   5.466320e+02   1.662234e-06   1.228353e+01   0.000000e+00   1.681773e-03   6.717908e-02   7.156644e-01   3.703152e+00   1.599612e+01
   2.599589e-14   4.245451e+02   2.192022e+01   0.000000e+00   0.000000e+00   1.000787e+01   0.000000e+00   5.655620e-01   0.000000e+00   0.000000e+00
   4.666222e-16   3.239506e-17   1.561301e-14   2.033939e-14   2.159447e-14   5.475221e+02   0.000000e+00   4.511640e-02   1.720687e+00   0.000000e+00
   7.081928e+02   1.468588e+01   0.000000e+00   0.000000e+00   7.652953e-05   8.630925e+00   0.000000e+00   5.093850e+02   0.000000e+00   6.862600e-05
   4.079775e-16   2.984686e-15   3.092299e-14   3.527074e-16   3.057576e-14   3.364474e-19   0.000000e+00   7.119199e+02   5.642318e+02   0.000000e+00
   2.331807e-14   1.882149e-16   0.000000e+00   1.396219e-15   2.726415e-14   0.000000e+00   0.000000e+00   2.423448e-17   5.863465e+02   2.849310e-03
   4.942803e+02   0.000000e+00   0.000000e+00   0.000000e+00   0.000000e+00   1.851378e+01   2.922391e-01   5.032210e+02   0.000000e+00   0.000000e+00
   5.247424e+02   1.828342e-01   0.000000e+00   1.073483e-01   0.000000e+00   1.269460e-01   5.003202e+01   4.731422e+02   1.083482e+03   0.000000e+00
   2.526135e+01   3.188105e-01   0.000000e+00   0.000000e+00   6.071667e+02   1.028175e+02   5.438863e+02   1.807941e-02   0.000000e+00   0.000000e+00
   4.425414e+02   4.109993e+00   1.632899e+01   0.000000e+00   1.040223e+00   4.720642e+01   4.757794e+02   1.314856e-02   0.000000e+00   0.000000e+00
   5.636113e-02   1.647177e+00   2.321089e+01   6.757920e+02   0.000000e+00   2.797791e-01   1.009991e-03   1.366623e-06   4.168352e+00   1.163362e+00
   6.019708e+00   5.363385e-03   4.884942e-01   7.207576e+00   0.000000e+00   6.250189e+02   6.794357e-04   5.785846e+02   0.000000e+00   2.608556e-01
   9.486250e+02   0.000000e+00   0.000000e+00   1.870711e+00   0.000000e+00   0.000000e+00   0.000000e+00   1.060799e-01   2.682035e+00   0.000000e+00
   4.093408e-02   1.446402e+00   7.577162e-02   7.812230e-02   8.344067e-03   4.544204e-03   3.795000e-05   6.966455e+02   0.000000e+00   0.000000e+00
   1.403667e-15   0.000000e+00   0.000000e+00   2.495414e-14   4.642678e-18   4.081763e+02   5.160268e-07   3.217581e-02   0.000000e+00   4.486220e+02
   8.996210e-01   0.000000e+00   2.063352e+01   7.117759e+02   1.322714e-01   0.000000e+00   8.978015e-07   5.845103e+02   0.000000e+00   2.731900e+01
   2.832340e-14   4.625562e+02   0.000000e+00   0.000000e+00   1.170635e+01   0.000000e+00   0.000000e+00   5.042632e+02   0.000000e+00   0.000000e+00
   7.273733e+01   6.953555e+02   3.953923e+01   8.198532e+02   0.000000e+00   3.260148e-05   0.000000e+00   0.000000e+00   0.000000e+00   4.515589e+00
   4.611307e-17   7.530835e-01   3.969851e-06   3.037533e+01   1.016082e+03   1.807204e+01   0.000000e+00   8.281992e-04   0.000000e+00   1.778680e-01
   1.521016e+01   5.164055e+02   0.000000e+00   5.761334e+02   4.498382e-04   0.000000e+00   3.733331e+02   0.000000e+00   7.904253e+02   0.000000e+00
   8.630787e-17   4.168093e-14   0.000000e+00   0.000000e+00   0.000000e+00   3.396455e-17   2.542235e-17   6.022584e-17   3.393974e-14   8.778278e+02
   1.208401e-15   1.354830e-17   0.000000e+00   3.508966e-14   5.723029e-16   3.675197e-21   1.388596e-19   2.252038e-17   5.734737e+02   0.000000e+00
   6.786396e-32   1.073946e-30   1.757384e-14   2.288355e-14   2.699530e-20   4.712056e+02   1.123831e+00   6.707506e-01   1.480854e+00   0.000000e+00
   3.492274e-14   0.000000e+00   5.703316e+02   0.000000e+00   0.000000e+00   3.437512e+00   0.000000e+00   5.296301e-02   1.046178e-04   2.867993e-04
   6.911590e-15   2.333001e-15   6.203089e-14   1.189519e-17   0.000000e+00   0.000000e+00   0.000000e+00   0.000000e+00   9.845179e-15   1.032616e+03
   7.917443e+02   0.000000e+00   4.876680e+00   7.856229e+00   7.104868e+00   2.748810e-01   0.000000e+00   0.000000e+00   0.000000e+00   0.000000e+00
   2.370884e-31   7.451099e-34   2.286787e-30   2.898814e-34   0.000000e+00   2.462406e-31   3.776099e-14   6.166838e+02   2.575548e+00   5.991044e-01
   2.318164e-14   1.152724e-16   1.703829e-15   3.591247e-14   0.000000e+00   6.986278e+02   1.387339e+01   0.000000e+00   6.041666e+02   1.733932e-04
   1.241270e+00   0.000000e+00   3.753600e-02   5.991066e+02   0.000000e+00   5.844595e+02   2.483604e-07   0.000000e+00   5.008018e+00   0.000000e+00
   1.757317e-30   1.423459e-32   2.870010e-14   0.000000e+00   0.000000e+00   6.712807e-17   4.687095e+02   5.631795e+02   0.000000e+00   0.000000e+00
   3.147984e-14   5.141049e+02   0.000000e+00   0.000000e+00   4.729870e+02   1.844623e+01   0.000000e+00   1.692559e-01   5.304253e+02   9.123713e-04
   8.690082e+02   1.144738e+01   1.610142e-01   0.000000e+00   0.000000e+00   2.473978e-01   2.481764e-07   1.249476e-01   4.784160e+00   0.000000e+00
   1.733915e+00   7.879026e+02   0.000000e+00   6.011401e-02   0.000000e+00   0.000000e+00   7.679722e-03   1.138492e+00   1.199960e+03   0.000000e+00
   3.857011e-14   6.298977e+02   0.000000e+00   1.869742e+01   0.000000e+00   0.000000e+00   0.000000e+00   5.518126e+02   0.000000e+00   3.444597e+00
   3.702330e-01   9.958210e+00   3.793420e-06   0.000000e+00   3.634845e+02   3.205981e-03   0.000000e+00   6.707260e+00   3.244546e+00   0.000000e+00
   1.630668e-30   7.956165e-32   0.000000e+00   5.096855e-36   2.666250e-14   7.152289e-16   1.527953e-15   3.607303e-17   1.748797e-16   4.363122e+02
   3.198717e-16   1.590585e-18   0.000000e+00   1.267653e-19   0.000000e+00   3.244578e-14   5.299055e+02   0.000000e+00   4.486154e+02   1.298368e-04
   2.059711e-01   5.821410e+01   6.442919e+02   1.807137e+01   2.513171e+00   1.397780e-03   0.000000e+00   4.066926e-02   0.000000e+00   0.000000e+00
   4.136822e-31   6.755943e-15   6.650309e-14   0.000000e+00   0.000000e+00   1.509478e-16   1.091671e+03   5.167711e+00   0.000000e+00   0.000000e+00
   1.336749e-02   1.513908e+00   0.000000e+00   2.445852e-04   6.412124e-04   4.763823e-03   0.000000e+00   7.287163e+02   1.153928e-03   0.000000e+00
   1.637899e-30   2.674892e-14   8.691833e-16   4.370735e+02   0.000000e+00   4.263869e+02   1.820540e-07   9.456653e-02   9.392298e+02   0.000000e+00
   3.114384e+00   4.132401e+01   0.000000e+00   7.841836e+02   0.000000e+00   4.197386e+01   0.000000e+00   0.000000e+00   5.745208e+02   0.000000e+00
   3.195032e+00   3.419100e+01   6.104634e+02   6.753244e-01   1.429701e+01   0.000000e+00   0.000000e+00   5.095367e+02   0.000000e+00   1.715994e+01
   3.753892e-02   1.498859e+00   4.469255e-06   0.000000e+00   2.159536e-05   4.695264e-03   3.921155e-05   7.198035e+02   0.000000e+00   0.000000e+00
   6.995038e-14   1.142376e+03   1.348359e-01   0.000000e+00   1.267089e-01   3.464659e-01   2.606618e-02   5.977885e-01   3.604966e+00   0.000000e+00
   2.533372e-01   1.801527e+01   5.747354e+00   0.000000e+00   1.624417e+00   0.000000e+00   7.593001e+02   0.000000e+00   0.000000e+00   3.464131e-01
   3.571308e+01   0.000000e+00   1.186424e+03   0.000000e+00   0.000000e+00   0.000000e+00   0.000000e+00   0.000000e+00   9.876754e+02   3.595958e-02
   8.056947e-18   6.240739e-19   2.772462e-14   3.179674e-15   0.000000e+00   4.557455e+02   2.460527e-02   1.431026e-01   3.747916e+00   0.000000e+00
   1.816698e+01   4.181819e-01   1.852596e-01   0.000000e+00   7.232777e+02   0.000000e+00   0.000000e+00   5.303963e+02   1.556242e-04   0.000000e+00
   1.617314e+01   6.966935e-03   0.000000e+00   0.000000e+00   6.367108e+02   0.000000e+00   5.590907e+02   1.378116e+01   7.002967e+02   0.000000e+00
   2.820196e-17   2.199739e-15   3.032829e-14   4.709990e-14   0.000000e+00   1.258788e-16   9.155785e+02   0.000000e+00   0.000000e+00   6.032296e+01
   5.608342e-16   2.511862e-17   0.000000e+00   2.074227e-14   0.000000e+00   0.000000e+00   0.000000e+00   1.401450e-17   3.388710e+02   8.943121e-05
   4.217943e-14   0.000000e+00   9.001483e-18   0.000000e+00   0.000000e+00   0.000000e+00   6.888424e+02   0.000000e+00   1.053684e+03   0.000000e+00
   5.449186e-15   2.646099e-16   9.512327e-20   1.685515e-17   4.616660e-14   1.111788e-15   7.610048e-21   7.594211e+02   2.216921e+01   0.000000e+00
   1.623668e-16   4.347635e-14   1.178610e-16   0.000000e+00   4.736426e-18   7.100303e+02   0.000000e+00   1.098503e-03   2.169583e+00   6.615211e+02
   2.817491e+01   0.000000e+00   0.000000e+00   5.623583e+02   0.000000e+00   6.510203e+02   0.000000e+00   0.000000e+00   6.288302e+02   0.000000e+00
   9.291285e-33   1.517382e-16   0.000000e+00   1.124368e-19   1.512934e-18   3.334786e-14   5.446175e+02   0.000000e+00   4.597298e+02   0.000000e+00
   6.324659e+02   0.000000e+00   3.249369e+01   7.358401e-03   5.923635e+02   1.304644e+01   7.598432e-01   7.687663e+02   6.885563e+01   0.000000e+00
   4.650992e-14   1.289675e-15   7.598566e+02   2.989516e+02   1.924564e+00   0.000000e+00   0.000000e+00   1.391985e-01   1.220990e-02   2.883445e-04
   1.925655e-30   0.000000e+00   3.144833e-14   0.000000e+00   0.000000e+00   7.355604e-17   5.135916e+02   6.056003e+02   0.000000e+00   0.000000e+00
   5.166985e-35   2.553497e-32   0.000000e+00   4.707189e-35   4.170193e-16   1.219614e-17   1.460255e-17   1.923813e-19   2.811643e-18   6.817681e+00
   7.376391e-01   2.684753e+01   7.583429e+02   6.505769e+01   5.574625e+02   0.000000e+00   0.000000e+00   7.326809e-02   0.000000e+00   1.165520e+01
   1.225344e-46   2.001138e-30   3.268106e-14   3.609632e-17   7.641799e-16   5.338685e+02   1.816042e-09   1.081794e+00   0.000000e+00   0.000000e+00
   5.969637e-02   2.031959e-03   0.000000e+00   4.426014e-05   0.000000e+00   1.312655e+01   5.277168e+02   0.000000e+00   0.000000e+00   0.000000e+00
   3.626085e-16   5.921846e+00   9.891603e+02   1.449727e+01   0.000000e+00   1.863118e+00   0.000000e+00   0.000000e+00   1.595959e-02   6.165094e+00
   4.408565e-32   1.699336e-30   2.776160e-14   1.621561e-15   0.000000e+00   4.541541e+02   0.000000e+00   9.593815e+00   0.000000e+00   4.803215e+02
   3.806259e-01   2.061134e-02   1.283562e+03   5.073449e+01   0.000000e+00   2.373313e+00   0.000000e+00   0.000000e+00   5.219042e-02   7.698996e+00
   2.854437e-14   4.661649e+02   8.367656e-02   5.364882e-01   3.750733e+02   0.000000e+00   0.000000e+00   0.000000e+00   3.181349e-03   0.000000e+00
