   1.530633e-17   1.530326e-17   2.164965e-17   3.062101e-17   4.331007e-17   1.000159e+00
   1.530666e-17   1.530417e-17   2.164951e-17   3.062010e-17   4.330776e-17   1.000129e+00
   1.531031e-17   1.530633e-17   2.164410e-17   3.062172e-17   4.331185e-17   1.000182e+00
   1.530631e-17   1.530295e-17   2.164992e-17   3.062119e-17   4.331124e-17   1.000174e+00
   8.544403e-02   1.543727e-01   3.187788e-01   6.582639e-01   1.359318e+00   0.000000e+00
   1.530632e-17   1.530278e-17   2.165012e-17   3.062165e-17   4.331166e-17   1.000183e+00
   1.530632e-17   1.530225e-17   2.164972e-17   3.062183e-17   4.331215e-17   1.000186e+00
   6.027821e-01   2.145466e-01   1.817358e+00   9.629699e-01   8.623308e-01   0.000000e+00
   1.531029e-17   1.530666e-17   2.164426e-17   3.062195e-17   4.331206e-17   1.000188e+00
   8.062487e-02   1.495004e-01   3.149538e-01   6.634143e-01   1.397689e+00   7.900240e-05
   2.236294e-01   7.866574e-02   6.739153e-01   2.886536e-01   2.190382e+00   6.541382e-06
   1.530667e-17   1.530419e-17   2.164951e-17   3.062009e-17   4.330772e-17   1.000128e+00
   1.591175e-01   1.596602e-01   2.260716e-01   3.204250e-01   4.539173e-01   7.707783e-01
   5.993985e-01   2.341658e-01   1.657183e+00   8.571395e-01   7.753437e-01   0.000000e+00
   1.567517e-01   1.575288e-01   2.211249e-01   3.150499e-01   4.466132e-01   7.806268e-01
   2.147286e-01   5.491913e-01   2.487488e-01   2.942488e-01   1.824859e+00   8.480858e-01
   6.428732e-02   1.758290e-01   5.488094e-01   1.698446e+00   1.577436e+00   0.000000e+00
   2.034944e-01   6.468158e-01   2.389305e-01   2.847168e-01   2.457842e+00   2.358823e-02
   6.609691e-01   2.028429e-01   2.257869e-01   2.384319e+00   8.839717e-01   2.536788e-01
   2.445048e-01   2.357951e-01   3.551290e-01   5.145026e-01   7.449263e-01   0.000000e+00
   6.872601e-02   1.864286e-01   5.389814e-01   1.557875e+00   1.479191e+00   7.993354e-03
   2.619287e-01   4.612201e-01   3.196672e-01   4.247317e-01   1.322306e+00   0.000000e+00
   4.768791e-01   2.420857e-01   2.837701e-01   1.182363e+00   8.139344e-01   6.560891e-01
   1.530607e-17   1.530255e-17   2.164976e-17   3.062173e-17   4.331189e-17   1.000182e+00
   7.984432e-02   1.487386e-01   3.141919e-01   6.643168e-01   1.404614e+00   0.000000e+00
   1.570595e-01   1.549283e-01   2.244386e-01   3.200943e-01   4.566802e-01   7.824361e-01
   5.738393e-02   1.169978e-01   2.656711e-01   5.774225e-01   1.322737e+00   8.921845e-01
   1.497587e-17   5.483491e-18   4.260838e-17   1.372640e-17   1.734867e-16   2.937621e+00
   2.738712e-01   4.596630e-01   3.393174e-01   3.980231e-01   1.255555e+00   1.360959e-02
   4.910012e-01   2.589905e-01   3.116745e-01   1.254718e+00   9.060174e-01   0.000000e+00
   2.679842e-01   1.923092e-01   2.256710e-01   2.715949e-01   7.110492e-01   9.961619e-01
   5.599798e-01   2.075443e-01   2.391982e-01   2.909809e-01   1.942124e+00   8.959513e-01
   6.207469e-01   4.267290e-01   5.104723e-01   6.123837e-01   7.448281e-01   1.161045e-02
   4.025955e-01   2.537702e-01   3.081142e-01   3.459786e-01   1.032179e+00   7.403397e-01
   2.431072e-01   2.480507e-01   3.543813e-01   5.062921e-01   7.233216e-01   1.971295e-02
   2.355838e-01   7.633210e-01   2.618115e-01   2.310429e+00   8.813159e-01   2.488782e-01
   2.708755e-01   5.044791e-01   3.341642e-01   1.244995e+00   7.659919e-01   0.000000e+00
   5.000940e-01   2.853616e-01   3.206783e-01   3.635896e-01   1.364020e+00   4.108339e-03
   1.338214e-01   7.408354e-02   2.720770e-01   5.586500e-01   1.156784e+00   8.177365e-01
   9.504606e-02   1.635945e-01   3.256515e-01   6.481577e-01   1.290283e+00   7.328295e-05
   6.888019e-02   2.134834e-01   7.011386e-01   2.300915e+00   7.729071e-01   2.505474e-03
   2.412723e-01   6.151502e-01   1.710582e+00   7.083597e-01   8.215561e-01   0.000000e+00
   2.274429e-01   9.509927e-02   5.895962e-01   2.976365e-01   1.686037e+00   7.702292e-01
   7.929767e-02   1.480795e-01   3.137924e-01   6.648847e-01   1.408832e+00   0.000000e+00
   1.505884e-01   1.512408e-01   2.144201e-01   3.039525e-01   4.307820e-01   7.978248e-01
   4.455823e-01   2.466739e-01   2.398004e-01   1.229215e+00   1.234922e+00   1.856414e-02
   7.634124e-02   3.726724e-02   2.303349e-01   6.685748e-01   1.939601e+00   8.435130e-01
   4.376109e-01   2.483484e-01   2.966391e-01   3.662557e-01   1.225245e+00   6.096341e-01
   2.740697e-01   4.475621e-01   3.338225e-01   1.015546e+00   7.905655e-01   0.000000e+00
   1.544865e-01   1.513775e-01   2.217503e-01   3.174743e-01   4.547571e-01   7.930739e-01
   2.555985e-01   5.409724e-01   3.006539e-01   3.597982e-01   1.609145e+00   5.411625e-04
   6.940754e-02   2.318850e-01   9.333725e-02   7.276389e-01   2.581201e+00   1.878061e-01
   1.517894e-02   5.423942e-02   2.012867e-01   7.469987e-01   2.772197e+00   0.000000e+00
   2.370946e-01   4.779680e-01   2.753241e-01   2.886691e-01   1.334957e+00   9.193366e-01
   2.510626e-01   7.462926e-01   2.687003e-01   2.208556e+00   8.765964e-01   0.000000e+00
   1.081374e-01   2.293522e-01   5.377886e-01   1.260375e+00   6.839660e-01   8.763243e-01
   1.384861e-17   4.894899e-18   5.603879e-18   4.447514e-17   1.334583e-16   2.311681e+00
   2.301633e-01   1.271098e-01   5.087510e-01   1.160179e+00   6.897312e-01   8.877412e-01
   7.240683e-01   2.463945e-01   2.758189e-01   2.105013e+00   7.678948e-01   2.277178e-01
   1.336266e-01   7.699681e-02   2.728004e-01   5.577329e-01   1.149614e+00   8.138019e-01
   2.347897e-01   8.952596e-02   6.590013e-01   3.043331e-01   2.014521e+00   6.137226e-06
   2.034855e-01   5.814063e-02   6.688516e-02   7.392592e-01   2.724696e+00   2.739560e-01
   2.440512e-01   6.539638e-02   6.790721e-01   2.177503e-01   2.823410e+00   6.746561e-01
   1.999874e-02   6.692555e-02   2.337809e-01   7.349684e-01   2.591883e+00   0.000000e+00
   6.002699e-01   2.347796e-01   1.657897e+00   8.493807e-01   7.752887e-01   0.000000e+00
   2.462115e-01   4.975154e-01   2.784582e-01   1.276326e+00   8.319056e-01   6.928390e-01
   1.109086e-17   7.896779e-18   2.084060e-17   3.802905e-17   6.957449e-17   1.357215e+00
   6.286829e-01   2.273701e-01   2.610899e-01   2.894903e-01   2.527930e+00   6.643278e-03
   5.577151e-01   2.831500e-01   2.802462e-01   1.573623e+00   8.602102e-01   0.000000e+00
   2.368289e-01   6.125332e-01   1.698783e+00   7.519810e-01   8.064980e-01   1.436093e-07
   5.717409e-02   1.787236e-02   2.069760e-01   7.444969e-01   2.677970e+00   0.000000e+00
   9.527057e-02   2.150622e-01   5.309366e-01   2.977241e-01   1.472946e+00   9.755921e-01
   5.858130e-02   1.665936e-01   5.021636e-01   1.513400e+00   1.423427e+00   8.917203e-01
   2.575437e-01   1.210051e-01   6.228772e-01   3.332671e-01   1.667066e+00   0.000000e+00
   2.022840e-01   6.754577e-01   2.408547e+00   7.346900e-01   8.760696e-01   0.000000e+00
   1.115499e-01   5.422840e-02   2.499070e-01   5.739011e-01   1.312475e+00   9.396193e-01
   2.792235e-01   3.955693e-01   3.558661e-01   4.265490e-01   1.043806e+00   1.250868e-02
   1.382197e-01   2.730897e-01   5.983123e-01   1.340202e+00   7.792907e-01   0.000000e+00
   1.352169e-01   6.743608e-02   3.025172e-01   6.780356e-01   1.519235e+00   0.000000e+00
   4.280268e-01   2.499971e-01   2.993797e-01   9.850163e-01   7.711440e-01   5.851584e-01
   8.389809e-02   2.197118e-01   6.119725e-01   2.503473e-01   1.837821e+00   8.752021e-01
   1.114898e-01   1.735958e-01   3.336405e-01   6.343708e-01   1.206167e+00   2.344375e-04
   2.437915e-01   8.926065e-02   6.914334e-01   2.118960e-01   2.790588e+00   4.139462e-01
   9.155482e-02   4.114612e-02   2.364668e-01   6.051825e-01   1.548162e+00   9.994135e-01
   6.681710e-02   1.344448e-01   3.020833e-01   6.786280e-01   1.524885e+00   8.471553e-05
   9.112436e-02   2.250211e-01   5.984503e-01   1.593760e+00   7.330888e-01   8.199027e-01
   2.124189e-01   6.723505e-02   7.026321e-01   2.328793e+00   7.731549e-01   2.530829e-03
   6.201127e-01   2.317532e-01   2.654771e-01   1.908479e+00   8.187415e-01   3.028759e-02
   2.626716e-01   1.229154e-01   1.423353e-01   6.885426e-01   1.625329e+00   0.000000e+00
   5.762994e-01   2.463960e-01   2.880460e-01   1.619241e+00   8.235847e-01   1.863787e-01
   2.329798e-01   1.377664e-01   5.087966e-01   1.083182e+00   6.740793e-01   7.880145e-01
   8.818966e-02   2.359556e-01   6.739647e-01   2.707556e-01   2.056851e+00   0.000000e+00
   1.449453e-17   5.455470e-18   5.911646e-18   4.404343e-17   1.250323e-16   2.181776e+00
   1.232913e-01   1.873116e-01   3.406859e-01   6.195903e-01   1.126965e+00   6.839761e-05
   6.249756e-01   2.135290e-01   1.944299e+00   6.975090e-01   1.024581e+00   6.737407e-06
   7.382539e-02   2.257726e-01   8.819187e-02   7.813268e-01   2.365988e+00   2.473937e-03
   6.106449e-02   1.778592e-01   5.482795e-01   1.688594e+00   1.569918e+00   0.000000e+00
   1.674661e-01   2.800939e-01   5.494279e-01   1.075883e+00   7.625297e-01   0.000000e+00
   1.208745e-01   2.767175e-01   7.001928e-01   1.577189e+00   8.074093e-01   0.000000e+00
   7.591552e-02   2.040443e-01   6.253407e-01   1.900440e+00   7.486098e-01   9.417621e-01
   2.497106e-01   1.500460e-01   5.327872e-01   1.091716e+00   7.284459e-01   6.138557e-01
   2.122010e-01   6.543002e-01   2.120916e+00   7.231207e-01   8.817060e-01   0.000000e+00
   2.219414e-01   2.411808e-01   3.561718e-01   5.259885e-01   7.767709e-01   2.054650e-02
   1.427514e-01   8.379251e-02   2.781843e-01   5.512138e-01   1.089719e+00   7.719724e-01
   1.678158e-17   1.294854e-17   2.931560e-17   2.678512e-17   6.226911e-17   1.254806e+00
   4.466536e-01   2.462498e-01   2.388048e-01   1.238806e+00   1.239404e+00   1.866087e-02
   1.050054e-01   2.510611e-01   6.506586e-01   2.960078e-01   1.828766e+00   3.825525e-02
   2.274637e-01   8.333586e-02   1.049840e-01   7.206362e-01   2.094818e+00   1.560584e-01
   4.798435e-01   2.677879e-01   3.333606e-01   3.902919e-01   1.351018e+00   2.814073e-02
   2.197855e-01   7.430262e-02   8.508141e-02   7.309167e-01   2.282257e+00   0.000000e+00
   2.183505e-01   4.768693e-01   2.407300e-01   1.322018e+00   1.249660e+00   4.143189e-03
   1.187800e-01   4.904988e-02   2.678238e-01   7.054524e-01   1.853616e+00   1.786646e-02
   2.706496e-01   5.056094e-01   3.338195e-01   1.250009e+00   7.662429e-01   0.000000e+00
   8.584544e-02   2.400653e-01   7.181652e-01   2.031457e+00   7.702537e-01   2.297089e-03
   2.093822e-01   8.345646e-02   6.035590e-01   2.511039e-01   1.862802e+00   9.666617e-01
   5.785655e-02   1.707570e-02   2.222528e-01   7.951313e-01   2.845409e+00   0.000000e+00
   1.905104e-01   2.041573e-01   3.005049e-01   4.421157e-01   6.480561e-01   5.650716e-01
   6.547067e-01   1.867007e-01   2.469265e-01   2.534682e+00   9.853966e-01   2.708947e-01
   1.519444e-17   3.563311e-17   1.851349e-17   1.866623e-17   1.097460e-16   1.948553e+00
   3.055831e-01   1.530909e-01   5.791840e-01   4.007097e-01   1.498990e+00   0.000000e+00
   2.713555e-02   7.659885e-02   2.194040e-01   6.671645e-01   2.016013e+00   9.262566e-01
   6.411040e-02   1.312863e-01   2.991889e-01   6.816966e-01   1.553603e+00   8.601514e-05
   2.535419e-01   9.871044e-02   6.614126e-01   1.836991e+00   7.674786e-01   0.000000e+00
   1.761418e-01   2.201748e-01   3.546707e-01   5.771065e-01   9.253427e-01   7.229924e-03
   2.126623e-01   6.000561e-02   7.458618e-01   2.621546e+00   8.589949e-01   2.772797e-01
   3.236397e-02   9.845583e-02   3.417046e-01   6.868197e-01   2.552253e+00   0.000000e+00
   1.228085e-17   9.459722e-18   2.132551e-17   3.649571e-17   6.241695e-17   1.256858e+00
   9.429989e-02   1.629016e-01   3.251558e-01   6.489340e-01   1.295349e+00   7.350337e-05
   1.109944e-01   5.691121e-02   2.559112e-01   5.840874e-01   1.332946e+00   8.944432e-01
   6.998941e-02   1.878063e-01   5.378082e-01   1.539727e+00   1.465269e+00   1.651268e-02
   2.034398e-01   6.242360e-01   2.360989e-01   2.968107e-01   2.366279e+00   4.908386e-01
   2.160499e-01   1.789241e-01   3.537271e-01   5.717208e-01   9.256883e-01   6.431172e-03
