   0.000000e+00   0.000000e+00   0.000000e+00   0.000000e+00   1.751968e-05   4.475029e-06   1.002827e-07   1.934708e-06   1.409837e-05   4.940300e-11   3.205090e-06   7.752776e-06   7.518748e-07   4.932315e-06   1.033403e-07
   0.000000e+00   7.846522e-01   7.832373e-01   0.000000e+00   0.000000e+00   7.515074e-06   1.975585e-06   4.168771e-07   1.540427e-05   6.381608e-08   1.307178e-07   1.073964e-05   7.672600e-06   5.955954e-06   1.499112e-05
   0.000000e+00   1.483965e-03   7.762116e-01   7.854412e-01   0.000000e+00   0.000000e+00   1.166548e-05   0.000000e+00   0.000000e+00   6.241135e-08   7.361066e-08   1.578639e-06   4.077525e-05   3.363282e-05   2.919532e-07
   0.000000e+00   7.547643e-01   0.000000e+00   7.662845e-01   2.350161e-04   7.356856e-05   4.527709e-06   3.038434e-06   5.419782e-05   0.000000e+00   5.386350e-06   5.977652e-06   3.989409e-06   0.000000e+00   1.448139e-05
   0.000000e+00   1.803211e-01   0.000000e+00   2.617783e-05   2.271129e-01   1.596483e-06   3.107151e-06   1.356988e-06   7.905640e-05   1.668256e-07   0.000000e+00   1.883982e-05   6.936721e-07   3.842829e-06   1.472254e-05
   0.000000e+00   0.000000e+00   0.000000e+00   0.000000e+00   0.000000e+00   4.475029e-06   2.273155e-06   1.934708e-06   1.714338e-05   4.940300e-11   3.578087e-07   7.846920e-06   5.117566e-07   4.932315e-06   1.033403e-07
   0.000000e+00   2.310318e-13   7.801796e-01   3.662274e-08   3.433805e-07   0.000000e+00   3.893084e-06   2.195792e-06   0.000000e+00   2.346416e-06   1.638040e-06   4.613788e-06   4.334392e-06   1.112611e-06   1.382367e-06
   7.921422e-01   1.239315e-07   0.000000e+00   7.744235e-01   0.000000e+00   0.000000e+00   1.823596e-06   7.667163e-07   1.577532e-05   2.443398e-06   8.633257e-07   9.966378e-06   6.478539e-07   7.069060e-08   5.209276e-06
   1.529412e-01   2.317283e-01   2.067700e-01   0.000000e+00   6.061727e-01   0.000000e+00   1.002011e-05   1.052763e-06   2.806815e-05   0.000000e+00   2.792977e-05   5.413432e-05   4.348044e-05   3.383905e-05   4.853533e-06
   0.000000e+00   0.000000e+00   2.191202e-01   2.558327e-01   3.432606e-07   7.962750e-09   6.754853e-06   1.978996e-06   5.030093e-05   2.294738e-06   2.236145e-06   4.919741e-06   0.000000e+00   1.124259e-06   1.621963e-05
   0.000000e+00   2.310318e-13   7.801796e-01   3.662274e-08   3.958282e-07   0.000000e+00   3.893084e-06   2.195792e-06   0.000000e+00   3.804723e-07   1.638040e-06   4.616954e-06   4.334392e-06   1.112611e-06   1.382367e-06
   6.133569e-04   2.573854e-05   1.622783e-01   0.000000e+00   1.752048e-05   7.049971e-08   1.656186e-07   1.816949e-07   7.924579e-05   4.528932e-06   6.787769e-06   4.707940e-06   0.000000e+00   4.041264e-09   5.990875e-05
   0.000000e+00   2.632000e-08   4.653111e-04   1.539825e-01   1.743142e-05   5.852651e-06   1.964196e-06   6.273036e-06   3.283608e-05   1.231890e-05   6.835678e-06   8.599233e-06   1.891511e-05   5.887326e-06   2.148216e-05
   6.432248e-05   2.033869e-01   2.064144e-01   0.000000e+00   0.000000e+00   4.969751e-08   0.000000e+00   9.433996e-07   2.571364e-03   1.004948e-11   0.000000e+00   4.603154e-06   5.802649e-07   3.901057e-06   2.697262e-07
   1.580930e-01   1.727570e-03   0.000000e+00   2.311388e-01   3.592050e-03   1.154479e-05   1.340960e-06   0.000000e+00   5.420627e-06   1.322935e-04   5.363389e-06   1.048317e-05   5.332069e-06   1.760521e-06   1.560652e-04
   0.000000e+00   8.570684e-07   0.000000e+00   7.871246e-01   7.594966e-01   2.425362e-09   1.225278e-05   3.608092e-05   3.732299e-06   2.933062e-05   2.526598e-06   1.272122e-06   1.828636e-05   7.987505e-06   2.727452e-06
   0.000000e+00   0.000000e+00   2.919092e-06   0.000000e+00   0.000000e+00   1.081589e-05   6.785767e-06   1.940844e-06   0.000000e+00   7.797455e-08   0.000000e+00   3.308156e-06   4.332302e-07   0.000000e+00   1.260824e-07
   0.000000e+00   5.018841e-04   0.000000e+00   0.000000e+00   2.186228e-01   1.017220e-07   1.713493e-09   1.954997e-06   7.394297e-05   0.000000e+00   3.210563e-06   7.925003e-06   4.118461e-06   0.000000e+00   4.411730e-07
   7.989967e-01   7.764922e-01   7.753985e-01   0.000000e+00   2.296128e-02   3.729487e-04   1.237110e-05   1.068057e-06   2.006211e-06   5.163604e-06   2.231476e-06   3.259834e-06   1.746341e-05   2.514922e-06   5.058337e-09
   0.000000e+00   0.000000e+00   2.132373e-01   2.295564e-01   2.038980e-01   6.318042e-06   0.000000e+00   3.688098e-07   6.461652e-07   2.888586e-05   7.148099e-06   5.516285e-07   4.190996e-08   0.000000e+00   1.274257e-05
   0.000000e+00   0.000000e+00   0.000000e+00   0.000000e+00   7.890286e-01   3.954153e-06   2.675572e-08   2.557724e-07   3.125961e-06   4.101048e-06   1.098927e-06   3.028690e-06   3.794657e-06   0.000000e+00   6.638609e-06
   0.000000e+00   3.321744e-04   0.000000e+00   0.000000e+00   1.755733e-05   0.000000e+00   1.956200e-06   1.934708e-06   1.403288e-05   3.040800e-05   1.389312e-06   7.751632e-06   5.178475e-07   4.899964e-06   1.528148e-07
   2.012798e-01   2.310892e-01   0.000000e+00   7.755392e-01   0.000000e+00   6.273007e-06   7.138763e-07   5.414663e-05   5.779130e-07   0.000000e+00   3.105222e-05   9.238478e-07   4.488960e-06   3.567836e-05   1.707137e-07
   0.000000e+00   0.000000e+00   3.084129e-06   7.140308e-01   4.891067e-01   5.029011e-06   1.210719e-05   1.807774e-06   1.113771e-06   2.933646e-05   7.186485e-06   1.760295e-05   1.342840e-07   4.788889e-05   1.292209e-07
   7.732198e-01   1.115993e-08   0.000000e+00   0.000000e+00   0.000000e+00   3.937097e-06   2.250768e-06   1.966268e-06   9.629546e-07   1.323238e-06   4.373801e-06   8.126710e-06   7.405282e-07   0.000000e+00   1.683704e-06
   3.247413e-01   0.000000e+00   2.710328e-06   4.439777e-05   0.000000e+00   1.071985e-05   1.401030e-06   1.336985e-06   0.000000e+00   1.137603e-07   2.747929e-06   1.031550e-07   4.375933e-07   1.916927e-06   1.548149e-04
   0.000000e+00   7.552686e-01   0.000000e+00   0.000000e+00   0.000000e+00   4.475029e-06   2.271864e-06   2.604607e-07   1.688558e-06   4.509473e-06   3.578087e-07   7.846920e-06   5.117566e-07   2.557417e-07   1.033403e-07
   3.358225e-01   7.096961e-01   3.084129e-06   0.000000e+00   1.217208e-02   5.073206e-06   3.595156e-07   1.807774e-06   1.113771e-06   3.037206e-05   2.755099e-06   2.408893e-07   1.337454e-07   4.905129e-05   7.651819e-07
   1.938913e-01   8.012098e-01   5.254743e-01   3.194657e-14   6.486084e-07   1.153867e-07   5.585266e-06   4.901089e-08   3.335801e-02   5.056048e-06   9.896335e-07   4.624686e-06   5.048395e-06   3.370624e-03   5.899021e-06
   3.314592e-01   1.979319e-04   6.863183e-08   2.461137e-01   7.185249e-08   4.295792e-06   7.127392e-07   0.000000e+00   4.348255e-06   1.137603e-07   4.992733e-06   5.433845e-06   9.027785e-07   8.395119e-07   1.546200e-04
   0.000000e+00   3.761435e-10   0.000000e+00   3.603564e-10   7.856434e-01   6.130148e-06   5.886603e-08   2.557724e-07   3.125961e-06   4.101048e-06   1.098927e-06   3.028690e-06   3.794657e-06   2.934630e-06   6.599488e-06
   1.590874e-01   2.588294e-01   1.951729e-01   2.635779e-01   0.000000e+00   9.984076e-06   8.341048e-08   1.234694e-06   3.186593e-06   4.529264e-06   2.837462e-06   7.816636e-06   7.224198e-06   2.014890e-03   5.304993e-06
   3.314592e-01   1.889897e-05   6.863183e-08   2.461137e-01   1.773579e-05   4.369026e-06   7.193237e-07   0.000000e+00   4.348255e-06   4.777442e-06   4.992733e-06   5.433845e-06   9.027785e-07   8.395119e-07   1.535434e-04
   0.000000e+00   0.000000e+00   2.781219e-01   2.771553e-01   0.000000e+00   6.403251e-06   6.070676e-05   1.873562e-09   3.919619e-05   1.995011e-06   1.003592e-05   2.949930e-06   4.120975e-06   1.171825e-06   1.068110e-05
   7.782419e-01   7.809691e-01   0.000000e+00   5.275393e-06   6.935024e-06   3.729487e-04   2.338624e-06   1.935248e-06   4.908447e-07   3.331862e-08   4.458701e-06   1.653680e-06   1.787321e-05   5.461484e-06   1.072150e-05
   7.778135e-01   0.000000e+00   7.927755e-01   5.216494e-03   0.000000e+00   0.000000e+00   1.875348e-06   7.715674e-07   1.289179e-05   2.443398e-06   0.000000e+00   3.308049e-06   1.701357e-06   1.295849e-06   5.433856e-06
   0.000000e+00   0.000000e+00   5.326106e-01   7.722636e-01   2.118458e-01   7.356856e-05   3.116267e-06   1.446772e-06   1.029145e-05   1.737496e-07   5.495795e-06   0.000000e+00   0.000000e+00   0.000000e+00   5.549468e-06
   3.246890e-01   1.135838e-08   1.358338e-08   0.000000e+00   0.000000e+00   1.077210e-05   1.401030e-06   1.336985e-06   0.000000e+00   1.088500e-07   2.747929e-06   3.950794e-07   4.211872e-07   1.916927e-06   1.548149e-04
   5.963902e-04   2.573854e-05   1.622783e-01   0.000000e+00   1.752048e-05   7.049971e-08   1.656186e-07   1.816949e-07   7.924579e-05   4.804309e-06   6.656061e-06   4.707940e-06   0.000000e+00   4.041264e-09   6.475562e-05
   0.000000e+00   0.000000e+00   5.398102e-01   1.921994e-01   2.274566e-01   0.000000e+00   3.091702e-06   1.945415e-06   8.036703e-05   0.000000e+00   6.619057e-06   1.884425e-05   2.830763e-07   1.525146e-06   1.100128e-05
   0.000000e+00   1.941969e-01   7.959413e-01   0.000000e+00   1.985581e-01   1.918731e-07   2.474282e-03   3.914403e-07   6.461652e-07   1.247092e-05   7.185532e-06   8.637986e-06   6.372745e-05   7.029416e-07   1.217614e-05
   1.888474e-01   2.317283e-01   2.063256e-01   0.000000e+00   5.172734e-02   0.000000e+00   5.024918e-06   3.551980e-07   2.853269e-05   0.000000e+00   9.815738e-06   3.282146e-06   4.348044e-05   3.383905e-05   4.651519e-06
   0.000000e+00   0.000000e+00   2.758941e-01   1.919156e-01   2.680945e-03   6.403251e-06   6.070676e-05   1.916189e-06   3.919619e-05   1.988827e-06   1.003592e-05   1.895587e-05   2.244744e-07   1.164302e-06   1.067859e-05
   1.579995e-01   1.547297e-03   1.623784e-07   3.252457e-03   3.880969e-03   2.643264e-06   1.340960e-06   0.000000e+00   8.170196e-06   0.000000e+00   4.982150e-06   1.048317e-05   5.390277e-06   4.622977e-08   1.560652e-04
   4.878275e-01   2.036745e-01   2.340682e-01   2.715613e-01   2.765231e-04   1.000080e-10   1.773085e-05   7.268000e-07   2.305968e-06   9.814227e-08   2.680360e-06   8.970782e-05   1.445785e-05   0.000000e+00   1.524552e-04
   0.000000e+00   5.387283e-04   2.157792e-01   2.537674e-01   2.466744e-01   1.204052e-05   5.562615e-06   1.231280e-06   1.672139e-05   8.039192e-08   2.836281e-06   8.612213e-06   0.000000e+00   7.362391e-04   4.617673e-06
   8.397081e-01   1.815764e-01   0.000000e+00   2.617783e-05   2.271129e-01   1.596483e-06   3.107151e-06   1.356988e-06   7.905640e-05   2.069880e-06   2.228597e-06   1.874446e-05   9.568424e-07   3.899245e-06   1.472254e-05
   3.314592e-01   1.979319e-04   6.863183e-08   2.463669e-01   6.262084e-01   4.419087e-07   0.000000e+00   0.000000e+00   2.812332e-05   1.822233e-07   4.277921e-06   3.076986e-06   9.027785e-07   8.395119e-07   1.516637e-04
   7.511776e-03   1.854634e-04   0.000000e+00   0.000000e+00   2.084313e-01   4.580402e-06   2.675572e-08   1.374583e-06   3.125961e-06   0.000000e+00   1.098927e-06   3.028690e-06   3.794657e-06   0.000000e+00   6.624127e-06
   0.000000e+00   7.738385e-01   4.095851e-10   0.000000e+00   7.697198e-01   1.022474e-08   1.830763e-11   1.267597e-07   6.715082e-07   5.072960e-06   3.945558e-06   1.358299e-06   4.432329e-06   3.539200e-05   9.176701e-06
   1.753131e-03   0.000000e+00   2.132055e-01   0.000000e+00   3.080163e-01   2.408834e-07   8.341048e-08   1.813422e-07   1.751749e-05   2.380129e-06   3.228997e-06   8.579762e-06   7.039394e-06   2.044800e-03   5.379932e-06
   0.000000e+00   1.932408e-03   7.816287e-01   8.418050e-01   7.768782e-01   1.849090e-07   7.510600e-02   2.671224e-06   1.989458e-05   1.821415e-07   2.799477e-06   1.285417e-06   5.337791e-07   1.912566e-06   2.775254e-06
   1.993410e-01   0.000000e+00   2.151606e-01   2.627034e-01   2.689590e-04   9.666839e-08   6.656928e-07   1.934708e-06   8.960318e-07   1.856418e-09   2.187249e-06   7.782850e-06   4.160930e-06   0.000000e+00   1.093345e-07
   3.368376e-01   0.000000e+00   1.132778e-02   7.676784e-01   2.287926e-01   6.901281e-05   3.116267e-06   1.433261e-06   1.029145e-05   1.737496e-07   5.495795e-06   5.544848e-06   0.000000e+00   8.404549e-07   5.549468e-06
   0.000000e+00   1.803024e-01   0.000000e+00   1.567537e-01   2.284025e-05   1.769040e-05   1.960512e-06   1.342374e-06   3.413162e-04   2.813174e-05   0.000000e+00   5.362123e-06   1.719177e-05   1.761088e-06   2.069396e-05
   7.435185e-01   0.000000e+00   0.000000e+00   1.716923e-03   7.787009e-01   3.957328e-06   5.027533e-03   2.878794e-08   2.563406e-06   4.126064e-06   2.683286e-06   9.286117e-06   5.516916e-07   0.000000e+00   5.420440e-06
   3.353106e-01   0.000000e+00   5.121867e-08   7.744235e-01   1.014651e-06   7.288865e-08   1.964178e-06   1.337978e-06   1.149766e-05   0.000000e+00   4.443464e-06   1.899810e-08   6.346162e-07   5.449003e-06   1.178395e-06
   3.747675e-01   1.405737e-03   7.555202e-01   4.419906e-05   0.000000e+00   8.111496e-08   1.940181e-06   1.336985e-06   0.000000e+00   0.000000e+00   2.672853e-06   1.031550e-07   9.665395e-07   3.285789e-05   1.548149e-04
   1.934658e-01   2.825872e-01   1.479212e-01   0.000000e+00   1.012592e-06   6.607343e-05   1.401030e-06   2.941411e-07   7.288162e-03   9.814104e-08   4.472597e-06   8.616839e-05   3.974178e-06   3.497746e-03   1.188844e-06
   0.000000e+00   3.321744e-04   0.000000e+00   0.000000e+00   1.742715e-05   1.199924e-07   2.002781e-06   1.934708e-06   1.443781e-05   3.040800e-05   1.389312e-06   7.751632e-06   0.000000e+00   4.899964e-06   1.528148e-07
   2.156362e-01   1.294913e-03   0.000000e+00   2.311388e-01   2.080978e-03   1.278659e-05   1.340960e-06   1.161031e-04   2.663981e-06   6.497209e-05   5.363389e-06   1.254334e-05   5.332069e-06   1.238112e-05   1.500729e-04
   0.000000e+00   2.599903e-08   4.704353e-04   1.535096e-01   1.754394e-05   5.852651e-06   1.964618e-06   7.077295e-07   9.992713e-05   1.231890e-05   7.639787e-06   8.599233e-06   5.051029e-07   5.887326e-06   1.067633e-05
   0.000000e+00   7.736177e-01   3.405040e-03   2.297421e-01   8.577023e-03   6.396607e-06   5.719559e-05   0.000000e+00   7.029011e-05   2.590413e-06   4.834397e-06   3.384126e-06   4.492987e-06   3.576164e-05   1.067300e-05
   0.000000e+00   2.079807e-03   2.953034e-06   0.000000e+00   7.697198e-01   2.323994e-07   1.300498e-11   1.267597e-07   6.715082e-07   3.106060e-07   3.945558e-06   3.303071e-06   5.539335e-07   3.466339e-05   9.176701e-06
   7.612519e-01   2.672747e-01   0.000000e+00   0.000000e+00   7.877776e-01   1.204785e-09   1.116597e-05   2.609116e-08   1.792281e-06   4.565428e-07   1.104859e-06   9.555211e-07   7.641466e-08   0.000000e+00   2.833784e-03
   0.000000e+00   0.000000e+00   0.000000e+00   2.500823e-01   5.424524e-01   2.723253e-08   6.062150e-07   1.934708e-06   1.714338e-05   0.000000e+00   2.575465e-07   8.612794e-06   5.117566e-07   3.204789e-05   1.103149e-07
   0.000000e+00   7.978723e-09   0.000000e+00   7.744235e-01   9.921497e-07   0.000000e+00   1.964178e-06   1.338016e-06   1.149270e-05   3.166113e-05   4.441257e-06   1.084250e-05   6.478539e-07   5.449003e-06   7.883555e-07
   0.000000e+00   1.483965e-03   7.762116e-01   0.000000e+00   1.881854e-05   0.000000e+00   1.166548e-05   0.000000e+00   1.422306e-05   2.921957e-05   7.361066e-08   1.599964e-06   4.077525e-05   3.434468e-05   2.858271e-07
   7.583093e-01   7.766746e-01   5.221872e-01   3.194657e-14   6.486084e-07   1.955135e-07   2.276176e-06   5.255705e-08   3.335801e-02   5.071043e-06   9.896335e-07   4.624686e-06   5.154947e-06   4.643807e-05   1.909392e-06
   0.000000e+00   1.790243e-01   0.000000e+00   2.146263e-01   1.888376e-01   3.842568e-08   3.077502e-02   3.541155e-05   5.149509e-06   3.071125e-05   3.389176e-07   5.683104e-07   1.828636e-05   7.930711e-06   2.425934e-05
   7.502467e-01   5.044886e-04   0.000000e+00   0.000000e+00   2.733232e-04   9.788154e-08   2.282878e-06   1.966268e-06   1.699471e-05   4.347408e-03   2.197202e-06   8.607161e-06   7.301426e-07   7.103808e-06   1.301294e-07
   4.878275e-01   2.036745e-01   2.429829e-01   8.413519e-01   7.529695e-04   1.000080e-10   3.843514e-06   7.268000e-07   2.921766e-04   1.259678e-03   2.680360e-06   8.909807e-05   1.484955e-05   3.764103e-05   1.207630e-01
   2.259987e-01   1.916755e-01   0.000000e+00   0.000000e+00   1.736194e-01   6.333498e-05   1.947391e-06   3.220840e-02   5.116173e-04   9.884921e-08   6.640462e-08   8.754582e-05   3.857111e-05   0.000000e+00   9.489502e-08
   0.000000e+00   7.684070e-01   0.000000e+00   0.000000e+00   0.000000e+00   1.059372e-05   6.785767e-06   1.940844e-06   0.000000e+00   4.840329e-06   0.000000e+00   1.363385e-06   4.311626e-06   7.286097e-07   1.260824e-07
   1.753131e-03   0.000000e+00   2.132055e-01   1.040035e-03   3.068418e-01   2.408834e-07   8.341048e-08   2.159839e-07   3.481052e-04   2.380129e-06   3.238236e-06   8.579762e-06   7.039394e-06   2.044800e-03   5.379932e-06
   1.790658e-03   0.000000e+00   1.604660e-01   0.000000e+00   3.001640e-01   2.408834e-07   5.768547e-08   1.817091e-07   1.757037e-05   2.380129e-06   3.228997e-06   8.579762e-06   7.039394e-06   2.044800e-03   6.650985e-06
   0.000000e+00   0.000000e+00   0.000000e+00   6.979096e-01   0.000000e+00   1.310467e-05   2.359910e-06   1.934708e-06   1.705192e-05   4.940300e-11   6.075210e-06   3.622146e-05   1.092315e-06   5.192874e-06   5.403642e-06
   2.849750e-06   4.896058e-03   0.000000e+00   0.000000e+00   6.363316e-01   4.426053e-07   0.000000e+00   1.276395e-06   2.813321e-05   1.912663e-07   5.667174e-06   4.686609e-05   1.435943e-05   3.892671e-05   5.281811e-06
   0.000000e+00   2.360631e-01   2.070418e-01   8.594817e-01   5.395658e-02   1.920695e-07   0.000000e+00   2.671224e-06   1.989458e-05   1.195554e-09   2.799477e-06   1.123235e-06   4.037580e-05   1.912566e-06   2.920022e-06
   0.000000e+00   3.321744e-04   6.545157e-01   0.000000e+00   1.779303e-05   0.000000e+00   3.856596e-06   1.934708e-06   1.403288e-05   3.040800e-05   6.645820e-06   7.795370e-06   5.178475e-07   4.899964e-06   1.528148e-07
   0.000000e+00   1.803211e-01   0.000000e+00   2.617783e-05   2.271129e-01   1.560483e-06   0.000000e+00   1.356988e-06   7.801534e-05   0.000000e+00   0.000000e+00   1.883982e-05   6.936721e-07   3.899622e-06   1.259889e-05
   0.000000e+00   7.547643e-01   2.611138e-04   7.662845e-01   2.496295e-01   7.482329e-05   5.667019e-06   3.038434e-06   5.218752e-05   8.224651e-08   2.283870e-06   6.034592e-06   0.000000e+00   0.000000e+00   1.448139e-05
   5.032068e-01   2.619892e-01   0.000000e+00   2.437453e-01   8.631999e-03   7.030915e-05   5.853642e-06   0.000000e+00   5.365560e-06   2.078948e-06   0.000000e+00   8.291581e-05   3.776927e-06   5.694461e-04   1.069703e-05
   5.197975e-01   0.000000e+00   0.000000e+00   2.612243e-02   0.000000e+00   6.130148e-06   0.000000e+00   2.557724e-07   2.592537e-06   1.015031e-07   1.077259e-07   3.028690e-06   3.777464e-06   2.934630e-06   6.601945e-06
   1.628061e-01   3.404528e-04   0.000000e+00   2.311388e-01   1.223595e-05   1.154479e-05   1.340960e-06   1.871889e-06   5.420627e-06   1.322935e-04   5.363389e-06   1.048317e-05   5.269232e-06   1.760521e-06   1.560652e-04
   4.991592e-01   2.623332e-01   0.000000e+00   2.531664e-02   8.631999e-03   9.719473e-07   4.518630e-06   0.000000e+00   5.365560e-06   1.043669e-07   0.000000e+00   3.509830e-06   1.820968e-05   6.497990e-08   1.209963e-05
   8.027900e-01   0.000000e+00   0.000000e+00   2.500823e-01   5.424524e-01   2.723253e-08   6.062150e-07   1.928269e-06   1.717321e-05   2.512159e-06   8.631372e-03   1.002504e-05   5.083395e-07   3.204789e-05   7.976510e-09
   0.000000e+00   7.793384e-01   0.000000e+00   4.537020e-04   2.464026e-01   1.317886e-05   2.336587e-06   1.934708e-06   1.882946e-05   0.000000e+00   1.620399e-07   1.249651e-05   1.099568e-06   4.949264e-06   1.500720e-05
   2.024392e-01   1.815577e-01   2.557116e-06   1.567537e-01   2.262739e-05   5.530022e-06   2.231732e-06   1.241545e-06   3.295726e-04   3.003479e-05   4.369536e-06   5.264158e-06   1.859239e-05   8.328925e-05   7.033519e-07
   0.000000e+00   1.756225e-01   6.621730e-04   7.386679e-03   2.284025e-05   1.776663e-07   3.785074e-09   1.344513e-06   1.663135e-06   3.003479e-05   4.336187e-06   4.122858e-06   3.840228e-06   4.756421e-06   5.508272e-06
   0.000000e+00   0.000000e+00   4.638406e-04   1.527688e-01   0.000000e+00   5.865221e-06   1.960512e-06   1.341872e-06   1.339327e-05   2.607129e-06   5.524262e-07   8.741658e-06   5.619385e-07   4.753309e-06   2.117371e-05
   2.024371e-01   1.815577e-01   4.747397e-04   1.379885e-01   0.000000e+00   9.270069e-08   7.523122e-07   5.418172e-05   3.295726e-04   3.005787e-05   2.988046e-05   5.090900e-06   1.859239e-05   5.203422e-05   1.985218e-05
   0.000000e+00   5.046994e-03   1.468022e-01   2.366644e-01   2.256500e-01   2.107438e-07   1.080106e-04   1.952092e-06   7.598018e-06   2.313046e-05   4.569959e-06   3.171526e-06   4.322276e-05   0.000000e+00   6.835283e-08
   1.950856e-01   6.199135e-03   2.639045e-05   5.668376e-08   2.087963e-01   2.767136e-06   1.740165e-08   5.423914e-07   7.891363e-06   0.000000e+00   3.578087e-07   0.000000e+00   7.525229e-07   7.513686e-04   4.679587e-06
   1.753131e-03   0.000000e+00   2.132055e-01   0.000000e+00   0.000000e+00   3.107178e-07   2.125614e-06   1.813422e-07   1.774608e-05   1.194839e-07   3.233022e-06   8.579762e-06   7.039394e-06   2.044800e-03   5.379932e-06
   0.000000e+00   2.910451e-01   1.479212e-01   0.000000e+00   5.117789e-01   7.371561e-05   1.401030e-06   4.437011e-05   7.288162e-03   2.843372e-05   1.008108e-06   9.000968e-05   3.974178e-06   3.497746e-03   0.000000e+00
   1.937127e-01   2.851951e-01   1.508276e-01   0.000000e+00   0.000000e+00   6.910684e-05   1.394451e-06   2.993494e-06   2.269472e-05   3.140642e-05   4.395744e-06   9.966378e-06   6.478539e-07   0.000000e+00   5.209276e-06
   0.000000e+00   0.000000e+00   2.066722e-01   2.295564e-01   5.999759e-01   4.259421e-06   0.000000e+00   1.063286e-06   9.543465e-07   3.749943e-07   7.148099e-06   2.093298e-07   1.540627e-07   0.000000e+00   4.758858e-06
   0.000000e+00   2.057168e-10   7.430831e-01   1.216741e-02   2.178768e-01   0.000000e+00   2.138892e-06   6.335468e-06   5.278048e-04   2.468102e-06   0.000000e+00   1.854572e-05   2.626517e-07   7.944756e-07   5.576579e-06
   2.202265e-01   1.916755e-01   0.000000e+00   0.000000e+00   7.757127e-01   7.175976e-05   1.947383e-06   5.318843e-05   4.881436e-04   9.884921e-08   1.117413e-06   8.468195e-05   3.857111e-05   0.000000e+00   3.595581e-08
   0.000000e+00   1.815937e-01   0.000000e+00   0.000000e+00   2.284025e-05   1.858477e-06   1.960512e-06   1.357624e-06   3.413162e-04   2.813174e-05   0.000000e+00   5.362123e-06   2.552135e-06   1.761088e-06   2.071693e-05
   5.300265e-01   0.000000e+00   0.000000e+00   7.682389e-04   7.620813e-01   3.951683e-06   2.253426e-06   4.431698e-10   1.930618e-06   1.322935e-04   5.101975e-06   7.788184e-06   2.841521e-06   1.008709e-07   5.317277e-06
   7.435185e-01   0.000000e+00   0.000000e+00   1.716923e-03   0.000000e+00   3.989093e-06   5.027533e-03   2.878794e-08   0.000000e+00   0.000000e+00   5.801357e-08   3.163666e-06   5.516916e-07   0.000000e+00   1.037415e-02
   2.246308e-01   0.000000e+00   5.433789e-01   1.299653e-02   5.965966e-04   7.395045e-05   4.362563e-06   1.433415e-06   0.000000e+00   4.943003e-05   5.214748e-06   3.308156e-06   4.332302e-07   0.000000e+00   1.260824e-07
   1.992966e-01   2.637657e-08   0.000000e+00   0.000000e+00   1.743142e-05   5.969013e-06   2.946251e-08   6.604489e-06   1.011682e-04   2.026851e-09   6.835678e-06   1.207425e-07   5.136166e-07   3.189046e-05   1.870662e-07
   1.888474e-01   0.000000e+00   1.975483e-01   3.699818e-02   2.119953e-01   7.373331e-05   1.586274e-07   1.043921e-06   2.598246e-05   4.428915e-07   4.593138e-07   2.749409e-05   3.947569e-05   2.055022e-03   3.037179e-06
   0.000000e+00   7.805535e-01   0.000000e+00   0.000000e+00   2.686530e-04   0.000000e+00   1.878976e-06   1.976998e-07   7.919497e-05   4.612784e-06   8.759069e-06   1.556060e-06   4.267271e-06   0.000000e+00   7.955454e-07
   1.959669e-01   0.000000e+00   2.356033e-05   6.755485e-04   0.000000e+00   0.000000e+00   4.523955e-06   4.952135e-07   5.139852e-06   0.000000e+00   5.288250e-06   7.695980e-06   4.037535e-06   7.412527e-04   4.256899e-07
   0.000000e+00   2.005076e-10   2.132055e-01   0.000000e+00   0.000000e+00   2.408834e-07   2.088660e-06   6.330645e-08   1.751749e-05   2.441526e-06   3.067482e-06   8.504809e-06   7.039394e-06   4.834125e-04   5.577486e-06
   0.000000e+00   3.440440e-04   2.789775e-01   2.288245e-02   2.680945e-03   5.384010e-06   5.937175e-05   1.916189e-06   3.919619e-05   6.735321e-03   1.003592e-05   2.047955e-05   2.244744e-07   1.164302e-06   1.208118e-05
   3.222936e-05   0.000000e+00   7.838613e-01   0.000000e+00   7.907490e-01   6.319240e-06   1.235629e-05   2.666893e-07   2.535898e-06   1.601937e-09   1.058486e-06   3.248434e-06   0.000000e+00   0.000000e+00   1.633686e-05
   0.000000e+00   3.321744e-04   1.135542e-01   2.315893e-01   2.132590e-01   0.000000e+00   1.956200e-06   1.934708e-06   1.403288e-05   3.043166e-05   1.492700e-06   7.751632e-06   5.257483e-07   4.886087e-06   1.528148e-07
   1.117754e-05   5.063899e-04   9.285364e-07   2.560738e-01   2.079265e-01   1.435771e-07   3.840647e-03   1.931542e-06   0.000000e+00   6.324098e-05   0.000000e+00   3.146400e-06   4.484353e-06   3.908073e-05   1.611275e-05
   0.000000e+00   1.118059e-07   0.000000e+00   7.744235e-01   0.000000e+00   0.000000e+00   1.823596e-06   7.731556e-07   1.574549e-05   0.000000e+00   2.610173e-07   8.554135e-06   6.512710e-07   7.069060e-08   5.311614e-06
   2.276581e-01   2.080643e-01   7.751024e-01   2.719472e-03   1.484372e-01   5.860967e-06   1.948191e-06   5.318843e-05   1.066431e-04   0.000000e+00   7.510284e-06   1.490127e-06   3.864623e-05   5.929945e-07   1.017875e-05
   1.888474e-01   0.000000e+00   0.000000e+00   1.838805e-03   2.200708e-01   3.305127e-09   1.623525e-07   1.043921e-06   2.562911e-05   4.558709e-06   2.836078e-06   2.756277e-05   3.914256e-06   4.698121e-05   4.651519e-06
   0.000000e+00   1.875140e-04   0.000000e+00   7.747890e-01   0.000000e+00   0.000000e+00   1.581355e-06   1.372412e-06   3.090046e-06   2.575981e-05   4.446191e-06   9.985811e-06   7.197792e-07   1.892110e-06   5.184682e-06
   1.857060e-02   4.151139e-04   6.545157e-01   7.626372e-01   1.786670e-02   0.000000e+00   3.856596e-06   1.928524e-06   1.416765e-05   2.915449e-05   2.674703e-06   1.296816e-06   5.138981e-07   3.604277e-05   1.528148e-07
   1.857823e-07   4.700411e-04   9.285364e-07   1.570612e-01   2.054333e-01   0.000000e+00   1.240042e-05   2.184549e-06   3.377970e-04   2.506542e-03   0.000000e+00   3.146400e-06   4.251006e-06   1.100792e-06   1.118467e-06
   0.000000e+00   0.000000e+00   5.444428e-01   1.827983e-01   9.579799e-03   0.000000e+00   1.960715e-06   1.945415e-06   7.800145e-05   0.000000e+00   6.619057e-06   3.615259e-06   1.721782e-06   1.525146e-06   1.100128e-05
   7.431568e-03   0.000000e+00   0.000000e+00   0.000000e+00   7.889283e-01   3.680504e-06   2.675572e-08   2.557724e-07   2.659968e-05   4.101048e-06   4.791874e-08   3.028690e-06   3.794657e-06   0.000000e+00   6.697548e-06
   7.904212e-01   5.046994e-03   1.397195e-01   2.424000e-01   2.256500e-01   6.263150e-06   1.031462e-04   8.870036e-07   6.951547e-06   9.175031e-07   4.633621e-06   6.299482e-08   4.260127e-05   2.041498e-03   4.582647e-06
   0.000000e+00   0.000000e+00   2.080325e-01   4.205071e-03   2.264799e-01   3.811862e-06   1.247460e-06   1.282263e-06   6.782812e-05   7.325929e-08   4.136959e-06   1.076020e-05   5.599243e-07   7.850956e-07   0.000000e+00
   6.432248e-05   2.033869e-01   2.064144e-01   0.000000e+00   1.733248e-05   4.969751e-08   7.190838e-09   9.194354e-07   2.571364e-03   4.784896e-06   0.000000e+00   4.603154e-06   5.802649e-07   3.901057e-06   1.543953e-04
   6.432248e-05   1.826511e-01   1.416187e-01   9.586595e-08   0.000000e+00   3.693725e-08   0.000000e+00   9.526559e-07   9.785752e-05   2.075568e-06   0.000000e+00   4.603154e-06   5.802649e-07   3.899083e-06   2.697262e-07
   0.000000e+00   0.000000e+00   4.869378e-04   2.606571e-01   5.423683e-01   2.723253e-08   6.062150e-07   1.934708e-06   1.590228e-05   9.008182e-06   2.575465e-07   8.492052e-06   1.859053e-05   3.543973e-05   4.994779e-06
   0.000000e+00   2.599903e-08   4.704353e-04   1.535096e-01   1.754394e-05   5.852651e-06   2.252541e-07   7.077295e-07   9.992713e-05   1.231890e-05   7.589207e-06   8.599233e-06   5.051029e-07   5.991070e-06   1.067633e-05
   3.154726e-05   0.000000e+00   2.919092e-06   0.000000e+00   0.000000e+00   1.081589e-05   4.494974e-06   1.940844e-06   5.720306e-06   2.507626e-09   0.000000e+00   3.255000e-06   4.332302e-07   0.000000e+00   1.260824e-07
   8.397081e-01   1.815764e-01   0.000000e+00   2.617783e-05   0.000000e+00   6.929501e-05   3.109786e-06   1.356988e-06   6.254946e-05   2.069880e-06   2.228597e-06   8.967139e-05   8.542756e-07   3.899245e-06   1.457820e-05
