   2.487199e-22   2.384538e-31   1.866967e-36   5.477985e-17   9.587801e-46   3.422148e-35   2.735999e-17   1.000000e+00
   1.709741e-38   1.211201e-57   1.120237e-52   3.749400e-33   6.123235e-17   8.300945e-35   2.127231e-84   1.000000e+00
   6.485250e-21   3.190088e-20   9.178493e-20   1.590448e-03   9.210735e-01   4.387081e-05   4.044953e-01   0.000000e+00
   1.470917e-33   2.402189e-17   3.923073e-01   9.198345e-01   1.054797e-26   3.210702e-20   4.013868e-57   3.516246e-87
   8.840056e-21   1.349806e-19   6.123220e-17   1.000000e+00   2.732728e-26   7.193180e-12   2.153675e-77  9.767223e-155
   5.642056e-17   3.012831e-32   9.214176e-01   2.503797e-66   2.816225e-29   5.930259e-10   3.885818e-01   6.892016e-83
   6.123235e-17   1.000000e+00   2.077462e-26   8.115516e-39   1.812666e-26   3.923989e-22  4.172275e-102  3.737643e-111
   1.101964e-22   2.565572e-22   4.976382e-52   6.123235e-17   1.000000e+00   1.337481e-18   1.861690e-63  7.606153e-106
   4.482467e-03   2.292449e-21   9.419832e-01   3.097535e-68   3.393363e-01   2.959611e-22   8.912499e-81   1.466383e-06
   8.116154e-01   6.570653e-10   1.321177e-05   4.137547e-01   1.077566e-32   7.088046e-18   2.473613e-70   4.129252e-01
   4.750082e-34   1.452211e-53   5.309959e-47   3.719189e-33   6.123235e-17   8.300945e-35   1.035545e-74   1.000000e+00
   6.386084e-01   2.718696e-18   1.326685e-26   5.182636e-39   6.838835e-01   2.746907e-22   3.540026e-01  3.739202e-111
   4.987271e-17   8.144832e-01   5.131345e-31   3.911817e-01   4.284790e-01   6.347870e-19   2.495410e-66   0.000000e+00
   5.642405e-17   3.013017e-32   9.214747e-01   1.599489e-38   1.284649e-03   3.885582e-01   4.799720e-69   0.000000e+00
   2.500711e-17   4.083970e-01   3.105773e-01   2.449046e-01   1.403687e-46   3.556156e-17   8.227804e-01   0.000000e+00
   3.953979e-18   2.386615e-17   3.950766e-01   3.268579e-01   2.872816e-49   8.765271e-01   1.950925e-03   6.628703e-87
   3.329188e-01   1.611675e-01   4.467476e-01   6.649177e-01   1.697320e-01   9.780241e-22   4.460709e-01   3.251859e-70
   5.268441e-17   1.446274e-18   3.117148e-17   3.049196e-56   2.071137e-20   1.000000e+00  1.200829e-100  4.343755e-248
   1.721588e-34   3.745445e-33   6.123235e-17   1.824216e-94   2.719130e-78   9.032701e-27   1.000000e+00  1.074508e-163
   1.128692e-01   3.884870e-01   7.463530e-01   4.436510e-01   2.502775e-32   7.204704e-18   2.388628e-69   4.341757e-01
   5.685343e-17   9.284870e-01   9.825104e-24   6.319036e-47   2.836042e-29   1.989987e-23   4.174438e-72   3.718545e-01
   3.441960e-19   4.902706e-17   9.902126e-42   1.426937e-66   8.006923e-01   3.701404e-22   2.330200e-95   5.993502e-01
   2.619218e-17   2.330562e-35   4.277507e-01   4.328658e-41   1.237321e-58   1.774632e-11   9.038970e-01  4.623258e-162
   4.885589e-01   6.110982e-01   9.884948e-27   1.680510e-80   1.576433e-20   6.277136e-01   7.445660e-54  7.247917e-239
   1.266277e-01   3.564955e-01   5.831317e-01   2.011433e-01   4.486829e-01   5.293468e-01  1.046344e-110   0.000000e+00
   6.123235e-17   1.000000e+00   5.518335e-27   1.792613e-43   4.981306e-27   1.854914e-11   2.484961e-78  1.191127e-110
   2.792219e-22   2.219751e-31   4.976382e-52   6.123235e-17   1.000000e+00   1.439605e-18   1.861690e-63  7.606153e-106
   2.295845e-49   3.749400e-33   6.123235e-17   1.000000e+00   4.440677e-62   2.240440e-18   2.625818e-83  9.900835e-163
   3.820890e-01   3.247045e-10   7.146524e-32   9.241290e-01   7.984907e-26   1.267043e-18   6.146580e-99   6.362398e-83
   7.921828e-18   5.173076e-17   8.546758e-01   5.198074e-01   4.711235e-31   4.353104e-22   3.455549e-03  4.375668e-164
   3.746769e-17   1.414943e-34   2.950946e-41   6.118937e-01   6.552748e-01   2.678015e-22   4.444134e-01   6.838793e-93
   4.464848e-01   3.585769e-18   1.648127e-28   2.480322e-54   2.120257e-51   8.964535e-01   2.848381e-52  9.426949e-153
   4.574561e-01   1.158041e-11   6.474315e-11   6.996927e-47   8.907318e-01   5.589327e-19   1.637296e-61  2.701669e-214
   1.235425e-18   2.302192e-17   1.397948e-21   1.814176e-54   1.571723e-82   1.065817e-38   3.765175e-01   9.287324e-01
   2.671133e-17   7.282089e-19   1.580406e-17   1.591173e-56   3.629965e-45   5.070038e-01  6.088250e-101   8.625621e-01
   8.028183e-01   1.373521e-01   1.120296e-30   3.911817e-01   4.284791e-01   6.347870e-19   2.596761e-66   0.000000e+00
   4.966953e-01   1.322002e-19   8.690744e-01   3.244995e-44   4.083690e-61   1.069058e-20   1.343280e-52  7.172156e-116
   7.777763e-01   2.361506e-02   4.602210e-01   2.285466e-28   5.759969e-30   4.280813e-01   4.413670e-97  4.344950e-248
   6.083358e-01   3.696122e-10   5.100777e-21   7.936838e-01   2.526275e-04   1.267043e-18   6.146580e-99   0.000000e+00
   2.793305e-23   2.678009e-32   3.687981e-35   6.152174e-18   1.076780e-46   3.896287e-36   6.092250e-17   1.000000e+00
   1.472737e-21   3.204050e-20   6.123234e-17   1.862491e-94   2.719130e-78   9.032701e-27   1.000000e+00  1.106679e-163
   3.171496e-01   7.383817e-01   3.203942e-36   1.846362e-72   9.280457e-50   5.797384e-26  1.711866e-114   5.951897e-01
   1.204686e-22   1.967402e-06   1.807556e-11   4.421768e-01   2.593442e-36   5.914028e-19   1.369826e-66   8.969284e-01
   6.060379e-39   1.410966e-38   9.904265e-54   3.367543e-33   5.499615e-17   1.705404e-17   2.083227e-17   1.000000e+00
   5.513199e-17   1.546888e-27   1.261469e-17   9.236420e-01   1.772949e-29   4.375928e-10   3.916777e-01   9.007562e-04
   1.580876e-17   1.003991e-34   2.581766e-01   7.529623e-55   1.226023e-51   5.183677e-01   8.154504e-01  1.992672e-153
   9.707429e-18   3.917515e-18   2.383844e-17   4.251936e-01   9.078092e-01   7.116630e-26  9.424035e-122  2.344772e-152
   5.266942e-17   1.916085e-18   3.117148e-17   5.665050e-56   7.888584e-42   1.000000e+00  1.200829e-100   2.970249e-80
   4.541617e-19   6.102129e-17   5.059244e-18   8.195858e-93   2.719130e-78   2.969819e-37   1.000000e+00  9.900835e-163
   2.734824e-17   4.466306e-01   2.622789e-36   5.221333e-40   1.779439e-29   6.135812e-20  1.012426e-114   8.952734e-01
   3.399763e-34   5.552234e-18   4.214214e-18   3.410934e-17   8.595585e-63   5.685603e-01   8.228264e-01  1.079355e-156
   8.880216e-01   9.015502e-10   4.598024e-01   1.280704e-61   3.801524e-63   7.377754e-26   2.033694e-65  5.872370e-166
   8.840056e-21   1.349806e-19   6.123220e-17   1.000000e+00   2.605835e-26   2.499954e-11   2.153675e-77  9.767223e-155
   1.554147e-01   4.258363e-01   6.987257e-01   1.690981e-01   5.269735e-01   2.755978e-24  1.043662e-110   0.000000e+00
   2.767020e-17   2.069032e-18   2.988936e-17   4.281753e-80   6.660452e-01   6.500123e-05   7.247444e-01   1.764829e-01
   1.558654e-33   2.545476e-17   4.157077e-01   1.212396e-54   1.974103e-51   8.346592e-01   3.644268e-01  3.457136e-153
   6.123235e-17   1.000000e+00   3.254047e-25   1.704134e-40   6.987744e-27   9.346616e-12   1.791090e-78  2.881002e-163
   3.083572e-17   5.035855e-01   2.978413e-01   1.470751e-38   3.270088e-04   8.109843e-01  1.200831e-100   0.000000e+00
   5.674093e-17   9.266497e-01   3.804816e-16   3.839397e-01   3.872158e-28   2.758935e-16   3.115562e-64  2.046965e-105
   2.580648e-33   4.214518e-17   4.442054e-17   1.000000e+00   4.440677e-62   4.326450e-21   2.625818e-83  9.900835e-163
   6.120929e-17   1.680296e-18   1.992529e-41   9.258480e-57   3.196556e-51   1.000000e+00   2.700037e-65  2.881002e-163
   1.408683e-33   2.300554e-17   1.394946e-21   1.810280e-54   3.757089e-01   1.899010e-22   3.110695e-61   9.267380e-01
   4.492822e-17   1.293338e-18   7.340375e-01   4.585931e-69   1.976063e-53   7.670753e-21   5.152998e-01   4.456871e-01
   6.747585e-39   1.570960e-38   2.792219e-22   6.123235e-17   1.000000e+00   1.337481e-18   8.125291e-64  7.606153e-106
   4.277507e-01   1.804291e-19   2.143249e-11   1.191534e-59   1.237321e-58   1.774632e-11   9.038970e-01  4.623258e-162
   3.508556e-33   1.343244e-50   2.452494e-58   1.779306e-71   5.729907e-17   9.357648e-01   3.540306e-01  9.278870e-112
   5.717931e-17   9.338090e-01   3.577729e-01   4.098585e-78   2.333452e-31   1.996016e-24   1.263056e-97  2.584597e-150
   1.000000e+00   1.567162e-21   1.247542e-26   8.044573e-39   1.470688e-92   5.408167e-20  1.939074e-102  2.848298e-227
   4.001640e-01   6.910446e-20   3.115501e-24   5.849440e-57   9.171995e-01   1.089251e-21   1.646816e-59   1.886929e-03
   4.170083e-01   8.157604e-11   4.082667e-04   2.523888e-68   4.260319e-47   8.937569e-24   1.874852e-72   9.121417e-01
   5.661059e-17   1.588375e-27   1.226280e-44   9.245211e-01   4.722328e-29   7.610400e-06   1.105572e-60   3.896534e-01
   7.480941e-18   2.187550e-17   1.108303e-21   7.080364e-54   3.775668e-01   3.236655e-01   8.710440e-01  2.352716e-143
   3.749400e-33   6.123235e-17   1.000000e+00   3.427336e-45   1.966563e-29   1.945120e-11   2.339038e-78  9.900835e-163
   3.749400e-33   5.463932e-51   1.686848e-36   6.123235e-17  7.461941e-114   3.076321e-27   1.000000e+00  4.734967e-302
   2.813861e-01   4.799467e-01   5.992981e-01   8.549568e-64   2.819472e-57   7.980475e-05   5.740538e-01   4.306663e-02
   5.129471e-18   4.888279e-17   8.473169e-24   8.026998e-01   1.482922e-60   2.723822e-01   5.377628e-01  9.938917e-163
   3.909771e-17   2.670077e-27   6.385141e-01   4.309425e-40   5.777547e-01   5.242592e-01   5.355802e-75  7.100143e-226
   6.123235e-17   2.480860e-35   1.000000e+00   6.229837e-78   4.440677e-62   3.363934e-20   1.750994e-59  9.900834e-163
   6.751603e-01   1.797003e-19   5.741328e-01   2.873067e-44   2.388313e-60   9.465269e-21   1.189318e-52   4.653393e-01
   1.789686e-17   1.879752e-17   4.238717e-01   1.550218e-02   9.055919e-01   6.487595e-26   2.842861e-64  3.153110e-151
   7.641091e-03   4.956536e-04   3.276280e-01   3.842607e-40   2.423411e-47   2.258906e-23   9.466840e-01  1.997858e-161
   6.276657e-03   4.717594e-01   3.327419e-30   6.697645e-69   8.826334e-01   6.263521e-19   1.783066e-85  5.265037e-116
   1.685148e-33   2.752056e-17   4.494448e-01   5.614211e-54   2.134313e-51   9.023966e-01   1.319226e-57  1.489466e-226
   5.612453e-17   9.165831e-01   1.657634e-29   2.090421e-65   3.998485e-01   8.771773e-24   3.140301e-45   0.000000e+00
   6.123235e-17   1.609223e-32   1.000000e+00   6.884530e-77   2.664701e-63   5.309521e-21   1.055345e-59  9.900835e-163
   2.402195e-17   3.923082e-01   6.056754e-07   9.198367e-01   1.054800e-26   1.337531e-18   2.203593e-60   3.516255e-87
   4.236806e-01   1.193713e-10   6.749920e-36   3.080622e-84   1.780988e-59   4.181911e-01   8.071737e-01  3.419639e-136
   3.012064e-01   6.717002e-01   1.529944e-26   1.075067e-39   5.652607e-01   3.818720e-01   3.485119e-60  3.444977e-111
   1.365820e-33   2.230554e-17   3.399002e-45   3.642771e-01   1.254999e-02   1.560680e-11   9.312063e-01  1.728887e-165
   7.231471e-01   4.951139e-02   6.046037e-24   8.551977e-27   1.414889e-26   1.861858e-19   5.307092e-01   4.452295e-01
   5.767329e-17   7.279606e-26   9.329365e-21   9.418763e-01   6.971325e-44   3.361100e-01  2.765434e-100   0.000000e+00
   4.214488e-17   6.882781e-01   7.254372e-01   3.787974e-03   4.440677e-62   4.326450e-21   4.449526e-93  9.837110e-163
   5.135232e-17   1.440839e-27   1.112377e-44   8.386470e-01   2.311289e-16   9.679043e-06   5.512143e-01   0.000000e+00
   6.123235e-17   3.338708e-32   1.000000e+00   1.330281e-76   3.735774e-63   4.850083e-21   1.750994e-59  9.900835e-163
   3.391247e-02   3.129961e-03   5.412784e-05   1.666539e-01   6.398692e-27   5.447590e-01   8.259195e-01  2.158741e-163
   4.584381e-01   2.052066e-09   7.003057e-08   4.972241e-72   5.842356e-50   6.721378e-01   5.819614e-01   1.901106e-93
   8.362528e-01   2.022167e-19   3.624136e-01   1.168250e-37   1.775756e-04   2.241212e-21   4.115073e-01   3.756793e-04
   1.000000e+00   2.559686e-11   5.372798e-11   4.639853e-60   8.228026e-63   4.855248e-23   8.939271e-62   0.000000e+00
   4.271155e-01   1.126677e-10   7.879820e-01   4.678497e-01   1.528393e-32   7.110498e-18   1.257413e-68   1.845414e-01
   2.457067e-17   4.012696e-01   9.163798e-01   4.148679e-55   2.615572e-27   1.042684e-23   5.614572e-53  9.351752e-192
   7.021524e-01   4.125586e-01   4.506488e-29   4.151665e-01   1.120800e-32   7.112233e-18   2.744216e-60   4.143342e-01
   3.901813e-06   4.552625e-14   4.726829e-21   8.593632e-01   1.504094e-29   5.368522e-19   4.288186e-01   2.788164e-01
   2.777125e-17   2.994562e-18   9.065592e-28   4.561680e-01   8.756233e-30   6.212278e-06   8.021605e-01   3.889259e-01
   6.147504e-02   3.576021e-03   4.311415e-01   7.324383e-01   5.283720e-01   2.777753e-23   3.001352e-57  4.517593e-135
   3.193794e-01   1.136775e-09   4.767188e-01   6.479346e-01   9.029639e-48   5.196835e-01   3.845827e-04  2.507636e-226
   4.906737e-17   8.013310e-01   4.739403e-01   2.453691e-39   1.917751e-29   1.198425e-23   2.895951e-72   3.665002e-01
   1.721588e-34   3.745445e-33   6.123235e-17   2.001589e-81   2.719130e-78   9.032701e-27   1.000000e+00  1.081625e-163
   5.175849e-01   4.156782e-18   4.354695e-31   1.576709e-65   2.601476e-51   8.573692e-01   8.328050e-52  1.572919e-237
   2.449406e-01   3.644486e-01   2.610569e-01   8.366790e-39   2.675095e-48   3.122889e-01   2.173646e-70   8.090733e-01
   1.309792e-17   1.412343e-18   2.729927e-17   4.950280e-01   9.502158e-30   6.741489e-06   8.704949e-01  5.123656e-181
   8.960840e-01   2.363757e-10   5.440114e-06   4.677400e-01   1.354115e-32   1.337735e-18   1.257118e-68   1.844981e-01
   1.972254e-17   3.220935e-01   9.501534e-01   3.953531e-73   4.455164e-62   4.218327e-21   2.634385e-83  9.933135e-163
   1.052521e-22   2.450459e-22   1.720098e-37   5.848496e-17   9.551319e-01   2.961817e-01   2.006220e-98  2.081123e-154
   1.530902e-04   5.217761e-23   1.972147e-30   5.735419e-05   4.191840e-01   9.079931e-01   3.505041e-66   0.000000e+00
   1.486785e-33   2.428104e-17   5.545064e-17   2.510388e-71   1.582697e-43   9.377291e-18   1.000383e+00  2.598606e-136
   2.447553e-39   6.535197e-60   1.663528e-38   3.749400e-33   6.123235e-17   2.885168e-35   7.877697e-84   1.000000e+00
   8.305037e-02   7.732590e-01   1.340687e-07   2.214153e-01   1.493842e-60   2.738639e-01   5.416161e-01  7.672871e-119
   7.761275e-01   3.667040e-09   7.206415e-11   6.305765e-01   4.330343e-28   5.472639e-26   2.033694e-65  5.872370e-166
   1.445654e-18   2.677268e-17   3.942436e-27   5.304873e-96   1.127059e-75   4.378680e-01   7.669326e-01   4.695861e-01
   6.123237e-17   1.057571e-31   1.000000e+00   3.074069e-56   2.664701e-63   8.653225e-23   5.596252e-67  9.900837e-163
   4.999334e-17   2.725898e-32   2.117518e-17   8.866708e-01   4.624015e-01   4.850083e-21   1.750994e-59  9.900835e-163
   3.645562e-17   1.027131e-26   5.953654e-01   1.615999e-45   2.502685e-59   3.262856e-08   8.072546e-01  3.419982e-136
   2.744652e-19   4.482356e-03   9.419599e-01   3.097459e-68   3.393279e-01   2.959538e-22   8.912278e-81   1.466347e-06
   2.811567e-18   6.116777e-17   1.000000e+00   1.165268e-77   4.440677e-62   2.598535e-18   1.355509e-73  1.074508e-163
   7.685345e-01   3.739281e-01   1.721789e-41   5.198062e-01   4.711224e-31   3.200492e-20   3.455541e-03  7.567913e-164
   6.125253e-17   1.000330e+00   1.544386e-06   2.889428e-56   9.407690e-27   1.410699e-19   2.168502e-60   3.517405e-87
   1.329097e-34   2.170580e-18   6.119398e-17   1.000002e+00   4.440685e-62   7.653882e-23   2.625823e-83  9.900853e-163
   5.911545e-17   9.654286e-01   1.490502e-06   2.610563e-01   1.128802e-26   1.240448e-20   2.203811e-60   3.516602e-87
   3.769672e-33   2.012987e-48   6.156341e-17   2.013105e-81   1.881627e-45   9.220604e-27   1.005407e+00   6.929258e-83
   3.901173e-18   3.062935e-17   4.716709e-24   5.042562e-01   3.227202e-58   8.651645e-01   2.254946e-04  4.878167e-144
   6.695130e-01   1.203081e-01   3.431728e-01   1.261770e-51   6.565831e-01   6.384551e-19   2.611766e-66   0.000000e+00
   5.706185e-01   4.937146e-11   8.247055e-30   6.471399e-01   9.001341e-48   5.180549e-01   1.525913e-66   0.000000e+00
   6.683916e-18   2.708023e-36   6.086647e-17   3.814676e-94   2.719131e-78   2.059816e-36   1.146407e-86   1.000000e+00
   1.820757e-18   3.961194e-17   2.012476e-27   1.181354e-94   1.760895e-78   5.849533e-27   6.475952e-01   7.620410e-01
   7.114831e-01   3.444322e-01   1.608976e-11   3.448964e-01   2.520360e-01   6.898325e-26   4.460708e-01   3.251858e-70
   9.493291e-02   2.775994e-01   1.406434e-05   4.601191e-37   6.988038e-02   3.993232e-01   8.764861e-01  2.367415e-143
   3.236931e-17   5.286309e-01   7.325253e-01   4.288989e-01   1.427132e-03   4.317676e-21   1.058176e-82  9.900834e-163
   2.922557e-17   4.772898e-01   2.802831e-36   5.579754e-40   6.370572e-57   4.537650e-06  6.936458e-123   8.788173e-01
   3.922847e-01   1.456517e-18   8.354109e-01   3.958356e-60   3.864341e-01   1.114090e-20   3.196053e-45   3.211943e-89
   1.000000e+00   1.251741e-09   1.762439e-15   7.266470e-59   3.779876e-63   7.377753e-26   2.040518e-65  5.872369e-166
   4.622375e-24   7.548912e-08   5.654267e-22   1.000018e+00   2.605880e-26   6.059547e-11   4.167504e-78  9.767395e-155
   1.384801e-01   2.488142e-01   4.396260e-07   6.676582e-01   7.656203e-27   2.330475e-20   5.484112e-01   4.152918e-01
   4.839592e-50   7.903653e-34   1.290765e-17   3.401886e-56   2.107978e-01   4.627156e-01   2.046550e-66   8.650561e-01
   4.385711e-01   1.264176e-16   4.012639e-31   2.942143e-77   6.086154e-01   6.694691e-01   8.688310e-60   1.397635e-89
   1.000000e+00   7.949777e-10   2.568798e-29   1.989328e-75   4.810664e-61   1.439605e-18   1.861690e-63  7.606153e-106
   5.677986e-17   9.272856e-01   4.540285e-26   6.749789e-53   2.316782e-30   3.815244e-01   2.618667e-58  3.875398e-107
   1.135990e-17   6.016950e-17   1.000002e+00   1.099131e-57   2.185661e-29   4.367665e-22   2.755500e-67   4.394628e-88
   9.274600e-18   3.646144e-33   3.936420e-48   2.268828e-17   4.002906e-01   9.220572e-01   1.614564e-67  1.275284e-104
   6.628282e-01   4.299559e-02   7.091611e-01   1.139293e-39   7.185158e-47   3.801523e-21   2.435458e-01  1.997663e-161
   3.916468e-01   4.111286e-01   8.231565e-01   1.914491e-64   2.124487e-63   7.326960e-20   8.939271e-62   0.000000e+00
   6.691965e-18   2.201079e-17   3.757098e-01   7.373930e-38   2.132567e-26   6.775791e-19  2.116803e-117   9.267402e-01
   6.123235e-17   1.000000e+00   5.518335e-27   1.792613e-43   4.981306e-27   1.860609e-11   5.824008e-69  1.191127e-110
   2.207562e-50   2.123632e-49   3.486842e-33   1.014823e-82   5.694445e-17   2.566861e-37   9.299734e-01   3.753151e-01
   3.213572e-02   4.441773e-01   6.614089e-30   4.443283e-02   4.682730e-52   8.985910e-01   1.313663e-57  1.483185e-226
