   0.000000e+00   1.000000e+00   8.833272e-01   5.016425e-01   4.987622e-01   5.004544e-01   5.013905e-01   5.002275e-01   5.003961e-01   4.993168e-01   5.008307e-01   4.988437e-01   4.994445e-01
   9.653591e-02   0.000000e+00   1.000000e+00   4.975389e-01   4.992840e-01   5.003834e-01   5.012331e-01   5.003754e-01   5.012390e-01   4.994107e-01   5.009457e-01   4.988378e-01   4.996955e-01
   0.000000e+00   1.000000e+00   2.555293e-02   5.017977e-01   5.001444e-01   5.003833e-01   5.013898e-01   5.002275e-01   5.008837e-01   4.992874e-01   5.008013e-01   4.988571e-01   4.998018e-01
   0.000000e+00   1.194316e-05   0.000000e+00   5.000410e-01   5.012399e-01   5.004634e-01   5.012259e-01   5.003098e-01   5.009651e-01   4.991307e-01   5.008467e-01   5.004435e-01   4.994406e-01
   7.039587e-01   0.000000e+00   1.000000e+00   4.974974e-01   4.992616e-01   4.673242e-01   5.008161e-01   5.060281e-01   5.008510e-01   4.985395e-01   4.903060e-01   4.987158e-01   4.997300e-01
   0.000000e+00   1.000000e+00   3.913434e-02   4.999972e-01   4.987195e-01   5.003832e-01   5.009486e-01   5.001910e-01   5.003689e-01   4.989742e-01   5.007247e-01   5.003487e-01   4.993660e-01
   2.985331e-01   0.000000e+00   5.549976e-01   4.935106e-01   4.988774e-01   5.010283e-01   4.991624e-01   5.002264e-01   5.011573e-01   4.869484e-01   4.996043e-01   5.003636e-01   4.997954e-01
   1.000000e+00   2.704176e-01   8.375731e-02   4.999972e-01   5.002158e-01   5.003832e-01   5.009728e-01   5.006013e-01   5.008358e-01   4.993888e-01   5.012739e-01   5.005019e-01   4.998803e-01
   1.000000e+00   2.704176e-01   1.258825e-02   4.999972e-01   5.002158e-01   5.003832e-01   4.991747e-01   5.006042e-01   5.008353e-01   4.993888e-01   5.017330e-01   5.005019e-01   4.998803e-01
   3.225535e-01   3.975683e-01   1.000000e+00   5.013313e-01   4.994771e-01   5.002617e-01   4.764626e-01   5.007294e-01   5.010330e-01   4.994022e-01   5.047911e-01   4.986601e-01   5.002870e-01
   1.000000e+00   2.711734e-01   7.002061e-02   4.998167e-01   5.002158e-01   5.002886e-01   5.009387e-01   5.006012e-01   5.008313e-01   4.989925e-01   5.009549e-01   4.988141e-01   4.997135e-01
   0.000000e+00   3.645921e-03   1.000000e+00   5.015959e-01   4.992945e-01   5.012942e-01   5.023392e-01   5.005532e-01   5.011923e-01   4.993690e-01   4.995450e-01   4.986407e-01   5.002860e-01
   2.597879e-03   0.000000e+00   1.000000e+00   5.013755e-01   4.987883e-01   5.005971e-01   5.011786e-01   5.003854e-01   5.009635e-01   4.989573e-01   5.008690e-01   4.989629e-01   4.999632e-01
   0.000000e+00   1.000000e+00   0.000000e+00   5.015549e-01   4.987499e-01   5.004625e-01   5.010244e-01   5.003098e-01   5.009651e-01   4.991307e-01   5.008277e-01   5.002539e-01   4.994406e-01
   0.000000e+00   5.163118e-01   6.690578e-01   4.718668e-01   5.002429e-01   5.133672e-01   4.828234e-01   5.002408e-01   5.006439e-01   5.242820e-01   5.009768e-01   4.980221e-01   5.069201e-01
   6.075492e-05   6.007173e-01   4.035066e-01   4.937439e-01   4.988031e-01   5.005175e-01   5.134814e-01   4.970037e-01   5.003346e-01   5.026282e-01   5.003806e-01   5.003299e-01   4.967550e-01
   4.944949e-01   2.252777e-08   2.955752e-01   5.008060e-01   4.973554e-01   4.915218e-01   5.016951e-01   6.331325e-01   5.279219e-01   4.585977e-01   4.965967e-01   4.986591e-01   5.187084e-01
   5.267018e-01   0.000000e+00   0.000000e+00   4.968807e-01   5.007048e-01   5.003548e-01   4.990428e-01   5.003639e-01   5.009670e-01   5.041518e-01   4.745448e-01   4.990952e-01   4.993035e-01
   1.166201e-03   8.508907e-02   9.700000e-04   4.995707e-01   4.993556e-01   5.000879e-01   5.048976e-01   5.281816e-01   4.992734e-01   4.991607e-01   5.046337e-01   5.005759e-01   4.997390e-01
   0.000000e+00   0.000000e+00   0.000000e+00   5.015376e-01   4.986562e-01   5.004625e-01   5.010970e-01   5.002222e-01   5.009651e-01   4.993916e-01   5.008277e-01   5.003878e-01   4.994406e-01
   0.000000e+00   2.371370e-01   7.753444e-01   4.996570e-01   4.997455e-01   5.016993e-01   4.977646e-01   5.000912e-01   4.998369e-01   4.992988e-01   4.942439e-01   4.992146e-01   5.013854e-01
   1.047493e-02   0.000000e+00   9.700000e-04   4.995707e-01   4.993493e-01   5.000918e-01   5.049834e-01   4.991911e-01   4.992734e-01   5.041715e-01   5.046337e-01   5.005759e-01   4.997390e-01
   1.550207e-01   1.564321e-01   0.000000e+00   5.016255e-01   5.001725e-01   5.341951e-01   4.656044e-01   5.007995e-01   5.008830e-01   3.994786e-01   4.977049e-01   5.022423e-01   4.998030e-01
   0.000000e+00   6.186841e-01   9.094471e-03   5.000385e-01   5.012399e-01   4.979313e-01   5.012259e-01   5.003057e-01   5.009651e-01   5.081775e-01   5.008467e-01   5.004435e-01   5.003684e-01
   1.684439e-01   7.235708e-01   1.000000e+00   4.998152e-01   5.000107e-01   5.004126e-01   5.008956e-01   4.958858e-01   5.009672e-01   5.041106e-01   5.007124e-01   5.021258e-01   4.997120e-01
   2.625577e-01   1.000000e+00   0.000000e+00   4.995410e-01   4.987333e-01   5.004495e-01   5.432567e-01   5.148128e-01   5.010863e-01   4.960760e-01   4.563503e-01   5.021031e-01   4.996135e-01
   1.000000e+00   1.797767e-01   9.839351e-01   4.997547e-01   5.002157e-01   5.002886e-01   5.009369e-01   5.005945e-01   5.002679e-01   4.989897e-01   5.009526e-01   5.003095e-01   4.997135e-01
   1.000000e+00   2.398659e-01   9.746038e-01   5.000015e-01   5.002358e-01   5.003832e-01   4.991747e-01   5.003748e-01   5.008353e-01   4.994144e-01   5.009577e-01   5.005019e-01   4.998858e-01
   0.000000e+00   5.671462e-06   8.968034e-01   5.007768e-01   4.973548e-01   4.902742e-01   5.013440e-01   5.166118e-01   5.004032e-01   5.002998e-01   4.965967e-01   4.982209e-01   5.189143e-01
   6.839266e-04   8.874498e-01   9.959647e-01   4.975820e-01   4.983757e-01   5.215845e-01   5.020936e-01   4.474600e-01   5.008370e-01   4.994231e-01   4.976701e-01   5.004761e-01   4.783821e-01
   1.000000e+00   2.398659e-01   9.998446e-01   5.000015e-01   5.002815e-01   5.003834e-01   4.992326e-01   5.003754e-01   5.011581e-01   4.994144e-01   5.009577e-01   5.005019e-01   4.997350e-01
   0.000000e+00   1.796573e-01   1.836266e-01   4.536721e-01   5.000986e-01   4.969459e-01   4.976349e-01   5.004587e-01   5.042359e-01   4.935037e-01   5.008645e-01   4.985752e-01   4.988529e-01
   0.000000e+00   8.316475e-06   9.932332e-01   4.999948e-01   5.013866e-01   5.004616e-01   5.015836e-01   5.005714e-01   5.007528e-01   5.003131e-01   4.980032e-01   4.995388e-01   4.996988e-01
   1.560540e-01   0.000000e+00   7.220013e-01   4.973337e-01   4.694922e-01   4.969140e-01   4.763307e-01   5.004060e-01   5.010272e-01   4.815189e-01   5.013774e-01   4.980373e-01   4.979131e-01
   1.541767e-01   0.000000e+00   5.287342e-01   5.000304e-01   5.013862e-01   4.989645e-01   4.599379e-01   5.005728e-01   5.007528e-01   5.003129e-01   5.012443e-01   4.992745e-01   4.985541e-01
   8.483335e-01   6.491465e-01   1.000000e+00   4.998323e-01   4.999260e-01   4.630098e-01   5.026878e-01   4.958649e-01   5.009672e-01   5.034095e-01   5.007082e-01   4.988453e-01   4.997120e-01
   1.541767e-01   2.754133e-01   5.287342e-01   5.000304e-01   5.014797e-01   4.989516e-01   4.950113e-01   5.005992e-01   5.007534e-01   4.985549e-01   5.153379e-01   4.992756e-01   4.985848e-01
   0.000000e+00   2.115839e-10   7.165363e-01   4.993149e-01   4.742414e-01   5.003937e-01   5.010231e-01   5.026991e-01   5.006610e-01   5.229206e-01   4.991492e-01   5.022887e-01   4.985374e-01
   5.947327e-01   1.000000e+00   1.000000e+00   4.972650e-01   5.002365e-01   5.004891e-01   5.008059e-01   5.013184e-01   5.010441e-01   4.972946e-01   5.044838e-01   5.003658e-01   4.990487e-01
   6.825928e-01   5.447230e-01   3.495303e-05   5.000369e-01   4.992982e-01   5.331775e-01   4.121598e-01   5.005865e-01   4.988300e-01   5.028916e-01   5.007268e-01   5.014117e-01   4.999774e-01
   0.000000e+00   8.901102e-01   1.515386e-02   4.975878e-01   4.987936e-01   5.003583e-01   5.024258e-01   5.013380e-01   5.011767e-01   4.991280e-01   5.007320e-01   4.986486e-01   4.999543e-01
   1.684439e-01   1.105995e-02   1.047792e-02   4.998152e-01   5.000107e-01   5.334398e-01   5.008956e-01   4.997238e-01   5.009672e-01   5.041106e-01   4.671802e-01   5.021111e-01   4.997075e-01
   8.922721e-01   1.429143e-03   9.753941e-01   4.974752e-01   5.000178e-01   5.003675e-01   5.024247e-01   5.002379e-01   5.011928e-01   4.974077e-01   5.008429e-01   4.986486e-01   4.999536e-01
   0.000000e+00   8.422764e-02   1.000000e+00   4.974974e-01   4.993523e-01   4.673242e-01   5.014067e-01   5.005791e-01   4.993363e-01   4.992900e-01   5.012816e-01   4.987158e-01   4.997300e-01
   7.548905e-01   5.292860e-01   9.997615e-01   4.974604e-01   5.046691e-01   4.618596e-01   5.007969e-01   5.005865e-01   5.003448e-01   5.026690e-01   4.694008e-01   4.987171e-01   4.991256e-01
   1.544429e-01   4.261590e-01   1.295879e-02   5.000319e-01   4.987607e-01   5.330559e-01   4.599379e-01   5.005989e-01   5.008382e-01   5.002783e-01   5.006778e-01   4.987755e-01   4.985414e-01
   1.684439e-01   7.235708e-01   0.000000e+00   4.998135e-01   5.000107e-01   4.721864e-01   5.009037e-01   4.958858e-01   5.009672e-01   5.040466e-01   5.008620e-01   5.108716e-01   5.014135e-01
   0.000000e+00   1.553912e-01   1.000000e+00   4.659976e-01   5.221836e-01   4.971329e-01   5.013968e-01   5.004590e-01   5.042200e-01   4.869252e-01   4.988201e-01   4.995239e-01   4.987629e-01
   2.886466e-01   0.000000e+00   3.209943e-01   5.008060e-01   5.536500e-01   4.902742e-01   5.018916e-01   5.156768e-01   5.010188e-01   5.002998e-01   5.113978e-01   4.982063e-01   4.997034e-01
   4.336351e-01   1.000000e+00   0.000000e+00   4.998867e-01   4.987221e-01   4.989076e-01   5.015223e-01   5.003982e-01   5.008547e-01   4.961237e-01   5.005982e-01   5.107965e-01   4.997390e-01
   0.000000e+00   1.194316e-05   2.847700e-01   5.000410e-01   5.003293e-01   5.003861e-01   5.012259e-01   4.962574e-01   5.009651e-01   4.991307e-01   5.008467e-01   5.004435e-01   4.994419e-01
   1.544429e-01   1.661127e-01   1.000000e+00   4.658223e-01   4.988045e-01   5.043709e-01   5.604552e-01   5.005972e-01   5.008306e-01   4.994491e-01   4.963870e-01   4.982537e-01   4.997521e-01
   1.544429e-01   2.704260e-01   9.768931e-03   4.975996e-01   4.988039e-01   4.958907e-01   4.599379e-01   5.005989e-01   5.008382e-01   4.993254e-01   4.963547e-01   5.004384e-01   4.985414e-01
   5.627657e-01   0.000000e+00   1.000000e+00   4.545615e-01   4.993546e-01   5.024291e-01   5.016972e-01   5.005951e-01   5.281338e-01   4.991607e-01   5.190190e-01   5.003109e-01   4.997390e-01
   2.766880e-01   2.781795e-01   1.805232e-01   4.970247e-01   5.002000e-01   5.529157e-01   5.019016e-01   5.004059e-01   5.012376e-01   4.995257e-01   5.012739e-01   5.004957e-01   4.998803e-01
   7.339656e-01   9.982662e-01   3.722904e-02   4.992614e-01   4.992357e-01   5.003620e-01   5.012436e-01   4.994649e-01   5.010331e-01   4.989471e-01   5.008265e-01   5.004046e-01   4.997149e-01
   4.944949e-01   5.120220e-01   3.515365e-01   5.007896e-01   4.973536e-01   4.915218e-01   5.086753e-01   6.319369e-01   5.279219e-01   4.585977e-01   5.007299e-01   4.986591e-01   4.996371e-01
   0.000000e+00   1.000000e+00   3.722904e-02   4.992741e-01   5.000268e-01   5.003620e-01   5.012436e-01   4.994975e-01   5.010249e-01   4.989783e-01   5.008262e-01   5.004046e-01   4.997142e-01
   1.206727e-01   4.055140e-03   0.000000e+00   4.311384e-01   5.000150e-01   5.022139e-01   5.106210e-01   5.004424e-01   5.063552e-01   4.993258e-01   4.609528e-01   4.987087e-01   5.018159e-01
   0.000000e+00   0.000000e+00   1.000000e+00   4.995603e-01   4.992834e-01   5.001041e-01   5.010408e-01   5.003754e-01   5.011509e-01   4.994144e-01   5.009515e-01   4.989610e-01   4.997379e-01
   1.433222e-01   0.000000e+00   1.000000e+00   4.996645e-01   5.012999e-01   5.003959e-01   4.975583e-01   5.004448e-01   5.068111e-01   5.002627e-01   4.810127e-01   4.985734e-01   4.996705e-01
   5.142817e-01   2.767552e-01   0.000000e+00   5.009535e-01   4.993510e-01   5.009704e-01   4.783863e-01   4.239628e-01   4.912547e-01   4.996841e-01   5.044848e-01   4.985140e-01   4.972459e-01
   0.000000e+00   8.602045e-06   5.617362e-01   4.972923e-01   5.012918e-01   5.004657e-01   5.012909e-01   5.003417e-01   4.894664e-01   4.992415e-01   4.960592e-01   4.986294e-01   5.001648e-01
   7.039587e-01   0.000000e+00   3.503819e-05   4.974974e-01   5.000995e-01   4.828322e-01   5.008161e-01   5.059981e-01   5.069987e-01   4.985385e-01   4.903060e-01   4.987347e-01   5.013812e-01
   1.158285e-03   2.175492e-02   8.070479e-01   4.996353e-01   4.671016e-01   4.997515e-01   5.015278e-01   5.270223e-01   4.999374e-01   5.028410e-01   4.983094e-01   5.014021e-01   4.997841e-01
   8.483335e-01   2.289130e-02   1.000000e+00   4.998323e-01   4.979002e-01   4.630098e-01   5.031508e-01   4.958649e-01   5.011349e-01   5.034095e-01   5.008146e-01   4.988453e-01   4.995695e-01
   4.861070e-01   2.252777e-08   6.726559e-01   5.008060e-01   4.973554e-01   4.923571e-01   5.111501e-01   4.984539e-01   5.276652e-01   4.585977e-01   4.965967e-01   4.986591e-01   5.187084e-01
   0.000000e+00   8.091812e-01   1.000000e+00   5.008589e-01   4.998649e-01   5.013196e-01   5.404574e-01   5.005860e-01   5.013191e-01   5.030337e-01   5.007489e-01   5.014196e-01   5.002853e-01
   0.000000e+00   3.239506e-01   9.998446e-01   5.000015e-01   5.002815e-01   5.003834e-01   4.992326e-01   5.003754e-01   5.011581e-01   4.994144e-01   5.009577e-01   4.991586e-01   4.997350e-01
   0.000000e+00   5.671462e-06   9.496123e-01   5.007855e-01   4.973649e-01   5.013796e-01   5.013503e-01   5.005328e-01   5.004032e-01   5.002998e-01   4.995037e-01   4.991482e-01   5.189143e-01
   2.709772e-01   0.000000e+00   0.000000e+00   5.007792e-01   4.993490e-01   4.375835e-01   4.785288e-01   4.271200e-01   4.981122e-01   4.996841e-01   5.046589e-01   5.018375e-01   4.972804e-01
   1.925880e-01   4.262483e-01   7.021654e-01   5.018068e-01   5.000948e-01   4.836470e-01   5.013747e-01   5.002511e-01   5.006298e-01   5.239816e-01   4.508325e-01   4.860019e-01   4.997243e-01
   1.544429e-01   3.425027e-01   1.000000e+00   5.000983e-01   4.988045e-01   5.534256e-01   4.599379e-01   5.005989e-01   5.009632e-01   4.993865e-01   5.224499e-01   4.471491e-01   4.999692e-01
   1.629481e-01   0.000000e+00   5.897856e-02   4.973337e-01   4.691090e-01   4.969140e-01   4.763307e-01   5.004089e-01   5.010272e-01   4.815189e-01   5.008302e-01   4.980373e-01   4.979131e-01
   2.825567e-01   0.000000e+00   1.000000e+00   4.969835e-01   4.997595e-01   5.527165e-01   5.013703e-01   5.004028e-01   5.001376e-01   5.041091e-01   5.118124e-01   4.993974e-01   4.997102e-01
   4.819681e-01   5.111535e-01   0.000000e+00   4.974755e-01   4.988953e-01   4.917308e-01   5.086753e-01   6.335211e-01   5.274094e-01   4.585977e-01   5.007299e-01   5.251666e-01   4.996371e-01
   0.000000e+00   3.464556e-01   6.271947e-03   5.002059e-01   5.001456e-01   5.461703e-01   5.028405e-01   5.004607e-01   5.010683e-01   4.994145e-01   5.006483e-01   4.494871e-01   4.988381e-01
   0.000000e+00   8.443903e-01   0.000000e+00   5.008589e-01   4.998626e-01   4.971530e-01   5.012426e-01   5.004523e-01   5.044882e-01   4.883951e-01   5.052088e-01   5.012479e-01   5.069309e-01
   0.000000e+00   1.553912e-01   5.983451e-03   5.010365e-01   5.001456e-01   5.007808e-01   4.983936e-01   5.002110e-01   5.042200e-01   4.869252e-01   5.009025e-01   5.003933e-01   4.988074e-01
   7.347569e-01   0.000000e+00   1.000000e+00   5.013585e-01   4.992365e-01   5.004924e-01   4.985963e-01   5.149143e-01   5.010429e-01   4.990427e-01   5.008679e-01   5.003475e-01   4.989291e-01
   2.799273e-01   6.262552e-01   1.469535e-01   5.135826e-01   4.993556e-01   4.375835e-01   4.780432e-01   4.271200e-01   5.278940e-01   4.996841e-01   5.045405e-01   5.509639e-01   4.973884e-01
   0.000000e+00   0.000000e+00   1.465549e-01   4.993388e-01   5.013089e-01   5.019804e-01   5.010863e-01   5.006842e-01   5.011787e-01   4.988058e-01   5.007139e-01   4.982562e-01   4.998746e-01
   1.092506e-03   3.293001e-02   8.014292e-01   4.996628e-01   4.992569e-01   5.006392e-01   4.916279e-01   4.905611e-01   4.999286e-01   4.991575e-01   5.007161e-01   4.985902e-01   5.014311e-01
   0.000000e+00   1.000000e+00   7.002517e-01   4.992741e-01   5.004100e-01   5.003620e-01   5.012436e-01   4.994946e-01   5.010249e-01   4.989783e-01   5.013733e-01   5.004046e-01   4.997142e-01
   2.597879e-03   1.242009e-02   1.000000e+00   5.013755e-01   4.987876e-01   5.003492e-01   5.011832e-01   5.003854e-01   5.009635e-01   4.989573e-01   5.008690e-01   4.989660e-01   4.999542e-01
   0.000000e+00   1.131760e-01   6.839989e-01   4.659976e-01   5.001480e-01   5.009674e-01   5.013968e-01   5.002461e-01   5.003705e-01   5.318571e-01   5.007669e-01   5.451677e-01   4.988074e-01
   6.076796e-05   1.720931e-01   3.709640e-01   5.001618e-01   4.766253e-01   5.014221e-01   5.112311e-01   5.023253e-01   5.003300e-01   5.026667e-01   5.008058e-01   5.001042e-01   4.969832e-01
   0.000000e+00   2.704176e-01   8.375731e-02   4.999544e-01   5.002187e-01   5.003862e-01   5.069221e-01   5.006013e-01   5.008093e-01   5.029366e-01   5.012739e-01   4.911156e-01   4.999629e-01
   6.040832e-01   4.304673e-01   1.000000e+00   4.994284e-01   4.992297e-01   4.388877e-01   5.025283e-01   5.003027e-01   4.966661e-01   4.991404e-01   4.484617e-01   4.980621e-01   4.989898e-01
   3.095331e-01   3.104918e-02   8.075542e-01   4.975113e-01   4.987781e-01   4.640813e-01   5.166846e-01   5.022751e-01   5.008340e-01   5.001988e-01   4.982900e-01   4.987773e-01   5.014638e-01
   7.131741e-01   0.000000e+00   4.458918e-05   5.016909e-01   5.000995e-01   4.828341e-01   5.296672e-01   5.060573e-01   4.441140e-01   5.267038e-01   4.903060e-01   4.987347e-01   5.013812e-01
   0.000000e+00   7.360436e-01   0.000000e+00   5.014333e-01   5.000107e-01   5.032323e-01   5.009037e-01   5.009727e-01   5.009672e-01   5.040298e-01   5.008620e-01   5.108716e-01   5.014135e-01
   4.300522e-01   7.348513e-01   0.000000e+00   4.998668e-01   4.986558e-01   4.620082e-01   4.763346e-01   5.004021e-01   5.010250e-01   4.830581e-01   4.665317e-01   4.986660e-01   5.003333e-01
   0.000000e+00   1.532606e-01   5.428682e-03   5.015724e-01   4.992916e-01   4.464869e-01   5.012305e-01   4.900246e-01   4.993503e-01   4.954812e-01   5.030098e-01   4.977090e-01   5.014859e-01
   1.071742e-01   1.000000e+00   3.030429e-02   4.968263e-01   5.323022e-01   5.326298e-01   5.032797e-01   5.022340e-01   5.299434e-01   4.993219e-01   5.008279e-01   4.986518e-01   4.874557e-01
   2.822695e-01   8.541733e-01   9.999462e-01   4.975820e-01   4.983757e-01   5.215845e-01   5.020936e-01   4.474600e-01   5.008445e-01   4.990383e-01   4.976701e-01   5.004761e-01   4.783821e-01
   5.646475e-01   6.491465e-01   1.000000e+00   4.998323e-01   4.993566e-01   5.024700e-01   5.026878e-01   4.958649e-01   5.009672e-01   5.034095e-01   5.006947e-01   4.988453e-01   4.997388e-01
   7.007594e-01   9.911707e-01   2.911169e-02   4.974112e-01   5.007459e-01   5.326298e-01   5.048099e-01   5.006005e-01   5.011734e-01   4.993440e-01   5.008279e-01   4.987130e-01   5.011119e-01
   0.000000e+00   8.454336e-01   8.793062e-01   4.975769e-01   5.011918e-01   5.004438e-01   5.024114e-01   5.057714e-01   5.172570e-01   4.993200e-01   5.025228e-01   5.511029e-01   4.793155e-01
   1.541767e-01   5.776574e-01   1.000000e+00   5.000304e-01   5.014401e-01   5.009773e-01   5.017938e-01   5.007580e-01   5.007665e-01   5.081022e-01   5.008147e-01   4.992745e-01   4.988197e-01
   5.242659e-01   0.000000e+00   1.000000e+00   4.971890e-01   4.972146e-01   5.002864e-01   5.046817e-01   4.494204e-01   5.276701e-01   4.996896e-01   5.009468e-01   4.991948e-01   4.877902e-01
   2.099399e-02   5.741642e-01   7.389631e-01   4.992741e-01   4.987190e-01   5.003620e-01   5.012377e-01   4.994946e-01   5.010249e-01   5.623626e-01   5.013733e-01   5.004046e-01   4.997142e-01
   3.225535e-01   3.975683e-01   0.000000e+00   4.759343e-01   4.994771e-01   5.002886e-01   4.754539e-01   5.007294e-01   5.010308e-01   4.994022e-01   5.047911e-01   4.986562e-01   4.997110e-01
   0.000000e+00   1.194316e-05   2.363287e-01   5.000305e-01   5.002917e-01   5.003861e-01   4.997310e-01   5.006518e-01   6.271913e-01   5.002750e-01   5.008781e-01   4.992818e-01   4.994419e-01
   0.000000e+00   1.549651e-01   1.000000e+00   4.668321e-01   5.221836e-01   4.970588e-01   5.013968e-01   5.004590e-01   4.609225e-01   4.872652e-01   4.988201e-01   4.995239e-01   4.998733e-01
   1.071742e-01   1.000000e+00   1.085507e-02   4.974781e-01   5.505818e-01   5.326298e-01   5.032797e-01   5.006005e-01   5.008521e-01   4.993219e-01   5.008279e-01   4.987037e-01   5.011119e-01
   1.698856e-01   1.979668e-01   1.000000e+00   4.997115e-01   4.973476e-01   4.213910e-01   5.007649e-01   4.958483e-01   5.003646e-01   4.954210e-01   4.986119e-01   5.168684e-01   5.002860e-01
   1.161205e-01   0.000000e+00   3.195042e-01   4.997419e-01   5.012999e-01   5.003959e-01   4.976027e-01   5.004078e-01   5.008748e-01   4.985754e-01   4.810127e-01   4.981821e-01   4.996705e-01
   0.000000e+00   0.000000e+00   8.463255e-02   4.993936e-01   5.013089e-01   5.004238e-01   4.495364e-01   5.006992e-01   4.955267e-01   4.986747e-01   5.007355e-01   4.958722e-01   4.993398e-01
   7.805500e-01   2.289130e-02   1.000000e+00   4.974170e-01   4.989261e-01   4.907681e-01   5.031695e-01   4.958649e-01   5.011349e-01   5.034095e-01   5.008146e-01   5.825596e-01   4.996394e-01
   5.242659e-01   2.727413e-01   1.000000e+00   5.020359e-01   4.800608e-01   5.002864e-01   5.046392e-01   4.662569e-01   4.989001e-01   4.996896e-01   5.009468e-01   4.992467e-01   5.009895e-01
   6.200532e-01   2.378689e-01   1.000000e+00   5.385953e-01   5.002357e-01   4.387315e-01   5.025283e-01   5.003750e-01   4.966661e-01   4.956737e-01   4.484617e-01   4.980536e-01   4.999449e-01
   2.609026e-01   1.000000e+00   2.667398e-04   4.993404e-01   4.983145e-01   5.003639e-01   5.055286e-01   5.012398e-01   5.009741e-01   4.960760e-01   5.038129e-01   5.020996e-01   4.998802e-01
   0.000000e+00   1.000000e+00   5.522188e-01   4.991454e-01   4.849777e-01   5.003620e-01   5.012436e-01   4.994975e-01   5.010249e-01   4.989754e-01   4.960883e-01   5.004046e-01   4.997142e-01
   8.779220e-04   5.820178e-01   1.000000e+00   5.105209e-01   5.016272e-01   4.988534e-01   4.763470e-01   5.006506e-01   5.009702e-01   4.991753e-01   5.272288e-01   4.992859e-01   4.992580e-01
   7.273616e-01   0.000000e+00   3.307295e-01   4.974974e-01   5.000995e-01   4.833168e-01   4.553388e-01   4.979336e-01   5.008057e-01   4.985385e-01   4.903060e-01   5.003112e-01   5.013443e-01
   4.861070e-01   2.826826e-01   6.713787e-01   5.008060e-01   4.752680e-01   4.923571e-01   5.111077e-01   4.978395e-01   5.276652e-01   4.585977e-01   4.965967e-01   4.986591e-01   5.182514e-01
   2.647026e-01   6.186841e-01   9.808762e-01   4.939604e-01   5.012807e-01   5.006362e-01   5.026886e-01   4.897441e-01   5.009651e-01   4.989853e-01   5.007609e-01   5.005146e-01   4.979328e-01
   1.610226e-02   3.810044e-01   6.271947e-03   5.002059e-01   5.001456e-01   5.475058e-01   5.028405e-01   5.012228e-01   5.009601e-01   4.961292e-01   5.043784e-01   4.494871e-01   4.988425e-01
