   1.194648e-15   2.562924e-19   5.838118e-17   7.640856e-17   9.317128e-27   1.391162e-19   1.541452e-17   0.000000e+00   0.000000e+00   1.957480e+01
   6.637920e-04   0.000000e+00   1.632498e-06   4.240503e-05   5.393106e-15   7.720638e-08   8.827453e-06   0.000000e+00   4.238110e-09   1.947091e+01
   4.594037e-22   1.283339e-20   6.232451e-22   1.171708e-15   4.180341e-22   1.360347e-19   1.464179e-17   0.000000e+00   2.638214e-19   1.913695e+01
   6.520271e-04   0.000000e+00   1.475882e-05   4.166400e-05   9.761647e-17   5.169126e-09   8.677945e-06   0.000000e+00   1.034444e-04   1.936879e+01
   4.720030e-22   1.318535e-20   1.054445e-21   1.206261e-15   4.303617e-22   1.400463e-19   0.000000e+00   0.000000e+00   0.000000e+00   1.969974e+01
   4.771642e-16   3.862011e-18   5.287866e-17   0.000000e+00   7.012015e-18   0.000000e+00   0.000000e+00   2.759176e-14   4.506759e+02   0.000000e+00
   9.155497e-17   1.185449e-15   5.755849e-17   2.074202e-17   9.255253e-27   1.381924e-19   1.542635e-17   0.000000e+00   0.000000e+00   1.944483e+01
   5.777351e+02   0.000000e+00   0.000000e+00   7.919462e-04   0.000000e+00   3.706348e+00   5.333559e+02   0.000000e+00   7.674834e+00   0.000000e+00
   1.731919e-14   5.321322e-16   2.829773e+02   0.000000e+00   2.106043e-02   0.000000e+00   2.107486e-01   1.026595e-02   0.000000e+00   0.000000e+00
   2.486402e-02   5.559056e+02   8.576740e+00   0.000000e+00   4.329208e-09   4.890828e+02   9.873154e+00   0.000000e+00   0.000000e+00   3.479423e-01
   2.013858e-30   3.288880e-14   5.640128e-16   2.647965e-15   2.286573e-19   5.389316e+02   3.290862e-01   2.018819e-01   0.000000e+00   5.117187e+02
   1.972908e-16   7.149449e-18   3.470895e-15   0.000000e+00   0.000000e+00   4.716478e-17   4.017375e-14   6.585396e+02   6.834958e+02   0.000000e+00
   1.630298e+01   0.000000e+00   5.059721e+02   6.038556e+00   5.757982e+02   0.000000e+00   3.583046e-01   2.785977e-02   4.559216e+02   0.000000e+00
   3.271550e-14   1.168821e-18   0.000000e+00   0.000000e+00   5.342847e+02   5.170768e+02   0.000000e+00   1.742216e+00   4.266189e+02   5.955887e+02
   2.356329e-01   4.407269e+02   2.901791e-01   0.000000e+00   0.000000e+00   2.295840e-01   6.101829e-04   0.000000e+00   0.000000e+00   4.320700e+02
   4.274668e-16   0.000000e+00   3.073895e-14   1.924262e-15   5.030362e+02   0.000000e+00   6.235371e+00   0.000000e+00   3.206601e-03   0.000000e+00
   2.074490e-01   0.000000e+00   3.494567e+02   4.271413e-01   0.000000e+00   3.719849e+02   5.089745e+02   0.000000e+00   0.000000e+00   0.000000e+00
   1.656776e+00   4.933132e+02   0.000000e+00   0.000000e+00   0.000000e+00   0.000000e+00   0.000000e+00   0.000000e+00   3.684214e-01   0.000000e+00
   3.186545e-14   5.204023e+02   0.000000e+00   6.207552e+00   0.000000e+00   5.000662e+02   0.000000e+00   0.000000e+00   4.048681e+02   0.000000e+00
   1.301096e-01   8.959284e+02   0.000000e+00   6.657286e+02   1.751456e-01   1.760011e+00   1.035385e+01   8.172143e-07   7.227039e-03   0.000000e+00
   8.804184e-09   5.534317e-01   2.053542e+02   0.000000e+00   2.025802e+00   0.000000e+00   0.000000e+00   4.547137e-04   0.000000e+00   0.000000e+00
   3.528280e-02   0.000000e+00   3.786700e+02   0.000000e+00   1.100660e+01   0.000000e+00   0.000000e+00   4.156815e+02   5.732280e+02   0.000000e+00
   1.565242e-21   8.316254e-16   2.899798e-14   0.000000e+00   4.737676e+02   8.860075e-01   4.987068e+02   2.144044e-02   0.000000e+00   2.222465e-01
   3.483810e-04   0.000000e+00   7.885703e-06   2.024356e-05   5.213858e-17   5.345588e-09   4.635035e-06   0.000000e+00   4.452413e-04   1.656056e+01
   1.127850e-33   2.849504e-32   9.072779e-32   1.553166e-15   3.723113e-14   0.000000e+00   6.085593e+02   5.579340e+02   4.337656e+01   7.475313e+02
   5.117540e-01   0.000000e+00   1.158511e+01   1.394231e-01   3.197842e-01   5.817842e+02   0.000000e+00   2.160674e-02   5.874021e+02   2.151387e-01
   2.621781e+00   5.594398e+02   1.101687e-02   0.000000e+00   1.631455e-10   5.477868e+02   7.025830e-02   0.000000e+00   0.000000e+00   2.505358e-03
   5.237647e-14   8.553727e+02   5.688799e+00   1.161399e+01   0.000000e+00   0.000000e+00   3.997817e-01   3.108479e-02   5.069923e+02   0.000000e+00
   5.827856e+01   2.080919e+00   5.073318e+02   0.000000e+00   0.000000e+00   6.581857e+00   0.000000e+00   0.000000e+00   5.300690e+02   0.000000e+00
   2.483879e-14   0.000000e+00   0.000000e+00   4.056482e+02   5.639021e+02   6.206397e+00   6.094131e+02   0.000000e+00   5.291371e+02   2.676191e-05
   3.460014e-04   9.182928e-08   3.756992e-05   2.021828e-05   5.061794e-06   0.000000e+00   4.744977e-06   0.000000e+00   4.447342e-04   1.654169e+01
   4.178712e+02   0.000000e+00   0.000000e+00   0.000000e+00   4.599310e+02   0.000000e+00   7.905373e+02   1.134930e+03   0.000000e+00   0.000000e+00
   6.867677e-14   1.121577e+03   7.416949e+01   0.000000e+00   8.449092e-09   0.000000e+00   6.507398e+02   0.000000e+00   8.538452e-03   2.885486e-03
   4.457350e+02   0.000000e+00   0.000000e+00   4.451847e-07   0.000000e+00   0.000000e+00   3.042549e-01   0.000000e+00   0.000000e+00   5.636465e+02
   5.848412e-32   1.633747e-30   5.731316e-33   2.669837e-14   0.000000e+00   3.099666e-18   0.000000e+00   0.000000e+00   4.360175e+02   4.102818e+02
   9.255745e-15   5.674835e-14   0.000000e+00   9.390170e+02   0.000000e+00   0.000000e+00   1.102944e+01   1.002010e+03   0.000000e+00   0.000000e+00
   3.020558e-02   6.745267e+02   0.000000e+00   7.768400e-04   0.000000e+00   4.583434e+01   0.000000e+00   7.214159e+02   0.000000e+00   4.874459e-01
   1.043350e-03   9.103592e-01   0.000000e+00   0.000000e+00   0.000000e+00   1.680483e-02   5.809299e+02   0.000000e+00   2.556908e+01   4.177754e+00
   2.721878e-01   0.000000e+00   4.585120e+02   5.577042e-01   5.480728e+02   5.111741e+01   5.129851e+00   0.000000e+00   0.000000e+00   1.816639e-03
   2.583780e-14   0.000000e+00   0.000000e+00   4.219632e+02   4.625112e+02   0.000000e+00   7.362103e+02   1.090785e+03   1.723428e+01   0.000000e+00
   4.488529e-16   0.000000e+00   4.330787e-14   7.073092e+02   6.896748e+02   3.915487e-03   0.000000e+00   0.000000e+00   5.669875e-03   6.386270e+00
   2.948878e+01   0.000000e+00   4.794266e+02   0.000000e+00   1.306000e+01   0.000000e+00   0.000000e+00   7.261194e+00   4.926976e+02   1.765527e-01
   4.421359e-03   0.000000e+00   2.686059e-01   5.725652e+00   8.397641e-02   0.000000e+00   6.176267e+02   6.593488e-03   0.000000e+00   0.000000e+00
   2.678926e-14   0.000000e+00   0.000000e+00   4.375018e+02   6.411621e+02   4.254563e-02   1.410350e+01   0.000000e+00   4.445276e+02   8.477203e+02
   1.484282e-32   0.000000e+00   4.783856e-32   8.180039e-16   1.335902e+01   0.000000e+00   5.828619e+02   5.345147e+02   4.155583e+01   1.657238e-03
   2.370466e+01   0.000000e+00   8.817862e-01   1.228204e+03   2.886242e-01   9.203574e+01   0.000000e+00   6.783342e-07   0.000000e+00   0.000000e+00
   2.131405e-30   2.537078e-31   3.525774e-33   3.505426e-14   5.724795e+02   1.529810e-02   3.573945e-03   2.080634e-03   0.000000e+00   5.494722e-02
   4.519411e+02   0.000000e+00   8.222585e+00   2.869525e-01   3.334679e+01   4.358746e+02   2.672531e-01   2.571879e-04   0.000000e+00   6.366478e-02
   3.544851e-30   1.014501e-31   3.907487e-32   5.791902e-14   0.000000e+00   0.000000e+00   5.983492e-17   0.000000e+00   9.458899e+02   1.142448e-02
   1.458330e+00   3.983059e+01   4.407861e-02   0.000000e+00   1.499107e+00   0.000000e+00   8.326677e+02   0.000000e+00   0.000000e+00   7.659122e+02
   9.653422e-02   4.836935e-01   3.322983e-02   6.406231e+02   3.024532e-04   0.000000e+00   0.000000e+00   7.988258e-03   0.000000e+00   6.655537e+00
   6.015425e-32   1.680402e-30   5.957534e-33   2.746080e-14   0.000000e+00   2.470341e-16   2.322218e-14   0.000000e+00   5.873405e+02   0.000000e+00
   2.614718e-30   1.771966e-31   9.765121e-32   0.000000e+00   4.282923e-14   6.994544e+02   3.931255e+01   7.944500e+02   0.000000e+00   7.359272e+02
   5.013769e+00   0.000000e+00   4.841034e+02   0.000000e+00   6.103416e+02   4.662413e-01   0.000000e+00   8.162719e-05   4.466820e-03   1.073317e+00
   3.172497e+01   0.000000e+00   2.137360e+00   6.635628e+02   3.136429e-04   0.000000e+00   5.284484e-01   6.497108e-01   0.000000e+00   3.943908e+00
   3.168275e+01   6.774694e-03   2.697625e+00   0.000000e+00   0.000000e+00   4.611119e+02   0.000000e+00   0.000000e+00   4.776247e+02   2.186263e+00
   1.165943e+01   0.000000e+00   5.416378e+01   0.000000e+00   8.037872e+02   0.000000e+00   1.014999e+03   1.032306e-02   5.277791e+00   1.272384e-02
   3.258434e-14   0.000000e+00   2.967520e-17   0.000000e+00   5.321429e+02   1.742051e-01   0.000000e+00   3.943348e+02   3.782630e+02   5.248475e+02
   1.136858e-14   3.774318e-14   0.000000e+00   1.039094e-15   6.439712e+02   1.961391e-02   0.000000e+00   1.485306e+00   5.389906e+00   0.000000e+00
   5.170619e-17   8.444261e-01   1.151648e-02   0.000000e+00   0.000000e+00   1.558917e-02   5.389056e+02   0.000000e+00   2.413772e+01   4.110781e+00
   4.430672e+02   0.000000e+00   0.000000e+00   1.083649e-08   0.000000e+00   0.000000e+00   1.385843e-01   0.000000e+00   5.948749e-02   5.602728e+02
   4.022650e+02   1.437165e-02   0.000000e+00   0.000000e+00   0.000000e+00   3.892372e+02   1.058798e+02   1.283907e+00   3.150140e+00   4.041868e+02
   2.653128e-15   4.115876e-14   6.735687e+02   0.000000e+00   6.939663e-04   7.170967e+02   2.137551e-01   3.612112e-02   2.748881e+01   0.000000e+00
   1.411942e-15   8.515514e-15   3.538719e-14   5.887396e-17   5.948618e+02   0.000000e+00   2.713695e+01   2.972192e-05   0.000000e+00   5.366379e+00
   4.307292e+02   0.000000e+00   0.000000e+00   1.586815e-02   0.000000e+00   0.000000e+00   4.480623e+02   0.000000e+00   7.636353e-01   0.000000e+00
   3.928245e-14   6.415310e+02   1.511664e+00   3.536247e+01   0.000000e+00   0.000000e+00   6.892397e+02   1.559803e-01   0.000000e+00   8.268447e+00
   3.231053e+02   3.146224e+00   2.176914e+01   3.893143e-01   1.528987e-04   0.000000e+00   0.000000e+00   1.965483e+00   7.677444e-01   3.324460e+00
   6.559403e+01   0.000000e+00   4.297627e+02   0.000000e+00   9.624036e+01   5.683541e-04   5.050830e+02   2.789430e-02   0.000000e+00   7.070401e+00
   3.572950e-14   5.835071e+02   1.180823e-01   2.928796e-05   0.000000e+00   0.000000e+00   0.000000e+00   0.000000e+00   0.000000e+00   4.428655e+02
   4.551487e+01   9.501765e+02   0.000000e+00   0.000000e+00   8.188694e+00   3.114230e-01   0.000000e+00   7.049444e+02   6.637439e-03   0.000000e+00
   1.048794e-31   1.081486e-30   2.531454e-32   1.774969e-14   7.288353e-17   2.898768e+02   1.163347e+00   1.306769e-02   0.000000e+00   1.940523e-02
   8.390863e-17   0.000000e+00   1.370332e+00   5.146960e+02   6.886791e+00   0.000000e+00   6.038134e+00   0.000000e+00   3.479818e-03   5.714025e+02
   3.953587e-14   1.412491e-18   0.000000e+00   5.361216e-16   6.457290e+02   5.988026e+02   0.000000e+00   2.330997e+00   5.051169e+02   3.640864e+01
   4.006024e-30   6.542333e-14   7.107238e-16   2.201141e-15   3.802988e-17   2.257791e-15   1.069748e+03   7.523194e-02   1.041585e+01   0.000000e+00
   5.786316e-14   0.000000e+00   9.449771e+02   4.432747e+00   9.292500e+01   0.000000e+00   5.531753e+01   4.360725e-04   1.138153e+01   4.466964e-01
   6.406638e+02   6.148870e-01   1.285610e+01   3.720236e+01   1.218112e+01   0.000000e+00   1.195718e+01   0.000000e+00   7.937038e+02   1.783192e-01
   3.106893e-02   6.938064e+02   6.105270e-02   8.032680e-04   0.000000e+00   1.645818e+01   5.998414e+00   0.000000e+00   0.000000e+00   1.368346e-03
   3.619587e+01   5.549723e+02   0.000000e+00   4.313617e+01   0.000000e+00   4.711930e+02   0.000000e+00   0.000000e+00   0.000000e+00   7.187654e+02
   4.604258e+02   3.578148e+00   0.000000e+00   0.000000e+00   5.983380e+02   2.537706e+01   2.596526e+00   2.859854e+00   9.451816e-01   1.354409e+01
   3.166440e-14   0.000000e+00   1.912120e-15   0.000000e+00   5.180609e+02   6.790390e+00   1.260884e+01   5.849492e+02   0.000000e+00   0.000000e+00
   6.171713e+02   0.000000e+00   0.000000e+00   0.000000e+00   6.792911e+02   0.000000e+00   1.167577e+03   1.471236e+01   0.000000e+00   5.691983e+01
   3.705742e-01   6.931206e+02   0.000000e+00   0.000000e+00   0.000000e+00   2.030726e-02   9.246131e-04   0.000000e+00   4.549215e+00   0.000000e+00
   1.258938e-15   1.825842e-16   3.124862e-14   1.574855e-16   0.000000e+00   3.745367e-16   7.827239e-16   5.109545e+02   1.150946e-03   0.000000e+00
   1.017485e+00   4.570207e-04   9.579553e-04   0.000000e+00   2.804836e-02   9.919532e-02   0.000000e+00   4.571246e+02   1.013624e+01   0.000000e+00
   9.264985e-14   2.152241e-15   1.539546e-16   1.513497e+03   1.146619e+02   1.137180e+02   0.000000e+00   0.000000e+00   0.000000e+00   0.000000e+00
   9.436820e-32   2.340850e-30   8.472183e-32   2.108264e-31   3.843955e-14   6.277655e+02   6.762169e+02   0.000000e+00   7.693617e-02   1.822917e+00
   3.025473e-32   1.288084e-30   4.815323e-32   2.105651e-14   7.630017e-19   1.779177e-14   0.000000e+00   2.668352e-17   4.501988e+02   3.865796e+02
   2.774307e-15   0.000000e+00   4.530788e+01   2.599919e-03   1.164518e+00   3.693656e+02   0.000000e+00   0.000000e+00   3.883580e+02   6.896412e+02
   1.309044e-16   2.083315e-14   2.932937e-16   2.827240e-16   1.523143e-18   1.423685e-14   7.603114e-16   8.338519e-18   4.123337e+02   2.487766e+00
   4.458483e+02   3.011001e+01   1.763053e+01   3.570123e-03   5.479198e+02   0.000000e+00   0.000000e+00   2.224966e-01   0.000000e+00   1.183631e-05
   1.983399e-17   0.000000e+00   3.239137e-01   6.903667e+00   1.029707e-01   2.374099e-01   7.339607e+02   7.864331e-03   0.000000e+00   0.000000e+00
   4.620598e+02   0.000000e+00   6.835530e-02   0.000000e+00   0.000000e+00   4.657840e+02   7.231459e+02   0.000000e+00   0.000000e+00   0.000000e+00
   4.706400e-01   0.000000e+00   7.319754e+00   8.964694e-02   6.046276e-01   3.690941e+02   3.300650e+02   1.135427e+01   5.000184e+02   1.885988e+00
   3.344771e+00   1.547463e-03   0.000000e+00   1.327731e-05   0.000000e+00   3.062683e-02   2.681179e-02   5.755015e+02   1.276131e+01   0.000000e+00
   1.297792e-32   0.000000e+00   4.185433e-32   7.156385e-16   1.168726e+01   4.691281e-05   5.099223e+02   4.676253e+02   3.644191e+01   1.449860e-03
   2.271738e-30   3.710030e-14   6.058938e+02   0.000000e+00   2.357229e+01   6.244998e+02   5.019992e+02   0.000000e+00   2.254137e+00   2.662685e-06
   4.195776e-01   7.299245e-03   3.720041e-05   0.000000e+00   2.666073e+01   0.000000e+00   5.696748e+02   0.000000e+00   5.350299e+02   3.540400e-01
   2.313799e+01   0.000000e+00   2.813886e+02   0.000000e+00   3.344984e+02   4.635239e+02   0.000000e+00   0.000000e+00   0.000000e+00   4.883992e+02
   2.434424e-14   1.097006e-15   3.979751e+02   1.105630e+01   1.985866e+00   0.000000e+00   7.792891e-04   3.844111e-01   0.000000e+00   3.617289e+02
   4.748156e+02   0.000000e+00   2.281128e+01   5.796326e-01   5.031290e-03   4.665088e+02   0.000000e+00   0.000000e+00   0.000000e+00   0.000000e+00
   1.976903e+01   0.000000e+00   0.000000e+00   7.736498e+02   0.000000e+00   4.170812e-02   1.406163e+01   0.000000e+00   4.432080e+02   8.452037e+02
   5.526675e+02   0.000000e+00   0.000000e+00   0.000000e+00   3.270656e+00   2.287244e+01   0.000000e+00   6.657231e+02   0.000000e+00   6.569218e+02
   7.286187e-17   0.000000e+00   1.189925e+00   4.469351e+02   5.980130e+00   0.000000e+00   5.032411e+00   3.629842e-03   3.021676e-03   4.961734e+02
   1.702035e-15   2.523041e-16   4.519504e-14   2.241811e-16   7.386349e+02   6.668087e+00   1.870897e+01   2.719533e-02   4.125762e+02   0.000000e+00
   6.607118e-32   2.064773e-30   8.340391e-33   3.373783e-14   2.622750e-25   0.000000e+00   4.339151e-16   0.000000e+00   5.510261e+02   7.637764e-01
   6.839718e+02   0.000000e+00   6.251306e+00   0.000000e+00   0.000000e+00   0.000000e+00   6.815418e+02   0.000000e+00   0.000000e+00   2.520784e+00
   5.544688e+02   1.654852e+01   0.000000e+00   0.000000e+00   9.204515e+00   3.080782e-01   5.149362e+02   7.953328e-05   4.493459e+02   2.312396e+00
   4.883088e-14   0.000000e+00   0.000000e+00   7.974688e+02   0.000000e+00   0.000000e+00   9.746795e+00   0.000000e+00   0.000000e+00   8.928163e+02
   3.240855e-14   5.292718e+02   0.000000e+00   5.829869e-04   0.000000e+00   3.446897e+01   0.000000e+00   5.665189e+02   1.675981e+01   0.000000e+00
   4.421775e-14   0.000000e+00   0.000000e+00   7.221306e+02   9.596186e+00   0.000000e+00   5.282532e+02   0.000000e+00   5.123443e+02   2.591258e-05
   2.041152e-17   2.724068e-16   4.461212e+00   0.000000e+00   6.646751e-02   1.527456e-01   4.934566e+02   2.489521e-05   0.000000e+00   0.000000e+00
   8.001119e-03   1.440905e+03   2.640934e-01   0.000000e+00   9.170185e+01   2.879672e+01   0.000000e+00   0.000000e+00   9.149498e-03   5.317885e+01
   3.275708e+01   5.357232e+02   1.741335e-01   3.866779e-05   7.064144e+02   5.599018e-02   1.279231e-01   0.000000e+00   0.000000e+00   5.047765e-03
   9.607691e+02   0.000000e+00   2.453086e+00   0.000000e+00   2.616730e+01   0.000000e+00   5.398111e+02   4.088672e-02   7.891747e-04   2.449019e-03
   2.380746e-15   0.000000e+00   0.000000e+00   5.765817e-14   1.043706e-15   9.425858e+02   4.484029e+00   1.063891e+03   0.000000e+00   0.000000e+00
   6.063251e+02   1.058862e-03   0.000000e+00   0.000000e+00   0.000000e+00   5.601537e+02   0.000000e+00   1.934144e+00   4.852813e+02   6.652936e+02
   1.989063e-30   3.248386e-14   5.305017e+02   0.000000e+00   0.000000e+00   0.000000e+00   1.010843e-05   0.000000e+00   1.223689e-03   5.479561e+00
   4.405382e-14   1.479000e-16   7.194575e+02   1.546281e+00   0.000000e+00   0.000000e+00   1.194697e-02   0.000000e+00   3.301413e+02   0.000000e+00
   5.285939e+02   0.000000e+00   1.896335e+01   2.525866e+00   6.137808e+02   9.245388e+02   0.000000e+00   0.000000e+00   4.051696e+01   9.868091e-04
   3.563940e-30   5.820356e-14   6.322920e-16   3.225620e-15   0.000000e+00   2.010577e-15   9.526169e+02   6.792772e-02   1.503731e-01   0.000000e+00
   4.619799e+02   0.000000e+00   0.000000e+00   0.000000e+00   0.000000e+00   4.470182e+02   0.000000e+00   4.547150e+02   4.367898e+00   9.454313e+00
   5.511300e+00   4.701215e+02   0.000000e+00   0.000000e+00   5.627043e+02   4.982578e+01   0.000000e+00   7.842397e+02   0.000000e+00   5.164662e-01
   6.128351e-19   2.970452e-14   5.368190e-16   4.851909e+02   0.000000e+00   0.000000e+00   6.717427e-04   0.000000e+00   0.000000e+00   0.000000e+00
   8.395179e+02   0.000000e+00   0.000000e+00   6.511461e+01   2.494514e+01   2.566266e+00   0.000000e+00   9.589992e+02   9.959923e+01   4.026139e+00
   4.689055e-48   0.000000e+00   7.657807e-32   1.250615e-15   3.158807e-14   2.623513e-14   2.475995e-14   0.000000e+00   2.215490e-18   7.833391e+02
   4.806977e-14   1.246046e-16   7.850415e+02   3.953145e+00   0.000000e+00   0.000000e+00   1.421708e-01   0.000000e+00   0.000000e+00   5.936240e+02
   7.800151e-03   5.584243e+02   1.338152e+00   0.000000e+00   0.000000e+00   3.862641e+01   6.028464e+02   1.402441e+00   6.477895e+00   7.093519e+00
   3.897701e+02   0.000000e+00   1.398304e+01   1.862502e+00   4.525845e+02   6.322492e+02   0.000000e+00   2.967693e+00   1.426338e+01   6.979845e-04
   3.926702e+02   3.823609e+00   2.645605e+01   4.531541e-01   0.000000e+00   0.000000e+00   4.942006e+02   3.831684e+00   1.497719e+00   1.645794e+02
   1.346298e+01   0.000000e+00   0.000000e+00   4.849024e+02   6.743352e+02   7.421840e+00   7.281114e+02   0.000000e+00   1.723693e+01   0.000000e+00
   2.518499e-14   0.000000e+00   4.113021e+02   5.638036e-04   0.000000e+00   3.877374e+00   3.957040e+02   5.496765e-05   0.000000e+00   7.924246e-01
   5.931734e-14   4.888357e-17   9.687260e+02   0.000000e+00   4.683469e+01   2.044420e+01   0.000000e+00   6.055629e+01   0.000000e+00   1.858595e-01
   4.036042e-14   0.000000e+00   1.817640e-15   6.598038e+02   7.232068e+02   9.571507e+02   0.000000e+00   0.000000e+00   6.253662e-02   0.000000e+00
   4.574456e+02   1.667821e-02   0.000000e+00   0.000000e+00   2.474873e+00   4.549584e+02   1.151171e+02   7.444598e+02   1.169034e-01   0.000000e+00
   3.564729e-30   5.821645e-14   9.507467e+02   0.000000e+00   0.000000e+00   8.987727e+00   1.273470e+01   6.958454e+02   2.098922e-01   0.000000e+00
   3.637800e-14   2.465297e-15   1.347236e-15   2.211019e-16   5.958777e+02   4.132234e+02   3.470709e-01   8.223230e+02   0.000000e+00   1.478964e+01
   1.525215e-15   4.932729e-17   2.492168e+01   0.000000e+00   0.000000e+00   3.381055e-01   7.402681e+02   6.256602e+02   9.181943e+00   0.000000e+00
   4.406016e+02   0.000000e+00   1.338518e+01   0.000000e+00   1.198526e+01   0.000000e+00   0.000000e+00   8.822277e+00   4.521913e+02   1.620377e-01
   3.092806e-48   8.639721e-47   2.944486e-49   1.411885e-30   5.688533e-33   2.305803e-14   1.936574e-14   0.000000e+00   4.917587e+02   0.000000e+00
   3.199503e+00   1.480255e-03   0.000000e+00   1.270065e-05   0.000000e+00   2.929667e-02   2.517742e-02   5.505060e+02   1.173562e+01   2.819386e+01
   6.091341e-15   2.593133e-14   2.283490e-19   4.350179e+02   0.000000e+00   0.000000e+00   4.941625e+02   0.000000e+00   0.000000e+00   6.854725e+02
   4.791217e+00   1.167565e-01   0.000000e+00   1.331012e-03   0.000000e+00   2.531496e-03   0.000000e+00   7.589471e-03   4.868913e+02   2.204660e+01
   6.262605e+02   7.461650e+01   2.366343e+01   0.000000e+00   5.471831e-01   1.383657e-02   2.064202e-02   7.015967e+02   0.000000e+00   0.000000e+00
   3.196997e-14   5.221092e+02   3.472375e+00   7.089039e+00   0.000000e+00   0.000000e+00   4.183767e+02   2.459476e-02   3.965424e+02   0.000000e+00
   1.145283e-17   9.232153e-17   1.309660e-18   1.197222e-14   2.021192e-19   8.074706e-15   4.350681e-16   4.771497e-18   2.359471e+02   1.391071e+00
   8.006272e+00   5.999122e-01   7.061856e-04   4.723620e+02   2.803366e+00   2.410931e+01   3.938964e+00   5.044814e-03   0.000000e+00   0.000000e+00
   5.024728e-16   7.154443e-17   6.809673e-19   2.229590e-14   0.000000e+00   2.131295e-14   1.883670e-17   5.037882e+02   0.000000e+00   4.265366e+02
   2.801980e-33   0.000000e+00   3.804880e-32   6.230667e-16   1.017545e+01   0.000000e+00   4.439610e+02   8.586320e+00   4.600421e+02   1.672837e-01
   5.407782e-14   8.831578e+02   5.888752e+00   1.199125e+01   0.000000e+00   0.000000e+00   0.000000e+00   3.209452e-02   5.234610e+02   0.000000e+00
   7.192453e-18   5.149593e-14   0.000000e+00   3.826457e-14   1.090180e-17   1.088966e-16   1.047750e+03   7.670719e-07   1.453229e-04   0.000000e+00
   2.412058e+01   0.000000e+00   5.925081e+02   2.986097e+00   0.000000e+00   6.340550e+02   2.160054e+01   0.000000e+00   0.000000e+00   6.566620e+02
   1.842365e-31   3.008811e-15   2.629188e-14   1.312355e-16   4.321867e+02   5.511694e+00   1.974333e-01   0.000000e+00   4.379749e+02   0.000000e+00
   4.694212e-14   7.666230e+02   6.743022e-02   2.137727e-01   8.264146e+00   2.013015e+01   1.345708e-01   0.000000e+00   0.000000e+00   0.000000e+00
   3.541120e-14   5.135699e-15   1.621666e-15   1.803667e-16   0.000000e+00   4.289534e-16   8.883462e-16   5.851882e+02   0.000000e+00   0.000000e+00
   7.951812e-18   5.680258e-20   3.993471e-19   3.497663e-16   2.290721e-21   5.713597e+00   2.962766e-01   4.992534e+02   0.000000e+00   4.227249e+02
   3.392459e+00   4.848130e+01   0.000000e+00   5.202869e+00   0.000000e+00   4.222110e+01   3.275482e-03   0.000000e+00   0.000000e+00   5.791460e+02
   2.975675e-14   4.859647e+02   2.323444e+01   2.611827e+01   7.421959e-05   0.000000e+00   5.226585e+02   8.490892e+02   0.000000e+00   9.737978e+00
   4.076757e+02   0.000000e+00   0.000000e+00   0.000000e+00   4.438606e+02   0.000000e+00   7.832886e+02   0.000000e+00   5.348524e+00   7.012024e+02
   2.743978e-14   2.901173e-15   1.684050e-15   0.000000e+00   4.514618e+02   4.467341e+00   0.000000e+00   4.956660e+02   1.839837e+01   6.116018e+02
   4.340916e-14   0.000000e+00   4.105302e-15   0.000000e+00   0.000000e+00   7.120886e+02   3.970391e+01   3.272247e+00   0.000000e+00   4.813907e+02
   2.738301e+00   4.285013e+02   0.000000e+00   0.000000e+00   0.000000e+00   0.000000e+00   1.988240e-01   0.000000e+00   0.000000e+00   0.000000e+00
   3.211601e-14   0.000000e+00   1.939391e-15   4.108224e-22   5.254496e+02   6.289415e+00   0.000000e+00   5.931079e+02   0.000000e+00   0.000000e+00
   1.552911e-46   2.536096e-30   4.486883e-34   4.141760e-14   3.974707e-16   1.018537e-22   3.906355e-16   7.902105e-17   0.000000e+00   6.764632e+02
   3.191694e-14   1.156461e-15   0.000000e+00   0.000000e+00   3.201557e-17   0.000000e+00   0.000000e+00   5.215855e+02   5.311911e+02   3.745324e-02
   6.565387e-17   2.183426e-15   3.567417e+01   7.093281e+02   5.304293e-01   6.654364e+02   5.153102e+02   0.000000e+00   4.113879e-03   1.122017e+01
   1.588696e-30   5.892589e-32   2.596322e-14   1.506851e-15   2.787076e-19   2.556545e-14   2.330609e-17   2.598223e-14   0.000000e+00   7.312728e+02
   8.084222e+00   3.631166e-03   7.611241e-03   0.000000e+00   2.228526e-01   6.260072e-01   8.399535e+00   9.731059e+02   2.981226e-02   0.000000e+00
   1.898945e-30   3.101212e-14   1.312290e-15   1.059766e-15   5.072150e+02   6.495746e+00   0.000000e+00   0.000000e+00   2.097739e+01   0.000000e+00
   3.670675e+02   0.000000e+00   0.000000e+00   8.977666e-09   0.000000e+00   0.000000e+00   3.085581e+00   2.385850e-03   4.928529e-02   5.072800e+02
   8.540899e+02   6.104036e-01   2.714747e-03   0.000000e+00   1.356233e+00   0.000000e+00   1.110027e+03   1.387491e+01   0.000000e+00   5.367989e+01
   2.805434e-14   0.000000e+00   0.000000e+00   0.000000e+00   4.581621e+02   3.666127e+02   4.300104e+00   0.000000e+00   0.000000e+00   4.052551e+02
   4.335102e+02   0.000000e+00   0.000000e+00   4.329749e-07   0.000000e+00   7.808395e+00   0.000000e+00   4.614750e+02   0.000000e+00   7.250936e+02
   1.537846e+00   1.585634e+01   0.000000e+00   3.222809e-01   3.340808e+01   2.543760e-05   7.907882e+02   0.000000e+00   4.520150e+02   1.745245e-03
   1.816171e-17   2.966033e-01   2.861796e+01   7.708088e+02   7.521092e+02   1.612635e+00   0.000000e+00   7.703879e-07   6.180896e-03   7.034026e+00
   2.270772e-01   0.000000e+00   5.421833e+00   0.000000e+00   7.950264e-02   0.000000e+00   5.847232e+02   7.294954e+00   0.000000e+00   1.174009e-03
   3.759181e-33   0.000000e+00   5.104687e-32   8.359161e-16   1.365155e+01   0.000000e+00   5.956251e+02   1.151954e+01   6.181464e+02   0.000000e+00
   4.127838e-16   1.436007e-18   6.741312e+00   1.448864e-02   0.000000e+00   5.615913e+02   9.326168e-03   0.000000e+00   5.836599e+02   0.000000e+00
   2.187018e-15   0.000000e+00   3.766926e-17   2.144025e-14   2.950703e-14   3.923260e-14   0.000000e+00   0.000000e+00   0.000000e+00   8.755633e+02
   4.935448e-32   1.542363e-30   6.230184e-33   2.520180e-14   1.100658e-17   0.000000e+00   3.241300e-16   8.429777e-19   4.116108e+02   5.705330e-01
   6.166336e-16   0.000000e+00   1.472311e-14   0.000000e+00   1.400871e-16   2.406684e+02   2.541636e+02   3.904821e+02   0.000000e+00   4.213434e+02
   1.284010e-15   3.185050e-14   1.152758e-15   2.868585e-15   0.000000e+00   5.230233e+02   5.633906e+02   0.000000e+00   6.409942e-02   1.518764e+00
   2.403376e-14   0.000000e+00   8.973753e-16   1.536414e-15   1.873461e-25   2.797333e-18   3.076607e-16   0.000000e+00   0.000000e+00   3.936073e+02
   3.962289e+01   8.271745e+02   2.121637e+00   0.000000e+00   7.128677e+00   2.711096e-01   0.000000e+00   6.136901e+02   5.778229e-03   0.000000e+00
   1.118049e+00   6.797970e-02   8.915645e+02   1.209507e-02   5.168648e+00   0.000000e+00   3.884603e+01   0.000000e+00   0.000000e+00   1.273665e+01
   2.787152e-14   4.551765e+02   1.069361e+00   0.000000e+00   0.000000e+00   4.404364e+02   0.000000e+00   4.472261e+02   6.097129e+00   6.689216e+00
   6.563635e+01   1.557014e+03   1.019156e+02   0.000000e+00   2.569537e+01   0.000000e+00   0.000000e+00   0.000000e+00   1.026829e-02   0.000000e+00
   4.328601e-30   7.069143e-14   1.154479e+03   0.000000e+00   0.000000e+00   1.091367e+01   0.000000e+00   8.448796e+02   2.548464e-01   3.826343e+01
   5.884688e+02   0.000000e+00   3.002019e+00   1.702851e+02   7.186213e+02   0.000000e+00   0.000000e+00   6.051880e-03   0.000000e+00   7.256038e-06
   5.496285e+00   0.000000e+00   5.253789e+02   1.516683e+00   2.455406e+00   0.000000e+00   0.000000e+00   1.318073e-06   1.313617e-03   0.000000e+00
   1.536297e+01   0.000000e+00   2.795128e-01   6.489516e+02   4.722261e+01   6.259063e+02   3.837696e-01   6.144116e+01   0.000000e+00   9.163261e-02
   9.972478e+00   4.475046e-03   9.223791e-03   0.000000e+00   7.239285e-03   2.147663e-01   1.067320e+01   1.217437e+03   5.918528e-04   0.000000e+00
   9.543392e-21   2.665936e-19   0.000000e+00   2.431179e-14   8.673794e-21   2.822585e-18   3.038026e-16   0.000000e+00   6.508757e-16   3.972149e+02
   3.821466e+02   0.000000e+00   1.160935e+01   0.000000e+00   1.039517e+01   3.179363e-04   5.131700e+00   7.652505e+00   0.000000e+00   9.813913e-02
   1.491325e-02   7.095926e+01   0.000000e+00   7.561048e+00   6.732615e+00   1.222869e+00   3.635551e-03   2.649844e-08   0.000000e+00   6.428106e+02
   3.560082e-14   3.764030e-15   1.253047e-15   0.000000e+00   5.850042e+02   5.653870e+00   0.000000e+00   1.370838e+00   3.186016e+02   6.018992e+02
   2.041248e-14   0.000000e+00   3.436405e-18   3.333610e+02   1.271594e-01   0.000000e+00   2.636408e+01   0.000000e+00   0.000000e+00   0.000000e+00
   1.828596e-33   7.767554e-32   2.970726e-33   1.269816e-15   0.000000e+00   1.072936e-15   5.178092e-14   5.129004e-17   8.460827e+02   7.273030e+02
   3.802051e-14   1.377792e-15   1.114834e-15   0.000000e+00   0.000000e+00   5.163739e-16   8.619417e-16   6.218129e+02   6.453773e+02   0.000000e+00
   3.172649e-14   1.133486e-18   1.877075e-17   0.000000e+00   1.041723e-15   5.184121e+02   5.575725e+02   8.655797e+02   0.000000e+00   8.009254e+02
   4.508535e-14   0.000000e+00   1.679938e-15   6.225116e-20   7.368106e+02   7.077331e+02   0.000000e+00   0.000000e+00   0.000000e+00   0.000000e+00
   6.247907e-01   0.000000e+00   4.053889e+00   7.550290e+02   3.810979e+00   0.000000e+00   0.000000e+00   2.906968e-01   5.104004e-03   6.827005e+00
   6.550948e-15   6.890540e-17   1.611197e-17   4.185174e-16   2.106838e-26   8.219776e-17   8.712957e-17   0.000000e+00   4.183140e-20   1.072273e+02
   3.900538e-14   0.000000e+00   5.914848e-18   3.414753e-15   6.394427e+02   4.003640e+00   4.686079e+00   0.000000e+00   0.000000e+00   0.000000e+00
   4.004430e-14   6.539731e+02   6.741420e-01   3.464664e-01   4.526366e-02   5.649114e+02   8.540140e+02   0.000000e+00   0.000000e+00   0.000000e+00
   3.512385e-14   0.000000e+00   5.736160e+02   0.000000e+00   0.000000e+00   7.508666e+00   5.720797e+02   3.839845e-04   8.519313e-02   0.000000e+00
   5.039107e+02   0.000000e+00   1.988125e+01   4.025887e-03   6.198555e+02   0.000000e+00   0.000000e+00   2.513855e-01   4.176746e+02   2.295210e-05
   1.139186e-01   2.825598e+00   8.664623e+00   6.868125e-02   1.266793e-01   5.897734e+01   4.646906e+02   3.971481e+02   3.217457e+01   1.189271e-03
   4.592515e+02   0.000000e+00   6.150603e-02   0.000000e+00   5.054763e+02   0.000000e+00   9.781002e+02   1.021534e+03   3.787967e+00   7.972956e+01
   1.133193e-32   3.165563e-31   1.537334e-32   5.179156e-15   1.847784e-21   0.000000e+00   5.276890e-17   0.000000e+00   1.166106e-18   8.458643e+01
   4.873859e+02   1.522304e-02   0.000000e+00   0.000000e+00   0.000000e+00   4.965318e+02   0.000000e+00   1.630307e+00   3.992155e+02   5.573317e+02
   7.290349e-16   1.190604e+01   5.793094e-01   9.578073e-02   7.593181e-02   5.149325e+02   4.733606e+02   4.059763e-01   1.497453e+01   0.000000e+00
   2.725039e-14   4.450327e+02   9.005975e-02   2.233752e-05   0.000000e+00   1.741696e-03   0.000000e+00   0.000000e+00   0.000000e+00   3.377673e+02
   4.568251e-14   1.719010e-15   0.000000e+00   7.465800e+02   0.000000e+00   0.000000e+00   8.871332e+00   1.720576e-03   0.000000e+00   9.298744e+00
   3.761630e-16   0.000000e+00   1.401631e-17   5.158715e-22   6.147471e+00   5.808679e+02   1.048408e+01   5.806268e+00   0.000000e+00   0.000000e+00
   1.413943e-31   2.634320e-30   9.248784e-33   4.308390e-14   0.000000e+00   5.002016e-18   0.000000e+00   0.000000e+00   7.036135e+02   1.706750e+00
   7.176885e-32   2.005741e-30   2.038923e-34   3.277720e-14   4.202900e-14   6.187981e-18   0.000000e+00   0.000000e+00   8.704385e+02   8.190613e+02
   4.190401e+02   0.000000e+00   0.000000e+00   0.000000e+00   4.587378e+02   0.000000e+00   7.904166e+02   9.959848e+00   2.074640e+01   3.799838e+01
   2.950218e+01   0.000000e+00   0.000000e+00   2.288246e+00   8.494363e-01   2.067485e+01   0.000000e+00   4.115896e+01   8.975941e+02   2.827818e+00
   1.989760e-30   3.249524e-14   7.656976e-17   5.306890e+02   0.000000e+00   0.000000e+00   5.336129e+02   7.331758e-03   5.093786e-03   6.603917e+00
   2.875804e-19   7.265696e-18   2.313387e-17   1.151105e-15   2.845183e-14   0.000000e+00   4.650339e+02   4.263483e+02   3.314644e+01   5.712301e+02
   1.053667e+01   0.000000e+00   2.993039e+02   2.991196e-07   0.000000e+00   4.834167e+00   0.000000e+00   3.230345e+02   1.055451e-03   5.475032e+02
   1.320031e-30   0.000000e+00   2.155774e-14   3.520646e+02   3.860630e+02   0.000000e+00   6.144016e+02   9.989093e+02   1.518296e+01   3.642694e+01
   3.389544e+02   0.000000e+00   0.000000e+00   0.000000e+00   0.000000e+00   3.279770e+02   0.000000e+00   3.385923e+02   1.093548e+00   5.498074e+02
   2.498718e+02   0.000000e+00   1.208958e+01   1.510533e+01   2.626106e-03   2.909047e-02   0.000000e+00   0.000000e+00   0.000000e+00   0.000000e+00
   3.361274e-02   5.456507e-01   5.138917e+02   1.021418e+01   0.000000e+00   0.000000e+00   6.806335e+00   5.926778e+02   1.924046e+00   4.113455e+01
   4.886439e-14   1.398450e-15   1.736797e-16   0.000000e+00   0.000000e+00   2.079542e-15   5.088335e-17   0.000000e+00   7.990703e+02   4.151745e+01
   4.392320e+02   9.134216e-01   0.000000e+00   0.000000e+00   0.000000e+00   0.000000e+00   4.708422e+01   4.985944e+02   6.730085e+02   0.000000e+00
   2.243313e-15   0.000000e+00   3.663608e+01   6.340478e+02   2.597255e+01   4.783479e+02   0.000000e+00   0.000000e+00   2.429394e-03   1.964063e-02
   7.516336e-32   2.099680e-30   7.365846e-33   3.431255e-14   0.000000e+00   0.000000e+00   0.000000e+00   0.000000e+00   5.603665e+02   4.992521e+02
   4.353670e-14   7.110082e+02   0.000000e+00   5.723677e+01   4.108722e+00   0.000000e+00   2.039500e+00   3.897577e-03   0.000000e+00   6.458603e+02
   1.507302e-15   5.997924e-14   9.798446e+02   0.000000e+00   0.000000e+00   3.544973e+01   0.000000e+00   6.120630e+01   3.679237e+02   0.000000e+00
   1.249751e-17   4.464963e-22   4.656733e-19   0.000000e+00   2.042415e-01   0.000000e+00   1.215319e+03   2.506539e+01   0.000000e+00   0.000000e+00
   1.897788e+01   4.408532e-01   1.017221e+03   5.621194e+00   7.707883e+01   7.672875e+01   9.442057e-05   0.000000e+00   0.000000e+00   0.000000e+00
   3.904389e+02   0.000000e+00   0.000000e+00   1.299033e-03   4.138520e-01   2.654043e-01   2.661767e+00   0.000000e+00   0.000000e+00   1.359311e-01
   3.930481e-30   6.418963e-14   1.048296e+03   3.257323e-02   7.879837e-09   0.000000e+00   6.068968e+02   7.325343e-06   1.497819e+01   2.691285e-03
   5.783583e+02   0.000000e+00   2.716425e-02   0.000000e+00   0.000000e+00   4.000513e+01   6.243643e+02   2.164613e+00   4.735468e+00   1.022619e+01
   5.507815e+01   2.982886e+02   0.000000e+00   8.553052e+00   1.513617e+00   0.000000e+00   3.203868e-08   0.000000e+00   0.000000e+00   3.196403e+00
   1.941403e+01   4.037319e-02   0.000000e+00   0.000000e+00   0.000000e+00   5.920072e+02   0.000000e+00   6.685469e+02   9.024123e+02   1.480424e-03
   2.231843e-15   3.462324e-14   0.000000e+00   0.000000e+00   0.000000e+00   5.666139e+02   8.473915e-04   0.000000e+00   1.178477e+00   5.115184e+02
   1.693006e+00   6.346762e-02   2.138016e-03   6.725233e-06   0.000000e+00   2.153936e-02   0.000000e+00   2.915055e+02   1.220266e+01   0.000000e+00
   5.735290e+02   0.000000e+00   0.000000e+00   0.000000e+00   5.854827e-01   3.090936e-02   1.042090e+01   0.000000e+00   3.284558e+02   6.263698e+02
   4.412294e-16   2.173706e-18   6.366007e-18   4.469194e-14   6.648804e-19   7.299103e+02   1.862009e+00   2.652132e+00   0.000000e+00   9.893898e-01
   2.354217e-30   3.844728e-14   6.278918e+02   7.489727e+00   0.000000e+00   6.033553e+02   3.888897e-04   0.000000e+00   4.017905e+02   0.000000e+00
   3.134530e-14   3.314099e-15   1.558862e-15   0.000000e+00   5.153900e+02   5.099929e+00   0.000000e+00   1.207714e+00   2.785689e+02   5.293621e+02
   9.406704e-03   0.000000e+00   2.313439e-05   6.156742e-04   7.643428e-14   1.086378e-06   0.000000e+00   7.454634e-04   1.016538e-02   4.063821e+02
   1.542267e-17   0.000000e+00   2.598015e-14   4.242882e+02   5.071636e+02   4.730191e+01   4.746949e+00   0.000000e+00   0.000000e+00   5.985385e+02
   9.047308e-01   1.364919e-02   2.353550e-02   1.982926e+01   4.758245e+02   0.000000e+00   0.000000e+00   4.366206e+02   3.394506e+01   5.849932e+02
   6.942641e+02   0.000000e+00   1.397041e+01   4.121629e+01   5.962865e+01   0.000000e+00   0.000000e+00   8.951936e-03   8.630233e+02   0.000000e+00
   2.724109e-01   5.644954e+02   1.361317e+00   0.000000e+00   0.000000e+00   3.904635e+01   6.094005e+02   1.441456e+00   0.000000e+00   7.121049e+00
   8.519956e-02   1.932880e+00   1.821560e-03   0.000000e+00   5.259565e-02   1.890852e-01   0.000000e+00   8.692377e+02   1.927440e+01   0.000000e+00
   8.013593e+00   1.815491e-01   9.570510e+01   0.000000e+00   7.219157e-10   0.000000e+00   8.778581e+02   0.000000e+00   5.149011e-03   1.961926e-03
   8.484975e-15   0.000000e+00   3.629712e-14   5.588614e-16   7.169618e-16   6.089389e+02   6.236614e+02   0.000000e+00   0.000000e+00   2.302058e+00
   6.527766e+02   0.000000e+00   0.000000e+00   0.000000e+00   0.000000e+00   4.084775e+00   2.123451e+01   0.000000e+00   5.497265e-01   0.000000e+00
   7.316374e-17   2.043821e-15   6.935831e-18   2.336085e-14   0.000000e+00   1.886983e-14   2.545259e-14   0.000000e+00   6.437527e+02   4.526016e+02
   8.399206e+01   3.009614e+00   6.914546e+02   8.906665e-01   0.000000e+00   4.370353e+00   0.000000e+00   2.929309e+01   7.235939e+02   0.000000e+00
   6.662743e+01   0.000000e+00   0.000000e+00   2.796515e+00   5.933592e-03   5.508476e+01   4.132782e+02   6.260445e-03   4.472434e+02   6.054372e+02
   3.988311e+00   3.617374e+01   3.181132e-01   5.882483e-02   7.498983e+01   0.000000e+00   8.266587e+02   8.082397e-04   0.000000e+00   5.735866e-01
   3.790468e-15   2.052816e-14   3.409176e+02   7.398450e+00   1.700898e+00   4.072639e-02   5.488934e-02   0.000000e+00   7.436017e-04   3.551699e+00
   2.381187e-15   3.747004e-14   6.131665e+02   7.720991e-01   0.000000e+00   3.830805e+00   6.114843e+02   4.104331e-04   9.106119e-02   0.000000e+00
   1.441484e-33   6.476245e-39   2.536883e-30   4.143045e-14   6.766106e+02   0.000000e+00   4.111517e+02   0.000000e+00   6.511383e+00   0.000000e+00
   6.209842e+01   6.882827e+02   0.000000e+00   5.648783e+01   9.875174e-03   6.332132e+02   0.000000e+00   0.000000e+00   0.000000e+00   0.000000e+00
   4.271188e-01   9.856858e+00   0.000000e+00   0.000000e+00   0.000000e+00   6.239584e+02   4.687859e+00   1.381764e-03   0.000000e+00   1.934793e-01
   3.474251e+02   0.000000e+00   1.055454e+01   3.242780e-06   3.901644e+00   3.678814e+00   2.525672e-01   6.874302e+00   3.761874e+02   1.314058e-01
   2.928823e+02   5.225642e+00   0.000000e+00   2.267256e+01   0.000000e+00   0.000000e+00   3.056281e+02   0.000000e+00   5.208839e-01   3.969883e+02
   2.138601e-17   5.388308e-16   1.967716e-14   1.770274e-15   3.227705e+02   0.000000e+00   3.476821e+02   0.000000e+00   4.786478e+02   1.343652e+00
   3.052694e-14   0.000000e+00   4.985427e+02   0.000000e+00   2.119973e+00   0.000000e+00   2.174454e+01   8.179730e-02   0.000000e+00   5.539112e+02
   1.378382e-46   2.251069e-30   5.170690e-34   0.000000e+00   3.676275e-14   6.003812e+02   0.000000e+00   5.366632e+02   8.159917e+02   0.000000e+00
   2.989937e-03   0.000000e+00   4.266881e-06   1.736935e-04   4.476153e-16   4.644996e-08   3.976946e-05   3.259590e-03   5.646095e-03   2.100040e+02
   4.925858e-14   8.044537e+02   2.831991e+01   0.000000e+00   0.000000e+00   1.505350e+00   1.582066e-05   0.000000e+00   0.000000e+00   0.000000e+00
   3.941370e+00   0.000000e+00   0.000000e+00   3.373885e+02   4.690445e+02   1.939733e+01   4.742137e+02   0.000000e+00   3.842159e+02   2.112743e-05
   2.896797e+02   0.000000e+00   0.000000e+00   0.000000e+00   3.430460e+02   4.754551e+02   0.000000e+00   0.000000e+00   0.000000e+00   4.721556e+02
   3.011615e-15   6.995933e-17   5.004346e-18   4.919675e+01   1.536338e+03   1.151633e+02   0.000000e+00   0.000000e+00   0.000000e+00   0.000000e+00
   2.103376e-15   3.908984e-14   0.000000e+00   6.393090e+02   5.071656e-02   5.522439e+02   3.246697e+00   1.037273e-03   0.000000e+00   5.232188e+01
   6.751523e+01   1.952273e+00   0.000000e+00   7.628873e+02   4.320159e+00   7.154130e+02   0.000000e+00   1.253660e+01   3.211600e-04   1.108862e+01
   8.761962e-01   6.669937e+02   7.034891e+00   9.050918e+00   4.982164e-01   6.088887e+02   4.782147e+02   0.000000e+00   6.519790e-03   1.092283e+01
   6.289775e-14   9.637061e-15   7.191744e-17   0.000000e+00   0.000000e+00   1.039186e+03   1.576722e-01   7.604713e+02   2.293858e-01   1.905942e-01
