   1.000000e+00   1.000000e+00   0.000000e+00   0.000000e+00   0.000000e+00   0.000000e+00   0.000000e+00   0.000000e+00   0.000000e+00   0.000000e+00   0.000000e+00   0.000000e+00   0.000000e+00
   1.000000e+00   9.999817e-01   9.994735e-01   1.862759e-12   0.000000e+00   0.000000e+00   0.000000e+00   0.000000e+00   0.000000e+00   0.000000e+00   0.000000e+00   0.000000e+00   0.000000e+00
   9.843503e-01   9.999999e-01   6.208014e-01   0.000000e+00   0.000000e+00   0.000000e+00   0.000000e+00   0.000000e+00   0.000000e+00   0.000000e+00   0.000000e+00   0.000000e+00   0.000000e+00
   3.868391e-01   9.998225e-01   2.328455e-02   0.000000e+00   0.000000e+00   0.000000e+00   0.000000e+00   0.000000e+00   0.000000e+00   0.000000e+00   0.000000e+00   0.000000e+00   0.000000e+00
   0.000000e+00   9.998276e-01   9.970049e-01   0.000000e+00   0.000000e+00   0.000000e+00   0.000000e+00   0.000000e+00   0.000000e+00   0.000000e+00   0.000000e+00   0.000000e+00   0.000000e+00
   5.600571e-01   9.999919e-01   6.918832e-02   0.000000e+00   0.000000e+00   0.000000e+00   0.000000e+00   0.000000e+00   0.000000e+00   0.000000e+00   0.000000e+00   0.000000e+00   0.000000e+00
   6.593829e-01   9.998273e-01   9.736194e-01   0.000000e+00   0.000000e+00   0.000000e+00   0.000000e+00   0.000000e+00   0.000000e+00   0.000000e+00   0.000000e+00   0.000000e+00   0.000000e+00
   4.407230e-01   1.000000e+00   2.502255e-02   0.000000e+00   0.000000e+00   0.000000e+00   0.000000e+00   0.000000e+00   0.000000e+00   0.000000e+00   0.000000e+00   0.000000e+00   0.000000e+00
   7.055133e-01   9.999852e-01   9.999986e-01   0.000000e+00   0.000000e+00   0.000000e+00   0.000000e+00   0.000000e+00   0.000000e+00   0.000000e+00   0.000000e+00   0.000000e+00   0.000000e+00
   7.463927e-01   9.935094e-01   9.749069e-01   0.000000e+00   0.000000e+00   0.000000e+00   0.000000e+00   0.000000e+00   0.000000e+00   0.000000e+00   0.000000e+00   0.000000e+00   0.000000e+00
   7.470566e-01   9.935094e-01   2.062335e-02   0.000000e+00   0.000000e+00   0.000000e+00   0.000000e+00   0.000000e+00   0.000000e+00   0.000000e+00   0.000000e+00   0.000000e+00   0.000000e+00
   5.095646e-01   9.935094e-01   9.749069e-01   0.000000e+00   0.000000e+00   0.000000e+00   0.000000e+00   0.000000e+00   0.000000e+00   0.000000e+00   0.000000e+00   0.000000e+00   0.000000e+00
   7.404482e-01   9.998285e-01   9.716535e-01   0.000000e+00   0.000000e+00   0.000000e+00   0.000000e+00   0.000000e+00   0.000000e+00   0.000000e+00   0.000000e+00   0.000000e+00   0.000000e+00
   1.000000e+00   9.578929e-01   0.000000e+00   3.639010e-11   0.000000e+00   0.000000e+00   0.000000e+00   0.000000e+00   0.000000e+00   0.000000e+00   0.000000e+00   0.000000e+00   0.000000e+00
   6.423074e-01   9.998300e-01   9.728921e-01   0.000000e+00   0.000000e+00   0.000000e+00   0.000000e+00   0.000000e+00   0.000000e+00   0.000000e+00   0.000000e+00   0.000000e+00   0.000000e+00
   5.095646e-01   9.935094e-01   9.749069e-01   0.000000e+00   0.000000e+00   0.000000e+00   0.000000e+00   0.000000e+00   0.000000e+00   0.000000e+00   0.000000e+00   0.000000e+00   0.000000e+00
   3.595059e-01   9.992314e-01   7.199456e-03   0.000000e+00   0.000000e+00   0.000000e+00   0.000000e+00   0.000000e+00   0.000000e+00   0.000000e+00   0.000000e+00   0.000000e+00   0.000000e+00
   0.000000e+00   9.996499e-01   1.000000e+00   4.081628e-11   0.000000e+00   0.000000e+00   0.000000e+00   0.000000e+00   3.572333e-14   3.892696e-20   0.000000e+00   0.000000e+00   0.000000e+00
   7.617396e-01   9.935094e-01   2.062335e-02   0.000000e+00   0.000000e+00   0.000000e+00   0.000000e+00   0.000000e+00   0.000000e+00   0.000000e+00   0.000000e+00   0.000000e+00   0.000000e+00
   0.000000e+00   9.999926e-01   5.822072e-04   0.000000e+00   0.000000e+00   2.090832e-13   0.000000e+00   0.000000e+00   0.000000e+00   0.000000e+00   0.000000e+00   0.000000e+00   0.000000e+00
   0.000000e+00   9.999905e-01   1.000000e+00   3.721496e-11   0.000000e+00   0.000000e+00   0.000000e+00   0.000000e+00   0.000000e+00   1.789635e-19   4.355148e-07   6.055407e-12   0.000000e+00
   2.657538e-02   9.999917e-01   9.706186e-01   0.000000e+00   0.000000e+00   0.000000e+00   0.000000e+00   0.000000e+00   0.000000e+00   0.000000e+00   0.000000e+00   0.000000e+00   0.000000e+00
   8.922669e-06   9.999974e-01   2.821072e-05   0.000000e+00   0.000000e+00   0.000000e+00   0.000000e+00   0.000000e+00   1.098421e-09   6.765285e-16   0.000000e+00   1.362152e-06   0.000000e+00
   2.691265e-01   9.936197e-01   1.363176e-03   0.000000e+00   0.000000e+00   0.000000e+00   0.000000e+00   0.000000e+00   0.000000e+00   0.000000e+00   0.000000e+00   0.000000e+00   0.000000e+00
   6.787901e-01   9.999880e-01   7.295619e-03   0.000000e+00   0.000000e+00   0.000000e+00   0.000000e+00   0.000000e+00   0.000000e+00   0.000000e+00   0.000000e+00   0.000000e+00   0.000000e+00
   5.222679e-04   1.000000e+00   1.000000e+00   4.220787e-13   0.000000e+00   1.906209e-11   0.000000e+00   0.000000e+00   0.000000e+00   0.000000e+00   4.410410e-07   8.878546e-05   0.000000e+00
   1.272660e-05   9.998276e-01   9.968868e-01   5.045769e-14   0.000000e+00   0.000000e+00   0.000000e+00   0.000000e+00   0.000000e+00   0.000000e+00   0.000000e+00   0.000000e+00   0.000000e+00
   2.193550e-01   9.890113e-01   1.736003e-07   0.000000e+00   0.000000e+00   0.000000e+00   0.000000e+00   0.000000e+00   1.002464e-09   0.000000e+00   0.000000e+00   0.000000e+00   0.000000e+00
   2.230843e-01   9.995975e-01   9.706186e-01   0.000000e+00   0.000000e+00   0.000000e+00   0.000000e+00   0.000000e+00   5.574338e-14   0.000000e+00   0.000000e+00   0.000000e+00   0.000000e+00
   4.984679e-03   9.995955e-01   0.000000e+00   0.000000e+00   0.000000e+00   0.000000e+00   0.000000e+00   0.000000e+00   4.630795e-02   0.000000e+00   3.178109e-13   1.397061e-06   0.000000e+00
   3.414463e-01   9.999907e-01   5.658108e-05   0.000000e+00   0.000000e+00   0.000000e+00   0.000000e+00   0.000000e+00   0.000000e+00   0.000000e+00   0.000000e+00   0.000000e+00   0.000000e+00
   1.791887e-01   9.999877e-01   9.700151e-01   0.000000e+00   0.000000e+00   0.000000e+00   0.000000e+00   0.000000e+00   2.984483e-13   2.161572e-09   0.000000e+00   0.000000e+00   0.000000e+00
   1.459038e-01   9.999918e-01   2.396132e-03   0.000000e+00   0.000000e+00   0.000000e+00   0.000000e+00   0.000000e+00   2.498642e-12   1.783856e-11   0.000000e+00   1.013816e-06   0.000000e+00
   2.395829e-01   9.995976e-01   9.756906e-01   5.712032e-17   0.000000e+00   0.000000e+00   0.000000e+00   0.000000e+00   1.023508e-15   2.112630e-11   0.000000e+00   0.000000e+00   0.000000e+00
   0.000000e+00   9.999205e-01   0.000000e+00   5.876541e-15   0.000000e+00   0.000000e+00   0.000000e+00   8.137631e-04   3.077399e-14   1.493051e-16   1.881901e-08   0.000000e+00   5.967885e-04
   2.334625e-01   9.995985e-01   9.953957e-01   5.149420e-15   0.000000e+00   3.605821e-14   0.000000e+00   0.000000e+00   0.000000e+00   2.427744e-16   4.964395e-15   2.040843e-08   0.000000e+00
   2.236955e-01   9.999234e-01   0.000000e+00   0.000000e+00   0.000000e+00   0.000000e+00   0.000000e+00   0.000000e+00   0.000000e+00   2.497293e-18   0.000000e+00   1.411549e-06   0.000000e+00
   1.287333e-03   9.999521e-01   1.344145e-03   5.379277e-17   0.000000e+00   3.690012e-13   0.000000e+00   0.000000e+00   7.334496e-12   0.000000e+00   0.000000e+00   4.571851e-13   0.000000e+00
   0.000000e+00   1.000000e+00   9.845977e-01   8.273162e-12   0.000000e+00   1.972931e-11   0.000000e+00   0.000000e+00   0.000000e+00   0.000000e+00   0.000000e+00   2.481005e-10   0.000000e+00
   0.000000e+00   9.998300e-01   0.000000e+00   0.000000e+00   0.000000e+00   0.000000e+00   0.000000e+00   0.000000e+00   0.000000e+00   0.000000e+00   4.408868e-07   2.774220e-10   0.000000e+00
   1.422329e-04   9.999521e-01   5.207997e-03   0.000000e+00   0.000000e+00   8.681309e-12   0.000000e+00   0.000000e+00   0.000000e+00   0.000000e+00   0.000000e+00   4.481745e-13   0.000000e+00
   1.696001e-01   9.999907e-01   5.712154e-05   0.000000e+00   0.000000e+00   4.415260e-15   0.000000e+00   0.000000e+00   1.008941e-09   0.000000e+00   0.000000e+00   0.000000e+00   0.000000e+00
   3.588168e-04   1.000000e+00   9.969241e-01   9.289744e-12   0.000000e+00   1.972931e-11   0.000000e+00   0.000000e+00   0.000000e+00   1.627339e-07   0.000000e+00   2.481005e-10   0.000000e+00
   1.459038e-01   9.999918e-01   2.365024e-03   0.000000e+00   0.000000e+00   0.000000e+00   0.000000e+00   0.000000e+00   0.000000e+00   1.783856e-11   0.000000e+00   0.000000e+00   0.000000e+00
   0.000000e+00   9.999905e-01   1.000000e+00   3.902892e-11   0.000000e+00   0.000000e+00   0.000000e+00   0.000000e+00   0.000000e+00   1.789635e-19   0.000000e+00   1.374703e-03   0.000000e+00
   2.457686e-01   9.998284e-01   4.651712e-03   2.892958e-15   0.000000e+00   0.000000e+00   0.000000e+00   0.000000e+00   4.006685e-17   2.643448e-13   0.000000e+00   0.000000e+00   0.000000e+00
   1.483087e-01   9.999199e-01   1.000000e+00   0.000000e+00   0.000000e+00   0.000000e+00   0.000000e+00   0.000000e+00   5.779283e-12   3.759149e-10   0.000000e+00   1.279770e-06   0.000000e+00
   1.267856e-01   9.995975e-01   9.713656e-01   0.000000e+00   0.000000e+00   0.000000e+00   0.000000e+00   0.000000e+00   5.471987e-14   2.165267e-09   4.915267e-15   0.000000e+00   0.000000e+00
   0.000000e+00   9.996507e-01   1.000000e+00   3.796776e-11   0.000000e+00   1.807967e-18   0.000000e+00   0.000000e+00   0.000000e+00   0.000000e+00   0.000000e+00   0.000000e+00   0.000000e+00
   1.715369e-01   9.999844e-01   9.682295e-01   0.000000e+00   0.000000e+00   0.000000e+00   0.000000e+00   0.000000e+00   0.000000e+00   0.000000e+00   0.000000e+00   0.000000e+00   0.000000e+00
   1.624140e-01   9.998288e-01   0.000000e+00   0.000000e+00   0.000000e+00   0.000000e+00   0.000000e+00   0.000000e+00   7.164897e-12   0.000000e+00   0.000000e+00   0.000000e+00   0.000000e+00
   3.248027e-01   9.999880e-01   7.295619e-03   0.000000e+00   0.000000e+00   0.000000e+00   0.000000e+00   0.000000e+00   0.000000e+00   0.000000e+00   0.000000e+00   0.000000e+00   0.000000e+00
   1.000000e+00   9.999908e-01   9.994769e-01   3.916262e-11   0.000000e+00   0.000000e+00   0.000000e+00   0.000000e+00   0.000000e+00   1.850656e-19   0.000000e+00   0.000000e+00   0.000000e+00
   3.457197e-05   9.995926e-01   1.344145e-03   5.379277e-17   0.000000e+00   3.690012e-13   0.000000e+00   0.000000e+00   8.205416e-14   0.000000e+00   2.145974e-17   2.836537e-10   0.000000e+00
   1.683559e-01   9.995985e-01   9.953957e-01   5.149420e-15   0.000000e+00   3.605821e-14   0.000000e+00   0.000000e+00   0.000000e+00   2.427744e-16   4.964395e-15   2.040843e-08   0.000000e+00
   3.894561e-01   9.998225e-01   2.328455e-02   0.000000e+00   0.000000e+00   0.000000e+00   0.000000e+00   0.000000e+00   0.000000e+00   0.000000e+00   0.000000e+00   0.000000e+00   0.000000e+00
   1.444341e-01   9.998283e-01   9.487000e-01   0.000000e+00   0.000000e+00   0.000000e+00   0.000000e+00   0.000000e+00   0.000000e+00   1.425093e-12   0.000000e+00   5.430208e-11   0.000000e+00
   1.696001e-01   9.999963e-01   5.712154e-05   0.000000e+00   0.000000e+00   4.415260e-15   0.000000e+00   0.000000e+00   1.008941e-09   0.000000e+00   0.000000e+00   0.000000e+00   0.000000e+00
   1.287333e-03   9.999561e-01   9.987553e-01   5.379277e-17   0.000000e+00   6.671111e-15   0.000000e+00   0.000000e+00   7.334496e-12   0.000000e+00   0.000000e+00   4.571851e-13   0.000000e+00
   0.000000e+00   9.999814e-01   9.999966e-01   0.000000e+00   0.000000e+00   0.000000e+00   0.000000e+00   0.000000e+00   0.000000e+00   0.000000e+00   4.355148e-07   6.055407e-12   0.000000e+00
   0.000000e+00   1.000000e+00   1.000000e+00   3.184493e-02   0.000000e+00   0.000000e+00   0.000000e+00   0.000000e+00   0.000000e+00   1.812643e-19   4.355148e-07   6.055407e-12   0.000000e+00
   0.000000e+00   1.000000e+00   1.000000e+00   4.220787e-13   0.000000e+00   1.906209e-11   0.000000e+00   0.000000e+00   0.000000e+00   1.613754e-07   4.410410e-07   0.000000e+00   1.284669e-02
   7.284933e-02   1.000000e+00   0.000000e+00   6.450086e-13   0.000000e+00   0.000000e+00   0.000000e+00   0.000000e+00   7.221683e-12   1.548528e-07   0.000000e+00   0.000000e+00   0.000000e+00
   1.272934e-01   9.975879e-01   1.213443e-03   0.000000e+00   1.428495e-03   0.000000e+00   0.000000e+00   0.000000e+00   1.903374e-13   0.000000e+00   0.000000e+00   0.000000e+00   0.000000e+00
   6.022491e-01   9.999919e-01   5.539940e-02   5.416922e-17   0.000000e+00   0.000000e+00   0.000000e+00   0.000000e+00   0.000000e+00   0.000000e+00   0.000000e+00   0.000000e+00   0.000000e+00
   2.208413e-01   9.999236e-01   0.000000e+00   0.000000e+00   0.000000e+00   0.000000e+00   0.000000e+00   0.000000e+00   0.000000e+00   3.901620e-10   0.000000e+00   1.415671e-06   0.000000e+00
   3.248027e-01   9.999569e-01   7.295619e-03   5.297982e-17   0.000000e+00   0.000000e+00   0.000000e+00   0.000000e+00   7.294821e-12   0.000000e+00   0.000000e+00   0.000000e+00   0.000000e+00
   1.690511e-02   9.999976e-01   0.000000e+00   0.000000e+00   0.000000e+00   1.990870e-11   0.000000e+00   0.000000e+00   0.000000e+00   1.708810e-11   4.184511e-07   1.039560e-06   0.000000e+00
   0.000000e+00   9.999205e-01   0.000000e+00   7.029081e-17   0.000000e+00   0.000000e+00   0.000000e+00   0.000000e+00   3.081907e-14   0.000000e+00   0.000000e+00   0.000000e+00   5.967885e-04
   1.523258e-01   9.998933e-01   8.031025e-01   0.000000e+00   0.000000e+00   0.000000e+00   0.000000e+00   0.000000e+00   7.533044e-12   6.401975e-18   0.000000e+00   0.000000e+00   0.000000e+00
   8.922669e-06   9.999974e-01   0.000000e+00   0.000000e+00   0.000000e+00   4.460018e-13   0.000000e+00   0.000000e+00   1.047022e-09   3.104938e-17   0.000000e+00   1.405231e-06   0.000000e+00
   2.963195e-01   9.979917e-01   1.000000e+00   0.000000e+00   0.000000e+00   3.376729e-14   0.000000e+00   0.000000e+00   2.550488e-15   0.000000e+00   2.157691e-17   2.838457e-10   0.000000e+00
   2.951662e-01   9.999974e-01   9.674028e-01   0.000000e+00   0.000000e+00   1.990870e-11   0.000000e+00   0.000000e+00   7.771600e-14   0.000000e+00   4.270704e-09   1.742381e-06   0.000000e+00
   4.421567e-01   9.936197e-01   8.594223e-05   0.000000e+00   0.000000e+00   0.000000e+00   0.000000e+00   0.000000e+00   0.000000e+00   0.000000e+00   0.000000e+00   0.000000e+00   0.000000e+00
   1.115800e-01   9.999917e-01   9.972122e-01   0.000000e+00   0.000000e+00   0.000000e+00   0.000000e+00   0.000000e+00   5.682044e-14   1.701811e-11   0.000000e+00   1.019386e-06   0.000000e+00
   2.461017e-01   9.998284e-01   4.589362e-03   9.649165e-17   0.000000e+00   0.000000e+00   0.000000e+00   0.000000e+00   4.472317e-19   4.856221e-13   0.000000e+00   0.000000e+00   0.000000e+00
   8.154492e-02   9.982610e-01   9.970287e-01   0.000000e+00   0.000000e+00   0.000000e+00   0.000000e+00   0.000000e+00   5.779280e-12   1.489818e-16   0.000000e+00   0.000000e+00   0.000000e+00
   1.000000e+00   9.578929e-01   0.000000e+00   0.000000e+00   0.000000e+00   0.000000e+00   0.000000e+00   0.000000e+00   7.418139e-12   0.000000e+00   0.000000e+00   0.000000e+00   0.000000e+00
   1.283186e-01   1.000000e+00   0.000000e+00   0.000000e+00   1.759244e-02   3.512022e-14   0.000000e+00   0.000000e+00   1.552994e-15   0.000000e+00   0.000000e+00   0.000000e+00   0.000000e+00
   4.421560e-01   9.936197e-01   1.629271e-01   0.000000e+00   0.000000e+00   0.000000e+00   0.000000e+00   0.000000e+00   2.168839e-16   0.000000e+00   0.000000e+00   0.000000e+00   0.000000e+00
   4.918316e-04   9.996330e-01   1.552937e-02   1.306497e-12   8.064459e-03   0.000000e+00   0.000000e+00   0.000000e+00   0.000000e+00   0.000000e+00   0.000000e+00   0.000000e+00   0.000000e+00
   0.000000e+00   9.936197e-01   1.863187e-02   0.000000e+00   0.000000e+00   0.000000e+00   0.000000e+00   0.000000e+00   0.000000e+00   0.000000e+00   0.000000e+00   8.722000e-11   0.000000e+00
   1.325285e-01   9.999917e-01   5.751193e-02   0.000000e+00   0.000000e+00   0.000000e+00   0.000000e+00   0.000000e+00   5.621385e-14   0.000000e+00   0.000000e+00   1.739926e-06   0.000000e+00
   5.895547e-01   9.928501e-01   9.749069e-01   0.000000e+00   0.000000e+00   0.000000e+00   0.000000e+00   0.000000e+00   0.000000e+00   0.000000e+00   0.000000e+00   0.000000e+00   0.000000e+00
   2.963195e-01   9.979917e-01   1.000000e+00   0.000000e+00   0.000000e+00   3.185896e-14   0.000000e+00   0.000000e+00   2.550488e-15   0.000000e+00   0.000000e+00   6.093624e-11   0.000000e+00
   0.000000e+00   9.998276e-01   9.861860e-01   0.000000e+00   0.000000e+00   0.000000e+00   0.000000e+00   0.000000e+00   9.789035e-02   1.440563e-16   0.000000e+00   0.000000e+00   0.000000e+00
   2.863827e-02   9.999916e-01   9.997369e-01   0.000000e+00   0.000000e+00   1.921846e-11   0.000000e+00   0.000000e+00   3.447094e-14   0.000000e+00   0.000000e+00   0.000000e+00   0.000000e+00
   0.000000e+00   9.998288e-01   0.000000e+00   0.000000e+00   0.000000e+00   0.000000e+00   0.000000e+00   0.000000e+00   7.098351e-12   0.000000e+00   0.000000e+00   9.706428e-14   4.747104e-02
   2.330861e-01   9.999937e-01   9.949090e-01   0.000000e+00   0.000000e+00   3.885982e-14   0.000000e+00   0.000000e+00   0.000000e+00   2.381986e-16   0.000000e+00   2.163981e-08   0.000000e+00
   3.457197e-05   9.995926e-01   1.344145e-03   5.379277e-17   0.000000e+00   3.705859e-13   0.000000e+00   0.000000e+00   8.205416e-14   0.000000e+00   0.000000e+00   6.074420e-11   0.000000e+00
   0.000000e+00   9.999205e-01   0.000000e+00   5.979612e-15   0.000000e+00   0.000000e+00   0.000000e+00   0.000000e+00   3.081907e-14   0.000000e+00   0.000000e+00   1.979415e-14   0.000000e+00
   1.683559e-01   9.999393e-01   9.973529e-01   0.000000e+00   0.000000e+00   2.119170e-17   0.000000e+00   0.000000e+00   0.000000e+00   2.427744e-16   4.964395e-15   3.592536e-08   0.000000e+00
   7.935049e-02   1.000000e+00   0.000000e+00   4.239652e-13   0.000000e+00   0.000000e+00   0.000000e+00   0.000000e+00   8.402661e-03   3.615978e-10   0.000000e+00   0.000000e+00   0.000000e+00
   2.395829e-01   9.997993e-01   9.756862e-01   5.712032e-17   0.000000e+00   0.000000e+00   0.000000e+00   0.000000e+00   1.023508e-15   5.515411e-13   0.000000e+00   0.000000e+00   0.000000e+00
   2.219262e-02   9.999996e-01   2.582181e-02   9.488350e-13   0.000000e+00   0.000000e+00   0.000000e+00   0.000000e+00   8.496913e-17   0.000000e+00   6.112964e-11   0.000000e+00   0.000000e+00
   1.791887e-01   9.999877e-01   9.700151e-01   0.000000e+00   0.000000e+00   0.000000e+00   0.000000e+00   0.000000e+00   0.000000e+00   2.161572e-09   0.000000e+00   0.000000e+00   0.000000e+00
   3.414463e-01   9.999908e-01   5.658108e-05   0.000000e+00   0.000000e+00   0.000000e+00   0.000000e+00   0.000000e+00   0.000000e+00   0.000000e+00   0.000000e+00   1.424963e-06   0.000000e+00
   1.796457e-01   9.996041e-01   1.631209e-02   6.739723e-20   0.000000e+00   0.000000e+00   0.000000e+00   0.000000e+00   0.000000e+00   2.169532e-09   0.000000e+00   5.909375e-15   0.000000e+00
   1.325285e-01   9.999917e-01   5.750681e-02   0.000000e+00   0.000000e+00   0.000000e+00   0.000000e+00   0.000000e+00   5.621385e-14   1.647627e-11   0.000000e+00   1.037104e-06   0.000000e+00
   2.961253e-01   1.000000e+00   1.000000e+00   0.000000e+00   0.000000e+00   0.000000e+00   0.000000e+00   0.000000e+00   0.000000e+00   3.759149e-10   0.000000e+00   1.279770e-06   0.000000e+00
   0.000000e+00   9.999821e-01   9.999966e-01   0.000000e+00   0.000000e+00   1.924204e-11   0.000000e+00   0.000000e+00   0.000000e+00   9.011732e-09   4.353843e-07   5.958831e-12   0.000000e+00
   2.763903e-02   9.996970e-01   9.592241e-01   4.092036e-13   0.000000e+00   1.906209e-11   0.000000e+00   0.000000e+00   7.431884e-14   0.000000e+00   1.146542e-09   0.000000e+00   0.000000e+00
   6.032385e-02   1.000000e+00   4.708371e-03   0.000000e+00   0.000000e+00   0.000000e+00   0.000000e+00   0.000000e+00   7.221683e-12   1.499912e-07   0.000000e+00   0.000000e+00   0.000000e+00
   7.935049e-02   1.000000e+00   4.985101e-03   0.000000e+00   0.000000e+00   0.000000e+00   0.000000e+00   0.000000e+00   0.000000e+00   3.543273e-10   0.000000e+00   0.000000e+00   0.000000e+00
   3.015605e-01   1.000000e+00   9.569096e-01   0.000000e+00   0.000000e+00   0.000000e+00   0.000000e+00   0.000000e+00   3.908478e-14   0.000000e+00   0.000000e+00   2.117582e-22   0.000000e+00
   2.253568e-01   1.000000e+00   1.000000e+00   0.000000e+00   0.000000e+00   0.000000e+00   0.000000e+00   0.000000e+00   0.000000e+00   1.564295e-07   0.000000e+00   0.000000e+00   0.000000e+00
   1.272660e-05   9.998259e-01   9.968868e-01   5.045769e-14   0.000000e+00   3.566698e-14   0.000000e+00   0.000000e+00   0.000000e+00   0.000000e+00   0.000000e+00   2.020442e-08   0.000000e+00
   1.097846e-01   9.999500e-01   0.000000e+00   4.042374e-13   0.000000e+00   0.000000e+00   0.000000e+00   0.000000e+00   0.000000e+00   0.000000e+00   0.000000e+00   0.000000e+00   0.000000e+00
   3.890227e-02   9.999881e-01   9.969241e-01   8.875501e-12   0.000000e+00   0.000000e+00   0.000000e+00   0.000000e+00   0.000000e+00   1.627339e-07   0.000000e+00   2.529862e-10   0.000000e+00
