   3.508049e-17   5.729079e-01   0.000000e+00   6.003684e-04   8.209362e-01   3.744175e-04
   5.869852e-17   1.755040e-17   1.000551e+00   4.102974e-05   0.000000e+00   0.000000e+00
   2.926408e-17   0.000000e+00   2.018764e-17   5.806042e-01   8.153637e-01   0.000000e+00
   5.778198e-01   0.000000e+00   8.174359e-01   6.120351e-06   0.000000e+00   0.000000e+00
   1.344036e-18   5.033076e-17   3.489254e-17   1.000411e+00   6.757494e-05   0.000000e+00
   8.309010e-01   0.000000e+00   0.000000e+00   5.579786e-01   0.000000e+00   0.000000e+00
   1.001460e+00   0.000000e+00   0.000000e+00   6.122933e-06   0.000000e+00   1.137737e-04
   9.321410e-01   2.045430e-06   0.000000e+00   3.646636e-01   0.000000e+00   0.000000e+00
   3.619469e-22   5.729148e-17   9.356409e-01   0.000000e+00   3.572720e-01   0.000000e+00
   1.346530e-03   9.381525e-01   0.000000e+00   0.000000e+00   3.535504e-01   0.000000e+00
   3.596240e-01   7.170921e-01   0.000000e+00   0.000000e+00   0.000000e+00   5.988153e-01
   2.233168e-17   3.647040e-01   0.000000e+00   2.353685e-01   3.616525e-01   8.268729e-01
   7.198931e-01   0.000000e+00   1.150988e-04   1.167836e-03   3.496362e-01   6.024941e-01
   2.286843e-01   3.644619e-01   3.580859e-01   0.000000e+00   0.000000e+00   8.306792e-01
   9.409239e-01   3.425486e-01   0.000000e+00   0.000000e+00   0.000000e+00   5.272700e-05
   7.166531e-01   0.000000e+00   3.716186e-01   4.935680e-06   0.000000e+00   5.923387e-01
   3.502994e-17   5.720824e-01   8.208413e-01   2.541586e-07   0.000000e+00   0.000000e+00
   2.209632e-18   3.499803e-17   5.726993e-01   0.000000e+00   8.206368e-01   3.755142e-04
   9.397787e-01   0.000000e+00   0.000000e+00   0.000000e+00   3.530094e-01   0.000000e+00
   3.516492e-05   5.656857e-01   0.000000e+00   0.000000e+00   3.277873e-04   8.256769e-01
   4.624943e-01   1.818876e-03   0.000000e+00   8.890464e-01   1.352156e-05   2.111256e-02
   6.214988e-17   2.342394e-17   3.070536e-18   1.085839e+00   0.000000e+00   0.000000e+00
   4.747314e-01   2.254711e-01   1.419884e-02   5.289555e-04   8.254901e-01   2.222399e-01
   7.044642e-01   3.857059e-01   0.000000e+00   0.000000e+00   3.306756e-04   5.990827e-01
   9.633657e-02   2.576277e-03   7.088402e-01   6.515988e-01   0.000000e+00   2.567728e-01
   2.678867e-20   2.803945e-17   4.579192e-01   8.945008e-01   1.805706e-03   0.000000e+00
   4.865054e-17   3.064882e-17   9.390427e-01   0.000000e+00   4.134152e-07   3.467316e-01
   1.531842e-01   1.558491e-01   9.332364e-01   2.064860e-01   0.000000e+00   2.096661e-01
   1.344404e-04   7.196762e-01   5.990592e-01   0.000000e+00   3.580523e-01   0.000000e+00
   2.150340e-21   3.459176e-17   5.649263e-01   0.000000e+00   3.273473e-04   8.258279e-01
   2.548723e-02   3.869001e-01   9.250229e-01   1.341568e-02   0.000000e+00   0.000000e+00
   4.352249e-17   7.107762e-01   9.462766e-04   3.671249e-01   0.000000e+00   6.019262e-01
   4.502216e-01   8.953059e-01   0.000000e+00   0.000000e+00   0.000000e+00   8.498631e-06
   7.204380e-01   0.000000e+00   1.957417e-03   0.000000e+00   5.821012e-01   3.804296e-01
   4.917639e-19   2.035249e-17   2.570696e-19   5.422948e-17   1.996192e-17   1.000593e+00
   1.629825e-17   2.661706e-01   3.649005e-01   0.000000e+00   3.784311e-01   8.099892e-01
   5.438976e-17   8.882522e-01   0.000000e+00   4.646931e-01   1.064510e-03   2.508460e-10
   2.258285e-17   3.688059e-01   0.000000e+00   0.000000e+00   7.123429e-01   5.989001e-01
   3.526796e-01   0.000000e+00   7.503276e-04   0.000000e+00   7.194800e-01   5.999658e-01
   4.246329e-01   9.454219e-04   7.010329e-01   3.913176e-03   5.753253e-01   4.268376e-03
   4.336969e-17   7.082808e-01   0.000000e+00   3.709671e-01   6.041364e-01   2.507619e-10
   1.430580e-01   0.000000e+00   3.773120e-01   4.180369e-01   0.000000e+00   8.153038e-01
   3.704021e-04   0.000000e+00   0.000000e+00   5.023774e-06   9.339117e-01   3.595819e-01
   2.693252e-17   4.398414e-01   1.528161e-04   8.994789e-01   0.000000e+00   2.560353e-04
   1.081160e-07   3.366386e-01   8.255417e-01   0.000000e+00   4.579830e-01   0.000000e+00
   3.660629e-01   7.939279e-01   2.709078e-05   7.062784e-04   3.155885e-01   3.721177e-01
   7.205735e-01   0.000000e+00   0.000000e+00   3.634145e-01   0.000000e+00   5.919556e-01
   6.944330e-01   0.000000e+00   6.099080e-01   3.896744e-01   0.000000e+00   1.673477e-02
   2.332072e-02   5.712432e-01   4.891124e-01   6.622714e-01   0.000000e+00   1.672334e-02
   6.783031e-04   9.329187e-01   0.000000e+00   0.000000e+00   0.000000e+00   3.634311e-01
   4.105728e-17   0.000000e+00   2.745471e-17   8.066146e-01   5.959857e-01   0.000000e+00
   3.341403e-01   0.000000e+00   7.722988e-01   3.831485e-01   3.851179e-01   0.000000e+00
   4.395794e-17   0.000000e+00   7.178877e-01   7.011970e-01   0.000000e+00   0.000000e+00
   3.265165e-01   5.081719e-04   0.000000e+00   7.379496e-01   0.000000e+00   5.919041e-01
   3.089330e-18   7.962225e-18   2.348135e-19   2.070862e-17   5.701618e-17   1.000438e+00
   4.293108e-01   4.705789e-01   0.000000e+00   2.909473e-01   7.159492e-01   1.567791e-02
   1.184141e-01   1.149079e-01   2.697480e-01   8.791119e-01   2.376246e-04   3.634615e-01
   8.539887e-18   1.171073e-17   2.367021e-01   2.249150e-01   1.182731e-01   9.394352e-01
   1.437804e-01   2.116458e-01   2.447821e-01   0.000000e+00   9.355766e-01   3.557938e-02
   1.765036e-01   0.000000e+00   4.655242e-01   5.143783e-01   6.990201e-01   4.919577e-03
   1.875738e-01   2.669908e-01   0.000000e+00   2.365370e-08   1.181845e-01   9.387821e-01
   4.864346e-05   3.610173e-01   0.000000e+00   1.866215e-01   9.200536e-01   0.000000e+00
   2.460906e-01   7.876359e-01   6.012666e-01   0.000000e+00   5.566255e-03   0.000000e+00
   4.901919e-17   8.005441e-01   0.000000e+00   6.003200e-01   0.000000e+00   0.000000e+00
   1.591973e-17   2.715561e-17   1.661006e-17   5.812543e-01   0.000000e+00   8.155423e-01
   3.612083e-01   7.182950e-01   7.240960e-05   0.000000e+00   5.965662e-01   0.000000e+00
   7.071717e-01   3.752584e-01   2.304421e-05   9.929093e-05   6.002780e-01   1.196363e-06
   2.261208e-17   4.495431e-17   2.176170e-19   8.218109e-01   0.000000e+00   5.716029e-01
   9.315228e-01   0.000000e+00   6.303714e-06   2.339803e-03   0.000000e+00   3.659486e-01
   2.073676e-01   2.012275e-01   0.000000e+00   8.881010e-01   0.000000e+00   3.633344e-01
   5.874300e-01   1.571323e-01   0.000000e+00   7.567674e-01   4.626002e-04   2.435046e-01
   4.365512e-17   7.129423e-01   3.644520e-01   0.000000e+00   0.000000e+00   6.005108e-01
   4.364072e-02   0.000000e+00   1.005501e-01   4.152213e-01   9.047771e-01   0.000000e+00
   4.342442e-01   0.000000e+00   0.000000e+00   3.805327e-01   1.863549e-06   8.427527e-01
   4.253255e-17   6.946092e-01   6.100628e-01   3.897733e-01   0.000000e+00   3.529222e-05
   3.290741e-17   2.685684e-19   0.000000e+00   5.374367e-01   7.547421e-01   3.956121e-01
   1.016721e-01   2.620425e-01   2.425836e-01   0.000000e+00   7.919768e-01   4.854468e-01
   2.728071e-04   6.095377e-01   2.605828e-01   5.690974e-01   5.549514e-03   4.925714e-01
   5.729070e-01   0.000000e+00   0.000000e+00   0.000000e+00   8.209345e-01   0.000000e+00
   2.051371e-17   3.350143e-01   1.229746e-02   7.241113e-01   4.736651e-01   3.865797e-01
   9.397281e-01   0.000000e+00   3.446740e-01   6.119777e-06   0.000000e+00   0.000000e+00
   4.872510e-01   1.423822e-02   8.796800e-04   4.125224e-01   7.268554e-01   2.609427e-01
   2.673384e-33   4.365967e-17   7.130165e-01   0.000000e+00   5.957936e-01   3.720732e-01
   6.516714e-01   0.000000e+00   2.966800e-01   6.617193e-01   0.000000e+00   2.359429e-01
   2.419882e-01   5.957778e-01   4.302085e-03   9.774605e-08   4.878412e-01   5.922592e-01
   6.998607e-01   6.885878e-01   7.042048e-04   2.105247e-01   0.000000e+00   0.000000e+00
   7.918182e-01   3.564794e-01   0.000000e+00   2.565208e-04   3.353674e-01   3.726676e-01
   2.176237e-06   4.874468e-01   2.795088e-01   5.498526e-04   4.613584e-01   6.883674e-01
   3.388462e-01   1.095149e-02   4.722838e-01   3.566054e-06   7.294230e-03   8.161091e-01
   4.214285e-01   7.649876e-03   9.083532e-01   6.633438e-06   0.000000e+00   0.000000e+00
   3.088216e-18   5.043440e-02   6.855896e-01   4.190585e-01   5.978157e-01   1.165192e-06
   6.113802e-01   6.537562e-01   4.610003e-01   1.757189e-05   1.698338e-02   2.251539e-02
   3.034080e-07   9.389802e-01   3.478586e-01   0.000000e+00   0.000000e+00   1.184005e-03
   3.057760e-01   3.260510e-04   1.532704e-01   3.347069e-04   1.276503e-01   9.395360e-01
   6.610267e-02   4.560104e-01   7.511610e-01   4.717066e-01   2.280894e-02   4.799245e-02
   3.563461e-01   9.821745e-03   7.923513e-01   0.000000e+00   3.192099e-01   3.819990e-01
   3.633389e-17   5.933775e-01   4.939280e-01   0.000000e+00   6.379062e-01   0.000000e+00
   1.004174e-07   2.931755e-01   6.865899e-01   0.000000e+00   0.000000e+00   6.695683e-01
   1.651756e-19   2.257811e-17   3.687383e-01   0.000000e+00   7.122124e-01   5.987904e-01
   5.586772e-04   1.013123e-01   3.176918e-01   6.410089e-01   5.812878e-01   3.792528e-01
   2.936794e-01   1.901970e-02   0.000000e+00   6.569960e-01   5.863252e-01   3.734276e-01
   2.938569e-17   9.345554e-18   3.045792e-20   1.635652e-17   5.700502e-01   8.223358e-01
   4.895974e-01   4.984013e-01   2.986299e-01   6.522795e-01   6.360658e-03   8.837563e-03
   4.754601e-01   0.000000e+00   2.542675e-01   2.153051e-01   8.153267e-01   0.000000e+00
   7.861758e-01   0.000000e+00   5.346785e-01   0.000000e+00   3.392626e-01   0.000000e+00
   2.214345e-01   6.633824e-01   9.317513e-04   6.049764e-01   0.000000e+00   3.852361e-01
   6.125021e-17   1.000292e+00   0.000000e+00   0.000000e+00   0.000000e+00   0.000000e+00
   3.278927e-01   0.000000e+00   3.016702e-01   8.968952e-01   0.000000e+00   1.612784e-02
   1.979247e-01   1.083671e-01   7.742453e-01   0.000000e+00   3.320401e-04   5.947782e-01
   3.234357e-01   5.549730e-01   0.000000e+00   6.619215e-01   3.918213e-01   0.000000e+00
   7.923853e-01   2.383565e-01   8.173139e-04   4.389142e-01   3.519777e-01   1.408881e-02
   1.245616e-01   5.902034e-02   5.611912e-03   2.597638e-01   2.457505e-01   9.253453e-01
   2.380931e-01   2.310432e-01   0.000000e+00   1.738856e-01   9.316067e-01   8.778240e-03
   3.340376e-33   5.455248e-17   8.909096e-01   4.599744e-01   0.000000e+00   0.000000e+00
   4.854643e-17   7.928233e-01   3.275629e-03   1.786309e-02   5.754494e-01   2.374228e-01
   6.009399e-19   3.473342e-17   5.673246e-01   2.978589e-01   4.822545e-01   5.983003e-01
   6.014850e-01   0.000000e+00   4.064583e-01   6.030786e-01   3.359439e-01   0.000000e+00
   2.373186e-01   0.000000e+00   5.001730e-01   5.183934e-04   4.720804e-01   6.886979e-01
   1.249589e-01   6.754154e-02   4.993604e-01   6.113296e-01   4.279420e-06   5.989789e-01
   2.243588e-17   3.664057e-01   0.000000e+00   4.559969e-01   9.127444e-03   8.118002e-01
   1.010335e-04   8.007320e-03   0.000000e+00   8.807697e-01   3.114082e-01   3.659149e-01
   4.895932e-05   2.620854e-01   2.203487e-01   8.704824e-01   3.576798e-01   0.000000e+00
   9.531085e-06   5.075647e-02   6.899678e-01   0.000000e+00   2.654465e-01   6.737798e-01
   5.651710e-01   3.086589e-01   0.000000e+00   7.986783e-05   5.163907e-01   5.654010e-01
   2.916598e-17   4.763165e-01   3.421050e-03   4.371863e-01   7.196913e-01   2.587098e-01
   5.657016e-01   0.000000e+00   0.000000e+00   0.000000e+00   0.000000e+00   8.257000e-01
   4.017848e-17   9.178611e-18   2.770826e-17   3.584959e-17   1.000280e+00   1.101493e-06
   2.707815e-01   2.109656e-05   2.276600e-01   8.993654e-01   3.664848e-01   4.061479e-03
   2.438653e-01   1.332954e-02   0.000000e+00   6.416614e-01   2.255918e-01   6.921677e-01
   1.589939e-18   4.372611e-17   7.145735e-01   3.646978e-01   1.228880e-07   5.985204e-01
   5.896401e-01   6.144240e-02   3.874104e-01   3.709212e-01   6.040616e-01   2.507309e-10
   3.866092e-01   0.000000e+00   8.225130e-04   1.823063e-01   8.973744e-01   1.183803e-01
