   9.378774e-01   0.000000e+00   0.000000e+00   3.481441e-01
   1.653974e-17   3.986482e-17   7.048528e-01   7.094869e-01
   3.563663e-17   3.458319e-17   8.109848e-01   5.857994e-01
   3.437822e-01   9.904593e-05   0.000000e+00   9.392354e-01
   5.070067e-17   8.280048e-01   4.541160e-01   3.290418e-01
   9.974911e-01   0.000000e+00   7.163948e-02   0.000000e+00
   8.295034e-01   4.947838e-01   2.604592e-01   0.000000e+00
   3.480597e-01   9.386904e-01   0.000000e+00   5.087751e-04
   2.633577e-01   8.288540e-01   4.939988e-01   0.000000e+00
   7.105056e-01   0.000000e+00   0.000000e+00   7.038016e-01
   9.393218e-01   0.000000e+00   3.434634e-01   0.000000e+00
   8.204820e-01   0.000000e+00   0.000000e+00   5.717315e-01
   9.393312e-01   6.052240e-02   3.379433e-01   0.000000e+00
   7.194375e-01   0.000000e+00   3.469380e-01   6.019217e-01
   2.350679e-01   9.398290e-01   0.000000e+00   2.488093e-01
   3.464560e-17   5.658056e-01   0.000000e+00   8.247890e-01
   8.294883e-01   2.726457e-01   0.000000e+00   4.879442e-01
   5.750185e-17   9.390765e-01   0.000000e+00   3.442277e-01
   3.456866e-17   5.645491e-01   8.254497e-01   0.000000e+00
   3.508673e-01   7.162240e-01   6.034665e-01   0.000000e+00
   1.532170e-17   2.502223e-01   4.994054e-01   8.295888e-01
   2.505338e-01   0.000000e+00   4.991997e-01   8.295232e-01
   4.596265e-01   8.228259e-01   1.602478e-03   3.362910e-01
   4.984279e-01   2.572838e-01   0.000000e+00   8.282562e-01
   6.023952e-01   7.185549e-01   0.000000e+00   3.480624e-01
   6.056449e-01   3.575898e-01   3.658725e-01   6.096824e-01
   2.766068e-01   8.285116e-01   0.000000e+00   4.871159e-01
   1.513625e-17   2.471938e-01   9.398693e-01   2.362712e-01
   3.415540e-01   6.050078e-01   7.193990e-01   0.000000e+00
   3.573306e-01   2.190448e-01   3.694125e-01   8.294766e-01
   6.114731e-17   9.986113e-01   0.000000e+00   8.200378e-02
   6.355149e-02   9.982509e-01   0.000000e+00   0.000000e+00
   8.258003e-01   4.489225e-01   0.000000e+00   3.414805e-01
   4.423288e-17   3.674883e-17   9.391563e-01   3.436978e-01
   9.388464e-01   2.292134e-01   0.000000e+00   2.573998e-01
   3.934192e-17   4.692821e-17   1.000086e+00   0.000000e+00
   4.705780e-01   8.222516e-01   3.206359e-01   0.000000e+00
   3.014737e-17   4.923440e-01   2.638308e-01   8.295786e-01
   9.397260e-01   3.437766e-01   0.000000e+00   0.000000e+00
   7.156119e-01   6.987171e-01   0.000000e+00   0.000000e+00
   4.406240e-17   7.195936e-01   6.012416e-01   3.475692e-01
   2.441793e-01   2.631338e-01   6.009056e-01   7.142469e-01
   3.716156e-17   6.068943e-01   3.423290e-01   7.173330e-01
   5.727575e-01   0.000000e+00   0.000000e+00   8.200562e-01
   6.001586e-01   7.199526e-01   3.499130e-01   0.000000e+00
   2.337720e-01   8.298349e-01   3.601044e-01   3.568929e-01
   9.977730e-01   8.252371e-02   0.000000e+00   0.000000e+00
   6.096709e-01   3.361665e-01   0.000000e+00   7.179295e-01
   3.455166e-01   7.199262e-01   0.000000e+00   6.023331e-01
   2.117111e-02   3.566952e-01   5.981404e-01   7.178262e-01
   8.425552e-02   4.286121e-03   9.995966e-01   4.306275e-03
   2.758943e-01   4.978478e-01   8.223942e-01   0.000000e+00
   4.741650e-01   8.294496e-01   1.962228e-01   2.212789e-01
   2.422292e-01   2.414793e-01   0.000000e+00   9.398413e-01
   5.755179e-17   9.398921e-01   3.415647e-01   0.000000e+00
   2.096748e-17   4.537639e-19   3.425052e-01   9.395649e-01
   2.108521e-17   3.443476e-01   9.389916e-01   2.560597e-07
   8.234776e-01   4.803855e-01   1.534170e-01   2.600949e-01
   2.276757e-01   9.387286e-01   2.604816e-01   3.838500e-03
   4.949716e-01   2.633186e-01   8.291046e-01   0.000000e+00
   9.119382e-01   3.784553e-01   1.630090e-01   0.000000e+00
   1.343700e-01   4.932818e-01   8.296704e-01   2.246490e-01
   8.289549e-01   2.081321e-01   4.993373e-01   1.434697e-01
   7.174189e-01   4.710015e-01   4.633442e-01   2.212583e-01
   8.232921e-01   0.000000e+00   5.678654e-01   3.922615e-12
   1.999542e-01   7.142508e-01   4.645726e-01   4.839558e-01
   3.823543e-01   3.738248e-01   5.897137e-01   6.054620e-01
   2.509681e-01   1.139722e-01   8.260386e-01   4.920257e-01
   4.941777e-01   4.943802e-01   0.000000e+00   7.156536e-01
   5.698103e-01   8.220584e-01   0.000000e+00   0.000000e+00
   6.123604e-17   1.000060e+00   0.000000e+00   0.000000e+00
   4.405916e-17   7.195407e-01   3.469878e-01   6.016104e-01
   5.663457e-01   2.034830e-06   8.245540e-01   1.191924e-06
   7.200090e-01   2.140101e-01   4.650657e-01   4.686337e-01
   6.056514e-01   3.397141e-01   7.197037e-01   0.000000e+00
   6.454349e-01   5.884228e-01   0.000000e+00   4.871374e-01
   7.171146e-01   3.516290e-01   0.000000e+00   6.018798e-01
   4.980887e-01   1.017532e-01   8.296079e-01   2.317954e-01
   8.884193e-02   2.583945e-01   8.250403e-01   4.949146e-01
   7.184377e-01   3.522789e-01   5.998751e-01   0.000000e+00
   7.194848e-18   3.403667e-17   5.681443e-01   8.232949e-01
   2.540111e-01   9.931852e-04   9.392891e-01   2.309510e-01
   5.733547e-17   9.363593e-01   7.077618e-02   3.442108e-01
   6.053495e-01   0.000000e+00   7.181773e-01   3.433236e-01
   5.299403e-17   1.151375e-18   3.066371e-17   1.000074e+00
   4.629194e-01   5.504079e-01   6.025664e-01   3.463382e-01
   2.399800e-01   2.443865e-01   9.396374e-01   4.089092e-12
   4.485990e-01   6.978920e-01   3.242683e-01   4.556992e-01
   1.368807e-01   1.439966e-01   2.783652e-01   9.397260e-01
   8.201847e-01   5.723284e-01   0.000000e+00   0.000000e+00
   6.050404e-01   6.035664e-01   4.991299e-01   1.441434e-01
   5.009231e-17   8.180695e-01   5.751974e-01   0.000000e+00
   7.323140e-06   7.042485e-02   8.777541e-04   9.996720e-01
   9.397495e-01   0.000000e+00   7.004970e-02   3.346699e-01
   7.194568e-01   0.000000e+00   6.022521e-01   3.463375e-01
   4.344301e-17   7.094782e-01   7.049222e-01   0.000000e+00
   3.423359e-01   0.000000e+00   9.397425e-01   2.560635e-07
   1.847570e-17   3.017311e-01   8.233469e-01   4.809633e-01
   4.895223e-01   0.000000e+00   2.697009e-01   8.294190e-01
   5.184543e-17   1.103763e-17   3.066417e-17   1.000089e+00
   1.000127e+00   0.000000e+00   0.000000e+00   0.000000e+00
   7.090754e-01   0.000000e+00   7.053026e-01   0.000000e+00
   8.296372e-01   0.000000e+00   4.515214e-01   3.284919e-01
   3.934186e-17   4.692814e-17   1.000084e+00   1.669921e-03
   3.510496e-01   3.417834e-01   2.688165e-01   8.293915e-01
   8.223597e-01   4.552612e-01   3.415169e-01   0.000000e+00
   3.304266e-01   3.858558e-01   8.289983e-01   2.342353e-01
   2.040219e-01   4.917427e-01   4.762654e-01   6.999159e-01
   8.297017e-01   2.353441e-01   3.602295e-01   3.570168e-01
   3.691653e-17   6.028927e-01   7.199829e-01   3.438702e-01
   4.919542e-01   0.000000e+00   4.903079e-01   7.194949e-01
   4.889047e-01   4.972622e-01   3.777772e-01   6.091805e-01
   4.333664e-17   7.077411e-01   0.000000e+00   7.065386e-01
   2.671936e-01   4.902288e-01   0.000000e+00   8.296906e-01
   5.032359e-17   8.218466e-01   0.000000e+00   5.698117e-01
   3.029399e-01   2.308402e-03   8.266693e-01   4.829041e-01
   3.561028e-01   0.000000e+00   7.107216e-01   6.068894e-01
   3.407531e-01   5.760377e-01   2.276557e-01   7.156185e-01
   2.104888e-17   3.437543e-01   4.528074e-10   9.391462e-01
   3.257441e-03   4.101061e-01   6.864586e-01   6.022152e-01
