   1.000103e+00   6.884293e-09   3.265468e-05   2.193325e-08
   4.578157e-18   7.476698e-02   9.974820e-01  4.795710e-156
   3.500072e-17   5.716051e-01   8.209419e-01  4.795992e-156
   6.031498e-01   7.173003e-01   3.497941e-01   1.690084e-95
   9.400829e-01   2.010338e-08   3.416575e-01   7.480302e-05
   5.037632e-17   8.227077e-01   5.686094e-01   5.383168e-05
   3.084511e-33   5.037389e-17   8.226680e-01   5.687028e-01
   6.111992e-17   9.981640e-01   6.145244e-02   6.042750e-05
   4.397419e-17   7.181531e-01   5.957345e-01   3.599402e-01
   2.662718e-01   8.281682e-01   2.505800e-09   4.935129e-01
   7.181975e-01   2.732869e-04   5.957714e-01   3.599103e-01
   3.395025e-01   6.095775e-01   4.864268e-07   7.165064e-01
   5.077226e-17   8.291740e-01   4.489567e-01   3.339729e-01
   8.291879e-01   3.622785e-01   2.552656e-01   3.415344e-01
   2.232567e-01   2.583728e-01   9.400407e-01   1.957492e-07
   4.272224e-17   6.977072e-01   4.527725e-07   7.164685e-01
   5.729049e-01   8.198474e-01   4.961447e-04   4.072903e-86
   2.181483e-01   9.370672e-01   1.542448e-05   2.740694e-01
   4.513837e-01   5.593330e-01   5.962292e-01   3.601868e-01
   2.727495e-01   4.909122e-01   8.277490e-01   6.474222e-08
   1.096143e-01   1.108801e-07   9.941804e-01   4.212453e-99
   6.016148e-01   3.534157e-01   5.711860e-10   7.166435e-01
   4.530955e-01   6.837609e-05   8.266154e-01   3.340027e-01
   1.637030e-17   2.673474e-01   8.282613e-01   4.926103e-01
   7.073547e-01   7.701269e-08   7.069720e-01   1.123230e-85
   5.115090e-19   6.313127e-18   1.034390e-01   9.952923e-01
   3.469369e-01   1.327065e-04   9.380364e-01   7.087445e-08
   5.680342e-01   1.500784e-07   2.233234e-05   8.232009e-01
   2.103363e-17   3.435052e-01   1.874494e-04   9.394162e-01
   4.331157e-17   7.073316e-01   7.069489e-01   1.436834e-70
   1.942522e-01   7.119053e-01   4.646679e-01   4.935758e-01
   3.497070e-01   7.163010e-01   6.044334e-01   7.837212e-08
   4.407449e-17   7.197910e-01   3.595361e-01   5.940441e-01
   2.759506e-17   4.506615e-01   8.274617e-01   3.352245e-01
   2.663204e-01   2.543255e-04   2.210844e-01   9.383542e-01
   8.219830e-02   1.044369e-10   4.158305e-06   9.968501e-01
   4.950603e-01   8.293533e-01   9.669704e-10   2.597650e-01
   2.291073e-01   3.881453e-01   8.275587e-01   3.352587e-01
   4.936939e-01   2.656972e-01   8.285147e-01   1.565074e-11
   2.483047e-01   2.637988e-01   7.193396e-01   5.930199e-01
   3.452673e-17   5.638643e-01   1.497822e-05   8.259792e-01
   3.135797e-01   8.249387e-01   4.704742e-01   4.203726e-63
   2.047982e-17   2.808859e-17   5.677055e-01   8.234120e-01
   9.140993e-01   4.061696e-01   8.282149e-05  2.063272e-175
   2.717794e-01   2.265555e-01   1.725544e-11   9.378809e-01
   2.586341e-01   1.975922e-08   4.990426e-01   8.271774e-01
   4.943787e-01   7.170219e-01   3.278511e-01   3.671041e-01
   5.013679e-17   8.187960e-01   4.486420e-05   5.742993e-01
   9.487699e-18   1.549459e-01   3.076611e-01   9.388605e-01
   8.184001e-01   6.679685e-08   5.749476e-01   2.869193e-05
   6.123606e-17   1.000061e+00   1.487066e-05   3.949737e-05
   6.052355e-01   5.830332e-08   3.473318e-01   7.164142e-01
   5.682125e-01   3.687676e-05   8.229480e-01   1.010704e-08
   7.184730e-01   3.340292e-08   3.624647e-01   5.941445e-01
   3.755544e-01   7.081875e-01   1.247943e-05   5.983331e-01
   9.800156e-02   6.087869e-01   7.128873e-01   3.346960e-01
   8.173819e-01   1.198595e-07   1.611683e-10   5.763315e-01
   4.451088e-01   1.702581e-04   8.955534e-01   1.607708e-07
   9.955488e-01   1.509824e-04   1.060140e-01  1.367104e-105
   9.983112e-01   8.370495e-15   7.963863e-07   6.205834e-02
   9.397264e-01   1.385276e-05   3.710253e-03   3.429120e-01
   4.325636e-18   6.108233e-17   1.000048e+00   2.515015e-78
   4.937038e-01   4.184953e-08   2.683776e-01   8.278784e-01
   9.230281e-01   1.021726e-01   2.724494e-07   3.738996e-01
   3.492097e-01   9.371289e-01   1.152946e-08   1.632359e-66
   5.081382e-17   8.298527e-01   2.720684e-01   4.873072e-01
   6.025006e-01   7.058802e-01   2.926175e-04   3.731092e-01
   5.862256e-01   1.958594e-01   7.145674e-01   3.283725e-01
   4.493731e-01   4.840432e-01   2.261870e-01   7.169094e-01
   5.557411e-02   2.585196e-01   9.247861e-01   2.739904e-01
   1.509586e-17   1.450062e-17   3.418472e-01   9.400505e-01
   3.622448e-01   2.797342e-08   7.192746e-01   5.929663e-01
   8.259222e-01   3.344019e-01   4.542322e-01   1.746457e-06
   5.751878e-17   9.393530e-01   2.679893e-10   3.438650e-01
   2.218314e-17   3.622782e-01   7.193409e-01   5.927536e-01
   2.568101e-01   8.286268e-01   3.312196e-01   3.712496e-01
   7.117839e-01   7.025066e-01   8.457143e-05   1.693405e-07
   8.217836e-01   5.704224e-01   9.812338e-07   2.767067e-07
   1.814611e-17   5.848624e-17   5.595766e-24   1.000070e+00
   7.036572e-01   3.780294e-01   6.019964e-01   1.811666e-14
   8.216985e-01   4.475440e-01   1.594462e-05   3.533399e-01
   8.289407e-01   4.461209e-01   3.379632e-01   2.257063e-15
   3.422624e-01   6.093477e-01   7.153246e-01   1.605672e-75
   3.724973e-17   6.083343e-01   3.491102e-01   7.129611e-01
   7.101353e-01   5.452330e-01   3.767796e-01   2.426888e-01
   4.922653e-01   2.657059e-01   3.454855e-07   8.290346e-01
   6.112345e-17   9.982217e-01   7.916911e-07   6.205278e-02
   4.848704e-01   5.224975e-01   3.770306e-01   5.934517e-01
   3.608437e-01   2.100085e-01   3.717054e-01   8.297447e-01
   8.285643e-01   1.234994e-05   4.504078e-01   3.332429e-01
   7.179163e-01   2.705273e-01   2.166129e-01   6.041763e-01
   7.036111e-01   1.012586e-11   1.465798e-05   7.107747e-01
   9.366846e-01   3.547276e-01   1.395632e-04  9.682035e-101
   4.615266e-01   8.216801e-01   3.346520e-01   2.564410e-75
   6.787964e-01   6.020734e-01   2.530746e-01   3.360685e-01
   4.449955e-01   2.320945e-01   4.864929e-01   7.177691e-01
   5.876120e-01   5.734147e-01   5.767960e-01   6.424722e-04
   9.363716e-01   7.457311e-02   3.431384e-01   1.411284e-70
   3.461174e-01   3.305286e-04   2.004243e-05   9.383246e-01
   8.237457e-01   3.240019e-01   6.894751e-07   4.657606e-01
   3.524174e-33   5.755412e-17   9.399302e-01   3.440762e-01
   5.078492e-01   2.609259e-01   5.542333e-01   6.099667e-01
   3.537228e-17   5.776732e-01   5.607516e-01   5.940405e-01
   6.974769e-01   3.853132e-01   4.905968e-01   3.584858e-01
   2.974011e-17   4.856928e-01   2.787288e-01   8.285968e-01
   5.573393e-01   5.921172e-01   8.416912e-04   5.987226e-01
   2.751571e-17   3.282705e-17   6.995281e-01   7.147288e-01
   1.130311e-01   3.222006e-01   9.399973e-01   1.859038e-07
   2.390618e-17   3.904176e-01   4.543407e-01   8.274346e-01
   6.637752e-02   9.373174e-01   3.422697e-01   3.550829e-05
   3.704949e-01   3.324661e-08   5.962737e-01   7.123626e-01
   1.248344e-02   5.621696e-01   8.309647e-01   1.569702e-11
   3.551857e-01   9.352609e-01   6.059094e-04   4.073921e-86
   4.204215e-04   1.000358e-02   9.330305e-01   3.599408e-01
   6.876402e-03   3.151158e-01   1.574380e-01   9.359727e-01
   2.621636e-01   4.995799e-01   1.498686e-05   8.264557e-01
   2.419044e-01   4.384341e-01   4.860737e-01   7.166264e-01
   5.764543e-17   9.414213e-01   3.379838e-01   1.408930e-15
   3.527053e-01   3.470391e-01   2.746088e-01   8.280981e-01
   9.250374e-01   1.623204e-06   2.580122e-01   2.793635e-01
