   1.000000e+00   9.660930e-03   6.338204e-02   3.714216e-01   3.537253e-01   4.027828e-01   4.420100e-01   4.131092e-01   4.076379e-01   2.750928e-01   5.388891e-01   4.945185e-01   6.942178e-01   5.542548e-01   3.277703e-01   6.103410e-01   3.148136e-01
   1.000000e+00   1.557358e-01   6.338204e-02   3.714216e-01   3.537253e-01   4.161264e-01   4.420100e-01   4.131092e-01   4.076379e-01   2.752140e-01   5.388891e-01   4.945185e-01   6.942178e-01   5.542548e-01   3.277703e-01   5.626732e-01   3.136957e-01
   1.000000e+00   1.557358e-01   5.086099e-04   3.714216e-01   3.584122e-01   4.161264e-01   8.529441e-03   4.131092e-01   4.076379e-01   2.806385e-01   5.453344e-01   4.294331e-01   6.942178e-01   5.564883e-01   2.633945e-01   5.626732e-01   3.191947e-01
   1.000000e+00   7.783970e-02   8.285225e-02   9.532609e-01   3.448523e-02   4.027828e-01   4.420100e-01   2.664182e-01   4.047719e-01   2.750928e-01   5.388891e-01   4.860385e-01   6.942178e-01   5.542548e-01   5.283301e-01   6.103410e-01   8.324253e-02
   6.552399e-01   4.582273e-02   0.000000e+00   9.928443e-01   9.999049e-01   6.186558e-02   5.639198e-04   5.215666e-01   4.317172e-01   4.185813e-01   6.228303e-01   5.243078e-01   3.980282e-01   4.965934e-01   4.928869e-01   3.725930e-01   5.862789e-01
   1.272921e-01   3.994343e-02   5.468956e-02   1.000000e+00   9.999441e-01   1.000000e+00   4.350247e-03   3.406790e-03   9.049089e-01   5.388620e-02   0.000000e+00   5.123608e-03   8.117619e-01   4.318196e-01   2.776403e-01   6.587079e-01   4.740484e-01
   6.110823e-03   1.000000e+00   5.352150e-02   7.357665e-02   1.181835e-01   4.831294e-02   0.000000e+00   4.204918e-01   7.689061e-01   4.108791e-02   0.000000e+00   4.285963e-01   5.540769e-01   3.930449e-01   4.944667e-01   5.865904e-01   7.275791e-01
   2.104888e-02   0.000000e+00   1.000000e+00   9.936475e-01   0.000000e+00   3.034534e-02   9.161940e-02   0.000000e+00   6.837038e-01   2.955762e-02   2.539234e-04   5.185910e-01   1.606062e-01   7.752920e-01   5.351247e-03   2.376511e-02   2.229171e-01
   1.885089e-03   1.000000e+00   9.662106e-01   1.000000e+00   1.000000e+00   9.955720e-01   0.000000e+00   2.596577e-01   7.400657e-01   9.481088e-01   5.359185e-01   4.206581e-01   9.018931e-01   7.370995e-01   2.911046e-01   5.825261e-01   5.859861e-01
   1.490731e-03   2.152750e-01   9.917227e-01   9.996315e-01   9.705339e-01   5.189133e-02   9.568892e-01   1.035180e-01   4.123222e-01   4.287556e-01   1.312482e-02   6.702784e-01   1.668923e-02   6.637899e-02   5.830873e-02   4.845609e-01   1.050905e-01
   3.002032e-01   1.000000e+00   9.996373e-01   4.294415e-02   0.000000e+00   8.263603e-03   0.000000e+00   2.992030e-02   4.386893e-01   7.496617e-02   0.000000e+00   8.250531e-02   8.139574e-01   7.825339e-01   6.069205e-01   2.297552e-01   3.760771e-01
   2.484433e-01   9.958526e-01   5.678323e-02   0.000000e+00   4.052438e-03   1.000000e+00   1.000000e+00   3.882251e-01   6.364404e-01   1.028878e-02   5.924082e-01   5.310783e-01   5.648159e-01   6.466789e-01   1.071405e-01   4.951982e-01   7.796910e-01
   2.749189e-01   1.132757e-02   1.000000e+00   6.385862e-02   0.000000e+00   3.841257e-02   4.813245e-02   2.894401e-01   7.384191e-01   9.872495e-02   6.673569e-01   4.754335e-01   5.556990e-01   5.199606e-01   4.657833e-01   4.244750e-01   5.928150e-01
   6.552399e-01   1.012416e-03   9.777933e-01   9.925936e-01   9.999965e-01   2.843366e-02   4.925382e-04   5.198845e-01   8.436837e-01   4.298583e-01   6.238453e-01   5.101133e-01   3.980282e-01   4.992128e-01   4.928869e-01   5.834636e-01   5.970114e-01
   7.156175e-02   9.465066e-01   9.840803e-01   1.000000e+00   1.634561e-03   9.445612e-01   9.788802e-01   4.150149e-02   5.194211e-01   7.626735e-02   4.986574e-01   4.963982e-01   6.692737e-01   4.997685e-01   0.000000e+00   3.625911e-01   4.868920e-01
   6.587858e-01   1.589317e-02   0.000000e+00   1.063697e-01   9.959269e-01   1.449664e-02   4.606070e-02   4.243978e-01   4.760039e-01   4.515294e-01   4.996212e-01   5.139623e-01   4.000210e-01   5.030178e-01   4.724389e-01   3.589218e-01   4.629876e-01
   1.656130e-02   1.000000e+00   1.000000e+00   1.581090e-01   4.564455e-02   3.288089e-05   9.830351e-01   3.714228e-02   6.322537e-02   1.261415e-02   5.604791e-02   8.418619e-02   8.070630e-01   7.357449e-01   4.757040e-02   2.292406e-01   6.326160e-01
   1.955007e-02   6.480568e-03   1.355343e-01   1.000000e+00   0.000000e+00   1.000000e+00   1.000000e+00   0.000000e+00   2.615727e-02   1.494876e-02   5.350494e-01   3.823664e-02   8.015243e-01   8.400074e-01   5.086491e-02   4.643743e-01   7.449546e-01
   0.000000e+00   1.000000e+00   9.658082e-01   1.476383e-01   2.660937e-02   0.000000e+00   9.923103e-01   2.890450e-05   2.677219e-02   1.168964e-02   5.811501e-03   4.946671e-03   8.038154e-01   3.344462e-02   3.029445e-01   4.469498e-01   2.056154e-01
   3.002032e-01   9.999922e-01   9.996373e-01   1.155231e-01   1.000000e+00   9.333634e-01   9.673135e-01   2.992030e-02   1.620623e-02   0.000000e+00   1.059830e-04   8.250531e-02   6.005072e-01   4.315359e-01   6.069205e-01   2.281753e-01   3.760771e-01
   2.153649e-01   1.000000e+00   0.000000e+00   1.000000e+00   1.930507e-02   1.376001e-03   0.000000e+00   2.823541e-02   9.181639e-01   1.516645e-01   1.136471e-01   7.985256e-03   8.573433e-01   1.931354e-01   7.237835e-02   4.999837e-01   1.043884e-01
   2.873926e-03   4.034757e-01   9.827758e-01   7.639713e-02   4.376801e-02   1.000000e+00   1.412762e-01   4.652278e-01   3.459417e-01   4.120500e-02   5.881226e-01   6.532219e-01   6.107950e-01   5.405454e-01   4.885098e-01   4.430748e-01   4.961161e-01
   2.341463e-01   9.999922e-01   9.996373e-01   4.306462e-02   0.000000e+00   3.264044e-02   5.565743e-03   2.992030e-02   3.169128e-04   0.000000e+00   1.931476e-02   8.281763e-02   8.037227e-01   4.049192e-01   6.080681e-01   2.293356e-01   3.760771e-01
   0.000000e+00   9.998389e-01   0.000000e+00   9.102065e-02   0.000000e+00   1.518019e-07   4.109461e-03   3.097319e-02   4.459704e-01   7.338923e-02   1.940455e-02   0.000000e+00   8.089104e-01   5.263758e-01   2.906149e-01   4.506947e-01   7.532822e-01
   1.606946e-03   3.292086e-01   1.000000e+00   1.127641e-01   1.000000e+00   9.885984e-01   9.671238e-01   1.307573e-01   0.000000e+00   1.237953e-01   0.000000e+00   6.550593e-01   5.431925e-01   1.448635e-01   4.836933e-01   5.022350e-01   7.609049e-01
   8.014442e-03   1.464837e-02   0.000000e+00   9.844698e-01   9.900167e-01   9.817699e-01   5.717776e-02   4.489969e-02   9.037118e-01   9.638197e-02   4.663945e-05   1.071871e-01   6.007967e-01   4.344607e-01   6.694772e-02   5.826270e-03   6.411317e-02
   3.315352e-01   2.428934e-01   1.000000e+00   9.330503e-01   9.093430e-01   4.175643e-02   4.524932e-02   4.223411e-01   4.760039e-01   1.171259e-01   4.986574e-01   4.762534e-01   5.555226e-01   4.974954e-01   5.102761e-01   4.961356e-02   4.393824e-02
   2.114332e-02   1.427717e-03   9.981410e-01   1.000000e+00   4.317395e-02   2.362960e-02   1.000000e+00   0.000000e+00   4.400023e-01   2.481450e-02   3.743115e-02   5.359149e-03   5.556121e-01   4.982326e-01   4.967619e-01   0.000000e+00   1.442476e-01
   1.074844e-02   0.000000e+00   9.847228e-01   9.962620e-01   0.000000e+00   1.000000e+00   1.451322e-01   0.000000e+00   6.837038e-01   3.022458e-02   6.814775e-03   0.000000e+00   2.392397e-01   8.026448e-01   2.239925e-03   2.335876e-02   2.209284e-01
   3.002032e-01   1.000000e+00   9.996373e-01   1.163535e-01   1.000000e+00   9.850586e-01   9.673135e-01   3.255751e-02   1.620623e-02   6.350851e-02   1.122585e-01   8.250531e-02   6.272337e-01   4.313862e-01   6.069205e-01   2.281753e-01   2.061836e-01
   2.193833e-02   7.749612e-04   9.215855e-01   9.936475e-01   0.000000e+00   0.000000e+00   8.967401e-02   1.208312e-02   7.556538e-01   2.776796e-02   2.539234e-04   2.154850e-02   1.606062e-01   7.646645e-01   4.496060e-03   2.860699e-02   2.229171e-01
   3.508530e-04   1.000000e+00   1.142622e-01   1.637680e-01   4.741701e-02   2.194477e-02   9.724956e-01   4.590050e-01   4.250057e-01   8.668077e-02   1.933153e-02   4.639000e-01   5.432484e-01   5.226741e-01   1.883073e-02   0.000000e+00   1.794577e-01
   3.707228e-02   9.943231e-01   4.590965e-02   9.944328e-01   9.998025e-01   2.057664e-02   9.595367e-01   4.382730e-01   3.815589e-01   4.332108e-01   5.123018e-01   2.252898e-01   5.932305e-01   5.214946e-01   4.654340e-01   3.836910e-01   4.814572e-01
   1.519877e-03   1.000000e+00   1.130638e-01   5.257149e-02   4.497887e-02   1.000000e+00   1.923480e-02   6.766625e-02   6.379537e-02   8.288294e-03   2.672877e-02   5.235862e-01   5.430733e-01   4.711775e-02   2.114502e-02   3.861245e-01   7.851078e-01
   2.734179e-01   9.946175e-01   1.152393e-03   9.249661e-01   9.985964e-01   8.935163e-01   7.819310e-02   4.384671e-01   8.800174e-01   5.954700e-02   4.986574e-01   4.754335e-01   7.853588e-01   5.203754e-01   4.791468e-01   4.635332e-01   4.629876e-01
   0.000000e+00   3.994343e-02   5.468956e-02   9.889758e-01   1.000000e+00   9.920418e-01   4.350247e-03   1.987591e-02   9.049089e-01   8.035154e-03   5.905051e-01   3.383109e-02   5.703045e-01   4.382191e-01   2.772783e-01   6.812651e-01   1.611653e-01
   0.000000e+00   2.025980e-02   8.367559e-02   1.000000e+00   3.875548e-02   9.997690e-01   4.096787e-03   4.039419e-02   5.161184e-02   5.866404e-02   3.751555e-02   7.760936e-02   5.534392e-01   1.122073e-02   4.685399e-01   4.994922e-03   7.574985e-02
   3.016060e-01   9.998372e-01   5.144236e-02   1.000000e+00   0.000000e+00   1.000000e+00   9.974817e-01   3.340204e-02   4.035217e-01   7.445695e-02   1.951253e-02   1.629972e-02   8.142750e-01   6.439146e-01   2.906149e-01   5.025359e-01   7.473790e-01
   3.967032e-02   9.973204e-01   9.905459e-01   9.455659e-01   9.960594e-01   8.935163e-01   7.819310e-02   8.605244e-02   9.070006e-01   5.865108e-02   4.986574e-01   4.754335e-01   8.085167e-01   5.124510e-01   4.782613e-01   3.616252e-01   4.629876e-01
   2.191630e-01   2.112288e-01   9.988476e-01   1.000000e+00   9.962461e-01   1.000000e+00   9.998392e-01   4.309222e-02   4.303043e-01   4.171183e-02   5.677183e-02   8.606667e-02   6.416009e-01   7.301097e-01   4.415408e-02   4.175003e-01   4.898606e-01
   2.860289e-03   4.023391e-01   9.827758e-01   7.639713e-02   4.383406e-02   9.272209e-01   1.000000e+00   4.652278e-01   3.459417e-01   4.216291e-02   5.874690e-01   6.532219e-01   5.996774e-01   5.405454e-01   4.885098e-01   4.420052e-01   4.961161e-01
   1.334959e-01   9.756295e-01   1.171918e-01   9.614822e-01   0.000000e+00   1.000000e+00   1.000000e+00   4.638249e-01   7.693016e-03   2.097249e-02   7.233491e-05   1.097856e-01   8.017287e-01   2.388581e-01   4.489719e-02   6.592859e-01   7.422860e-01
   2.101240e-02   0.000000e+00   9.973182e-01   1.658115e-01   4.577196e-03   1.000000e+00   9.963731e-01   4.382987e-01   6.398564e-03   1.108974e-02   4.219999e-03   3.738688e-02   5.552037e-01   1.367432e-01   6.755738e-02   0.000000e+00   6.147129e-01
   2.800423e-01   1.136078e-03   9.970109e-01   6.898462e-02   0.000000e+00   9.537034e-03   1.000000e+00   4.700962e-02   4.348623e-01   4.104604e-01   5.284906e-01   4.336995e-01   5.706944e-01   5.551828e-01   4.882413e-01   4.882910e-01   1.190825e-01
   3.061773e-02   4.284402e-01   1.380831e-01   9.991742e-01   1.000000e+00   9.817715e-01   9.876541e-01   5.325568e-01   4.618231e-01   8.911409e-02   7.126144e-01   4.747901e-01   5.582451e-01   4.531165e-01   1.748409e-01   4.978381e-01   5.899903e-01
   2.754215e-01   3.028162e-02   9.970109e-01   9.296866e-02   0.000000e+00   9.537034e-03   9.758415e-01   4.919184e-02   4.378457e-01   4.104604e-01   6.593929e-01   4.316393e-01   5.706944e-01   5.540230e-01   4.882413e-01   4.882910e-01   6.037186e-01
   0.000000e+00   1.000000e+00   1.936215e-02   9.780196e-01   2.627143e-02   0.000000e+00   9.923103e-01   2.890450e-05   2.677219e-02   1.009413e-02   6.248670e-03   4.946671e-03   1.881852e-01   2.518030e-03   2.882055e-01   4.469498e-01   2.056154e-01
   7.884187e-03   1.000000e+00   4.560571e-02   5.306099e-02   9.998056e-01   9.905427e-01   0.000000e+00   1.163625e-02   4.785199e-01   5.736363e-02   2.669192e-02   8.552381e-02   5.427956e-01   1.068189e-02   6.525035e-02   5.871084e-01   7.263169e-01
   2.210796e-01   1.726562e-02   1.000000e+00   1.298501e-01   1.000000e+00   1.000000e+00   4.515536e-02   4.642615e-03   4.268939e-01   1.191993e-01   0.000000e+00   3.786732e-02   8.714601e-01   4.943349e-01   3.713130e-02   4.895533e-01   8.621052e-01
   3.354095e-01   4.284402e-01   1.413389e-01   1.000000e+00   1.000000e+00   9.817715e-01   9.876541e-01   5.362138e-01   5.929487e-01   9.118492e-02   6.884976e-01   4.747901e-01   5.582451e-01   4.531165e-01   1.450502e-02   4.815613e-01   9.956575e-02
   0.000000e+00   1.000000e+00   1.000000e+00   9.102065e-02   0.000000e+00   1.518019e-07   1.000000e+00   2.580759e-02   8.519919e-01   4.119490e-02   1.940455e-02   0.000000e+00   8.089104e-01   5.263744e-01   2.907166e-01   4.454424e-01   7.347671e-01
   0.000000e+00   1.000000e+00   4.172012e-03   1.492098e-01   0.000000e+00   9.915852e-03   0.000000e+00   5.825340e-02   2.248034e-02   1.538456e-01   4.549066e-03   5.410032e-01   5.594910e-01   3.378025e-02   7.640896e-02   6.517271e-01   8.438897e-01
   2.101240e-02   1.000000e+00   9.973182e-01   1.361072e-01   4.577196e-03   9.913036e-01   9.963731e-01   4.382987e-01   0.000000e+00   6.949020e-02   4.262357e-03   3.738688e-02   5.552037e-01   1.367432e-01   6.755738e-02   4.454281e-01   6.147129e-01
   2.063502e-01   2.436285e-02   7.464788e-03   9.939439e-01   9.851474e-01   9.573760e-01   0.000000e+00   5.207992e-01   4.489532e-01   1.657018e-01   1.403046e-02   4.251688e-01   7.964052e-01   7.372039e-01   4.728192e-01   5.829196e-01   7.268815e-01
   3.212520e-01   2.605255e-02   1.133175e-01   6.403364e-02   9.872762e-01   3.306176e-02   4.813625e-02   9.725729e-02   6.380082e-01   9.618123e-02   5.453715e-01   5.305017e-01   4.004192e-01   5.199104e-01   4.941258e-01   4.861409e-01   5.980525e-01
   1.074844e-02   0.000000e+00   9.926619e-01   1.658807e-01   3.379465e-04   1.000000e+00   9.514711e-01   0.000000e+00   7.995542e-01   3.123089e-02   0.000000e+00   6.056376e-03   8.548698e-01   8.375860e-01   2.173896e-02   4.824345e-01   2.209284e-01
   1.186442e-02   1.000000e+00   2.539221e-04   1.125118e-01   0.000000e+00   6.205299e-03   9.798906e-01   4.135936e-01   3.455484e-02   4.362867e-01   4.764386e-02   6.067820e-01   8.137073e-01   6.915338e-01   2.284694e-01   4.805584e-01   7.471932e-01
   1.519877e-03   1.000000e+00   1.130638e-01   5.223274e-02   4.497887e-02   1.000000e+00   1.923480e-02   6.824070e-02   4.410100e-01   4.125807e-01   2.672877e-02   5.235862e-01   5.430733e-01   4.711775e-02   2.114502e-02   3.861245e-01   7.851078e-01
   4.395354e-03   3.975699e-02   9.740141e-01   1.084436e-01   9.999991e-01   9.942042e-01   4.350247e-03   1.413358e-01   2.368886e-03   1.241539e-01   0.000000e+00   6.380112e-04   8.796701e-01   4.304528e-01   2.776403e-01   6.577961e-01   4.740484e-01
   1.682162e-01   1.948324e-01   1.000000e+00   9.577364e-01   1.000000e+00   9.817750e-01   9.876541e-01   5.119273e-01   4.656707e-01   7.928766e-02   4.079586e-02   4.601124e-01   8.173683e-01   7.354621e-01   1.072160e-01   3.509716e-01   4.894623e-01
   1.334959e-01   9.756295e-01   1.171918e-01   1.527179e-01   0.000000e+00   1.000000e+00   1.000000e+00   4.638249e-01   7.208745e-01   2.097249e-02   7.233491e-05   1.097856e-01   8.017287e-01   2.388581e-01   4.796916e-01   4.477193e-01   7.422860e-01
   2.800423e-01   1.136078e-03   1.126986e-01   1.000000e+00   0.000000e+00   9.979097e-01   1.000000e+00   4.678336e-02   4.348623e-01   2.477687e-02   5.284906e-01   7.293223e-02   8.069248e-01   5.551828e-01   5.028404e-01   4.543116e-01   1.342721e-01
   6.515810e-01   1.000000e+00   0.000000e+00   9.931351e-01   9.999049e-01   6.186558e-02   6.204908e-03   5.249113e-01   4.060476e-01   4.190388e-01   6.228303e-01   5.316240e-01   3.980282e-01   4.965934e-01   4.928869e-01   3.754526e-01   5.839604e-01
   1.276260e-02   2.502515e-02   9.694795e-01   1.298501e-01   9.923712e-01   9.830026e-01   4.188553e-03   0.000000e+00   4.310405e-01   6.049306e-02   2.773299e-02   7.418352e-03   8.106714e-01   8.278768e-01   3.080722e-01   4.709121e-01   8.479261e-01
   2.131826e-02   1.000000e+00   1.000000e+00   5.771596e-02   1.247545e-03   1.000000e+00   9.936151e-01   6.766625e-02   6.419653e-02   4.332615e-03   4.129353e-03   5.235862e-01   5.430733e-01   4.711775e-02   2.114502e-02   3.861245e-01   7.851078e-01
   1.912324e-02   1.000000e+00   1.936215e-02   9.780196e-01   1.377151e-02   1.000000e+00   9.923103e-01   2.890450e-05   8.947680e-01   1.009413e-02   7.402769e-05   4.946671e-03   1.881852e-01   2.518030e-03   2.882055e-01   4.469498e-01   2.056154e-01
   1.098461e-01   9.944185e-01   2.532829e-03   1.936138e-02   1.000000e+00   9.898618e-01   9.417456e-01   3.907963e-01   8.111323e-01   8.904665e-02   6.212546e-01   4.626689e-01   6.265495e-01   3.168379e-02   4.714510e-01   4.085891e-01   1.119845e-01
   2.749189e-01   6.333180e-02   1.000000e+00   8.557893e-02   9.474205e-01   3.841257e-02   4.813245e-02   2.879137e-01   7.384191e-01   9.872495e-02   6.673569e-01   4.661209e-01   5.375156e-01   5.079107e-01   4.657833e-01   3.868899e-01   8.206534e-01
   1.681317e-01   1.890151e-01   2.115987e-01   9.242614e-01   9.533838e-01   9.844139e-01   9.642463e-02   4.355085e-01   4.565694e-01   5.889541e-02   3.377255e-02   4.980610e-01   1.592110e-01   5.136126e-01   5.243905e-01   3.628995e-01   4.626066e-01
   2.101240e-02   0.000000e+00   9.971202e-01   1.514283e-01   0.000000e+00   9.997678e-01   9.963731e-01   4.253665e-02   4.864394e-03   1.823982e-02   4.836314e-03   3.738688e-02   5.552037e-01   1.344378e-01   6.755738e-02   0.000000e+00   6.147129e-01
   2.191630e-01   2.170235e-01   1.357338e-01   1.000000e+00   9.784057e-01   1.000000e+00   8.411956e-03   4.309222e-02   4.303043e-01   4.171183e-02   2.914648e-02   1.039436e-01   6.416009e-01   7.072859e-01   2.165130e-02   4.175003e-01   4.854620e-01
   2.210796e-01   1.726562e-02   1.000000e+00   1.298501e-01   1.000000e+00   1.000000e+00   4.515536e-02   1.870774e-02   4.268939e-01   5.070021e-02   0.000000e+00   5.041518e-03   8.714601e-01   4.944343e-01   3.713130e-02   4.950300e-01   4.738440e-01
   2.931058e-01   1.115646e-02   1.000000e+00   9.986823e-01   9.994654e-01   9.956371e-01   9.756224e-01   2.514417e-03   4.601271e-01   5.983920e-02   4.753645e-01   8.602188e-02   5.828469e-01   7.675062e-01   3.178979e-01   4.645024e-01   5.103727e-01
   3.099848e-01   1.000000e+00   6.493974e-02   7.782072e-05   9.778421e-01   9.974036e-01   0.000000e+00   1.906807e-02   3.973333e-01   5.388620e-02   0.000000e+00   5.677956e-01   1.520532e-01   5.256844e-01   2.452862e-02   4.921792e-01   1.416821e-01
   2.955289e-06   9.522292e-01   1.000000e+00   3.296971e-02   9.892137e-01   0.000000e+00   0.000000e+00   5.967621e-02   4.220014e-01   3.717361e-02   4.994293e-06   7.997464e-02   8.030116e-01   3.223090e-02   2.854091e-01   6.412385e-01   1.336662e-01
   2.081612e-01   9.622004e-01   3.076208e-02   7.095694e-03   5.547572e-02   9.940161e-01   1.517403e-01   5.055023e-01   4.610695e-01   1.676257e-01   6.577151e-01   4.692632e-01   5.877102e-01   7.196164e-01   4.493875e-02   4.500585e-01   1.360275e-01
   1.776344e-01   1.000000e+00   4.560571e-02   5.546327e-02   5.489212e-02   3.742185e-02   0.000000e+00   1.163625e-02   4.785199e-01   5.736363e-02   2.669192e-02   3.908092e-03   5.427956e-01   1.068189e-02   6.525035e-02   5.812462e-01   7.263169e-01
   1.000000e+00   1.557358e-01   5.782709e-02   3.701599e-01   3.537253e-01   3.374239e-02   4.420100e-01   3.879605e-01   4.076379e-01   2.752140e-01   5.388891e-01   4.945185e-01   6.942178e-01   5.542548e-01   3.280754e-01   4.940767e-01   3.136957e-01
   1.891803e-03   1.000000e+00   7.524635e-06   3.432172e-02   1.000000e+00   9.898618e-01   1.113964e-01   4.937504e-01   4.595420e-01   8.904665e-02   1.018821e-01   4.626689e-01   6.244982e-01   4.749694e-02   4.320801e-01   4.027575e-01   7.223203e-01
   2.063467e-02   3.337744e-01   1.000000e+00   9.581683e-01   2.887669e-02   1.000000e+00   9.501919e-01   1.337806e-01   9.210502e-01   5.602309e-02   4.278702e-04   5.849177e-02   8.307750e-01   6.116620e-01   4.866453e-01   4.811392e-01   2.164319e-01
   1.918163e-03   1.000000e+00   8.870327e-01   1.000000e+00   1.000000e+00   9.955720e-01   0.000000e+00   3.386235e-01   7.400657e-01   2.493119e-02   5.359185e-01   4.098859e-01   8.034071e-01   3.004302e-01   2.911046e-01   5.825261e-01   5.859861e-01
   1.214016e-03   1.000000e+00   9.370355e-02   1.309628e-01   4.595222e-02   9.913036e-01   2.199281e-02   4.382987e-01   0.000000e+00   8.203459e-02   2.686177e-02   3.738688e-02   5.552037e-01   1.367432e-01   6.755738e-02   4.454281e-01   6.147129e-01
   0.000000e+00   9.999802e-01   8.367559e-02   1.000000e+00   5.461624e-02   9.997681e-01   4.126129e-03   4.152358e-02   6.326735e-02   4.934960e-03   1.943302e-02   2.151865e-02   5.597334e-01   1.122073e-02   1.445087e-02   5.212403e-03   1.003799e-01
   2.089497e-01   9.286105e-01   9.996321e-01   1.913432e-02   3.854373e-02   1.000000e+00   2.434605e-02   3.123099e-02   8.952247e-01   2.451502e-02   0.000000e+00   9.151336e-02   5.503842e-01   3.990741e-01   4.799455e-01   5.365915e-01   6.141435e-01
   3.100301e-01   4.006739e-02   6.493974e-02   1.000000e+00   9.999441e-01   1.000000e+00   0.000000e+00   5.002942e-03   4.377233e-01   1.223853e-01   0.000000e+00   3.788255e-02   8.117619e-01   4.317202e-01   2.811501e-01   6.532312e-01   8.604633e-01
   3.022442e-02   2.152750e-01   9.948994e-01   9.991692e-01   9.996378e-01   7.845965e-03   9.568892e-01   5.304177e-01   4.208647e-01   4.297998e-01   0.000000e+00   4.746098e-01   2.676960e-02   4.707348e-01   5.830873e-02   4.845609e-01   1.050905e-01
   2.873926e-03   4.034757e-01   9.827758e-01   7.639713e-02   1.000000e+00   1.000000e+00   1.249638e-01   4.652278e-01   3.459417e-01   4.091458e-02   5.881226e-01   6.532219e-01   5.241779e-01   3.927877e-02   4.917773e-01   4.453602e-01   4.961161e-01
   6.164051e-03   1.543437e-01   1.683563e-01   1.000000e+00   1.000000e+00   9.822254e-01   4.090137e-03   2.898246e-03   3.977553e-02   1.197523e-01   6.630181e-01   0.000000e+00   8.755042e-01   5.162480e-01   7.173514e-02   5.212403e-03   7.925764e-01
   2.931058e-01   1.266717e-02   1.000000e+00   1.000000e+00   1.808875e-02   9.993596e-01   7.657618e-03   4.250303e-02   4.636603e-01   4.405055e-02   4.753645e-01   8.746526e-02   5.352730e-01   5.328459e-01   4.506676e-01   4.658023e-01   6.292817e-01
   2.806884e-01   0.000000e+00   7.540618e-02   1.448511e-01   9.743551e-01   0.000000e+00   3.983184e-02   2.936992e-01   7.486932e-01   9.528673e-02   6.704352e-01   5.284499e-01   8.600715e-01   5.768448e-01   4.671757e-01   4.226299e-01   5.928150e-01
   3.707228e-02   9.943231e-01   4.590965e-02   1.253247e-01   8.674366e-01   2.057664e-02   9.416140e-01   4.449273e-01   9.172273e-01   1.317609e-01   5.123018e-01   2.252898e-01   5.932305e-01   5.214946e-01   4.512964e-01   3.836910e-01   4.814572e-01
   2.920624e-01   1.115646e-02   1.000000e+00   1.000000e+00   2.423230e-02   1.000000e+00   9.998392e-01   4.309222e-02   4.181388e-03   5.967954e-02   4.753645e-01   1.099918e-02   5.834054e-01   7.675062e-01   1.535916e-03   4.645024e-01   4.896127e-01
   3.013526e-01   1.000000e+00   9.991923e-01   1.774756e-02   0.000000e+00   9.889425e-01   1.000000e+00   7.732814e-02   3.247772e-02   1.098177e-01   4.954930e-01   8.702530e-02   5.523608e-01   3.483221e-01   4.948925e-02   6.674696e-01   4.729451e-01
   1.099178e-01   9.944185e-01   1.227440e-03   3.432172e-02   1.000000e+00   9.898618e-01   1.118893e-01   4.937504e-01   2.154826e-02   8.904665e-02   7.326244e-02   5.667581e-01   6.471345e-01   7.477241e-01   4.718201e-01   4.052666e-01   1.124638e-01
   9.408883e-04   9.999964e-01   0.000000e+00   1.000000e+00   3.337425e-02   9.915852e-03   6.161315e-03   5.825340e-02   2.231091e-02   1.575106e-01   0.000000e+00   3.269212e-01   5.594910e-01   3.378025e-02   6.873975e-02   6.724038e-01   8.358639e-01
   2.833668e-01   0.000000e+00   2.400713e-02   1.448511e-01   9.753448e-01   0.000000e+00   9.951343e-01   2.936992e-01   4.208214e-01   9.528673e-02   6.704352e-01   5.284499e-01   8.611291e-01   5.780905e-01   4.659315e-01   4.186697e-01   5.933453e-01
   0.000000e+00   3.994343e-02   2.912296e-02   9.889758e-01   9.698241e-01   9.920418e-01   4.350247e-03   1.987591e-02   9.049089e-01   1.112859e-01   5.912835e-01   8.670187e-02   5.703045e-01   4.363386e-01   2.772783e-01   6.812651e-01   1.611653e-01
   2.191630e-01   2.112288e-01   9.755158e-01   8.121550e-02   9.962579e-01   1.000000e+00   9.998392e-01   4.309222e-02   4.535886e-01   4.171183e-02   5.677183e-02   4.654554e-01   6.416009e-01   7.301097e-01   4.415408e-02   4.175003e-01   4.831541e-01
   2.879640e-01   0.000000e+00   2.532829e-03   1.936138e-02   1.000000e+00   9.664558e-01   9.430570e-01   3.851828e-01   8.111323e-01   8.883815e-02   0.000000e+00   4.626689e-01   6.244800e-01   4.334777e-01   2.801308e-01   6.482191e-01   1.119845e-01
   2.038751e-02   9.953033e-01   4.585423e-02   1.457703e-01   4.050025e-03   1.000000e+00   9.965642e-01   4.379444e-01   6.765501e-03   9.454884e-02   4.253280e-03   4.731720e-01   8.635091e-01   6.258120e-01   9.721435e-02   4.467920e-01   7.796910e-01
   1.546290e-03   1.000000e+00   1.493713e-02   1.309628e-01   9.923043e-01   4.013305e-02   2.199281e-02   4.382987e-01   0.000000e+00   6.364420e-02   2.688857e-02   4.299900e-02   8.133239e-01   1.367432e-01   1.071790e-01   4.454281e-01   6.147129e-01
   7.884187e-03   1.000000e+00   4.612683e-02   5.306099e-02   5.278265e-02   9.905427e-01   1.105102e-04   1.163625e-02   7.660524e-02   3.114680e-03   1.990694e-02   6.322336e-03   5.427366e-01   1.068189e-02   6.525035e-02   5.871084e-01   7.263169e-01
   8.503723e-03   2.933521e-02   8.593531e-02   1.000000e+00   9.998125e-01   1.000000e+00   9.991125e-01   1.901444e-02   9.605355e-01   3.006204e-02   1.557670e-04   8.531446e-02   8.022596e-01   4.264748e-01   2.762973e-01   6.587079e-01   4.808394e-01
   3.205734e-01   3.013328e-02   1.000000e+00   1.147429e-01   1.000000e+00   9.940904e-01   9.671238e-01   1.307573e-01   0.000000e+00   1.237953e-01   0.000000e+00   6.550593e-01   5.431925e-01   1.448635e-01   4.836933e-01   5.023411e-01   5.015787e-02
   1.336358e-01   1.000000e+00   0.000000e+00   9.678246e-01   1.930507e-02   0.000000e+00   2.476259e-02   2.823541e-02   9.181639e-01   1.516645e-01   1.136471e-01   7.985256e-03   8.573433e-01   1.931354e-01   4.760868e-01   5.000596e-01   1.043884e-01
   3.068784e-02   4.344787e-01   3.170942e-02   1.000000e+00   1.000000e+00   1.448813e-01   0.000000e+00   5.325568e-01   4.618231e-01   8.911409e-02   7.115408e-01   4.747901e-01   5.565227e-01   7.851378e-01   1.748409e-01   5.404780e-01   5.899903e-01
   3.858162e-01   9.995923e-01   5.275712e-02   1.000000e+00   0.000000e+00   1.000000e+00   5.045554e-04   8.390415e-02   4.153857e-01   7.445695e-02   1.951253e-02   1.629972e-02   5.926516e-01   6.435331e-01   2.912405e-01   5.025359e-01   5.868232e-01
   8.254020e-05   1.463380e-01   1.382569e-01   1.000000e+00   9.997669e-01   9.819985e-01   0.000000e+00   1.669942e-01   3.977553e-02   8.795992e-02   6.897885e-01   0.000000e+00   8.126239e-01   4.575198e-01   7.408888e-02   5.212403e-03   7.925764e-01
   1.606946e-03   1.924133e-01   1.000000e+00   1.127641e-01   1.000000e+00   9.885984e-01   9.671238e-01   1.165434e-01   0.000000e+00   1.237953e-01   0.000000e+00   6.487081e-01   8.667523e-01   1.540095e-01   1.006789e-01   3.511870e-01   7.449801e-01
   2.089497e-01   9.998060e-01   9.996321e-01   1.918553e-02   3.854373e-02   1.000000e+00   3.397837e-02   7.639140e-02   8.952247e-01   1.196250e-01   0.000000e+00   9.151336e-02   5.523282e-01   3.990741e-01   4.799455e-01   6.659505e-01   4.742495e-01
   3.014233e-02   2.112288e-01   1.000000e+00   1.000000e+00   9.987832e-01   1.000000e+00   9.998392e-01   4.509321e-02   0.000000e+00   4.171183e-02   5.208918e-02   8.606667e-02   7.876023e-01   7.301097e-01   5.032164e-02   4.645902e-01   4.898606e-01
   5.466080e-02   9.998361e-01   0.000000e+00   3.917675e-02   9.768279e-01   9.457142e-01   1.000000e+00   5.823829e-01   2.148132e-02   1.166265e-01   3.156131e-02   4.694017e-01   8.747590e-01   2.989462e-02   7.487140e-02   4.031142e-01   4.573369e-01
   1.953154e-02   0.000000e+00   1.000000e+00   9.928609e-01   1.000000e+00   1.000000e+00   9.222091e-02   1.466883e-02   4.356576e-01   3.306299e-02   0.000000e+00   8.445261e-02   1.535974e-01   3.842644e-02   2.908386e-01   6.228347e-01   1.338002e-01
   2.206578e-01   1.136078e-03   1.121399e-01   1.000000e+00   0.000000e+00   9.979097e-01   9.535514e-01   4.678336e-02   4.302835e-01   2.477687e-02   5.284906e-01   1.033992e-01   6.414500e-01   7.039970e-01   5.060621e-01   4.547074e-01   1.342721e-01
   1.334959e-01   9.788439e-01   1.171918e-01   9.614822e-01   0.000000e+00   1.000000e+00   0.000000e+00   6.168526e-02   3.955492e-02   2.097249e-02   7.669494e-06   1.097856e-01   8.030540e-01   2.451772e-01   2.847286e-01   6.592859e-01   7.422860e-01
   2.089497e-01   9.286105e-01   9.996321e-01   1.913432e-02   3.854373e-02   1.000000e+00   1.238220e-02   2.588784e-03   8.952247e-01   2.451502e-02   0.000000e+00   9.151336e-02   2.676794e-01   3.686968e-01   4.468434e-01   4.824437e-01   6.141435e-01
   2.064932e-02   9.658821e-01   1.496410e-01   1.663564e-02   1.900510e-02   9.996634e-01   9.879343e-01   5.483808e-01   5.919440e-01   8.797178e-02   4.430835e-02   5.771587e-02   8.243112e-01   6.171433e-01   4.602314e-01   4.815207e-01   2.202201e-01
   1.332468e-01   9.625505e-01   7.949103e-02   1.000000e+00   0.000000e+00   9.997690e-01   6.122719e-03   4.039419e-02   5.015444e-02   6.015481e-02   3.751555e-02   1.094554e-01   5.534392e-01   1.122073e-02   4.685399e-01   2.713941e-03   7.574985e-02
   1.884047e-03   4.796174e-02   1.349065e-01   9.996365e-01   9.695020e-01   1.000000e+00   9.876541e-01   1.056572e-01   0.000000e+00   5.335712e-02   7.040295e-01   6.704587e-01   8.134768e-01   2.983698e-01   1.061498e-02   4.815613e-01   5.920841e-01
   1.927680e-03   1.000000e+00   7.039819e-02   9.963788e-01   1.000000e+00   9.955720e-01   0.000000e+00   3.386235e-01   8.014225e-01   2.968353e-02   5.359185e-01   4.098859e-01   8.034071e-01   8.020008e-01   5.052848e-03   5.825261e-01   2.651116e-01
   4.734265e-04   0.000000e+00   2.354317e-02   9.988170e-01   9.999892e-01   8.823790e-01   9.891642e-01   3.355630e-02   0.000000e+00   9.742661e-03   1.858137e-02   6.551246e-01   5.428683e-01   7.247261e-01   5.089610e-02   5.068123e-01   4.898606e-01
   2.914807e-03   3.924190e-02   9.969991e-01   9.216116e-02   9.937941e-01   1.000000e+00   9.756102e-01   1.519210e-02   4.668083e-01   3.509659e-02   4.090142e-02   4.316393e-01   8.175405e-01   5.540230e-01   4.902283e-01   2.548529e-02   4.840046e-01
   9.300817e-03   9.713993e-01   3.163656e-02   1.000000e+00   9.973120e-01   2.936789e-02   6.440937e-04   8.811100e-02   9.023947e-01   8.374003e-02   4.204321e-02   3.871675e-02   5.877000e-01   7.676887e-01   7.213849e-02   5.008089e-01   7.516133e-01
   1.994995e-02   9.747310e-01   9.996404e-01   0.000000e+00   0.000000e+00   9.887961e-01   4.743330e-02   1.643071e-01   4.154277e-02   2.876212e-02   5.415570e-01   1.095510e-01   8.115984e-01   8.196931e-01   4.942591e-02   4.506057e-01   7.019381e-01
   2.154692e-02   9.747044e-01   4.529952e-02   4.189866e-01   1.798438e-02   0.000000e+00   9.284693e-02   4.456074e-01   8.976545e-01   1.350455e-01   4.712429e-01   2.306432e-01   6.038042e-01   7.025631e-01   8.092247e-03   3.819752e-01   4.756037e-01
   3.151626e-01   4.057078e-02   9.121519e-02   1.000000e+00   1.275219e-02   1.162736e-02   1.197050e-01   0.000000e+00   2.615727e-02   3.985459e-01   5.588102e-01   4.147487e-01   5.659519e-01   8.516452e-01   2.626233e-01   4.583036e-01   1.197620e-01
   2.763081e-01   7.666323e-03   9.972427e-01   1.000000e+00   0.000000e+00   9.979097e-01   9.773734e-01   8.558012e-02   4.348623e-01   2.380150e-02   5.187347e-01   5.435282e-01   8.069248e-01   5.549887e-01   5.028404e-01   4.546511e-01   1.342721e-01
   1.994995e-02   1.000000e+00   9.787853e-01   1.062870e-01   2.630831e-02   1.438910e-02   0.000000e+00   9.049824e-04   2.663033e-02   4.334456e-01   5.415570e-01   4.874681e-03   8.116819e-01   8.640343e-01   5.782726e-02   4.472304e-01   2.144911e-01
   3.228433e-01   2.494496e-02   9.999915e-01   9.946920e-01   9.499085e-01   3.388986e-02   9.977492e-01   6.666162e-02   6.246543e-01   8.448141e-02   5.927986e-01   9.660806e-02   2.992195e-01   5.420912e-01   5.109046e-01   4.819729e-01   6.086704e-02
   2.191630e-01   2.294597e-01   9.988476e-01   1.000000e+00   9.962461e-01   9.911368e-01   9.998392e-01   4.309222e-02   4.297542e-01   4.171183e-02   5.677183e-02   1.163740e-01   8.192339e-01   7.301097e-01   4.415408e-02   4.175003e-01   7.480749e-01
   5.937243e-03   1.000000e+00   6.839108e-02   9.922136e-01   4.513603e-02   1.000000e+00   6.397351e-02   6.766625e-02   6.379537e-02   8.288294e-03   2.672877e-02   5.235862e-01   5.396445e-01   7.331766e-02   2.114502e-02   3.861245e-01   7.851078e-01
   3.707228e-02   9.943231e-01   4.590965e-02   1.253247e-01   8.674366e-01   2.066091e-02   9.416140e-01   4.637263e-01   3.094448e-02   1.317609e-01   3.913752e-02   2.880803e-01   5.932305e-01   5.214946e-01   4.512964e-01   3.836910e-01   4.814572e-01
   3.099848e-01   1.000000e+00   6.493974e-02   7.782072e-05   9.778421e-01   9.361418e-01   9.761108e-01   2.368312e-02   3.973333e-01   5.441377e-02   0.000000e+00   5.677956e-01   1.520532e-01   5.256844e-01   2.452862e-02   4.936518e-01   1.416821e-01
   1.274149e-02   0.000000e+00   1.000000e+00   9.856536e-01   0.000000e+00   1.000000e+00   9.043627e-02   1.256090e-02   8.867857e-01   3.306299e-02   0.000000e+00   8.393634e-02   6.503659e-01   4.719014e-01   6.685086e-02   1.862740e-02   7.769471e-01
   2.804643e-01   0.000000e+00   2.353729e-02   1.448511e-01   6.354597e-02   0.000000e+00   1.000000e+00   3.353061e-01   7.486932e-01   9.528673e-02   6.704352e-01   5.233646e-01   9.012695e-01   6.041489e-01   4.940002e-02   4.266000e-01   5.928150e-01
   3.011390e-01   9.998464e-01   0.000000e+00   1.000000e+00   3.231660e-02   9.753356e-01   1.000000e+00   3.018231e-02   2.785274e-02   2.140738e-04   0.000000e+00   3.411869e-01   8.093233e-01   8.289477e-01   6.796493e-02   4.639471e-01   7.425334e-01
   2.902785e-01   1.000000e+00   1.412549e-01   9.829901e-01   3.137222e-02   9.886913e-01   9.462815e-01   0.000000e+00   3.247772e-02   1.098177e-01   4.954930e-01   6.531952e-03   2.272341e-01   3.275395e-01   7.415113e-03   4.799898e-01   4.728953e-01
   1.682162e-01   3.316277e-01   1.000000e+00   9.577364e-01   1.000000e+00   9.817750e-01   9.876541e-01   5.261412e-01   4.656707e-01   7.928766e-02   4.079586e-02   4.664636e-01   5.519137e-01   7.263161e-01   4.902304e-01   5.020196e-01   5.053871e-01
   2.527380e-02   4.101605e-01   1.000000e+00   7.811094e-02   9.897281e-01   9.996689e-01   1.249638e-01   4.652278e-01   0.000000e+00   4.091458e-02   5.881226e-01   6.532219e-01   5.241779e-01   3.927877e-02   4.896897e-01   4.453602e-01   4.689602e-01
   1.212380e-01   3.594025e-02   8.564736e-03   1.000000e+00   9.999049e-01   4.201816e-03   5.639198e-04   5.215666e-01   3.696729e-01   4.185813e-01   6.212030e-01   5.198032e-01   3.980282e-01   4.965934e-01   5.023800e-01   3.695564e-01   5.862789e-01
   2.251303e-01   9.995101e-01   1.527721e-02   1.000000e+00   1.000000e+00   2.704415e-02   3.970511e-03   1.278722e-02   4.874870e-01   6.349800e-02   5.964001e-01   5.333302e-01   8.640083e-01   7.200644e-02   1.173894e-01   5.169645e-01   7.995877e-01
   6.164051e-03   1.543437e-01   1.683563e-01   9.951450e-01   1.000000e+00   5.465639e-02   0.000000e+00   2.898246e-03   3.980226e-02   3.023045e-02   6.630181e-01   0.000000e+00   5.245231e-01   5.162480e-01   4.385381e-02   5.212403e-03   7.965902e-01
   2.892752e-01   1.000000e+00   1.000000e+00   1.448511e-01   9.743551e-01   0.000000e+00   3.983184e-02   2.961451e-01   7.486932e-01   5.548030e-03   2.642517e-03   5.282984e-01   8.728637e-01   5.553495e-01   4.671757e-01   4.226299e-01   5.928150e-01
   2.549243e-01   2.170235e-01   1.362925e-01   1.000000e+00   9.981946e-01   1.000000e+00   5.486056e-02   4.309222e-02   4.348831e-01   4.171183e-02   2.914648e-02   7.347668e-02   8.070756e-01   5.584718e-01   2.165130e-02   4.171045e-01   4.854620e-01
   2.955289e-06   9.750802e-01   9.450882e-01   3.296971e-02   9.892137e-01   0.000000e+00   1.000000e+00   4.618159e-01   4.246337e-01   3.717361e-02   6.965971e-05   7.997464e-02   8.016864e-01   2.591176e-02   4.557770e-02   6.412385e-01   1.336662e-01
   1.959621e-02   7.749612e-04   9.215855e-01   9.997593e-01   0.000000e+00   0.000000e+00   9.991322e-01   0.000000e+00   1.241756e-02   2.776796e-02   2.539234e-04   2.154850e-02   7.950609e-01   8.419299e-01   4.496060e-03   4.579247e-01   2.328126e-01
   2.227081e-03   1.000000e+00   1.349065e-01   9.996365e-01   9.708961e-01   6.823267e-02   1.276417e-01   1.056347e-01   0.000000e+00   9.014075e-02   7.034570e-01   6.704587e-01   5.481647e-01   8.684187e-02   6.037748e-01   4.815613e-01   5.897257e-01
   3.354095e-01   4.284402e-01   1.088259e-02   1.000000e+00   1.000000e+00   9.817715e-01   9.834897e-01   2.485167e-02   9.188748e-01   9.129298e-02   6.884976e-01   4.747901e-01   5.582451e-01   4.531165e-01   2.906821e-02   4.815613e-01   9.852852e-02
   1.073892e-02   2.278990e-02   8.725216e-01   9.998832e-01   0.000000e+00   1.000000e+00   9.514711e-01   0.000000e+00   7.381974e-01   2.488303e-02   0.000000e+00   6.056376e-03   2.392397e-01   3.002988e-01   2.930516e-01   4.824345e-01   5.817727e-01
   2.952106e-01   4.175454e-03   9.995385e-01   1.000000e+00   4.592461e-02   1.107107e-01   1.795911e-04   1.265022e-02   2.135294e-02   8.418644e-02   4.204321e-02   3.900472e-02   1.607915e-01   7.847930e-01   6.607455e-02   4.644287e-01   7.516133e-01
   3.707228e-02   9.948572e-01   8.930406e-02   1.253247e-01   8.674366e-01   2.109695e-02   9.388759e-01   5.464594e-01   2.649987e-02   2.448336e-02   5.721992e-01   4.989942e-01   1.200259e-01   5.214946e-01   4.512964e-01   4.925568e-01   7.760833e-01
   5.702043e-03   1.000000e+00   1.279430e-01   1.637680e-01   5.709260e-02   3.029542e-02   9.724956e-01   4.333314e-01   4.250057e-01   4.252476e-02   1.933153e-02   4.597255e-01   5.401106e-01   5.258601e-01   1.910669e-02   0.000000e+00   1.794577e-01
   2.200779e-01   9.233223e-01   1.000000e+00   1.934500e-02   9.770073e-01   1.000000e+00   2.416900e-02   2.316754e-02   8.953940e-01   4.359547e-02   0.000000e+00   7.922828e-02   5.511502e-01   5.276242e-01   5.918774e-01   5.601373e-01   6.124170e-01
