   2.093034e-17   3.418184e-01   7.163568e-01   0.000000e+00   6.095490e-01   4.510935e-06
   5.671517e-01   8.246829e-01   0.000000e+00   0.000000e+00   0.000000e+00   0.000000e+00
   1.199970e-19   2.807768e-17   4.585476e-01   6.986791e-01   3.367094e-06   5.517224e-01
   2.826963e-33   4.616781e-17   4.031056e-17   1.000934e+00   0.000000e+00   0.000000e+00
   8.228265e-01   0.000000e+00   5.699600e-01   0.000000e+00   0.000000e+00   0.000000e+00
   1.001003e+00   0.000000e+00   0.000000e+00   0.000000e+00   0.000000e+00   4.723966e-06
   9.338215e-01   3.641259e-01   1.734957e-02   0.000000e+00   0.000000e+00   0.000000e+00
   4.229360e-04   9.374567e-01   3.648432e-03   0.000000e+00   0.000000e+00   3.521629e-01
   5.716492e-17   9.335740e-01   3.602068e-01   1.612034e-04   0.000000e+00   0.000000e+00
   7.193433e-04   8.210436e-01   1.076514e-02   4.650295e-01   0.000000e+00   3.330048e-01
   3.533666e-17   5.770915e-01   8.177162e-01   7.834695e-04   0.000000e+00   4.527656e-06
   6.129223e-17   1.000978e+00   0.000000e+00   0.000000e+00   0.000000e+00   4.452055e-06
   3.503413e-17   2.934168e-18   5.741538e-01   0.000000e+00   8.204911e-01   4.428034e-06
   3.543950e-17   5.787709e-01   0.000000e+00   8.171889e-01   0.000000e+00   0.000000e+00
   3.817595e-20   5.006214e-20   2.156008e-22   3.436082e-17   5.070956e-17   1.000364e+00
   1.232514e-01   2.292314e-01   1.672465e-01   8.253277e-01   1.587324e-03   4.757021e-01
   5.000776e-17   8.166886e-01   3.310350e-05   0.000000e+00   5.786508e-01   3.880994e-06
   9.342204e-01   6.678277e-02   1.174364e-01   0.000000e+00   3.331775e-01   0.000000e+00
   6.950933e-01   5.655963e-01   0.000000e+00   0.000000e+00   4.457987e-01   2.496466e-04
   8.207884e-01   0.000000e+00   4.299868e-05   0.000000e+00   0.000000e+00   5.741161e-01
   3.190825e-17   4.784409e-17   9.391802e-01   0.000000e+00   3.476763e-01   0.000000e+00
   5.755644e-17   9.399680e-01   0.000000e+00   3.469540e-01   0.000000e+00   0.000000e+00
   1.276248e-21   5.748519e-17   9.388044e-01   3.477597e-01   0.000000e+00   4.545716e-06
   3.886596e-01   1.563476e-02   0.000000e+00   7.132596e-01   4.789481e-01   3.369862e-01
   5.373911e-02   2.639822e-01   7.095451e-01   2.707518e-01   4.664205e-02   5.918188e-01
   3.380787e-04   1.616929e-01   4.885435e-01   0.000000e+00   7.139101e-01   4.785163e-01
   7.943990e-01   4.231635e-01   4.379843e-01   4.764641e-03   0.000000e+00   0.000000e+00
   1.519748e-20   1.992927e-20   5.753723e-20   3.425231e-17   5.078382e-17   1.000376e+00
   9.388955e-01   7.358504e-05   0.000000e+00   3.474412e-01   0.000000e+00   0.000000e+00
   5.203568e-19   3.081643e-17   1.623986e-17   5.689406e-01   1.099806e-06   8.235029e-01
   8.381033e-18   1.560510e-17   2.892801e-01   7.689556e-01   2.963850e-01   4.887098e-01
   6.685994e-18   1.029037e-17   2.812618e-17   1.676028e-17   5.710292e-01   8.219500e-01
   3.780241e-01   8.247322e-01   1.260658e-03   4.240408e-01   8.677798e-03   0.000000e+00
   6.127380e-17   1.269495e-18   1.000892e+00   0.000000e+00   0.000000e+00   0.000000e+00
   2.003110e-17   3.271327e-01   2.372096e-01   7.137731e-01   5.949113e-01   2.003865e-04
   9.330712e-01   0.000000e+00   3.618078e-01   0.000000e+00   1.077929e-02   0.000000e+00
   9.441510e-02   0.000000e+00   3.204161e-04   3.052883e-01   4.784919e-01   8.195257e-01
   4.021366e-03   2.705165e-02   7.818365e-04   6.881970e-01   1.106112e-01   7.190253e-01
   3.743322e-01   0.000000e+00   7.328359e-01   0.000000e+00   0.000000e+00   5.755968e-01
   2.589895e-02   1.823458e-01   2.420263e-02   1.911221e-03   9.147428e-01   3.619288e-01
   3.857581e-01   5.362113e-01   4.862152e-01   5.500029e-03   5.735573e-01   6.187747e-04
   5.010500e-17   8.182768e-01   1.111573e-07   0.000000e+00   0.000000e+00   5.775207e-01
   2.167515e-20   4.317939e-17   3.769833e-17   9.361125e-01   0.000000e+00   3.533400e-01
   3.269324e-01   0.000000e+00   7.858008e-05   4.885213e-01   8.221411e-01   0.000000e+00
   1.682090e-17   2.747062e-01   2.240263e-01   9.377568e-01   5.580723e-03   3.018522e-03
   3.582229e-17   5.850225e-01   2.363236e-05   0.000000e+00   3.847231e-01   7.200985e-01
   2.171816e-02   3.441825e-01   5.687483e-05   2.006399e-01   5.910534e-01   7.023306e-01
   2.550386e-01   4.536776e-01   7.803204e-01   3.497392e-01   0.000000e+00   6.982246e-03
   4.151805e-01   9.125966e-01   1.393165e-03   0.000000e+00   8.704867e-03   0.000000e+00
   8.884541e-06   6.520889e-01   0.000000e+00   3.604178e-01   5.791193e-01   3.330083e-01
   4.567919e-01   0.000000e+00   8.942684e-01   0.000000e+00   0.000000e+00   3.689066e-03
   4.501103e-01   3.604762e-01   8.185113e-01   4.740984e-05   0.000000e+00   0.000000e+00
   4.408842e-17   7.200185e-01   4.938423e-01   0.000000e+00   0.000000e+00   4.956861e-01
   2.016495e-17   2.910735e-17   5.782880e-01   8.170983e-01   0.000000e+00   0.000000e+00
   3.852121e-01   5.725168e-01   6.927153e-01   0.000000e+00   3.182343e-03   2.123417e-01
   1.815062e-02   1.701041e-01   1.547734e-01   3.522724e-01   9.099437e-01   0.000000e+00
   4.359628e-01   7.898928e-01   3.890549e-01   7.506545e-05   2.237218e-03   1.883837e-01
   2.330117e-17   3.805370e-01   0.000000e+00   7.193042e-01   4.797337e-01   3.362985e-01
   5.973783e-18   5.310387e-17   8.727222e-01   0.000000e+00   0.000000e+00   4.954705e-01
   7.193370e-01   3.800622e-05   5.748929e-01   4.321491e-05   3.936077e-01   0.000000e+00
   4.370846e-01   6.967731e-03   0.000000e+00   9.010030e-01   0.000000e+00   0.000000e+00
   6.034213e-01   4.964713e-01   3.145940e-05   3.876334e-01   5.002324e-01   1.511405e-10
   4.990414e-01   9.976132e-05   4.926377e-01   2.253512e-04   7.190418e-01   5.544667e-04
   4.899011e-17   8.000692e-01   6.039257e-01   0.000000e+00   5.165900e-04   0.000000e+00
   1.388012e-01   0.000000e+00   3.246143e-01   0.000000e+00   9.407537e-01   0.000000e+00
   1.742354e-17   1.497919e-17   5.244514e-17   9.350899e-01   3.667680e-01   0.000000e+00
   3.636544e-17   5.938928e-01   2.022758e-03   3.648970e-01   5.306702e-03   7.185021e-01
   2.468453e-01   3.612696e-01   0.000000e+00   8.204636e-01   3.790938e-01   3.874639e-04
   2.349903e-05   6.918073e-03   3.006504e-01   5.312083e-01   8.123571e-01   1.270521e-05
   5.762960e-03   3.412610e-01   7.381440e-01   5.858585e-01   0.000000e+00   1.559443e-02
   4.916064e-17   1.100626e-17   8.227292e-01   4.554437e-01   3.938617e-06   3.464209e-01
   1.191864e-03   3.259351e-01   2.170138e-03   4.602136e-01   8.267755e-01   0.000000e+00
   2.930078e-17   4.509663e-17   7.091581e-19   2.937552e-17   1.000835e+00   0.000000e+00
   1.193304e-02   7.098095e-01   3.070163e-01   1.362128e-02   6.109226e-01   1.889954e-01
   3.128301e-01   0.000000e+00   2.848336e-01   5.760324e-01   1.382261e-02   7.004368e-01
   4.047349e-02   4.900205e-01   4.448502e-01   1.795193e-02   2.710560e-01   7.024952e-01
   2.685845e-17   4.386318e-01   3.281253e-01   0.000000e+00   0.000000e+00   8.458758e-01
   2.088691e-18   3.895952e-17   3.167507e-17   8.207186e-01   5.727224e-01   0.000000e+00
   8.207864e-01   3.650379e-02   0.000000e+00   0.000000e+00   4.843536e-01   3.238757e-01
   4.374263e-17   7.143714e-01   0.000000e+00   5.836753e-01   3.894496e-01   1.692483e-02
   1.649362e-03   7.155409e-01   3.828794e-01   5.870758e-01   0.000000e+00   3.041545e-02
   2.825387e-01   4.503656e-01   2.273122e-02   0.000000e+00   8.237155e-01   2.129685e-01
   5.649379e-17   9.226136e-01   0.000000e+00   0.000000e+00   3.894982e-01   3.700620e-03
   7.177236e-01   0.000000e+00   0.000000e+00   3.806288e-01   5.856385e-01   0.000000e+00
   2.537615e-01   3.905626e-01   1.361315e-03   2.543878e-01   8.486001e-01   0.000000e+00
   3.554544e-18   3.448081e-17   5.660987e-01   0.000000e+00   0.000000e+00   8.261731e-01
   4.741627e-03   5.823868e-01   0.000000e+00   0.000000e+00   8.194484e-01   0.000000e+00
   7.905030e-01   1.749484e-01   1.706733e-03   3.905110e-01   4.553928e-09   4.419275e-01
   3.018146e-04   6.012495e-01   5.442766e-01   4.717812e-01   7.567124e-05   3.527145e-01
   5.814209e-01   7.086299e-01   0.000000e+00   3.079154e-03   2.566291e-01   3.171919e-01
   5.797109e-01   0.000000e+00   0.000000e+00   0.000000e+00   8.156561e-01   0.000000e+00
   1.505828e-17   2.459204e-01   1.839646e-01   0.000000e+00   4.552481e-01   8.479965e-01
   2.753396e-17   4.496636e-01   0.000000e+00   6.851428e-01   0.000000e+00   5.757113e-01
   2.472798e-01   3.860871e-01   4.526039e-01   2.768742e-01   7.190315e-01   5.544587e-04
   2.254943e-02   5.460600e-01   4.811487e-01   3.860021e-01   5.704039e-01   1.323939e-02
   6.018637e-01   4.717049e-05   7.199783e-01   3.489735e-01   0.000000e+00   0.000000e+00
   4.419758e-01   5.486624e-04   0.000000e+00   0.000000e+00   2.605566e-01   8.669965e-01
   1.674545e-33   2.734740e-17   2.082591e-18   4.479100e-01   6.890039e-01   5.710269e-01
   1.134063e-01   0.000000e+00   8.219974e-02   2.503289e-01   9.117318e-01   3.361626e-01
   6.582755e-01   9.950610e-03   3.155826e-01   6.859768e-01   0.000000e+00   0.000000e+00
   8.204588e-01   0.000000e+00   0.000000e+00   5.736186e-01   0.000000e+00   4.724401e-06
   5.608277e-01   0.000000e+00   2.918914e-05   0.000000e+00   0.000000e+00   8.288932e-01
   2.848713e-01   4.260490e-01   1.575381e-01   8.185810e-01   0.000000e+00   2.125120e-01
   3.860089e-01   6.159643e-04   2.046091e-01   9.004763e-01   0.000000e+00   3.139499e-02
   8.034738e-05   9.479259e-02   4.832642e-01   1.885920e-01   2.517602e-01   8.126799e-01
   6.967138e-01   5.648580e-01   0.000000e+00   4.449371e-01   0.000000e+00   0.000000e+00
   4.632406e-01   7.862482e-02   1.632180e-01   0.000000e+00   7.897924e-01   3.625678e-01
   2.459885e-01   5.867267e-01   3.613646e-02   5.956509e-01   0.000000e+00   4.930727e-01
   5.421063e-01   1.018483e-02   1.149232e-02   7.685506e-01   3.834915e-01   5.500761e-03
   5.868952e-01   1.621570e-02   1.752502e-01   1.588177e-03   3.612139e-01   7.150417e-01
   2.899206e-17   4.734763e-01   6.431851e-08   0.000000e+00   6.673645e-01   5.775113e-01
   3.271946e-01   2.604862e-04   6.883099e-01   2.031385e-05   5.934176e-01   2.611609e-01
   1.543000e-01   0.000000e+00   0.000000e+00   8.010980e-02   8.053983e-01   5.763270e-01
   3.220975e-01   6.075858e-01   2.072181e-01   2.884571e-04   0.000000e+00   7.033847e-01
   7.345554e-01   5.954912e-01   0.000000e+00   0.000000e+00   0.000000e+00   3.286156e-01
   3.761821e-01   6.973228e-02   8.224153e-01   3.361493e-01   0.000000e+00   2.667024e-01
   5.296684e-04   2.533246e-01   8.070585e-01   0.000000e+00   4.765906e-01   3.310693e-01
   2.482312e-01   1.042517e-03   0.000000e+00   4.773189e-01   0.000000e+00   8.460740e-01
   5.870204e-01   0.000000e+00   0.000000e+00   3.243084e-01   4.746786e-01   5.747102e-01
   1.928703e-18   4.741614e-17   7.750046e-01   2.870837e-01   5.647273e-01   1.291412e-02
   3.789248e-01   3.071877e-01   0.000000e+00   2.835611e-01   4.509799e-05   8.276756e-01
   2.660269e-17   4.344549e-01   9.104974e-01   0.000000e+00   0.000000e+00   4.547269e-06
   1.160155e-03   2.319218e-07   5.850862e-01   1.880249e-04   5.999425e-01   5.536147e-01
   1.472990e-02   2.722458e-01   2.459296e-01   5.606780e-01   2.525718e-01   7.021702e-01
   6.367884e-03   9.625807e-05   6.843829e-01   6.430672e-01   3.488433e-01   0.000000e+00
   7.183076e-01   2.108832e-04   4.926689e-01   0.000000e+00   0.000000e+00   4.928286e-01
   3.435602e-01   4.187277e-01   0.000000e+00   1.819465e-03   1.516415e-01   8.310176e-01
   2.703918e-01   4.861269e-01   7.680874e-01   4.152973e-03   3.258655e-01   2.058345e-02
   4.688760e-01   2.085287e-02   0.000000e+00   0.000000e+00   6.787587e-01   5.666925e-01
   4.505962e-01   0.000000e+00   0.000000e+00   7.061476e-01   8.381694e-04   5.503962e-01
   4.994167e-01   4.316746e-01   3.114549e-01   6.858133e-01   0.000000e+00   0.000000e+00
   2.401028e-03   3.034768e-01   2.695318e-01   2.200790e-02   9.170970e-01   3.205703e-08
