   0.000000e+00   1.000000e+00   1.000000e+00   0.000000e+00   0.000000e+00   5.000012e-01   4.998217e-01   5.000001e-01   4.999998e-01   4.889501e-01   4.999891e-01   5.000021e-01   5.000149e-01   4.999904e-01   4.999999e-01
   1.000000e+00   1.000000e+00   2.042203e-06   1.184819e-02   1.000000e+00   4.965552e-01   5.875953e-01   5.000001e-01   5.041840e-01   4.999431e-01   5.049340e-01   5.000001e-01   5.001685e-01   5.000001e-01   5.001121e-01
   0.000000e+00   1.000000e+00   1.000000e+00   0.000000e+00   1.000000e+00   5.004826e-01   4.999869e-01   4.999995e-01   5.000000e-01   5.003876e-01   4.999889e-01   4.996335e-01   5.109007e-01   5.000000e-01   5.000000e-01
   1.000000e+00   0.000000e+00   1.000000e+00   9.882008e-01   1.810801e-04   5.109490e-01   5.002504e-01   5.000001e-01   4.999982e-01   5.000013e-01   5.057827e-01   4.996240e-01   5.001493e-01   4.999969e-01   4.999999e-01
   1.000000e+00   1.000000e+00   0.000000e+00   8.026586e-01   1.000000e+00   4.965552e-01   4.958856e-01   5.000001e-01   5.002086e-01   4.999431e-01   5.002150e-01   4.998189e-01   5.001701e-01   5.000001e-01   5.137864e-01
   0.000000e+00   1.000000e+00   0.000000e+00   2.357699e-02   0.000000e+00   5.155606e-01   5.000006e-01   5.000001e-01   5.000432e-01   4.999998e-01   4.999915e-01   4.999147e-01   5.000055e-01   5.694713e-01   5.001932e-01
   0.000000e+00   0.000000e+00   1.000000e+00   9.687677e-01   0.000000e+00   5.000006e-01   5.002408e-01   5.000001e-01   5.000000e-01   4.880676e-01   5.000001e-01   4.996072e-01   4.918590e-01   4.999969e-01   5.000027e-01
   0.000000e+00   9.878897e-01   9.437972e-01   0.000000e+00   1.000000e+00   5.005063e-01   4.999999e-01   4.999995e-01   5.000000e-01   5.003876e-01   4.999889e-01   4.996335e-01   5.108352e-01   5.000000e-01   5.000000e-01
   0.000000e+00   1.000000e+00   1.000000e+00   1.000000e+00   1.000000e+00   5.004851e-01   4.999869e-01   4.999995e-01   4.999998e-01   5.003876e-01   4.802771e-01   4.996335e-01   4.198543e-01   5.000000e-01   5.000000e-01
   1.000000e+00   2.560834e-01   1.341180e-02   7.712413e-01   3.726082e-02   5.000006e-01   5.000000e-01   5.000001e-01   5.000000e-01   5.000000e-01   5.000001e-01   5.000001e-01   5.000003e-01   4.999999e-01   4.999999e-01
   1.000000e+00   3.745777e-01   1.501336e-02   9.893067e-01   3.665667e-02   5.000006e-01   5.000000e-01   5.000001e-01   5.000000e-01   4.999999e-01   5.000000e-01   5.000001e-01   5.000003e-01   4.999999e-01   4.999999e-01
   0.000000e+00   3.618922e-03   1.000000e+00   9.687677e-01   0.000000e+00   5.000006e-01   5.002408e-01   5.000001e-01   5.000000e-01   4.875167e-01   5.000001e-01   4.996107e-01   4.998459e-01   4.999969e-01   5.000027e-01
   9.999153e-01   1.000000e+00   1.000000e+00   1.000000e+00   1.000000e+00   4.999917e-01   4.999869e-01   5.000001e-01   5.000000e-01   5.000087e-01   5.000317e-01   4.996193e-01   4.198543e-01   5.000000e-01   4.999999e-01
   1.000000e+00   3.731845e-01   1.501271e-02   9.873978e-01   3.774121e-02   5.000006e-01   5.000000e-01   5.000001e-01   5.000000e-01   4.999999e-01   5.000000e-01   5.000001e-01   5.000003e-01   4.999999e-01   4.999999e-01
   9.992861e-01   1.000000e+00   0.000000e+00   0.000000e+00   0.000000e+00   4.965614e-01   5.000057e-01   4.999996e-01   5.000842e-01   5.825570e-01   5.000007e-01   4.999807e-01   4.918590e-01   4.999966e-01   4.999992e-01
   1.000000e+00   1.102047e-02   1.341180e-02   7.711155e-01   3.726082e-02   5.000006e-01   5.000000e-01   5.000001e-01   5.000000e-01   5.000000e-01   5.000000e-01   5.000001e-01   5.000003e-01   4.999999e-01   4.999999e-01
   1.000000e+00   3.743618e-01   1.504588e-02   9.886564e-01   1.029250e-02   5.000006e-01   5.000000e-01   5.000001e-01   5.000000e-01   5.000000e-01   5.000000e-01   5.000001e-01   5.000003e-01   4.999999e-01   4.999999e-01
   4.325236e-03   1.000000e+00   1.000000e+00   9.997170e-01   0.000000e+00   5.000004e-01   4.999997e-01   5.000001e-01   5.000000e-01   4.899288e-01   5.000001e-01   4.996295e-01   4.983183e-01   5.000091e-01   5.071781e-01
   1.000000e+00   0.000000e+00   1.387204e-02   8.319808e-01   1.156922e-02   5.000006e-01   5.000000e-01   5.000001e-01   5.000000e-01   5.000000e-01   5.000000e-01   5.000001e-01   5.000003e-01   4.999999e-01   4.999999e-01
   0.000000e+00   4.130390e-03   0.000000e+00   0.000000e+00   1.000000e+00   5.000038e-01   5.000058e-01   5.000000e-01   5.000000e-01   5.009587e-01   5.000007e-01   4.996300e-01   4.918590e-01   5.000002e-01   5.000000e-01
   0.000000e+00   9.792877e-01   1.000000e+00   0.000000e+00   0.000000e+00   5.000012e-01   4.998217e-01   5.000001e-01   4.999999e-01   4.889501e-01   5.000001e-01   5.000022e-01   5.000149e-01   4.999904e-01   4.999999e-01
   4.325236e-03   0.000000e+00   0.000000e+00   0.000000e+00   0.000000e+00   5.000006e-01   4.999963e-01   5.000001e-01   5.000000e-01   4.999999e-01   5.000001e-01   5.027735e-01   5.000003e-01   5.389509e-01   4.999999e-01
   1.000000e+00   0.000000e+00   1.000000e+00   0.000000e+00   9.978934e-01   5.000006e-01   4.839938e-01   5.000001e-01   5.000000e-01   4.999999e-01   5.000000e-01   4.999993e-01   5.000003e-01   4.999972e-01   4.997901e-01
   1.000000e+00   0.000000e+00   1.387204e-02   8.259168e-01   1.156922e-02   5.000006e-01   5.000000e-01   5.000001e-01   5.000000e-01   5.000000e-01   5.000000e-01   5.000001e-01   5.000003e-01   4.999999e-01   4.999999e-01
   0.000000e+00   1.000000e+00   7.347733e-02   1.000000e+00   0.000000e+00   5.004826e-01   4.963533e-01   5.000001e-01   4.999998e-01   5.002026e-01   4.815272e-01   4.919104e-01   5.110437e-01   4.999999e-01   5.000000e-01
   0.000000e+00   2.624537e-01   0.000000e+00   0.000000e+00   1.000000e+00   5.000036e-01   5.000058e-01   5.000001e-01   5.000000e-01   5.000311e-01   5.000007e-01   4.999970e-01   4.918590e-01   5.000000e-01   5.000000e-01
   1.000000e+00   3.425768e-01   1.340832e-02   7.716778e-01   1.469428e-02   5.000006e-01   5.000000e-01   5.000001e-01   5.000000e-01   4.999999e-01   5.000000e-01   5.000001e-01   5.000003e-01   4.999999e-01   4.999999e-01
   0.000000e+00   1.000000e+00   3.367595e-02   0.000000e+00   1.000000e+00   5.004826e-01   4.998249e-01   5.000000e-01   4.999999e-01   4.893528e-01   5.000000e-01   4.996335e-01   5.104258e-01   4.999903e-01   5.000000e-01
   1.000000e+00   1.000000e+00   9.922789e-01   0.000000e+00   8.043372e-03   4.966463e-01   5.905067e-01   5.017658e-01   5.041279e-01   5.000438e-01   5.000001e-01   5.000002e-01   5.001667e-01   5.000001e-01   5.078972e-01
   0.000000e+00   2.555626e-01   0.000000e+00   0.000000e+00   9.360642e-01   5.000034e-01   5.000058e-01   5.000001e-01   5.000000e-01   4.999989e-01   5.000007e-01   4.999873e-01   4.918590e-01   5.000000e-01   4.999999e-01
   0.000000e+00   1.000000e+00   7.294119e-02   0.000000e+00   9.192157e-01   5.004864e-01   4.999703e-01   5.000001e-01   4.988712e-01   5.000289e-01   4.999889e-01   4.996353e-01   5.105571e-01   4.999999e-01   4.999945e-01
   1.000000e+00   1.000000e+00   9.395027e-05   1.000000e+00   9.658152e-01   5.000053e-01   4.999750e-01   4.999996e-01   4.989032e-01   5.004150e-01   5.841242e-01   4.996367e-01   4.920921e-01   5.000001e-01   4.706535e-01
   1.000000e+00   1.000000e+00   0.000000e+00   4.677827e-02   8.043372e-03   4.998629e-01   6.089309e-01   4.950220e-01   5.039257e-01   5.000248e-01   4.999891e-01   5.000002e-01   5.001655e-01   4.999998e-01   5.074690e-01
   0.000000e+00   1.000000e+00   9.907122e-01   1.000000e+00   0.000000e+00   5.000012e-01   5.023649e-01   5.000001e-01   5.002849e-01   4.889501e-01   4.999892e-01   5.000010e-01   5.000121e-01   4.999904e-01   5.000015e-01
   1.000000e+00   3.357264e-01   4.047002e-04   7.652135e-01   1.140908e-02   5.000006e-01   5.000000e-01   5.000001e-01   5.000000e-01   4.999999e-01   5.000000e-01   5.000001e-01   5.000003e-01   5.000000e-01   4.999999e-01
   1.000000e+00   1.355022e-04   1.503645e-02   9.893067e-01   1.379237e-03   5.000006e-01   5.000000e-01   5.000001e-01   5.000000e-01   4.999999e-01   5.000000e-01   5.000001e-01   5.000003e-01   4.999999e-01   4.999999e-01
   1.000000e+00   0.000000e+00   1.387204e-02   1.000000e+00   1.156922e-02   6.184935e-01   4.995731e-01   5.000001e-01   4.999998e-01   5.000000e-01   5.002549e-01   4.920653e-01   5.000003e-01   5.000003e-01   4.999999e-01
   1.000000e+00   2.423017e-01   3.217958e-02   7.712413e-01   1.895593e-01   5.000006e-01   5.000000e-01   5.000001e-01   5.000000e-01   5.000000e-01   5.000001e-01   5.000001e-01   5.000003e-01   4.999999e-01   4.999999e-01
   0.000000e+00   1.082546e-02   1.000000e+00   1.000000e+00   1.000000e+00   5.004851e-01   4.999869e-01   4.999995e-01   4.999998e-01   5.003861e-01   5.000317e-01   4.999870e-01   4.198543e-01   5.000000e-01   4.999940e-01
   0.000000e+00   1.000000e+00   1.023037e-01   6.408367e-03   1.000000e+00   5.004826e-01   4.963533e-01   5.000001e-01   5.000000e-01   4.999999e-01   4.996435e-01   4.996049e-01   5.133926e-01   5.000000e-01   5.000000e-01
   1.000000e+00   1.000000e+00   1.000000e+00   1.184819e-02   8.127556e-03   4.965039e-01   6.027059e-01   4.999996e-01   5.045452e-01   4.897138e-01   4.999819e-01   4.999990e-01   5.001552e-01   4.996290e-01   5.001121e-01
   0.000000e+00   1.000000e+00   5.232887e-04   0.000000e+00   0.000000e+00   5.000219e-01   4.963533e-01   5.000001e-01   4.999998e-01   5.001746e-01   4.818689e-01   4.919104e-01   4.921552e-01   4.999999e-01   5.000000e-01
   0.000000e+00   0.000000e+00   1.000000e+00   0.000000e+00   1.000000e+00   5.000265e-01   5.000003e-01   4.999995e-01   5.000000e-01   5.010033e-01   5.000061e-01   4.999984e-01   5.001612e-01   4.849452e-01   4.992853e-01
   0.000000e+00   1.000000e+00   1.000000e+00   1.000000e+00   9.193486e-01   4.999937e-01   4.999869e-01   4.999995e-01   4.999998e-01   5.003876e-01   4.806137e-01   4.996335e-01   4.198543e-01   5.000000e-01   4.999950e-01
   0.000000e+00   0.000000e+00   1.000000e+00   1.000000e+00   2.523518e-04   5.000007e-01   5.002391e-01   5.000001e-01   5.000000e-01   4.883557e-01   5.000001e-01   4.996102e-01   4.993529e-01   4.999969e-01   5.000027e-01
   3.810317e-05   0.000000e+00   5.362660e-04   0.000000e+00   0.000000e+00   5.000006e-01   4.999963e-01   5.000001e-01   5.000000e-01   4.999999e-01   5.000001e-01   5.000011e-01   5.000003e-01   5.389509e-01   5.072368e-01
   1.000000e+00   2.561870e-01   1.341180e-02   7.712413e-01   3.726082e-02   5.000006e-01   5.000000e-01   5.000001e-01   5.000000e-01   5.000000e-01   5.000001e-01   5.000001e-01   5.000003e-01   4.999999e-01   4.999999e-01
   1.000000e+00   0.000000e+00   0.000000e+00   9.886564e-01   6.664447e-02   5.216095e-01   4.999998e-01   5.000001e-01   5.000000e-01   5.000000e-01   5.000051e-01   5.000001e-01   5.000003e-01   4.999999e-01   4.999999e-01
   1.000000e+00   6.646856e-03   1.000000e+00   1.000000e+00   1.000000e+00   5.000008e-01   5.000000e-01   4.999996e-01   4.999998e-01   5.000059e-01   5.000317e-01   4.999999e-01   4.198543e-01   5.000000e-01   4.999942e-01
   1.000000e+00   3.514436e-01   1.301561e-02   7.712413e-01   1.507031e-02   5.000006e-01   5.000000e-01   5.000001e-01   5.000000e-01   5.000000e-01   5.000001e-01   5.000001e-01   5.000003e-01   4.999999e-01   4.999999e-01
   0.000000e+00   1.000000e+00   0.000000e+00   1.000000e+00   1.000000e+00   4.999401e-01   4.999623e-01   5.000001e-01   5.002186e-01   5.000052e-01   5.118848e-01   4.999954e-01   5.000172e-01   5.000001e-01   4.997191e-01
   1.000000e+00   0.000000e+00   8.743378e-05   9.989429e-01   4.084965e-02   5.000006e-01   4.999963e-01   5.000001e-01   5.000000e-01   4.999999e-01   5.000000e-01   4.999944e-01   4.840670e-01   4.999999e-01   4.999999e-01
   1.000000e+00   2.472771e-01   1.340845e-02   7.712394e-01   3.689114e-02   5.000006e-01   5.000000e-01   5.000001e-01   5.000000e-01   5.000000e-01   5.000000e-01   5.000001e-01   5.000003e-01   4.999999e-01   4.999999e-01
   2.519129e-04   0.000000e+00   0.000000e+00   1.000000e+00   0.000000e+00   5.000047e-01   4.999999e-01   4.999995e-01   5.000000e-01   4.999999e-01   7.304611e-01   5.000001e-01   4.983363e-01   5.353824e-01   5.000017e-01
   1.000000e+00   1.000000e+00   0.000000e+00   9.896986e-01   9.791241e-01   5.000052e-01   4.999998e-01   4.999996e-01   4.999634e-01   5.000008e-01   5.841242e-01   4.996367e-01   4.997225e-01   4.999999e-01   4.998119e-01
   1.000000e+00   0.000000e+00   1.503645e-02   7.640592e-01   9.954909e-04   5.000006e-01   5.000000e-01   5.000001e-01   5.000000e-01   4.999999e-01   5.000000e-01   5.000001e-01   5.000003e-01   4.999999e-01   4.999999e-01
   4.572125e-03   0.000000e+00   1.847581e-03   0.000000e+00   0.000000e+00   5.000006e-01   5.000000e-01   5.000001e-01   5.000000e-01   4.999999e-01   5.000001e-01   4.705293e-01   5.003585e-01   5.000000e-01   5.000017e-01
   2.703355e-05   1.000000e+00   1.000000e+00   1.000000e+00   1.000000e+00   5.004771e-01   4.999869e-01   4.999995e-01   5.000000e-01   5.003931e-01   4.999889e-01   4.996335e-01   5.137556e-01   5.000000e-01   5.000000e-01
   9.933554e-01   2.624537e-01   0.000000e+00   0.000000e+00   0.000000e+00   5.000036e-01   6.011293e-01   5.000001e-01   5.000000e-01   5.000283e-01   5.000007e-01   5.007574e-01   4.918590e-01   5.096680e-01   4.999999e-01
   1.000000e+00   2.623917e-01   1.341180e-02   7.711030e-01   3.521462e-02   5.000006e-01   5.000000e-01   5.000001e-01   4.999999e-01   5.000000e-01   5.000001e-01   5.000001e-01   5.000003e-01   4.999999e-01   4.999999e-01
   0.000000e+00   1.000000e+00   2.042203e-06   1.184819e-02   1.000000e+00   5.000363e-01   4.986985e-01   5.000001e-01   5.041840e-01   4.999999e-01   5.049340e-01   5.000001e-01   5.005764e-01   5.227909e-01   4.999993e-01
   0.000000e+00   1.000000e+00   9.955003e-01   1.000000e+00   1.000000e+00   5.004851e-01   4.999869e-01   4.999995e-01   4.999998e-01   5.003876e-01   4.802771e-01   4.996335e-01   5.085443e-01   5.000000e-01   5.000000e-01
   0.000000e+00   0.000000e+00   1.000000e+00   7.583923e-01   0.000000e+00   5.000007e-01   5.002493e-01   5.000001e-01   5.000000e-01   4.883557e-01   5.000001e-01   4.996102e-01   4.993545e-01   5.000001e-01   5.000027e-01
   1.000000e+00   1.000000e+00   2.042203e-06   9.778928e-01   1.000000e+00   4.968296e-01   5.881075e-01   5.000001e-01   4.999748e-01   4.999431e-01   5.049340e-01   5.000001e-01   5.001685e-01   5.000000e-01   5.001121e-01
   1.303061e-02   9.869988e-01   4.754482e-05   9.893067e-01   1.379237e-03   5.000006e-01   5.000000e-01   5.000001e-01   4.999998e-01   4.999999e-01   5.000000e-01   5.000001e-01   5.000003e-01   4.999999e-01   4.999999e-01
   1.000000e+00   2.562126e-01   1.341180e-02   7.632599e-01   3.736650e-02   5.000006e-01   5.000000e-01   5.000001e-01   5.000000e-01   5.000000e-01   5.000001e-01   5.000001e-01   5.000003e-01   4.999999e-01   4.999999e-01
   0.000000e+00   1.000000e+00   1.325045e-02   1.000000e+00   0.000000e+00   5.000006e-01   4.958856e-01   5.000001e-01   5.000400e-01   4.999412e-01   3.480153e-01   5.000003e-01   5.001706e-01   5.014157e-01   5.446187e-01
   0.000000e+00   1.000000e+00   1.738564e-03   9.924240e-01   0.000000e+00   5.000009e-01   4.963344e-01   5.000107e-01   5.000180e-01   5.002026e-01   4.815272e-01   4.996022e-01   5.126573e-01   4.999999e-01   4.999951e-01
   1.000000e+00   2.472771e-01   1.346554e-02   7.712394e-01   3.584107e-02   5.000006e-01   5.000000e-01   5.000001e-01   5.000000e-01   5.000000e-01   5.000000e-01   5.000001e-01   5.000003e-01   4.999999e-01   4.999999e-01
   1.000000e+00   1.000000e+00   1.512626e-02   8.128161e-01   8.322105e-05   5.000562e-01   5.000057e-01   5.000001e-01   5.000001e-01   4.963608e-01   5.000001e-01   4.999808e-01   4.918590e-01   4.999967e-01   4.999991e-01
   0.000000e+00   1.000000e+00   1.384917e-02   7.202648e-03   0.000000e+00   5.000007e-01   4.963533e-01   5.000001e-01   5.000000e-01   5.000000e-01   4.818689e-01   4.919104e-01   4.921552e-01   4.999999e-01   5.000000e-01
   1.000000e+00   0.000000e+00   0.000000e+00   7.652135e-01   1.141558e-02   5.113008e-01   5.000000e-01   4.999995e-01   5.000000e-01   4.999999e-01   5.020112e-01   5.000001e-01   5.000003e-01   5.000000e-01   5.000017e-01
   0.000000e+00   0.000000e+00   0.000000e+00   1.000000e+00   1.000000e+00   5.139763e-01   4.999622e-01   5.000001e-01   5.002186e-01   5.000052e-01   5.117703e-01   4.999954e-01   5.010036e-01   5.000001e-01   4.997209e-01
   1.533473e-03   9.869988e-01   4.754482e-05   9.893067e-01   3.610144e-02   5.000006e-01   5.000000e-01   5.000001e-01   4.999998e-01   4.999999e-01   5.000000e-01   5.000001e-01   5.000003e-01   4.999999e-01   4.999999e-01
   0.000000e+00   2.011415e-02   7.347733e-02   1.000000e+00   0.000000e+00   5.004841e-01   4.963533e-01   5.000001e-01   5.000000e-01   5.002026e-01   4.999673e-01   5.327970e-01   4.997620e-01   4.999999e-01   5.000000e-01
   0.000000e+00   9.759696e-01   0.000000e+00   1.000000e+00   0.000000e+00   5.000006e-01   4.990403e-01   5.000001e-01   3.064220e-01   4.999746e-01   4.998023e-01   4.917793e-01   4.999999e-01   4.999904e-01   5.177972e-01
   1.000000e+00   1.000000e+00   1.512648e-02   9.905528e-01   8.322105e-05   5.000562e-01   5.000057e-01   5.000001e-01   5.000001e-01   4.963034e-01   5.000001e-01   4.999808e-01   4.918590e-01   5.000002e-01   4.999991e-01
   3.716884e-05   0.000000e+00   0.000000e+00   0.000000e+00   1.000000e+00   5.000006e-01   4.999964e-01   5.000001e-01   5.000000e-01   4.999999e-01   5.122944e-01   5.001113e-01   5.001577e-01   5.035683e-01   4.999999e-01
   1.000000e+00   1.000000e+00   1.000000e+00   1.184819e-02   1.153630e-02   4.965039e-01   5.021836e-01   4.999996e-01   5.044976e-01   4.892983e-01   4.999985e-01   4.999990e-01   5.001444e-01   4.996302e-01   5.001121e-01
   0.000000e+00   3.145459e-03   1.000000e+00   2.087136e-02   0.000000e+00   5.000006e-01   5.002446e-01   5.000001e-01   5.000000e-01   4.091031e-01   5.000042e-01   5.000313e-01   4.998459e-01   4.999969e-01   5.000027e-01
   1.000000e+00   6.646856e-03   1.000000e+00   9.999877e-01   9.849842e-01   5.000008e-01   5.000000e-01   5.000001e-01   5.000000e-01   5.000059e-01   5.000317e-01   5.000001e-01   2.932441e-01   5.000000e-01   4.999942e-01
   1.000000e+00   2.474900e-01   1.340845e-02   7.598582e-01   3.726331e-02   5.000006e-01   5.000000e-01   5.000001e-01   5.000000e-01   5.000000e-01   5.000000e-01   5.000001e-01   5.000003e-01   4.999999e-01   4.999999e-01
   1.000000e+00   2.636763e-01   1.341180e-02   7.710874e-01   3.764456e-02   5.000006e-01   5.000000e-01   5.000001e-01   5.000000e-01   5.000000e-01   5.000000e-01   5.000001e-01   5.000003e-01   4.999999e-01   4.999999e-01
   1.000000e+00   3.425768e-01   1.343585e-02   7.636666e-01   1.469428e-02   5.000006e-01   5.000000e-01   5.000001e-01   5.000000e-01   4.999999e-01   5.000000e-01   5.000001e-01   5.000003e-01   4.999999e-01   4.999999e-01
   1.000000e+00   1.403870e-04   8.545461e-03   9.866116e-01   1.379237e-03   5.000006e-01   4.999999e-01   5.000001e-01   5.000000e-01   4.999999e-01   5.000000e-01   5.000001e-01   5.000003e-01   4.999999e-01   4.999999e-01
   1.000000e+00   1.000000e+00   1.409541e-02   9.778928e-01   1.000000e+00   4.968493e-01   5.879228e-01   5.000001e-01   4.999747e-01   4.999429e-01   4.998997e-01   5.000001e-01   5.001657e-01   5.000000e-01   5.001121e-01
   1.000000e+00   2.557913e-01   1.338420e-02   7.712413e-01   1.895593e-01   5.000006e-01   5.000000e-01   5.000001e-01   5.000000e-01   5.000000e-01   5.000001e-01   5.000001e-01   5.000003e-01   4.999999e-01   4.999999e-01
   1.000000e+00   1.000000e+00   9.984316e-01   1.184819e-02   1.150307e-02   4.964219e-01   5.021166e-01   5.000000e-01   5.000142e-01   4.892983e-01   4.999985e-01   5.000001e-01   5.001444e-01   4.996360e-01   5.000024e-01
   1.000000e+00   1.000000e+00   2.330074e-02   9.997170e-01   0.000000e+00   5.000004e-01   5.000000e-01   5.000001e-01   5.000000e-01   4.898996e-01   5.000001e-01   4.996295e-01   4.983183e-01   5.000000e-01   5.071781e-01
   0.000000e+00   0.000000e+00   0.000000e+00   1.000000e+00   2.523518e-04   5.000007e-01   5.002391e-01   5.000001e-01   5.000000e-01   4.999631e-01   5.000001e-01   4.996102e-01   5.000065e-01   4.999968e-01   4.999481e-01
   1.033093e-02   9.869988e-01   1.000000e+00   9.952771e-01   1.379237e-03   5.000006e-01   5.000000e-01   4.999995e-01   4.999998e-01   4.999999e-01   5.000001e-01   5.000000e-01   5.000003e-01   4.999999e-01   4.999999e-01
   1.000000e+00   5.957953e-03   1.341180e-02   9.965169e-01   3.726082e-02   5.000006e-01   5.000000e-01   5.000001e-01   5.000000e-01   5.000000e-01   5.000001e-01   5.000001e-01   5.000003e-01   4.999999e-01   4.999999e-01
   1.000000e+00   1.355022e-04   7.281444e-02   9.893067e-01   2.353156e-02   5.000006e-01   5.000000e-01   5.000001e-01   5.000000e-01   4.999999e-01   5.000000e-01   5.000001e-01   5.000003e-01   4.999999e-01   4.999999e-01
   0.000000e+00   1.000000e+00   1.000000e+00   9.880700e-01   3.609702e-02   5.004851e-01   4.999998e-01   4.999995e-01   4.999998e-01   5.003876e-01   4.802771e-01   4.996335e-01   5.085443e-01   5.000000e-01   5.000000e-01
   0.000000e+00   4.146224e-03   0.000000e+00   0.000000e+00   0.000000e+00   5.000038e-01   5.000058e-01   5.000000e-01   5.000000e-01   5.009587e-01   5.000007e-01   4.996317e-01   4.918590e-01   5.000002e-01   5.000000e-01
   9.948556e-01   0.000000e+00   0.000000e+00   8.086499e-01   1.000000e+00   5.000006e-01   4.999964e-01   5.000001e-01   5.000000e-01   4.963697e-01   5.122944e-01   4.999792e-01   5.003637e-01   5.000365e-01   4.999999e-01
   1.000000e+00   0.000000e+00   1.511817e-02   8.286119e-01   1.156922e-02   5.000006e-01   5.000000e-01   5.000001e-01   5.000000e-01   5.000000e-01   5.000000e-01   5.000001e-01   5.000003e-01   5.000000e-01   4.999999e-01
   1.046162e-03   2.624537e-01   0.000000e+00   0.000000e+00   1.000000e+00   5.000007e-01   5.000058e-01   5.000001e-01   5.000000e-01   5.000283e-01   5.000007e-01   5.000006e-01   4.918590e-01   4.999999e-01   4.999999e-01
   1.000000e+00   0.000000e+00   1.387204e-02   7.722642e-01   1.156922e-02   5.000006e-01   5.000000e-01   5.000001e-01   5.000000e-01   5.000000e-01   5.000000e-01   5.000001e-01   5.000003e-01   4.999999e-01   4.999999e-01
   0.000000e+00   1.000000e+00   0.000000e+00   2.357699e-02   7.873051e-06   5.011595e-01   5.000000e-01   5.000001e-01   4.999968e-01   4.999999e-01   4.999915e-01   4.999147e-01   5.000055e-01   5.015342e-01   5.001932e-01
   9.999153e-01   1.000000e+00   9.863211e-01   1.000000e+00   1.000000e+00   4.999917e-01   4.999869e-01   5.000001e-01   5.000001e-01   5.000087e-01   5.000015e-01   4.996193e-01   4.175104e-01   5.000002e-01   5.000000e-01
   1.000000e+00   6.646856e-03   0.000000e+00   1.000000e+00   1.000000e+00   5.000008e-01   5.000000e-01   5.000001e-01   4.999998e-01   5.180372e-01   5.000316e-01   5.000001e-01   4.198543e-01   5.000000e-01   4.999942e-01
   0.000000e+00   0.000000e+00   0.000000e+00   9.881422e-01   1.000000e+00   5.000036e-01   5.000058e-01   5.000001e-01   5.000000e-01   5.000380e-01   5.000001e-01   4.996063e-01   5.002582e-01   4.999999e-01   5.000000e-01
   0.000000e+00   1.528913e-02   1.000000e+00   9.687677e-01   0.000000e+00   5.000006e-01   5.002456e-01   5.000001e-01   5.000000e-01   4.875167e-01   5.000001e-01   4.996122e-01   4.998510e-01   5.000000e-01   4.999999e-01
   1.000000e+00   2.705187e-01   1.340832e-02   7.716778e-01   1.337278e-02   5.000006e-01   5.000000e-01   5.000001e-01   5.000000e-01   4.999999e-01   5.000000e-01   5.000001e-01   5.000003e-01   4.999999e-01   4.999999e-01
   1.000000e+00   3.357264e-01   1.433791e-02   9.957509e-01   1.986075e-02   5.000006e-01   5.000000e-01   5.000001e-01   5.000000e-01   4.999999e-01   5.000000e-01   5.000001e-01   5.000003e-01   5.000000e-01   4.999999e-01
   1.000000e+00   1.000000e+00   1.000000e+00   0.000000e+00   0.000000e+00   5.000012e-01   4.998217e-01   5.000001e-01   4.999998e-01   4.999193e-01   4.999891e-01   4.853381e-01   5.000149e-01   5.000001e-01   4.999999e-01
   1.000000e+00   2.561868e-01   1.341180e-02   7.632599e-01   3.726188e-02   5.000006e-01   5.000000e-01   5.000001e-01   5.000000e-01   5.000000e-01   5.000001e-01   5.000001e-01   5.000003e-01   4.999999e-01   4.999999e-01
   1.306204e-02   9.992647e-01   1.000000e+00   0.000000e+00   0.000000e+00   5.000012e-01   4.998217e-01   5.000001e-01   4.999998e-01   5.004139e-01   5.000004e-01   5.000021e-01   5.000145e-01   4.999904e-01   4.999999e-01
   1.000000e+00   2.430362e-01   1.340832e-02   7.716778e-01   1.469428e-02   5.000006e-01   5.000000e-01   5.000001e-01   5.000000e-01   5.000000e-01   5.000000e-01   5.000001e-01   5.000003e-01   4.999999e-01   4.999999e-01
   1.000000e+00   1.000000e+00   1.501155e-02   9.893083e-01   1.708574e-05   5.000567e-01   5.000057e-01   5.000001e-01   5.000001e-01   4.963034e-01   5.000000e-01   4.999808e-01   4.919328e-01   5.000002e-01   4.999991e-01
   4.325236e-03   0.000000e+00   7.401629e-02   0.000000e+00   0.000000e+00   5.004453e-01   4.999997e-01   5.000001e-01   5.000000e-01   4.109671e-01   5.000000e-01   5.000122e-01   4.999545e-01   4.999968e-01   5.000006e-01
   1.000000e+00   0.000000e+00   7.205625e-03   7.256118e-01   1.156922e-02   5.000006e-01   5.000000e-01   5.000001e-01   5.000000e-01   5.000000e-01   5.000000e-01   5.000001e-01   5.000003e-01   4.999999e-01   4.999999e-01
   1.000000e+00   0.000000e+00   0.000000e+00   7.651597e-01   3.504056e-02   5.004242e-01   5.000000e-01   4.999995e-01   4.999999e-01   5.932663e-01   5.020112e-01   5.000001e-01   5.000003e-01   5.000000e-01   5.000017e-01
   1.000000e+00   1.000000e+00   1.387204e-02   0.000000e+00   9.340247e-01   4.999909e-01   4.999676e-01   5.000001e-01   4.999445e-01   5.000303e-01   4.999892e-01   5.161496e-01   5.110374e-01   4.999999e-01   4.999999e-01
   9.958247e-01   1.076575e-02   0.000000e+00   2.046152e-02   0.000000e+00   5.000006e-01   5.002389e-01   5.000001e-01   5.000000e-01   4.111897e-01   5.000041e-01   5.000313e-01   4.998597e-01   4.999970e-01   4.999999e-01
   1.000000e+00   3.723417e-01   1.501336e-02   9.997877e-01   3.665667e-02   5.000006e-01   5.000000e-01   5.000001e-01   4.999999e-01   4.999999e-01   5.000000e-01   5.000001e-01   5.000003e-01   4.999999e-01   4.999999e-01
   3.814659e-02   1.000000e+00   0.000000e+00   0.000000e+00   3.948739e-02   4.998645e-01   4.959510e-01   4.985134e-01   4.999933e-01   3.568332e-01   4.999814e-01   5.000021e-01   4.999227e-01   4.999998e-01   4.995037e-01
   1.000000e+00   0.000000e+00   0.000000e+00   9.946527e-01   6.500497e-02   5.216095e-01   4.999998e-01   5.000001e-01   5.000000e-01   5.163352e-01   5.000051e-01   5.000001e-01   5.000003e-01   4.999999e-01   4.999999e-01
   1.000000e+00   1.000000e+00   1.358900e-02   1.000000e+00   0.000000e+00   5.000006e-01   4.963344e-01   4.999999e-01   5.000000e-01   4.999969e-01   4.815272e-01   4.996022e-01   5.126573e-01   4.999999e-01   4.999951e-01
   1.000000e+00   3.731845e-01   1.079496e-03   7.652461e-01   3.774121e-02   5.000006e-01   5.000000e-01   5.000001e-01   5.000000e-01   4.999999e-01   5.000000e-01   5.000001e-01   5.000003e-01   4.999999e-01   4.999999e-01
   5.766651e-04   1.000000e+00   0.000000e+00   4.285347e-04   0.000000e+00   4.998638e-01   4.960486e-01   4.985705e-01   5.000003e-01   4.905726e-01   4.999976e-01   6.367522e-01   4.999227e-01   4.999998e-01   4.999915e-01
   1.000000e+00   1.000000e+00   2.042203e-06   9.770657e-01   0.000000e+00   4.968296e-01   5.881075e-01   5.000001e-01   4.999748e-01   4.999431e-01   5.049340e-01   5.000001e-01   5.000087e-01   4.999999e-01   5.000001e-01
   0.000000e+00   2.448979e-01   0.000000e+00   1.000000e+00   2.523518e-04   5.000006e-01   5.002391e-01   5.000001e-01   5.000000e-01   4.999646e-01   5.000001e-01   4.996102e-01   5.000065e-01   5.000000e-01   5.000037e-01
   1.000000e+00   3.522478e-01   1.301561e-02   7.712413e-01   1.507031e-02   5.000006e-01   5.000000e-01   5.000001e-01   5.000000e-01   5.000000e-01   5.000001e-01   5.000001e-01   5.000003e-01   4.999999e-01   4.999999e-01
   1.000000e+00   2.506370e-01   1.346554e-02   7.712686e-01   3.584107e-02   5.000006e-01   5.000000e-01   5.000001e-01   5.000000e-01   5.000000e-01   5.000000e-01   5.000001e-01   5.000003e-01   4.999999e-01   4.999999e-01
   0.000000e+00   0.000000e+00   1.000000e+00   1.000000e+00   0.000000e+00   5.000011e-01   5.002408e-01   5.000001e-01   5.000000e-01   5.064010e-01   4.234532e-01   4.996539e-01   3.054391e-01   4.999999e-01   5.000026e-01
   0.000000e+00   1.000000e+00   1.508344e-02   1.000000e+00   9.434457e-03   5.000006e-01   4.997576e-01   5.000001e-01   5.000391e-01   4.999452e-01   3.439729e-01   5.000001e-01   5.001738e-01   5.014157e-01   5.446187e-01
   0.000000e+00   0.000000e+00   1.000000e+00   1.000000e+00   9.282771e-01   5.000006e-01   4.999870e-01   5.000001e-01   4.999998e-01   5.003876e-01   4.998383e-01   3.885018e-01   2.720804e-01   5.000000e-01   4.999951e-01
   1.000000e+00   0.000000e+00   1.409541e-02   9.778928e-01   1.000000e+00   4.968493e-01   5.879228e-01   5.000001e-01   4.999747e-01   4.999436e-01   4.998997e-01   5.000001e-01   4.999942e-01   4.999999e-01   5.001121e-01
