   9.884770e-01   0.000000e+00   6.344512e-02   4.999915e-01   5.000108e-01   5.000037e-01   4.999735e-01   5.000212e-01   5.000039e-01   5.000009e-01   4.999996e-01   5.000005e-01   5.000003e-01
   9.795452e-01   4.032240e-03   9.467028e-01   4.999916e-01   5.000108e-01   5.000037e-01   4.999735e-01   5.000221e-01   5.000039e-01   5.000026e-01   4.999996e-01   5.000005e-01   5.000003e-01
   9.678869e-01   9.617430e-01   9.797476e-01   4.999916e-01   5.000108e-01   5.000037e-01   4.999735e-01   5.000211e-01   5.000039e-01   5.000009e-01   4.999996e-01   5.000005e-01   5.000003e-01
   9.892309e-01   5.816532e-02   3.894848e-03   4.999915e-01   5.000108e-01   5.000037e-01   4.999735e-01   5.000212e-01   5.000039e-01   5.000009e-01   4.999996e-01   5.000005e-01   5.000003e-01
   9.932029e-01   4.227602e-02   0.000000e+00   4.999916e-01   5.000108e-01   5.000037e-01   4.999735e-01   5.000211e-01   5.000039e-01   5.000009e-01   4.999996e-01   5.000005e-01   5.000003e-01
   9.898809e-01   1.805366e-02   7.484636e-01   4.999915e-01   5.000108e-01   5.000037e-01   4.999735e-01   5.000212e-01   5.000039e-01   5.000009e-01   4.999996e-01   5.000005e-01   5.000003e-01
   9.910659e-01   2.544554e-02   9.946795e-01   4.999916e-01   5.000108e-01   5.000037e-01   4.999735e-01   5.000212e-01   5.000039e-01   5.000008e-01   4.999996e-01   5.000005e-01   5.000003e-01
   9.898809e-01   1.833926e-02   7.191047e-01   4.999916e-01   5.000108e-01   5.000037e-01   4.999735e-01   5.000211e-01   5.000039e-01   5.000008e-01   4.999996e-01   5.000005e-01   5.000003e-01
   9.932029e-01   4.227602e-02   1.079809e-02   4.999916e-01   5.000108e-01   5.000037e-01   4.999735e-01   5.000211e-01   5.000039e-01   5.000009e-01   4.999996e-01   5.000005e-01   5.000003e-01
   1.000000e+00   0.000000e+00   0.000000e+00   4.999916e-01   5.000108e-01   5.000037e-01   4.999735e-01   5.000211e-01   5.000039e-01   5.110015e-01   4.999996e-01   5.000005e-01   5.000003e-01
   9.900812e-01   0.000000e+00   9.980117e-01   4.999916e-01   5.000108e-01   5.000037e-01   4.999735e-01   5.000211e-01   5.000039e-01   5.000009e-01   4.999996e-01   5.000005e-01   5.000003e-01
   9.932029e-01   2.008995e-02   0.000000e+00   4.999916e-01   5.000108e-01   5.000037e-01   4.999735e-01   5.000211e-01   5.000039e-01   5.000009e-01   4.999996e-01   5.000005e-01   5.000003e-01
   9.763440e-01   9.514422e-01   0.000000e+00   4.999916e-01   5.000108e-01   5.000037e-01   4.999735e-01   5.000220e-01   5.000039e-01   5.000026e-01   4.999996e-01   5.000005e-01   5.000003e-01
   9.885508e-01   9.942349e-02   1.587234e-02   4.999915e-01   5.000108e-01   5.000037e-01   4.999735e-01   5.000211e-01   5.000039e-01   5.000009e-01   4.999996e-01   5.000005e-01   5.000003e-01
   9.898809e-01   1.833926e-02   9.888721e-01   4.999916e-01   5.000108e-01   5.000037e-01   4.999735e-01   5.000211e-01   5.000039e-01   5.000008e-01   4.999996e-01   5.000005e-01   5.000003e-01
   8.841426e-01   3.290264e-02   1.000000e+00   4.999916e-01   5.000108e-01   5.000037e-01   4.999735e-01   5.000211e-01   5.000039e-01   5.000009e-01   4.999996e-01   5.000005e-01   5.000003e-01
   9.767899e-01   9.486455e-01   2.091220e-02   4.999916e-01   5.000108e-01   5.000037e-01   4.999735e-01   5.000211e-01   5.000039e-01   5.000009e-01   4.999996e-01   5.000004e-01   5.000003e-01
   1.000000e+00   9.615896e-01   9.676796e-01   4.999916e-01   5.000108e-01   5.000037e-01   4.999735e-01   5.000211e-01   5.000039e-01   5.000009e-01   4.999996e-01   5.000005e-01   5.000003e-01
   9.930083e-01   2.237226e-02   1.000000e+00   4.999916e-01   5.000108e-01   5.000037e-01   4.999735e-01   5.000211e-01   5.000039e-01   5.000009e-01   4.999996e-01   5.000005e-01   5.000003e-01
   9.931770e-01   4.227602e-02   0.000000e+00   4.999916e-01   5.000108e-01   5.000037e-01   4.999735e-01   5.000211e-01   5.000039e-01   5.000009e-01   4.999996e-01   5.000005e-01   5.000003e-01
   9.932029e-01   3.960411e-02   1.079809e-02   4.999916e-01   5.000108e-01   5.000037e-01   4.999735e-01   5.000211e-01   5.000039e-01   5.000009e-01   4.999996e-01   5.000005e-01   5.000003e-01
   1.000000e+00   8.985681e-01   6.902607e-01   4.999916e-01   5.000108e-01   5.000037e-01   4.999735e-01   5.000211e-01   5.000039e-01   5.000009e-01   4.999996e-01   5.000005e-01   5.000003e-01
   1.000000e+00   9.018970e-01   9.661711e-01   4.999916e-01   5.000108e-01   5.000037e-01   4.999735e-01   5.000211e-01   5.000039e-01   5.000009e-01   4.999996e-01   5.000005e-01   5.000003e-01
   9.883901e-01   1.762554e-02   1.000000e+00   4.999915e-01   5.000108e-01   5.000037e-01   4.999735e-01   5.000212e-01   5.000039e-01   5.000009e-01   4.999996e-01   5.000007e-01   5.000003e-01
   9.932029e-01   5.412784e-02   1.079809e-02   4.999916e-01   5.000108e-01   5.000037e-01   4.999735e-01   5.000211e-01   5.000039e-01   5.000009e-01   4.999996e-01   5.000005e-01   5.000003e-01
   9.898809e-01   1.000000e+00   7.055375e-01   4.999916e-01   5.000108e-01   5.000037e-01   4.999735e-01   5.000211e-01   5.000039e-01   5.000009e-01   4.999996e-01   5.000005e-01   5.000003e-01
   9.611717e-01   0.000000e+00   9.928950e-01   4.999916e-01   5.000108e-01   5.000037e-01   4.999735e-01   5.000212e-01   5.000039e-01   5.000008e-01   4.999996e-01   5.000005e-01   5.000003e-01
   9.901510e-01   1.000000e+00   1.000000e+00   4.999916e-01   5.000108e-01   5.000037e-01   4.999735e-01   5.000212e-01   5.000039e-01   5.000009e-01   4.999996e-01   5.000005e-01   5.000003e-01
   1.000000e+00   9.018664e-01   9.661711e-01   4.999916e-01   5.000108e-01   5.000037e-01   4.999735e-01   5.000211e-01   5.000039e-01   5.000009e-01   4.999996e-01   5.000005e-01   5.000003e-01
   1.000000e+00   0.000000e+00   1.384974e-02   4.999916e-01   5.000108e-01   5.000037e-01   4.985248e-01   5.059318e-01   5.000039e-01   5.000009e-01   4.999996e-01   5.000005e-01   5.000003e-01
   1.000000e+00   4.671834e-02   9.820499e-01   4.999916e-01   5.000108e-01   5.000037e-01   4.999735e-01   5.000211e-01   5.000039e-01   5.000007e-01   4.999996e-01   5.000005e-01   5.000003e-01
   1.000000e+00   0.000000e+00   9.999520e-01   4.999916e-01   5.000108e-01   5.000037e-01   4.999735e-01   5.000211e-01   5.000039e-01   5.000009e-01   4.999996e-01   5.000005e-01   5.000003e-01
   9.932029e-01   1.374730e-02   1.079809e-02   4.999916e-01   5.000108e-01   5.000037e-01   4.999735e-01   5.000211e-01   5.000039e-01   5.000009e-01   4.999996e-01   5.000005e-01   5.000003e-01
   9.929980e-01   2.267028e-02   1.000000e+00   4.999916e-01   5.000108e-01   5.000037e-01   4.999735e-01   5.000211e-01   5.000039e-01   5.000008e-01   4.999996e-01   5.000004e-01   5.000003e-01
   9.892309e-01   6.896734e-02   3.894848e-03   4.999915e-01   5.000108e-01   5.000037e-01   4.999735e-01   5.000212e-01   5.000039e-01   5.000009e-01   4.999996e-01   5.000005e-01   5.000003e-01
   9.892232e-01   9.964433e-01   9.862932e-01   4.999916e-01   5.000108e-01   5.000037e-01   4.999735e-01   5.000211e-01   5.000039e-01   5.000009e-01   4.999996e-01   5.000005e-01   5.000003e-01
   1.000000e+00   8.992188e-01   9.921018e-01   4.999916e-01   5.000108e-01   5.000037e-01   4.999735e-01   5.000211e-01   5.000039e-01   5.000009e-01   4.999996e-01   5.000005e-01   5.000003e-01
   9.906231e-01   9.530857e-01   6.108608e-01   4.999916e-01   5.000108e-01   5.000037e-01   4.999735e-01   5.000211e-01   5.000039e-01   5.000009e-01   4.999996e-01   5.000005e-01   5.000003e-01
   9.929984e-01   6.909950e-02   9.961902e-01   4.999916e-01   5.000108e-01   5.000037e-01   4.999735e-01   5.000211e-01   5.000039e-01   5.000009e-01   4.999996e-01   5.000005e-01   5.000003e-01
   9.891783e-01   1.810351e-02   1.000000e+00   4.999915e-01   5.000108e-01   5.000037e-01   4.999735e-01   5.000212e-01   5.000039e-01   5.000009e-01   4.999996e-01   5.000005e-01   5.000003e-01
   9.622195e-01   1.422423e-03   9.951047e-01   4.999916e-01   5.000108e-01   5.000037e-01   4.999735e-01   5.000212e-01   5.000039e-01   5.000009e-01   4.999996e-01   5.000005e-01   5.000003e-01
   9.890580e-01   0.000000e+00   5.942116e-02   4.999916e-01   5.000108e-01   5.000037e-01   4.999735e-01   5.000212e-01   5.000039e-01   5.000009e-01   4.999996e-01   5.000005e-01   5.000003e-01
   9.888422e-01   0.000000e+00   8.967702e-02   4.999915e-01   5.000108e-01   5.000037e-01   4.999735e-01   5.000212e-01   5.000039e-01   5.000009e-01   4.999996e-01   5.000005e-01   5.000003e-01
   1.000000e+00   9.363518e-01   9.921779e-01   4.999916e-01   5.000108e-01   5.000037e-01   4.999735e-01   5.000211e-01   5.000039e-01   5.000009e-01   4.999996e-01   5.000005e-01   5.000003e-01
   9.884585e-01   0.000000e+00   9.999520e-01   4.999916e-01   5.000108e-01   5.000037e-01   4.999735e-01   5.000211e-01   5.000039e-01   5.000009e-01   4.999996e-01   5.000005e-01   5.000003e-01
   9.763111e-01   9.514422e-01   9.177043e-03   4.999916e-01   5.000108e-01   5.000037e-01   4.999735e-01   5.000219e-01   5.000039e-01   5.000009e-01   4.999996e-01   5.000005e-01   5.000003e-01
   9.884427e-01   5.768735e-02   0.000000e+00   4.999915e-01   5.000108e-01   5.000037e-01   4.999735e-01   5.000212e-01   5.000039e-01   5.000009e-01   4.999996e-01   5.000007e-01   5.000003e-01
   9.938139e-01   1.374730e-02   1.079809e-02   4.999916e-01   5.000108e-01   5.000037e-01   4.999735e-01   5.000211e-01   5.000039e-01   5.000009e-01   4.999996e-01   5.000005e-01   5.000003e-01
   1.000000e+00   1.000000e+00   7.012794e-01   4.999916e-01   5.000108e-01   5.000037e-01   4.999735e-01   5.000211e-01   5.000039e-01   5.000007e-01   4.999996e-01   5.000005e-01   5.000003e-01
   9.931613e-01   5.011439e-04   0.000000e+00   4.999916e-01   5.000108e-01   5.000037e-01   4.999735e-01   5.000211e-01   5.000039e-01   5.000008e-01   4.999996e-01   5.000005e-01   5.000003e-01
   1.000000e+00   8.985681e-01   9.839850e-01   4.999916e-01   5.000108e-01   5.000037e-01   4.999735e-01   5.000211e-01   5.000039e-01   5.000009e-01   4.999996e-01   5.000005e-01   5.000003e-01
   9.884784e-01   0.000000e+00   9.949194e-01   4.999916e-01   5.000108e-01   5.000037e-01   4.999735e-01   5.000212e-01   5.000039e-01   5.000009e-01   4.999996e-01   5.000005e-01   5.000003e-01
   1.000000e+00   5.741310e-02   6.855704e-01   4.999916e-01   5.000108e-01   5.000037e-01   4.999735e-01   5.000211e-01   5.000039e-01   5.000008e-01   4.999996e-01   5.000005e-01   5.000003e-01
   9.898931e-01   9.798119e-01   7.055375e-01   4.999916e-01   5.000108e-01   5.000037e-01   4.999735e-01   5.000211e-01   5.000039e-01   5.000009e-01   4.999996e-01   5.000005e-01   5.000003e-01
   1.000000e+00   1.000000e+00   9.660497e-01   4.999916e-01   5.000108e-01   5.000037e-01   4.999735e-01   5.000211e-01   5.000039e-01   5.000009e-01   4.999996e-01   5.000005e-01   5.000003e-01
   9.873185e-01   2.174144e-02   6.344512e-02   4.999915e-01   5.000108e-01   5.000037e-01   4.999735e-01   5.000212e-01   5.000039e-01   5.000008e-01   4.999996e-01   5.000005e-01   5.000003e-01
   9.900400e-01   1.000000e+00   1.000000e+00   4.999916e-01   5.000108e-01   5.000037e-01   4.999735e-01   5.000212e-01   5.000039e-01   5.000009e-01   4.999996e-01   5.000005e-01   5.000003e-01
   9.925636e-01   6.909950e-02   9.961583e-01   4.999916e-01   5.000108e-01   5.000037e-01   4.999735e-01   5.000211e-01   5.000039e-01   5.000009e-01   4.999996e-01   5.000005e-01   5.000003e-01
   1.000000e+00   9.342675e-01   9.921779e-01   4.999916e-01   5.000108e-01   5.000037e-01   4.999735e-01   5.000211e-01   5.000039e-01   5.000009e-01   4.999996e-01   5.000005e-01   5.000003e-01
   9.280349e-01   0.000000e+00   2.077638e-02   4.999915e-01   5.000108e-01   5.000037e-01   4.999735e-01   5.000211e-01   5.000039e-01   5.000009e-01   4.999996e-01   5.000005e-01   5.000003e-01
   9.906231e-01   9.614643e-01   6.108608e-01   4.999916e-01   5.000108e-01   5.000037e-01   4.999735e-01   5.000211e-01   5.000039e-01   5.000009e-01   4.999996e-01   5.000005e-01   5.000003e-01
   9.899307e-01   0.000000e+00   1.000000e+00   4.999916e-01   5.000108e-01   5.000037e-01   4.999735e-01   5.000211e-01   5.000039e-01   5.000008e-01   4.999996e-01   5.000005e-01   5.000003e-01
   9.897874e-01   1.000000e+00   7.012794e-01   4.999916e-01   5.000108e-01   5.000037e-01   4.999735e-01   5.000211e-01   5.000039e-01   5.000007e-01   4.999996e-01   5.000005e-01   5.000003e-01
   1.000000e+00   9.364685e-01   9.750953e-01   4.999916e-01   5.000108e-01   5.000037e-01   4.999735e-01   5.000211e-01   5.000039e-01   5.000009e-01   4.999996e-01   5.000005e-01   5.000003e-01
   9.934066e-01   3.721968e-02   0.000000e+00   4.999916e-01   5.000108e-01   5.000037e-01   4.999735e-01   5.000211e-01   5.000039e-01   5.000009e-01   4.999996e-01   5.000005e-01   5.000003e-01
   9.269256e-01   9.952172e-01   2.894575e-02   4.999915e-01   5.000108e-01   5.000037e-01   4.999735e-01   5.000211e-01   5.000039e-01   5.000009e-01   4.999996e-01   5.000005e-01   5.000003e-01
   1.000000e+00   5.844939e-02   9.359894e-01   4.999916e-01   5.000108e-01   5.000037e-01   4.999735e-01   5.000211e-01   5.000039e-01   5.000009e-01   4.999996e-01   5.000005e-01   5.000003e-01
   9.615880e-01   5.527509e-02   9.617617e-01   4.999916e-01   5.000108e-01   5.000037e-01   4.999735e-01   5.000212e-01   5.000039e-01   5.000008e-01   4.999996e-01   5.000005e-01   5.000003e-01
   9.884128e-01   2.831450e-03   1.176155e-01   4.999915e-01   5.000108e-01   5.000037e-01   4.999735e-01   5.000212e-01   5.000039e-01   5.000009e-01   4.999996e-01   5.000005e-01   5.000003e-01
   1.000000e+00   1.000000e+00   1.000000e+00   4.999916e-01   5.000108e-01   5.000037e-01   4.999735e-01   5.267092e-01   5.000039e-01   5.000009e-01   4.999996e-01   5.000005e-01   5.000003e-01
   9.762864e-01   9.514422e-01   7.283411e-01   4.999916e-01   5.000108e-01   5.000037e-01   4.999735e-01   5.000220e-01   5.000039e-01   5.000008e-01   4.999996e-01   5.000005e-01   5.000003e-01
   9.874960e-01   3.125390e-02   6.344512e-02   4.999916e-01   5.000108e-01   5.000037e-01   4.999735e-01   5.000212e-01   5.000039e-01   5.000008e-01   4.999996e-01   5.000005e-01   5.000003e-01
   9.874570e-01   0.000000e+00   2.077638e-02   4.999915e-01   5.000108e-01   5.000037e-01   4.999735e-01   5.000211e-01   5.000039e-01   5.000009e-01   4.999996e-01   5.000005e-01   5.000003e-01
   9.611717e-01   0.000000e+00   9.920938e-01   4.999916e-01   5.000108e-01   5.000037e-01   4.999735e-01   5.000212e-01   5.000039e-01   5.000009e-01   4.999996e-01   5.000005e-01   5.000003e-01
   1.000000e+00   8.911104e-01   9.649532e-01   4.999916e-01   5.000108e-01   5.000037e-01   4.999735e-01   5.000211e-01   5.000039e-01   5.000009e-01   4.999996e-01   5.000005e-01   5.000003e-01
   1.000000e+00   9.748313e-01   6.111999e-01   4.999916e-01   5.000108e-01   5.000037e-01   4.999735e-01   5.000211e-01   5.000039e-01   5.000009e-01   4.999996e-01   5.000005e-01   5.000003e-01
   1.000000e+00   9.478095e-01   9.921018e-01   4.999916e-01   5.000108e-01   5.000037e-01   4.999735e-01   5.000211e-01   5.000039e-01   5.000009e-01   4.999996e-01   5.000005e-01   5.000003e-01
   1.000000e+00   8.560705e-01   9.661711e-01   4.999916e-01   5.000108e-01   5.000037e-01   4.999735e-01   5.000211e-01   5.000039e-01   5.000009e-01   4.999996e-01   5.000005e-01   5.000003e-01
   9.891238e-01   4.157681e-03   5.942116e-02   4.999916e-01   5.000108e-01   5.000037e-01   4.999735e-01   5.000212e-01   5.000039e-01   5.000009e-01   4.999996e-01   5.000005e-01   5.000003e-01
   9.892420e-01   1.000000e+00   2.260742e-02   4.999916e-01   5.000108e-01   5.000037e-01   4.999735e-01   5.000212e-01   5.000039e-01   5.000009e-01   4.999996e-01   5.000005e-01   5.000003e-01
   1.000000e+00   9.021070e-01   9.661711e-01   4.999916e-01   5.000108e-01   5.000037e-01   4.999735e-01   5.000211e-01   5.000039e-01   5.000009e-01   4.999996e-01   5.000005e-01   5.000003e-01
   1.000000e+00   5.531062e-02   9.663884e-01   4.999916e-01   5.000108e-01   5.000037e-01   4.999735e-01   5.000211e-01   5.000039e-01   5.000009e-01   4.999996e-01   5.000005e-01   5.000003e-01
   9.898380e-01   1.374730e-02   1.079809e-02   4.999916e-01   5.000108e-01   5.000037e-01   4.999735e-01   5.000211e-01   5.000039e-01   5.000009e-01   4.999996e-01   5.000005e-01   5.000003e-01
   1.000000e+00   8.985681e-01   6.867173e-01   4.999916e-01   5.000108e-01   5.000037e-01   4.999735e-01   5.000211e-01   5.000039e-01   5.000009e-01   4.999996e-01   5.000005e-01   5.000003e-01
   1.000000e+00   1.785984e-02   7.187294e-01   4.999916e-01   5.000108e-01   5.000037e-01   4.999735e-01   5.000211e-01   5.000039e-01   5.000008e-01   4.999996e-01   5.000005e-01   5.000003e-01
   9.479114e-01   1.924735e-02   0.000000e+00   4.999916e-01   5.000108e-01   5.000037e-01   4.999735e-01   5.000211e-01   5.000039e-01   5.000009e-01   4.999996e-01   5.000005e-01   5.000003e-01
   9.763111e-01   9.628127e-01   9.177043e-03   4.999916e-01   5.000108e-01   5.000037e-01   4.999735e-01   5.000219e-01   5.000039e-01   5.000009e-01   4.999996e-01   5.000005e-01   5.000003e-01
   9.931770e-01   4.227602e-02   1.403687e-02   4.999916e-01   5.000108e-01   5.000037e-01   4.999735e-01   5.000211e-01   5.000039e-01   5.000009e-01   4.999996e-01   5.000005e-01   5.000003e-01
   9.615880e-01   0.000000e+00   9.616546e-01   4.999916e-01   5.000108e-01   5.000037e-01   4.999735e-01   5.000212e-01   5.000039e-01   5.000008e-01   4.999996e-01   5.000005e-01   5.000003e-01
   1.000000e+00   8.670375e-01   9.921018e-01   4.999916e-01   5.000108e-01   5.000037e-01   4.999735e-01   5.000211e-01   5.000039e-01   5.000009e-01   4.999996e-01   5.000005e-01   5.000003e-01
   9.615880e-01   0.000000e+00   9.749394e-01   4.999916e-01   5.000108e-01   5.000037e-01   4.999735e-01   5.000212e-01   5.000039e-01   5.000008e-01   4.999996e-01   5.000005e-01   5.000003e-01
   9.648508e-01   9.964433e-01   9.862932e-01   4.999916e-01   5.000108e-01   5.000037e-01   4.999735e-01   5.000211e-01   5.000039e-01   5.000009e-01   4.999996e-01   5.000005e-01   5.000003e-01
   8.702321e-01   0.000000e+00   9.999550e-01   4.999916e-01   5.000108e-01   5.000037e-01   4.999735e-01   5.000211e-01   5.000039e-01   5.000009e-01   4.999996e-01   5.000005e-01   5.000003e-01
   9.773590e-01   4.514853e-03   9.999520e-01   4.999916e-01   5.000108e-01   5.000037e-01   4.999735e-01   5.000211e-01   5.000039e-01   5.000008e-01   4.999996e-01   5.000005e-01   5.000003e-01
   9.815874e-01   9.748313e-01   5.990352e-01   4.999916e-01   5.000108e-01   5.000037e-01   4.999735e-01   5.000211e-01   5.000039e-01   5.000009e-01   4.999996e-01   5.000005e-01   5.000003e-01
   1.000000e+00   9.304290e-01   9.921018e-01   4.999916e-01   5.000108e-01   5.000037e-01   4.999735e-01   5.000211e-01   5.000039e-01   5.000009e-01   4.999996e-01   5.000005e-01   5.000003e-01
   9.918648e-01   1.205582e-04   9.423598e-01   4.999916e-01   5.000108e-01   5.000037e-01   4.999735e-01   5.000211e-01   5.000039e-01   5.000009e-01   4.999996e-01   5.000005e-01   5.000003e-01
   9.909013e-01   9.447972e-01   9.676796e-01   4.999916e-01   5.000108e-01   5.000037e-01   4.999735e-01   5.000211e-01   5.000039e-01   5.000009e-01   4.999996e-01   5.000005e-01   5.000003e-01
   9.677499e-01   1.000000e+00   9.787166e-01   4.999916e-01   5.000108e-01   5.000037e-01   4.999735e-01   5.000211e-01   5.000039e-01   5.000009e-01   4.999996e-01   5.000005e-01   5.000003e-01
   1.000000e+00   9.018970e-01   9.664128e-01   4.999916e-01   5.000108e-01   5.000037e-01   4.999735e-01   5.000211e-01   5.000039e-01   5.000009e-01   4.999996e-01   5.000005e-01   5.000003e-01
   9.899307e-01   1.786439e-02   9.744637e-01   4.999916e-01   5.000108e-01   5.000037e-01   4.999735e-01   5.000211e-01   5.000039e-01   5.000008e-01   4.999996e-01   5.000005e-01   5.000003e-01
   9.899428e-01   0.000000e+00   1.000000e+00   4.999916e-01   5.000108e-01   5.000037e-01   4.999735e-01   5.000211e-01   5.000039e-01   5.000008e-01   4.999996e-01   5.000005e-01   5.000003e-01
   9.918098e-01   9.748333e-01   6.467503e-01   4.999916e-01   5.000108e-01   5.000037e-01   4.999735e-01   5.000211e-01   5.000039e-01   5.000009e-01   4.999996e-01   5.000005e-01   5.000003e-01
   9.774295e-01   9.895766e-01   9.763064e-01   4.999916e-01   5.000108e-01   5.000037e-01   4.999735e-01   5.000212e-01   5.000039e-01   5.000009e-01   4.999996e-01   5.000005e-01   5.000003e-01
   9.873185e-01   0.000000e+00   6.344512e-02   4.999915e-01   5.000108e-01   5.000037e-01   4.999735e-01   5.000212e-01   5.000039e-01   5.000008e-01   4.999996e-01   5.000005e-01   5.000003e-01
   9.929984e-01   9.075766e-01   9.960847e-01   4.999916e-01   5.000108e-01   5.000037e-01   4.999735e-01   5.000211e-01   5.000039e-01   5.000009e-01   4.999996e-01   5.000005e-01   5.000003e-01
   1.000000e+00   0.000000e+00   9.989668e-01   4.999916e-01   5.000108e-01   5.000037e-01   4.999735e-01   5.000211e-01   5.000039e-01   5.000009e-01   4.999996e-01   5.000005e-01   5.000003e-01
   1.000000e+00   8.834230e-02   9.733927e-01   4.999916e-01   5.000108e-01   5.000037e-01   4.999735e-01   5.000211e-01   5.000039e-01   5.000009e-01   4.999996e-01   5.000005e-01   5.000003e-01
   1.000000e+00   9.447972e-01   9.676796e-01   4.999916e-01   5.000108e-01   5.000037e-01   4.999735e-01   5.000211e-01   5.000039e-01   5.000009e-01   4.999996e-01   5.000005e-01   5.000003e-01
   9.929980e-01   2.267028e-02   9.791680e-01   4.999916e-01   5.000108e-01   5.000037e-01   4.999735e-01   5.000211e-01   5.000039e-01   5.000008e-01   4.999996e-01   5.000004e-01   5.000003e-01
   9.638977e-01   1.000000e+00   9.557326e-01   4.999916e-01   5.000108e-01   5.000037e-01   4.999735e-01   5.000211e-01   5.000039e-01   5.000009e-01   4.999996e-01   5.000005e-01   5.000003e-01
   9.895422e-01   9.894374e-01   6.644696e-01   4.999915e-01   5.000108e-01   5.000037e-01   4.999735e-01   5.000211e-01   5.000039e-01   5.000009e-01   4.999996e-01   5.000005e-01   5.000003e-01
   9.900414e-01   1.000000e+00   1.000000e+00   4.999916e-01   5.000108e-01   5.000037e-01   4.999735e-01   5.000212e-01   5.000039e-01   5.000009e-01   4.999996e-01   5.000005e-01   5.000003e-01
   9.775373e-01   9.414776e-01   0.000000e+00   4.999916e-01   5.000108e-01   5.000037e-01   4.999735e-01   5.000211e-01   5.000039e-01   5.000008e-01   4.999996e-01   5.000005e-01   5.000003e-01
   9.900400e-01   1.000000e+00   9.997584e-01   4.999916e-01   5.000108e-01   5.000037e-01   4.999735e-01   5.000212e-01   5.000039e-01   5.000009e-01   4.999996e-01   5.000005e-01   5.000003e-01
   9.678869e-01   9.617430e-01   9.664847e-01   4.999916e-01   5.000108e-01   5.000037e-01   4.999735e-01   5.000211e-01   5.000039e-01   5.000009e-01   4.999996e-01   5.000005e-01   5.000003e-01
   9.884128e-01   0.000000e+00   4.666579e-02   4.999916e-01   5.000108e-01   5.000037e-01   4.999735e-01   5.000211e-01   5.000039e-01   5.000009e-01   4.999996e-01   5.000005e-01   5.000003e-01
   8.923328e-01   9.895746e-01   9.932945e-01   4.999916e-01   5.000108e-01   5.000037e-01   4.999735e-01   5.000211e-01   5.000039e-01   5.000009e-01   4.999996e-01   5.000005e-01   5.000003e-01
   9.611717e-01   2.220917e-02   9.928950e-01   4.999916e-01   5.000108e-01   5.000037e-01   4.999735e-01   5.000212e-01   5.000039e-01   5.000008e-01   4.999996e-01   5.000005e-01   5.000003e-01
