   0.000000e+00   1.000000e+00   1.614283e-02   6.699531e-03   1.201970e-03   7.145264e-02   1.801626e-02   9.980859e-01   5.480729e-03   5.000054e-01   4.999823e-01   5.000098e-01   5.000181e-01   4.999983e-01   4.999989e-01   4.999897e-01   5.000152e-01   4.999979e-01   5.000043e-01
   0.000000e+00   1.000000e+00   1.561258e-02   1.758782e-02   5.173278e-02   1.800921e-06   1.582060e-04   1.000000e+00   8.879505e-01   4.999951e-01   5.000099e-01   5.000099e-01   5.000197e-01   4.999913e-01   4.999989e-01   5.000052e-01   5.000158e-01   4.999978e-01   5.000044e-01
   0.000000e+00   1.000000e+00   1.604706e-02   6.699531e-03   1.201970e-03   8.847450e-03   3.635978e-02   1.000000e+00   8.851511e-01   5.000054e-01   4.999823e-01   5.000015e-01   5.000178e-01   4.999983e-01   4.999989e-01   4.999897e-01   5.000152e-01   4.999979e-01   5.000043e-01
   0.000000e+00   1.000000e+00   1.072524e-01   6.697409e-03   8.245178e-02   6.849504e-02   1.677502e-03   1.000000e+00   5.480729e-03   4.999910e-01   4.999823e-01   5.000037e-01   5.000181e-01   4.999920e-01   4.999988e-01   4.999897e-01   5.000152e-01   4.999983e-01   5.000043e-01
   1.708633e-07   1.000000e+00   1.560637e-02   0.000000e+00   1.315256e-03   1.800921e-06   1.585314e-02   1.000000e+00   9.066166e-01   4.999947e-01   4.999829e-01   5.000099e-01   5.000203e-01   4.999998e-01   4.999989e-01   4.999928e-01   5.000158e-01   4.999978e-01   5.000034e-01
   0.000000e+00   1.000000e+00   1.542325e-06   9.292399e-04   1.164837e-03   5.460631e-03   8.730036e-01   1.000000e+00   0.000000e+00   4.999950e-01   5.000102e-01   5.000104e-01   4.999906e-01   5.000142e-01   4.999986e-01   5.000042e-01   4.999764e-01   4.999999e-01   5.000043e-01
   9.520662e-07   1.000000e+00   9.901591e-01   0.000000e+00   3.250729e-02   1.414800e-03   7.842375e-04   1.000000e+00   1.270261e-02   5.000048e-01   4.999871e-01   5.000103e-01   5.000042e-01   4.999920e-01   5.000027e-01   4.999897e-01   5.000152e-01   4.999884e-01   5.000043e-01
   0.000000e+00   7.173303e-03   1.036634e-04   1.092375e-02   1.000000e+00   6.811533e-02   6.915418e-03   9.932982e-01   1.000000e+00   5.003275e-01   5.000566e-01   4.983437e-01   5.000478e-01   4.995792e-01   4.897922e-01   5.001320e-01   4.967683e-01   4.999421e-01   4.990849e-01
   0.000000e+00   1.000000e+00   9.901591e-01   6.569049e-03   1.628103e-03   6.656684e-02   2.354779e-04   1.000000e+00   9.097851e-01   5.000051e-01   4.999823e-01   5.000100e-01   5.000181e-01   4.999920e-01   4.999997e-01   4.999897e-01   5.000152e-01   4.999932e-01   5.000043e-01
   4.711821e-12   1.000000e+00   3.628853e-02   6.740451e-03   6.999078e-04   6.775879e-02   2.878066e-02   4.189926e-02   5.480729e-03   4.999948e-01   4.999823e-01   5.000100e-01   5.000192e-01   4.999985e-01   4.999989e-01   4.999893e-01   5.000152e-01   4.999925e-01   5.000010e-01
   0.000000e+00   1.000000e+00   9.846478e-01   6.847999e-03   3.250729e-02   6.775879e-02   1.000000e+00   0.000000e+00   1.396355e-02   5.000054e-01   4.999829e-01   5.000107e-01   5.000192e-01   4.999998e-01   4.999989e-01   4.999897e-01   5.000158e-01   4.999978e-01   4.999954e-01
   0.000000e+00   1.000000e+00   1.542325e-06   9.292399e-04   1.164837e-03   5.396701e-03   5.340814e-02   1.000000e+00   0.000000e+00   4.999950e-01   5.000102e-01   5.000104e-01   4.999906e-01   5.000142e-01   4.999986e-01   5.000042e-01   4.999764e-01   4.999999e-01   5.000043e-01
   0.000000e+00   1.000000e+00   9.899720e-01   6.617769e-03   3.250729e-02   7.145264e-02   1.568557e-03   1.000000e+00   9.639118e-01   5.000054e-01   4.999823e-01   5.000100e-01   5.000181e-01   4.999919e-01   4.999989e-01   4.999897e-01   5.000153e-01   4.999938e-01   5.000043e-01
   0.000000e+00   4.378367e-04   0.000000e+00   7.591358e-03   0.000000e+00   0.000000e+00   3.960836e-05   9.786763e-01   1.722279e-01   4.999225e-01   5.000465e-01   5.002775e-01   5.000181e-01   4.999916e-01   4.999988e-01   5.004740e-01   4.882822e-01   4.999884e-01   5.000043e-01
   0.000000e+00   1.000000e+00   9.901591e-01   6.567510e-03   3.239071e-02   6.656684e-02   5.320784e-02   1.000000e+00   2.172405e-02   5.000051e-01   4.999823e-01   5.000100e-01   5.000179e-01   4.999920e-01   4.999997e-01   4.999897e-01   5.000152e-01   4.999932e-01   5.000043e-01
   1.966280e-06   0.000000e+00   1.666246e-04   1.537691e-02   0.000000e+00   1.000000e+00   8.754721e-01   0.000000e+00   1.646458e-01   4.999201e-01   5.972835e-01   4.999018e-01   5.000172e-01   5.003972e-01   4.980134e-01   5.017164e-01   5.025147e-01   4.879986e-01   5.000116e-01
   1.966280e-06   0.000000e+00   1.666246e-04   1.537691e-02   3.424313e-03   1.000000e+00   1.000000e+00   0.000000e+00   1.660822e-01   4.998518e-01   6.027213e-01   4.999018e-01   5.000172e-01   5.004032e-01   4.980134e-01   5.017164e-01   5.044646e-01   4.881944e-01   5.000116e-01
   9.015196e-07   1.000000e+00   9.901591e-01   6.697409e-03   2.160118e-02   6.592345e-02   1.677502e-03   1.000000e+00   5.480729e-03   5.000048e-01   4.999871e-01   5.000100e-01   5.000045e-01   4.999920e-01   4.999988e-01   4.999897e-01   5.000152e-01   4.999884e-01   5.000043e-01
   4.992915e-06   0.000000e+00   0.000000e+00   1.343002e-03   0.000000e+00   3.041760e-03   0.000000e+00   0.000000e+00   0.000000e+00   4.999140e-01   4.035631e-01   5.032076e-01   5.001605e-01   5.000724e-01   5.004469e-01   4.999749e-01   4.852300e-01   4.992944e-01   4.990029e-01
   4.965504e-13   0.000000e+00   7.489429e-04   9.987053e-01   0.000000e+00   6.775879e-02   3.272487e-02   4.189926e-02   5.480729e-03   4.908213e-01   4.999823e-01   5.062396e-01   4.999942e-01   5.018136e-01   5.000332e-01   5.016341e-01   5.000151e-01   4.999905e-01   5.000073e-01
   0.000000e+00   1.000000e+00   9.137807e-01   2.436181e-02   3.301773e-02   6.775879e-02   0.000000e+00   0.000000e+00   6.016971e-02   5.000054e-01   4.999829e-01   5.000145e-01   5.000192e-01   4.999998e-01   4.999989e-01   5.000060e-01   5.000158e-01   4.999966e-01   5.000002e-01
   1.966280e-06   0.000000e+00   7.738269e-06   1.537691e-02   3.424313e-03   1.000000e+00   1.000000e+00   0.000000e+00   2.185885e-03   4.998518e-01   5.996536e-01   4.999018e-01   5.000172e-01   5.004032e-01   4.980134e-01   5.017164e-01   5.044556e-01   4.877578e-01   5.002364e-01
   1.966280e-06   0.000000e+00   1.666246e-04   4.282494e-03   0.000000e+00   1.000000e+00   8.649000e-01   0.000000e+00   1.646458e-01   5.000062e-01   5.972835e-01   4.999010e-01   5.000049e-01   5.003972e-01   4.980134e-01   4.999985e-01   5.024936e-01   4.879986e-01   5.000042e-01
   2.369747e-13   9.631558e-04   1.892610e-05   1.060733e-02   1.000000e+00   1.162381e-01   6.915418e-03   1.000000e+00   2.952485e-02   5.003275e-01   5.002049e-01   5.013655e-01   5.000512e-01   4.995966e-01   4.895795e-01   5.001320e-01   4.967683e-01   4.999929e-01   5.000001e-01
   4.650505e-04   0.000000e+00   0.000000e+00   0.000000e+00   0.000000e+00   6.019529e-06   9.407003e-01   2.482446e-02   1.000000e+00   4.993293e-01   5.000024e-01   4.999986e-01   4.917813e-01   4.995411e-01   5.026633e-01   4.929414e-01   5.004600e-01   5.991318e-01   4.999998e-01
   0.000000e+00   0.000000e+00   1.603750e-04   3.751064e-03   0.000000e+00   9.930232e-01   8.530472e-01   2.792472e-03   1.638963e-01   4.999808e-01   4.979702e-01   5.055058e-01   4.999924e-01   5.000129e-01   4.980134e-01   5.017164e-01   4.999427e-01   4.882354e-01   5.000024e-01
   1.710395e-13   1.000000e+00   3.740918e-02   6.740451e-03   7.091571e-04   6.775879e-02   0.000000e+00   4.169547e-02   4.316934e-02   4.999948e-01   5.000172e-01   5.000100e-01   5.000192e-01   4.999977e-01   4.999989e-01   4.999893e-01   5.000075e-01   4.999925e-01   5.000010e-01
   0.000000e+00   1.000000e+00   9.899720e-01   6.701941e-03   3.250729e-02   2.313564e-04   1.801626e-02   1.000000e+00   5.480729e-03   5.000054e-01   4.999823e-01   5.000098e-01   5.000181e-01   4.999987e-01   4.999989e-01   4.999897e-01   4.999960e-01   4.999884e-01   5.000043e-01
   0.000000e+00   0.000000e+00   0.000000e+00   0.000000e+00   1.582821e-02   1.000000e+00   0.000000e+00   1.000000e+00   2.770056e-02   5.003417e-01   5.003804e-01   4.984037e-01   5.000340e-01   3.989171e-01   4.926657e-01   4.999331e-01   5.029033e-01   5.229291e-01   5.059909e-01
   1.000000e+00   0.000000e+00   1.833430e-02   3.693123e-04   0.000000e+00   1.572274e-02   3.063705e-02   9.492890e-01   9.776578e-01   5.003511e-01   5.101487e-01   5.001425e-01   4.999880e-01   5.000861e-01   5.002998e-01   4.999859e-01   5.001500e-01   4.943908e-01   5.000166e-01
   0.000000e+00   1.000000e+00   9.901591e-01   0.000000e+00   3.181571e-02   3.250132e-03   0.000000e+00   1.754379e-02   1.452191e-04   5.000048e-01   5.000124e-01   5.000103e-01   5.000178e-01   4.999928e-01   5.000027e-01   4.999897e-01   5.000154e-01   4.999884e-01   5.000043e-01
   2.942104e-06   1.374849e-06   1.000000e+00   0.000000e+00   2.889392e-06   1.552794e-04   1.000000e+00   3.860113e-04   0.000000e+00   5.001158e-01   4.988494e-01   5.145122e-01   4.999777e-01   5.000984e-01   5.005499e-01   5.056081e-01   5.060207e-01   5.004789e-01   4.999276e-01
   5.538993e-08   1.420943e-02   1.607943e-05   0.000000e+00   8.063565e-08   6.833543e-02   1.000000e+00   1.943306e-02   1.000000e+00   4.984620e-01   5.001137e-01   4.999178e-01   5.044111e-01   4.995513e-01   4.898480e-01   5.016262e-01   4.972305e-01   5.010177e-01   4.998782e-01
   0.000000e+00   5.358257e-06   0.000000e+00   1.858051e-04   4.819029e-06   4.777096e-05   1.398347e-04   1.379500e-02   8.306998e-03   5.003439e-01   5.000980e-01   4.995062e-01   4.999923e-01   4.892590e-01   4.995709e-01   4.928074e-01   5.030608e-01   5.000481e-01   5.095891e-01
   0.000000e+00   1.000000e+00   9.846478e-01   6.916971e-03   5.192311e-02   6.775879e-02   0.000000e+00   0.000000e+00   8.433481e-01   4.999952e-01   5.000112e-01   5.000107e-01   5.000197e-01   4.999987e-01   4.999988e-01   4.999897e-01   5.000152e-01   4.999923e-01   4.999954e-01
   0.000000e+00   1.000000e+00   9.899720e-01   6.861249e-03   3.138110e-02   2.313564e-04   1.801626e-02   4.428038e-02   5.480729e-03   5.000054e-01   4.999823e-01   5.000098e-01   5.000181e-01   4.999987e-01   4.999989e-01   4.999897e-01   4.999960e-01   4.999924e-01   5.000043e-01
   0.000000e+00   1.000000e+00   1.561258e-02   1.758782e-02   3.231696e-02   1.800921e-06   1.000000e+00   1.000000e+00   5.008313e-02   5.000054e-01   4.999811e-01   5.000099e-01   5.000192e-01   4.999913e-01   4.999989e-01   5.000052e-01   5.000159e-01   4.999978e-01   5.000044e-01
   0.000000e+00   0.000000e+00   0.000000e+00   0.000000e+00   1.772120e-02   3.845291e-03   1.027426e-04   0.000000e+00   6.037150e-03   4.999698e-01   5.001212e-01   5.000107e-01   4.999858e-01   5.000683e-01   4.999930e-01   4.999898e-01   4.845430e-01   4.999757e-01   5.000615e-01
   1.000000e+00   0.000000e+00   1.981005e-02   1.711263e-02   3.954771e-06   2.279241e-04   1.000000e+00   1.000000e+00   9.808911e-01   5.003027e-01   4.989798e-01   4.999337e-01   5.080536e-01   5.006105e-01   5.005234e-01   5.000571e-01   4.999535e-01   4.981435e-01   5.076860e-01
   2.369216e-13   9.465172e-04   5.296760e-06   0.000000e+00   9.932782e-01   1.162381e-01   6.936780e-03   1.000000e+00   2.952485e-02   5.003275e-01   5.002049e-01   5.013655e-01   5.000512e-01   4.995966e-01   4.895795e-01   5.001101e-01   4.967632e-01   4.999929e-01   4.999898e-01
   4.691632e-06   0.000000e+00   0.000000e+00   1.343002e-03   4.766417e-06   3.210370e-03   0.000000e+00   0.000000e+00   1.693347e-03   4.999140e-01   4.035631e-01   5.032076e-01   5.000350e-01   5.004856e-01   4.990814e-01   4.999663e-01   4.999217e-01   4.892920e-01   5.098760e-01
   7.657888e-11   7.275296e-03   0.000000e+00   0.000000e+00   0.000000e+00   0.000000e+00   0.000000e+00   2.360958e-02   1.000000e+00   5.003086e-01   5.002592e-01   4.998942e-01   5.000211e-01   5.007634e-01   4.890183e-01   5.003093e-01   5.022773e-01   4.991212e-01   5.103111e-01
   1.451468e-08   5.072983e-09   0.000000e+00   1.000000e+00   0.000000e+00   0.000000e+00   9.943827e-01   9.236376e-01   8.625350e-01   4.984167e-01   5.001190e-01   4.999271e-01   5.000111e-01   4.995145e-01   4.894565e-01   5.015778e-01   5.035519e-01   4.988554e-01   4.999258e-01
   0.000000e+00   0.000000e+00   0.000000e+00   7.326017e-03   0.000000e+00   0.000000e+00   1.000000e+00   0.000000e+00   8.593569e-01   5.003162e-01   4.999819e-01   6.012740e-01   5.000790e-01   5.000230e-01   4.899967e-01   4.989621e-01   6.096287e-01   4.935253e-01   5.074618e-01
   2.531030e-04   0.000000e+00   7.113516e-03   1.000000e+00   2.467262e-02   1.414800e-03   0.000000e+00   1.000000e+00   0.000000e+00   4.991790e-01   4.998079e-01   5.004361e-01   5.000836e-01   4.999920e-01   5.000020e-01   5.027398e-01   4.891753e-01   4.996680e-01   5.000026e-01
   0.000000e+00   1.000000e+00   8.074873e-05   1.189587e-05   3.174999e-02   3.402376e-04   1.000000e+00   1.719272e-02   9.641745e-01   4.999865e-01   4.998947e-01   5.002926e-01   5.000599e-01   4.866573e-01   5.975784e-01   4.999733e-01   4.995924e-01   4.143214e-01   5.001339e-01
   1.000000e+00   5.009840e-06   1.769959e-06   3.496309e-04   0.000000e+00   6.495843e-03   1.519985e-04   0.000000e+00   1.198388e-03   4.999696e-01   4.991991e-01   4.999359e-01   5.056895e-01   5.001747e-01   4.906020e-01   4.999553e-01   4.999603e-01   4.999757e-01   5.004135e-01
   0.000000e+00   0.000000e+00   1.000000e+00   1.693377e-02   6.467938e-04   2.512499e-04   9.998507e-01   1.000000e+00   1.221080e-02   5.003264e-01   5.100255e-01   4.999150e-01   4.999746e-01   5.000131e-01   5.005100e-01   5.017316e-01   5.002193e-01   4.872249e-01   4.998611e-01
   1.710395e-13   1.000000e+00   3.740918e-02   6.142721e-03   7.091571e-04   6.775879e-02   0.000000e+00   4.333405e-02   9.708845e-01   4.999948e-01   5.000172e-01   5.000103e-01   5.000192e-01   4.999977e-01   4.999989e-01   4.999893e-01   5.000075e-01   4.999925e-01   5.000011e-01
   1.000000e+00   0.000000e+00   1.981005e-02   1.725377e-02   7.686557e-04   2.279241e-04   0.000000e+00   1.000000e+00   0.000000e+00   5.002248e-01   4.988813e-01   5.008909e-01   5.080536e-01   5.006105e-01   5.005234e-01   5.000571e-01   4.999535e-01   4.981435e-01   5.077861e-01
   5.538993e-08   1.420943e-02   1.607943e-05   0.000000e+00   6.104447e-09   9.882562e-01   1.000000e+00   1.943306e-02   9.645135e-01   4.984489e-01   5.001137e-01   4.999178e-01   5.044111e-01   4.995513e-01   3.903709e-01   5.016128e-01   4.972305e-01   4.941739e-01   4.998782e-01
   2.369216e-13   9.445081e-04   4.266246e-05   6.106781e-04   1.000000e+00   1.192981e-01   1.590579e-04   1.000000e+00   2.952485e-02   5.003275e-01   5.002049e-01   5.013655e-01   5.000521e-01   4.996283e-01   4.933060e-01   5.011486e-01   4.837155e-01   5.885893e-01   5.000667e-01
   0.000000e+00   1.185687e-08   4.365403e-06   2.046843e-05   6.725767e-04   1.000000e+00   9.190585e-01   0.000000e+00   9.370476e-03   4.082012e-01   5.000086e-01   5.000044e-01   5.236237e-01   5.002744e-01   4.899599e-01   5.002907e-01   5.069695e-01   5.011126e-01   4.999922e-01
   0.000000e+00   0.000000e+00   0.000000e+00   3.879486e-03   9.527388e-01   1.000000e+00   7.689258e-01   2.792472e-03   1.638963e-01   4.999808e-01   4.990611e-01   6.080252e-01   4.999776e-01   4.997079e-01   4.980134e-01   5.017128e-01   5.002398e-01   4.886215e-01   4.996549e-01
   2.264320e-05   0.000000e+00   4.241852e-06   3.534059e-04   5.848134e-04   9.899622e-01   9.998141e-01   1.000000e+00   1.000000e+00   4.998571e-01   5.986221e-01   5.000042e-01   5.000202e-01   5.002687e-01   4.974720e-01   5.017233e-01   5.043124e-01   6.882035e-01   4.999894e-01
   2.996964e-07   0.000000e+00   1.000000e+00   0.000000e+00   0.000000e+00   0.000000e+00   1.223561e-03   2.811104e-03   8.591017e-01   5.003284e-01   5.221335e-01   4.999131e-01   5.000205e-01   5.018494e-01   5.002907e-01   4.999142e-01   5.000285e-01   4.892827e-01   5.001698e-01
   1.707241e-13   0.000000e+00   1.754794e-04   1.451722e-02   1.536754e-03   9.935753e-01   9.495304e-01   4.194825e-02   0.000000e+00   5.000172e-01   5.002059e-01   4.980043e-01   4.999894e-01   4.999454e-01   4.892937e-01   5.000298e-01   5.015108e-01   4.999439e-01   5.079918e-01
   0.000000e+00   3.512389e-02   1.000000e+00   3.751064e-03   9.477824e-01   1.000000e+00   7.689258e-01   2.792472e-03   8.554848e-01   4.999814e-01   4.991644e-01   6.083522e-01   4.999776e-01   5.000111e-01   4.980134e-01   5.017128e-01   4.864656e-01   5.001883e-01   4.999907e-01
   0.000000e+00   2.596251e-02   0.000000e+00   6.549843e-03   9.803118e-01   1.747682e-02   0.000000e+00   0.000000e+00   8.869188e-03   5.003439e-01   4.951291e-01   5.087151e-01   5.000181e-01   4.998761e-01   4.995725e-01   4.928074e-01   5.029740e-01   4.999930e-01   4.951233e-01
   1.000000e+00   1.085912e-01   3.945790e-08   3.496309e-04   0.000000e+00   1.433704e-03   1.482477e-04   0.000000e+00   3.224988e-04   4.999696e-01   4.991642e-01   4.999359e-01   5.059767e-01   5.001747e-01   4.904447e-01   4.999553e-01   4.999603e-01   4.999564e-01   4.999105e-01
   1.894489e-10   1.433417e-05   3.939528e-04   0.000000e+00   8.163941e-08   0.000000e+00   2.437704e-02   0.000000e+00   9.712877e-01   5.003045e-01   4.999065e-01   5.134494e-01   5.000783e-01   4.985803e-01   4.999809e-01   5.026710e-01   5.053508e-01   4.987954e-01   4.967553e-01
   1.369338e-10   0.000000e+00   1.240793e-06   0.000000e+00   0.000000e+00   3.867543e-03   1.051154e-04   1.000000e+00   1.000000e+00   5.004010e-01   4.986866e-01   5.001782e-01   4.855813e-01   5.001381e-01   4.903167e-01   5.000057e-01   4.971432e-01   4.999648e-01   4.923632e-01
   1.710395e-13   1.000000e+00   1.534255e-02   6.740451e-03   0.000000e+00   6.775879e-02   0.000000e+00   1.625110e-02   3.774237e-02   4.999948e-01   5.000175e-01   5.000397e-01   5.000200e-01   4.999987e-01   4.999989e-01   4.999897e-01   5.000070e-01   4.880621e-01   4.996763e-01
   1.000000e+00   0.000000e+00   1.833430e-02   3.352857e-04   0.000000e+00   1.572274e-02   1.000000e+00   9.418560e-01   4.325844e-02   5.003301e-01   5.101487e-01   5.001425e-01   4.999880e-01   5.017403e-01   5.002998e-01   4.999859e-01   5.001500e-01   5.000003e-01   4.999107e-01
   8.125384e-08   0.000000e+00   0.000000e+00   0.000000e+00   6.382122e-04   0.000000e+00   0.000000e+00   0.000000e+00   0.000000e+00   4.026830e-01   4.954739e-01   3.934820e-01   5.000207e-01   5.004675e-01   4.985454e-01   4.916010e-01   5.054003e-01   4.998516e-01   5.075328e-01
   0.000000e+00   3.431790e-08   1.009946e-04   0.000000e+00   7.874650e-08   0.000000e+00   7.649169e-05   3.479967e-02   9.921427e-01   5.003370e-01   5.000112e-01   5.001887e-01   5.002374e-01   4.999424e-01   4.736299e-01   5.015627e-01   5.000730e-01   4.988993e-01   4.968126e-01
   0.000000e+00   1.000000e+00   1.614283e-02   6.699531e-03   3.127663e-02   7.145264e-02   1.801824e-02   2.711321e-02   5.480729e-03   5.000054e-01   4.999823e-01   5.000098e-01   5.000181e-01   4.999991e-01   4.999989e-01   4.999897e-01   5.000152e-01   4.999979e-01   5.000043e-01
   4.731300e-07   4.669391e-09   4.690337e-06   1.000000e+00   0.000000e+00   0.000000e+00   9.998399e-01   2.924497e-02   1.550540e-02   4.984382e-01   4.720457e-01   4.999253e-01   5.001155e-01   4.995211e-01   5.008958e-01   5.016205e-01   4.997773e-01   4.997849e-01   4.968101e-01
   1.894489e-10   1.140078e-06   1.528526e-02   0.000000e+00   8.163941e-08   1.856604e-04   2.437704e-02   0.000000e+00   9.712877e-01   5.003045e-01   4.999065e-01   5.134494e-01   5.000783e-01   4.985803e-01   4.999567e-01   5.026710e-01   5.062731e-01   4.988361e-01   4.942080e-01
   0.000000e+00   0.000000e+00   0.000000e+00   8.320195e-03   0.000000e+00   1.000000e+00   0.000000e+00   1.271221e-01   2.362265e-01   4.113714e-01   4.991606e-01   4.982424e-01   4.998306e-01   4.997211e-01   5.943948e-01   5.021203e-01   5.000035e-01   4.997979e-01   5.015659e-01
   7.657888e-11   7.275296e-03   0.000000e+00   9.859445e-03   0.000000e+00   0.000000e+00   0.000000e+00   2.360707e-02   9.814446e-01   5.003219e-01   4.956939e-01   5.000506e-01   5.000211e-01   5.007639e-01   4.907404e-01   5.003093e-01   5.022773e-01   4.991212e-01   5.101858e-01
   1.835128e-10   6.634187e-07   1.921122e-04   1.000000e+00   1.889148e-09   0.000000e+00   9.943827e-01   9.173974e-01   9.815198e-01   4.984190e-01   5.001163e-01   4.999103e-01   5.000790e-01   4.995496e-01   4.898601e-01   5.001827e-01   5.036265e-01   4.999549e-01   4.997792e-01
   1.894489e-10   1.416637e-05   3.877004e-04   0.000000e+00   8.163941e-08   0.000000e+00   1.000000e+00   0.000000e+00   9.810929e-01   4.983206e-01   4.999065e-01   5.136613e-01   5.000790e-01   4.995725e-01   5.026586e-01   5.033514e-01   6.089143e-01   4.988374e-01   4.967553e-01
   1.369338e-10   0.000000e+00   4.035102e-04   0.000000e+00   0.000000e+00   3.659902e-02   0.000000e+00   1.000000e+00   1.000000e+00   5.000295e-01   4.986866e-01   4.999613e-01   4.855813e-01   4.911346e-01   4.898034e-01   5.000057e-01   4.992429e-01   4.999648e-01   4.923632e-01
   0.000000e+00   1.844330e-05   1.580528e-02   0.000000e+00   1.556637e-03   5.517164e-05   1.600419e-04   0.000000e+00   0.000000e+00   5.008423e-01   4.747215e-01   5.007585e-01   5.000347e-01   5.039807e-01   5.009656e-01   4.999828e-01   4.972722e-01   4.984332e-01   4.984858e-01
   0.000000e+00   0.000000e+00   0.000000e+00   9.535317e-04   8.659516e-05   4.571529e-04   1.000000e+00   1.091405e-02   9.884564e-01   5.003443e-01   4.999664e-01   4.999636e-01   5.000398e-01   5.000122e-01   5.013345e-01   4.999730e-01   5.000303e-01   5.000470e-01   4.787253e-01
   3.439849e-07   0.000000e+00   0.000000e+00   1.330518e-05   0.000000e+00   9.952744e-01   3.180327e-05   1.000000e+00   1.000000e+00   5.001316e-01   4.994027e-01   5.031649e-01   5.000329e-01   5.000110e-01   5.154888e-01   4.999497e-01   5.000243e-01   4.993997e-01   6.186490e-01
   4.965504e-13   0.000000e+00   7.489429e-04   9.987053e-01   3.054346e-05   4.870610e-04   3.272487e-02   1.930837e-02   5.480729e-03   4.908213e-01   4.999823e-01   5.062396e-01   5.000732e-01   5.018759e-01   5.000327e-01   5.016341e-01   5.000151e-01   5.006581e-01   5.000073e-01
   0.000000e+00   1.000000e+00   0.000000e+00   6.701941e-03   3.250729e-02   9.362609e-06   1.801626e-02   1.000000e+00   0.000000e+00   5.000054e-01   4.999846e-01   5.008959e-01   5.000206e-01   6.117901e-01   4.999989e-01   4.999897e-01   4.999960e-01   4.999867e-01   5.000043e-01
   1.710395e-13   1.000000e+00   0.000000e+00   6.142721e-03   7.091571e-04   6.775879e-02   0.000000e+00   5.933592e-03   9.695831e-01   4.999948e-01   5.100523e-01   5.000103e-01   5.000192e-01   5.000641e-01   3.951663e-01   4.999893e-01   5.000075e-01   4.999925e-01   5.000011e-01
   4.965504e-13   0.000000e+00   7.393959e-04   9.987053e-01   0.000000e+00   7.055324e-02   2.298382e-02   4.189926e-02   5.480729e-03   4.908394e-01   4.999823e-01   5.062396e-01   4.999942e-01   5.018136e-01   4.996112e-01   5.016060e-01   5.000151e-01   4.999905e-01   5.001318e-01
   9.746742e-06   1.101540e-04   0.000000e+00   1.000000e+00   6.799932e-05   9.686681e-01   1.069675e-07   1.787622e-04   8.765788e-01   4.987102e-01   4.953116e-01   4.984876e-01   5.000313e-01   4.890448e-01   4.895326e-01   5.041115e-01   4.998512e-01   4.996417e-01   5.076635e-01
   1.957314e-04   1.310552e-06   1.000000e+00   9.894164e-01   9.842794e-01   6.425247e-02   3.295404e-02   0.000000e+00   1.387415e-02   5.001149e-01   4.805222e-01   5.000213e-01   4.999934e-01   5.018418e-01   5.007785e-01   4.999712e-01   5.003941e-01   4.999883e-01   5.098101e-01
   1.082803e-07   0.000000e+00   0.000000e+00   1.363584e-05   1.055261e-02   0.000000e+00   1.000000e+00   0.000000e+00   7.400786e-03   5.003491e-01   5.071250e-01   4.984120e-01   5.000245e-01   5.001886e-01   4.916290e-01   5.005093e-01   5.005023e-01   3.929072e-01   4.998554e-01
   1.953335e-08   0.000000e+00   1.808975e-04   9.932092e-01   1.526448e-03   1.582329e-02   2.811442e-03   4.227080e-02   4.436104e-02   5.000146e-01   4.999704e-01   4.980130e-01   5.000010e-01   4.889778e-01   4.996189e-01   5.017164e-01   5.000356e-01   5.002012e-01   4.997777e-01
   8.125384e-08   0.000000e+00   1.457897e-06   4.660010e-04   6.382122e-04   5.568934e-03   9.730218e-01   9.704327e-01   0.000000e+00   5.055048e-01   5.000195e-01   3.934820e-01   5.000205e-01   4.980821e-01   4.986362e-01   5.000471e-01   5.054003e-01   4.999985e-01   5.075328e-01
   8.201957e-03   0.000000e+00   0.000000e+00   1.000000e+00   0.000000e+00   1.697774e-06   9.421998e-01   2.452393e-02   5.731682e-02   4.993293e-01   4.999840e-01   4.999986e-01   4.917813e-01   4.995315e-01   5.026326e-01   4.943757e-01   5.000172e-01   5.959108e-01   5.000044e-01
   0.000000e+00   1.891769e-02   4.100094e-02   1.000000e+00   1.000000e+00   1.000000e+00   2.625165e-02   4.532577e-02   3.279453e-02   5.000009e-01   5.001011e-01   5.018902e-01   4.995376e-01   4.901103e-01   4.975191e-01   4.999278e-01   5.011738e-01   4.999979e-01   5.009577e-01
   9.732285e-01   0.000000e+00   0.000000e+00   0.000000e+00   0.000000e+00   7.019441e-02   1.000000e+00   9.770796e-01   1.299089e-02   5.000034e-01   4.974272e-01   5.008592e-01   5.000062e-01   4.999995e-01   5.004273e-01   5.000157e-01   4.862272e-01   5.000149e-01   5.098101e-01
   0.000000e+00   0.000000e+00   1.353789e-02   0.000000e+00   1.484917e-03   3.850648e-03   1.396262e-04   0.000000e+00   3.916536e-02   4.035680e-01   5.000263e-01   5.001888e-01   5.000180e-01   4.875305e-01   4.995609e-01   5.017235e-01   4.999521e-01   4.999929e-01   5.077983e-01
   2.957070e-03   0.000000e+00   5.786622e-02   3.119675e-03   1.206642e-03   0.000000e+00   0.000000e+00   5.183416e-02   9.705518e-01   5.003439e-01   5.090938e-01   4.999478e-01   4.999907e-01   5.000871e-01   4.995419e-01   5.026968e-01   5.049850e-01   5.000489e-01   5.092288e-01
   0.000000e+00   0.000000e+00   1.000000e+00   0.000000e+00   6.382122e-04   0.000000e+00   4.187810e-02   8.100300e-02   0.000000e+00   3.917384e-01   5.000195e-01   4.032470e-01   5.000205e-01   5.018328e-01   4.985454e-01   4.890506e-01   5.001584e-01   5.000015e-01   5.075328e-01
   0.000000e+00   1.102713e-04   2.170581e-02   0.000000e+00   1.751758e-02   3.115814e-03   9.567872e-01   0.000000e+00   1.576718e-02   4.999858e-01   5.096939e-01   4.999205e-01   5.000200e-01   5.000913e-01   5.014130e-01   5.051051e-01   5.886354e-01   4.869925e-01   4.823061e-01
   5.548497e-03   0.000000e+00   1.090775e-04   0.000000e+00   0.000000e+00   3.212665e-03   7.189813e-06   1.993269e-02   9.997438e-01   5.000070e-01   4.824050e-01   4.984073e-01   5.001553e-01   4.999928e-01   4.994970e-01   4.999062e-01   4.999603e-01   4.999757e-01   5.000414e-01
   0.000000e+00   1.000000e+00   9.029582e-05   1.189587e-05   3.174999e-02   0.000000e+00   1.000000e+00   1.719272e-02   9.641745e-01   4.999684e-01   4.998947e-01   5.002926e-01   5.000599e-01   4.866573e-01   5.980004e-01   5.000014e-01   4.995924e-01   4.143214e-01   5.000094e-01
   0.000000e+00   0.000000e+00   4.354257e-05   1.000000e+00   1.478611e-03   1.000000e+00   1.889986e-04   3.691383e-04   3.809999e-02   4.991533e-01   5.086144e-01   5.001866e-01   5.000170e-01   4.888543e-01   4.893199e-01   5.016813e-01   4.996095e-01   4.915754e-01   5.079089e-01
   1.710299e-13   1.000000e+00   3.740918e-02   6.201124e-03   7.091571e-04   7.885636e-02   0.000000e+00   1.420759e-01   9.708845e-01   4.999948e-01   5.000301e-01   5.000103e-01   5.000204e-01   4.999977e-01   4.999989e-01   4.999893e-01   5.000033e-01   4.999925e-01   5.000011e-01
   5.567741e-06   0.000000e+00   9.430891e-04   0.000000e+00   0.000000e+00   1.989742e-04   0.000000e+00   4.856392e-04   9.982925e-01   4.981635e-01   5.086985e-01   4.994378e-01   5.000203e-01   5.003383e-01   4.983897e-01   4.997603e-01   5.015214e-01   4.920664e-01   4.914321e-01
   9.015196e-07   1.000000e+00   9.901591e-01   0.000000e+00   0.000000e+00   6.592345e-02   1.287014e-04   5.950674e-02   5.480729e-03   5.000048e-01   4.999871e-01   5.000086e-01   5.000045e-01   4.999955e-01   4.999988e-01   4.999897e-01   5.000152e-01   5.000196e-01   5.000043e-01
   2.996964e-07   1.000000e+00   9.994883e-01   0.000000e+00   0.000000e+00   0.000000e+00   1.223561e-03   2.811104e-03   8.591017e-01   5.003050e-01   4.945597e-01   4.999131e-01   5.000205e-01   5.018510e-01   5.002907e-01   4.999142e-01   5.000271e-01   4.892827e-01   5.005252e-01
   1.363985e-08   5.072983e-09   0.000000e+00   9.806581e-01   0.000000e+00   0.000000e+00   9.943827e-01   9.236376e-01   9.102101e-01   4.984167e-01   4.999663e-01   4.999271e-01   5.000111e-01   4.995145e-01   4.895150e-01   5.015778e-01   5.036241e-01   5.000617e-01   4.999258e-01
   0.000000e+00   1.000000e+00   9.029582e-05   0.000000e+00   1.576982e-02   1.000000e+00   9.984845e-01   1.719272e-02   9.641745e-01   4.999684e-01   4.998947e-01   5.002926e-01   5.000599e-01   4.866573e-01   5.980004e-01   5.000014e-01   5.026529e-01   4.143214e-01   5.000094e-01
   6.659472e-04   0.000000e+00   3.223970e-04   2.073804e-04   0.000000e+00   0.000000e+00   1.000000e+00   1.000000e+00   8.852831e-01   5.000095e-01   5.001988e-01   6.129514e-01   5.000772e-01   5.001503e-01   4.893520e-01   5.013455e-01   4.913541e-01   4.942939e-01   4.991606e-01
   0.000000e+00   5.072983e-09   0.000000e+00   1.000000e+00   0.000000e+00   0.000000e+00   9.943827e-01   9.236376e-01   0.000000e+00   4.984198e-01   4.999825e-01   4.999271e-01   5.000111e-01   4.995145e-01   4.894565e-01   5.015587e-01   5.035519e-01   4.988554e-01   4.999231e-01
   0.000000e+00   0.000000e+00   0.000000e+00   1.816465e-04   9.855003e-01   2.059454e-02   1.299236e-02   0.000000e+00   0.000000e+00   4.075234e-01   5.000013e-01   4.983420e-01   4.976984e-01   4.896854e-01   5.028659e-01   5.021498e-01   5.000035e-01   5.010996e-01   5.019095e-01
   0.000000e+00   0.000000e+00   1.589461e-03   1.086423e-02   1.000000e+00   7.320558e-03   1.167575e-03   9.305213e-01   1.000000e+00   5.003247e-01   5.092969e-01   4.983440e-01   5.000473e-01   4.995170e-01   4.897922e-01   4.999891e-01   4.991590e-01   3.986666e-01   4.990849e-01
   0.000000e+00   1.416637e-05   3.877004e-04   0.000000e+00   0.000000e+00   1.274001e-02   9.550806e-04   1.000000e+00   9.810929e-01   4.983206e-01   4.999065e-01   5.136613e-01   5.000790e-01   4.995725e-01   5.026586e-01   5.000641e-01   6.089143e-01   5.000183e-01   5.067025e-01
   0.000000e+00   0.000000e+00   4.365403e-06   4.128706e-03   6.729172e-04   9.817227e-01   9.190585e-01   2.809204e-03   9.067361e-01   4.040189e-01   5.000086e-01   5.020867e-01   5.000063e-01   5.002744e-01   4.912091e-01   5.002876e-01   4.987065e-01   4.999896e-01   4.999922e-01
   0.000000e+00   0.000000e+00   0.000000e+00   8.653808e-02   9.527388e-01   1.000000e+00   7.689258e-01   1.000000e+00   1.638963e-01   4.999808e-01   4.990611e-01   6.080252e-01   4.999776e-01   4.874547e-01   4.980079e-01   5.017128e-01   4.846323e-01   5.012945e-01   4.996549e-01
   2.254632e-05   0.000000e+00   0.000000e+00   1.404101e-03   0.000000e+00   9.964988e-01   0.000000e+00   1.000000e+00   1.741652e-02   4.998600e-01   4.117118e-01   5.000504e-01   5.001641e-01   5.021054e-01   4.974720e-01   5.017462e-01   5.043107e-01   6.882035e-01   4.999968e-01
   0.000000e+00   0.000000e+00   1.603750e-04   4.206927e-03   0.000000e+00   9.930232e-01   8.515509e-01   0.000000e+00   1.638963e-01   4.045784e-01   4.979702e-01   5.055058e-01   4.999908e-01   4.867875e-01   4.980097e-01   5.017164e-01   4.999427e-01   4.882354e-01   5.001008e-01
   2.964802e-06   2.984348e-08   0.000000e+00   1.865333e-06   1.103767e-08   1.983203e-02   1.387732e-04   0.000000e+00   0.000000e+00   5.001179e-01   4.986857e-01   4.999613e-01   4.855813e-01   4.909719e-01   5.006228e-01   5.000057e-01   4.992677e-01   4.999648e-01   4.940208e-01
   4.613433e-06   1.000000e+00   0.000000e+00   1.343002e-03   2.194498e-02   3.210370e-03   0.000000e+00   1.000000e+00   5.355794e-03   4.999140e-01   4.035631e-01   5.032076e-01   5.000350e-01   5.004856e-01   4.990759e-01   4.999663e-01   4.999192e-01   4.997283e-01   5.098760e-01
   0.000000e+00   0.000000e+00   1.929032e-03   6.500752e-03   6.382122e-04   7.080038e-02   9.730218e-01   9.704327e-01   0.000000e+00   5.055198e-01   5.000195e-01   3.947356e-01   5.000205e-01   4.999365e-01   4.986362e-01   5.000471e-01   5.054759e-01   4.999926e-01   5.079110e-01
   0.000000e+00   1.000000e+00   1.604706e-02   2.260694e-05   1.201950e-03   4.690150e-05   9.865982e-01   1.000000e+00   1.077919e-05   5.171025e-01   5.000107e-01   5.000015e-01   5.000178e-01   5.000006e-01   5.000057e-01   4.999897e-01   5.000060e-01   4.998564e-01   5.109688e-01
   0.000000e+00   0.000000e+00   2.630078e-06   0.000000e+00   1.895310e-02   3.115301e-03   3.756984e-04   1.000000e+00   8.258464e-01   5.000068e-01   5.000000e-01   5.000431e-01   5.000154e-01   5.000727e-01   4.996836e-01   4.994192e-01   5.185278e-01   4.999983e-01   5.038324e-01
   1.000000e+00   2.004491e-02   0.000000e+00   3.227225e-03   5.551503e-02   4.306340e-08   1.394080e-04   9.823755e-01   9.705518e-01   4.999657e-01   4.998355e-01   4.999485e-01   4.999905e-01   5.000871e-01   4.995651e-01   5.026968e-01   4.817892e-01   5.000489e-01   5.089669e-01
   5.655943e-04   1.927901e-02   1.429677e-06   9.928496e-01   1.397991e-03   0.000000e+00   9.867501e-01   0.000000e+00   0.000000e+00   4.999706e-01   5.000416e-01   4.985072e-01   5.004105e-01   4.999953e-01   4.999600e-01   4.999765e-01   5.000064e-01   5.000006e-01   5.107128e-01
   0.000000e+00   0.000000e+00   0.000000e+00   6.563766e-03   1.000000e+00   1.668322e-02   1.615616e-03   0.000000e+00   0.000000e+00   5.003439e-01   4.756314e-01   5.003562e-01   4.999922e-01   5.038724e-01   4.995709e-01   4.999632e-01   5.000713e-01   5.000877e-01   4.950952e-01
   0.000000e+00   0.000000e+00   3.375202e-09   7.732552e-05   5.040221e-03   0.000000e+00   1.000000e+00   0.000000e+00   6.891857e-02   5.003029e-01   5.002090e-01   5.998849e-01   5.000790e-01   4.985613e-01   4.899967e-01   4.989621e-01   6.096287e-01   4.935253e-01   5.074618e-01
   0.000000e+00   3.431790e-08   1.009946e-04   6.832128e-03   2.449515e-02   0.000000e+00   1.625293e-03   9.752929e-01   9.921427e-01   5.003370e-01   5.000112e-01   5.001901e-01   5.002374e-01   4.999389e-01   4.736299e-01   5.015627e-01   5.000730e-01   4.988681e-01   4.968126e-01
   5.548497e-03   0.000000e+00   1.090775e-04   0.000000e+00   1.121267e-05   3.212665e-03   0.000000e+00   1.993269e-02   9.996020e-01   4.999949e-01   4.824050e-01   4.999937e-01   5.001566e-01   4.999928e-01   4.995012e-01   4.999085e-01   4.999603e-01   4.999757e-01   5.000411e-01
   8.372942e-08   0.000000e+00   3.130249e-02   4.660010e-04   1.238742e-04   0.000000e+00   9.781754e-01   0.000000e+00   9.803614e-01   4.015962e-01   5.090116e-01   3.934820e-01   5.000205e-01   4.894100e-01   4.985454e-01   5.795245e-01   5.054003e-01   4.998522e-01   5.075328e-01
   0.000000e+00   0.000000e+00   0.000000e+00   5.666674e-03   0.000000e+00   1.000000e+00   1.000000e+00   0.000000e+00   8.593569e-01   5.003162e-01   5.220832e-01   6.012740e-01   5.000222e-01   4.881056e-01   3.993940e-01   4.989556e-01   6.080154e-01   4.935253e-01   5.074618e-01
   6.563305e-03   9.631558e-04   0.000000e+00   5.177569e-04   1.000000e+00   6.913961e-02   1.000000e+00   9.962574e-01   2.958507e-02   5.003248e-01   5.099076e-01   4.999185e-01   4.999729e-01   5.018353e-01   4.902764e-01   5.000308e-01   4.967211e-01   4.999929e-01   5.000500e-01
   9.732285e-01   0.000000e+00   0.000000e+00   4.983561e-02   4.319123e-07   1.542283e-02   1.000000e+00   9.770796e-01   1.299089e-02   5.000148e-01   4.999733e-01   5.007380e-01   5.000062e-01   4.999995e-01   4.996129e-01   5.018613e-01   5.021345e-01   4.868744e-01   5.078726e-01
   0.000000e+00   1.000000e+00   1.000000e+00   1.658793e-02   6.467938e-04   3.407035e-04   9.998462e-01   1.455575e-03   0.000000e+00   5.184968e-01   5.100255e-01   5.002962e-01   4.999825e-01   4.897620e-01   5.032147e-01   5.021065e-01   5.000256e-01   4.872249e-01   4.998611e-01
   0.000000e+00   0.000000e+00   6.114151e-05   0.000000e+00   8.445964e-06   1.000000e+00   9.042710e-01   0.000000e+00   8.958875e-01   5.000164e-01   5.000423e-01   5.001831e-01   5.000192e-01   4.864637e-01   4.982551e-01   4.918312e-01   5.015108e-01   4.918305e-01   4.998912e-01
   4.189964e-07   0.000000e+00   1.593595e-05   5.354607e-04   8.601710e-04   0.000000e+00   7.693068e-03   0.000000e+00   9.999860e-01   4.998464e-01   4.952404e-01   5.055543e-01   5.000470e-01   5.023678e-01   4.973611e-01   4.929527e-01   5.042685e-01   4.879975e-01   5.002279e-01
   8.715583e-03   1.000000e+00   2.437114e-03   7.116659e-04   8.156489e-02   9.887916e-01   9.743689e-01   1.000000e+00   0.000000e+00   5.001631e-01   4.982767e-01   6.097015e-01   5.000203e-01   4.882692e-01   4.999988e-01   5.000085e-01   4.900855e-01   4.940107e-01   4.993910e-01
   4.896740e-13   3.416378e-06   9.078404e-04   1.748811e-02   0.000000e+00   6.836289e-02   1.000000e+00   9.678170e-01   1.000000e+00   5.000386e-01   4.956895e-01   5.063898e-01   5.000855e-01   5.023958e-01   5.005112e-01   5.015590e-01   5.058892e-01   5.957031e-01   4.967528e-01
   0.000000e+00   0.000000e+00   3.369259e-04   5.476871e-03   4.876105e-05   4.016163e-04   1.403202e-04   9.623148e-04   3.916536e-02   4.035783e-01   5.000262e-01   5.001884e-01   4.993994e-01   4.997837e-01   4.995663e-01   5.003404e-01   5.000260e-01   4.884185e-01   5.083471e-01
   0.000000e+00   0.000000e+00   0.000000e+00   3.777040e-03   3.283275e-03   0.000000e+00   9.482998e-03   2.823174e-03   0.000000e+00   4.988270e-01   4.999095e-01   4.982152e-01   5.000204e-01   4.997128e-01   4.975401e-01   4.916010e-01   5.054818e-01   4.998522e-01   5.074444e-01
   0.000000e+00   1.000000e+00   0.000000e+00   6.661470e-03   6.236699e-04   5.984869e-04   1.000000e+00   1.000000e+00   7.548997e-03   5.000075e-01   5.101501e-01   4.999187e-01   4.999731e-01   5.000145e-01   5.000000e-01   5.017316e-01   5.000285e-01   4.999963e-01   4.998611e-01
   6.602710e-08   0.000000e+00   1.560637e-02   1.075847e-02   0.000000e+00   1.800921e-06   1.582277e-02   1.000000e+00   9.066166e-01   4.999947e-01   4.999829e-01   5.000099e-01   5.000203e-01   5.000185e-01   5.004516e-01   4.999928e-01   5.000158e-01   5.617793e-01   5.000034e-01
   0.000000e+00   1.000000e+00   3.690268e-02   2.435097e-04   7.091571e-04   6.775879e-02   0.000000e+00   4.691268e-02   9.985994e-01   4.999948e-01   5.000172e-01   5.000103e-01   5.000162e-01   4.999670e-01   4.999989e-01   4.999893e-01   5.000075e-01   4.999925e-01   4.999968e-01
   2.549613e-08   0.000000e+00   1.036634e-04   1.092375e-02   1.000000e+00   6.811533e-02   6.758471e-03   9.971306e-01   9.940646e-01   5.003225e-01   5.002007e-01   4.983440e-01   5.000465e-01   5.016774e-01   4.897922e-01   5.000723e-01   4.967031e-01   4.999414e-01   4.990924e-01
   0.000000e+00   1.000000e+00   1.072524e-01   1.102778e-02   8.140377e-02   0.000000e+00   1.677502e-03   9.829481e-01   5.480729e-03   4.048174e-01   4.999823e-01   5.242742e-01   5.000162e-01   4.999498e-01   4.995324e-01   4.999303e-01   5.034386e-01   4.885792e-01   5.000043e-01
   9.931348e-01   1.000000e+00   2.008328e-02   1.758782e-02   3.231696e-02   1.800921e-06   1.000000e+00   1.000000e+00   5.008313e-02   4.999945e-01   4.999811e-01   5.000351e-01   5.082087e-01   4.999913e-01   4.999988e-01   5.000591e-01   5.000159e-01   4.999978e-01   5.000044e-01
   9.732285e-01   0.000000e+00   0.000000e+00   0.000000e+00   0.000000e+00   4.848223e-02   9.698447e-01   1.828576e-02   0.000000e+00   5.000034e-01   4.974272e-01   5.009054e-01   5.001548e-01   4.999995e-01   5.004273e-01   5.000157e-01   4.862272e-01   5.000149e-01   5.098101e-01
   3.228871e-08   3.082558e-06   4.690581e-06   1.000000e+00   0.000000e+00   1.086403e-06   1.398347e-04   6.271259e-05   2.719531e-03   5.051775e-01   4.993339e-01   4.999485e-01   5.000789e-01   4.995317e-01   4.995651e-01   5.028133e-01   3.957360e-01   6.425748e-01   5.091164e-01
   0.000000e+00   1.000000e+00   9.901591e-01   6.569049e-03   1.628103e-03   1.000000e+00   2.354779e-04   1.000000e+00   9.097851e-01   5.000051e-01   4.999823e-01   5.000052e-01   5.233261e-01   4.999920e-01   4.999997e-01   4.999833e-01   5.069448e-01   5.011251e-01   5.000043e-01
   9.736535e-01   0.000000e+00   0.000000e+00   0.000000e+00   2.099130e-04   7.019441e-02   1.000000e+00   4.675201e-02   1.299089e-02   5.000034e-01   4.995000e-01   5.008592e-01   5.000062e-01   4.999995e-01   5.005244e-01   5.015071e-01   4.993566e-01   4.981311e-01   5.098101e-01
   0.000000e+00   0.000000e+00   0.000000e+00   5.065720e-02   1.466449e-03   0.000000e+00   4.089750e-03   0.000000e+00   9.877563e-01   5.000133e-01   4.991556e-01   5.000130e-01   5.028422e-01   4.999927e-01   4.998662e-01   5.017145e-01   5.001626e-01   4.878486e-01   4.999373e-01
   0.000000e+00   8.954326e-10   1.009946e-04   0.000000e+00   7.874650e-08   4.897385e-05   7.649169e-05   0.000000e+00   9.919458e-01   5.003370e-01   4.999999e-01   5.001887e-01   5.000160e-01   5.000769e-01   4.736299e-01   5.148407e-01   5.000730e-01   4.988993e-01   4.968185e-01
   0.000000e+00   0.000000e+00   9.858883e-01   0.000000e+00   0.000000e+00   6.904379e-04   9.850004e-01   2.360958e-02   3.566405e-02   5.000042e-01   4.989675e-01   4.992837e-01   5.000211e-01   5.007634e-01   4.890183e-01   5.003093e-01   4.999786e-01   4.960152e-01   5.103111e-01
   0.000000e+00   0.000000e+00   0.000000e+00   7.326017e-03   0.000000e+00   0.000000e+00   1.000000e+00   1.985466e-03   9.719896e-01   4.999719e-01   4.999819e-01   6.012740e-01   5.000758e-01   5.000228e-01   4.915460e-01   4.989621e-01   6.096287e-01   4.935253e-01   5.073048e-01
   0.000000e+00   4.156612e-03   1.616154e-02   3.301624e-03   9.551105e-01   9.999232e-01   9.542940e-01   1.000000e+00   1.798958e-01   5.166952e-01   5.000082e-01   4.913115e-01   5.000178e-01   5.859534e-01   4.998842e-01   4.999868e-01   5.033117e-01   4.997383e-01   4.998893e-01
   1.182351e-10   4.016740e-07   3.369259e-04   5.392376e-03   4.856753e-05   4.016163e-04   6.713694e-03   9.623148e-04   3.916536e-02   4.015729e-01   4.999070e-01   5.008941e-01   4.993994e-01   4.997837e-01   4.995663e-01   5.003404e-01   6.031605e-01   4.885760e-01   4.957397e-01
   1.369338e-10   1.388438e-06   8.856239e-05   1.189423e-05   2.809389e-03   7.009748e-02   2.302427e-04   9.959174e-01   9.646984e-01   5.004010e-01   5.083763e-01   5.052910e-01   4.858928e-01   5.002453e-01   5.000236e-01   5.000016e-01   4.971432e-01   4.993072e-01   4.998178e-01
   6.828076e-04   0.000000e+00   3.223970e-04   2.073804e-04   5.721753e-04   0.000000e+00   1.000000e+00   1.000000e+00   9.878406e-01   5.000095e-01   5.001988e-01   6.129514e-01   5.000772e-01   5.001500e-01   4.893520e-01   5.013449e-01   4.913541e-01   4.293767e-01   4.991680e-01
   0.000000e+00   7.744197e-03   1.000000e+00   5.883074e-03   9.477824e-01   1.000000e+00   7.689258e-01   9.697630e-01   8.554848e-01   4.999813e-01   4.991644e-01   6.083522e-01   4.999776e-01   4.875757e-01   4.980135e-01   5.017128e-01   4.864874e-01   5.012929e-01   4.996651e-01
   1.000000e+00   0.000000e+00   7.489429e-04   9.987053e-01   1.212757e-03   2.265347e-05   3.272487e-02   7.597604e-03   9.731602e-01   4.908761e-01   4.998319e-01   5.063690e-01   5.000732e-01   5.018226e-01   4.995644e-01   5.016341e-01   4.814124e-01   5.006581e-01   4.995975e-01
   1.369338e-10   0.000000e+00   1.306682e-05   0.000000e+00   3.435150e-09   0.000000e+00   0.000000e+00   1.000000e+00   1.000000e+00   5.000295e-01   4.986866e-01   4.999689e-01   4.863787e-01   4.931388e-01   4.907131e-01   5.105303e-01   4.992429e-01   5.004058e-01   4.923612e-01
   1.885069e-07   0.000000e+00   0.000000e+00   1.343002e-03   4.691466e-06   3.210370e-03   0.000000e+00   3.173621e-04   1.000000e+00   5.002706e-01   4.968721e-01   5.032076e-01   5.835040e-01   5.004856e-01   4.893993e-01   5.003048e-01   4.998930e-01   4.892920e-01   5.101868e-01
   0.000000e+00   0.000000e+00   6.114151e-05   0.000000e+00   8.445964e-06   1.386547e-02   9.042710e-01   0.000000e+00   8.958875e-01   5.000164e-01   4.821211e-01   5.003723e-01   5.001541e-01   4.861726e-01   4.982551e-01   4.918312e-01   5.015090e-01   4.999109e-01   4.998912e-01
   0.000000e+00   1.719256e-02   1.604715e-02   0.000000e+00   1.557057e-03   9.349448e-03   1.600419e-04   0.000000e+00   0.000000e+00   5.000152e-01   4.756294e-01   5.007172e-01   5.000347e-01   5.039807e-01   5.009656e-01   4.999827e-01   4.972722e-01   4.983973e-01   4.984858e-01
   0.000000e+00   0.000000e+00   3.660199e-02   0.000000e+00   0.000000e+00   7.019441e-02   9.909025e-01   9.770796e-01   1.299089e-02   5.000034e-01   4.974272e-01   5.008592e-01   5.000197e-01   4.999978e-01   5.000029e-01   5.103448e-01   4.862619e-01   5.000152e-01   5.098101e-01
   0.000000e+00   1.000000e+00   1.892610e-05   0.000000e+00   1.000000e+00   1.162381e-01   6.945793e-03   1.000000e+00   2.952485e-02   5.003275e-01   5.002049e-01   5.013655e-01   5.000512e-01   4.995778e-01   4.891268e-01   5.001320e-01   4.967683e-01   4.999979e-01   5.000001e-01
   6.659472e-04   0.000000e+00   3.223970e-04   6.936383e-03   0.000000e+00   0.000000e+00   9.820421e-01   1.000000e+00   8.441396e-01   5.000095e-01   5.001971e-01   6.129514e-01   5.000772e-01   5.001488e-01   5.000292e-01   5.013344e-01   4.913541e-01   5.000432e-01   4.991606e-01
   4.189964e-07   0.000000e+00   1.593595e-05   5.684040e-04   8.601710e-04   0.000000e+00   9.412061e-03   0.000000e+00   3.661014e-02   4.988080e-01   4.952404e-01   5.053458e-01   5.000459e-01   5.023449e-01   4.973618e-01   4.916199e-01   5.042685e-01   4.997182e-01   5.073604e-01
   1.242842e-06   0.000000e+00   1.580528e-02   0.000000e+00   1.556637e-03   4.840286e-04   7.124572e-06   1.000000e+00   1.000000e+00   4.999784e-01   4.806791e-01   5.000081e-01   5.000347e-01   4.999625e-01   5.002428e-01   4.999895e-01   5.003978e-01   4.984332e-01   4.985329e-01
   0.000000e+00   0.000000e+00   1.222314e-03   6.655430e-03   2.151395e-02   0.000000e+00   4.101364e-03   1.000000e+00   8.852831e-01   5.000096e-01   4.738975e-01   4.993356e-01   5.000043e-01   5.001503e-01   4.892089e-01   5.013455e-01   4.916180e-01   4.942497e-01   4.991606e-01
   1.451468e-08   5.072983e-09   0.000000e+00   1.000000e+00   0.000000e+00   3.992486e-03   8.826705e-03   9.236376e-01   8.625350e-01   4.984167e-01   5.001190e-01   5.000158e-01   5.000111e-01   4.995145e-01   4.894565e-01   5.015778e-01   5.035519e-01   4.988554e-01   4.999258e-01
   5.855413e-07   0.000000e+00   2.480325e-02   1.000000e+00   1.164856e-03   8.526950e-05   7.697716e-03   1.708991e-04   3.075935e-02   3.974962e-01   5.229676e-01   4.998327e-01   5.059401e-01   4.872793e-01   4.995609e-01   5.013325e-01   5.034532e-01   4.885982e-01   4.990303e-01
   8.367602e-08   0.000000e+00   1.000000e+00   3.215603e-03   0.000000e+00   1.000000e+00   8.341689e-01   0.000000e+00   1.646458e-01   5.000062e-01   4.965904e-01   4.998045e-01   4.999793e-01   5.000011e-01   4.998708e-01   5.833875e-01   4.806925e-01   4.884624e-01   4.995964e-01
   0.000000e+00   0.000000e+00   1.603750e-04   7.806753e-04   1.168320e-03   5.848083e-03   8.515509e-01   1.000000e+00   0.000000e+00   4.046653e-01   4.979702e-01   5.055621e-01   4.999906e-01   4.999728e-01   4.980097e-01   5.017164e-01   4.999771e-01   4.883551e-01   5.001008e-01
   2.369747e-13   9.631558e-04   1.892610e-05   1.773282e-02   1.000000e+00   1.162381e-01   0.000000e+00   1.000000e+00   2.952485e-02   5.003275e-01   4.932917e-01   5.001521e-01   5.000494e-01   4.999978e-01   5.001935e-01   5.001320e-01   4.967683e-01   5.292187e-01   5.000001e-01
   0.000000e+00   3.342246e-08   0.000000e+00   0.000000e+00   1.895310e-02   3.066328e-03   3.756984e-04   1.000000e+00   8.260433e-01   5.000068e-01   5.000112e-01   5.000410e-01   5.002368e-01   4.999392e-01   4.996800e-01   5.014953e-01   5.185278e-01   4.999757e-01   5.000336e-01
   2.931485e-08   0.000000e+00   7.663459e-08   2.083085e-05   4.784152e-04   0.000000e+00   3.461265e-03   2.844847e-03   1.000000e+00   4.999804e-01   5.653531e-01   4.999181e-01   4.999861e-01   5.002819e-01   5.003884e-01   5.046008e-01   4.843880e-01   4.999710e-01   4.999369e-01
   0.000000e+00   1.393250e-05   4.012767e-04   8.449479e-05   2.751599e-07   7.102154e-02   9.934266e-01   4.736624e-02   8.949350e-01   5.003072e-01   5.000257e-01   4.885349e-01   5.000790e-01   4.996137e-01   5.002186e-01   5.026917e-01   5.064942e-01   4.998756e-01   5.092528e-01
   1.000000e+00   1.000000e+00   2.479863e-03   5.050608e-04   1.211193e-03   7.921648e-02   2.408828e-02   1.000000e+00   9.570918e-01   5.001448e-01   4.989523e-01   4.999479e-01   4.999909e-01   4.999981e-01   4.999988e-01   5.000085e-01   5.015081e-01   5.118480e-01   5.092264e-01
   0.000000e+00   1.837922e-05   9.233401e-04   3.592359e-04   1.376283e-02   3.311453e-03   0.000000e+00   1.138677e-03   0.000000e+00   4.959858e-01   4.999829e-01   5.021460e-01   5.000589e-01   4.449203e-01   4.971120e-01   5.070384e-01   4.424722e-01   5.597828e-01   5.000976e-01
   0.000000e+00   0.000000e+00   0.000000e+00   0.000000e+00   1.138988e-02   5.684742e-07   4.204764e-04   1.432949e-02   1.000000e+00   5.001147e-01   5.088301e-01   5.001881e-01   5.000210e-01   5.000617e-01   4.907299e-01   5.046228e-01   5.001191e-01   3.964771e-01   5.039787e-01
   5.650629e-06   0.000000e+00   8.956691e-04   0.000000e+00   5.740915e-05   1.222620e-02   1.949326e-04   9.971908e-01   9.859553e-01   4.981956e-01   5.074673e-01   4.994491e-01   5.004785e-01   5.003436e-01   4.956783e-01   4.999988e-01   4.858784e-01   5.011167e-01   5.000010e-01
   0.000000e+00   0.000000e+00   6.150193e-03   0.000000e+00   9.934594e-01   7.320558e-03   1.167575e-03   9.305213e-01   8.837404e-01   5.003247e-01   5.092969e-01   4.983440e-01   5.000483e-01   5.017879e-01   4.986838e-01   5.056565e-01   5.000159e-01   3.986666e-01   4.990849e-01
   0.000000e+00   0.000000e+00   0.000000e+00   9.200960e-04   7.110772e-04   2.817831e-02   2.846725e-03   1.168364e-05   0.000000e+00   4.984334e-01   5.216091e-01   4.997080e-01   5.000182e-01   5.000650e-01   4.093688e-01   4.989543e-01   4.973180e-01   4.934235e-01   5.000650e-01
   0.000000e+00   3.305166e-08   0.000000e+00   0.000000e+00   7.874650e-08   0.000000e+00   7.649169e-05   3.390633e-02   0.000000e+00   5.003370e-01   5.009234e-01   5.001801e-01   5.001581e-01   4.999376e-01   4.734116e-01   5.015627e-01   4.997813e-01   5.114698e-01   4.968642e-01
   0.000000e+00   1.891769e-02   1.923348e-03   9.698216e-01   9.350581e-01   1.000000e+00   2.614719e-02   3.886199e-04   0.000000e+00   5.163525e-01   5.101363e-01   4.984065e-01   5.001296e-01   4.896883e-01   3.926864e-01   4.999278e-01   5.011738e-01   4.999979e-01   5.009577e-01
   3.402066e-08   4.669391e-09   0.000000e+00   1.000000e+00   0.000000e+00   0.000000e+00   9.927521e-02   6.439868e-02   1.362077e-02   4.908662e-01   4.729291e-01   5.065416e-01   5.000743e-01   4.995062e-01   5.008958e-01   5.016345e-01   4.997825e-01   4.997849e-01   4.968758e-01
   1.000000e+00   2.153869e-05   2.197207e-02   9.765277e-01   0.000000e+00   7.731449e-03   1.809195e-02   5.423057e-02   9.704699e-01   4.992104e-01   4.919458e-01   4.999492e-01   5.003648e-01   4.879912e-01   4.906641e-01   5.026937e-01   4.999438e-01   5.011706e-01   4.999926e-01
   1.412597e-06   0.000000e+00   0.000000e+00   0.000000e+00   0.000000e+00   2.483575e-03   1.387732e-04   0.000000e+00   0.000000e+00   4.996314e-01   4.986866e-01   4.394523e-01   4.855813e-01   4.909719e-01   5.846043e-01   5.000057e-01   4.992677e-01   4.999648e-01   4.993399e-01
   2.650815e-02   0.000000e+00   1.981005e-02   9.852046e-03   3.954771e-06   3.715101e-07   4.328762e-02   9.746412e-01   9.814826e-01   5.003226e-01   4.989798e-01   4.999337e-01   5.080536e-01   5.006105e-01   4.999080e-01   5.003059e-01   4.999535e-01   4.991470e-01   5.076860e-01
   6.136208e-03   0.000000e+00   0.000000e+00   0.000000e+00   1.000000e+00   6.913961e-02   4.639049e-03   9.962719e-01   2.958507e-02   5.000029e-01   4.999900e-01   5.000588e-01   5.000202e-01   5.018353e-01   4.903096e-01   5.000757e-01   4.967036e-01   5.490167e-01   5.000500e-01
   9.931348e-01   1.000000e+00   2.008328e-02   1.242901e-03   3.135690e-02   0.000000e+00   1.000000e+00   9.987165e-01   5.008313e-02   4.999928e-01   4.999811e-01   5.000351e-01   5.086308e-01   4.999869e-01   4.990973e-01   5.000591e-01   5.000153e-01   4.999978e-01   4.996802e-01
   2.629050e-04   1.232052e-02   3.740918e-02   6.142721e-03   3.813011e-02   9.992366e-01   0.000000e+00   3.229658e-02   9.659609e-01   5.001036e-01   5.000172e-01   5.000103e-01   5.000192e-01   4.999833e-01   4.999989e-01   4.999257e-01   5.000051e-01   4.896136e-01   4.999107e-01
   3.040800e-02   3.629811e-07   1.000000e+00   3.281333e-03   6.387480e-06   8.935819e-03   0.000000e+00   9.818587e-01   8.455252e-01   5.004014e-01   5.102636e-01   4.998186e-01   4.999903e-01   5.000879e-01   4.995701e-01   5.030839e-01   5.053741e-01   5.000500e-01   5.000763e-01
   0.000000e+00   6.074102e-05   1.000000e+00   3.777040e-03   4.247865e-03   0.000000e+00   2.364692e-02   0.000000e+00   0.000000e+00   4.988270e-01   4.999109e-01   4.982152e-01   5.000204e-01   4.997144e-01   4.975401e-01   4.911352e-01   5.054818e-01   4.998551e-01   5.074444e-01
   0.000000e+00   4.103575e-03   4.365403e-06   1.842068e-03   6.729172e-04   9.817227e-01   8.960801e-01   2.809204e-03   9.067361e-01   4.040189e-01   5.000086e-01   4.913062e-01   5.000063e-01   5.002744e-01   4.912942e-01   4.999897e-01   4.987065e-01   4.999905e-01   4.999922e-01
   9.892808e-01   9.027038e-01   0.000000e+00   1.934584e-03   4.319123e-07   1.542283e-02   1.000000e+00   9.770796e-01   1.299089e-02   5.000154e-01   4.989428e-01   4.999222e-01   5.000062e-01   4.999995e-01   4.996194e-01   4.998631e-01   5.021345e-01   4.871410e-01   5.078726e-01
   8.826232e-09   1.000000e+00   0.000000e+00   0.000000e+00   2.242981e-03   6.592345e-02   1.731932e-03   1.891456e-02   5.404430e-03   5.008375e-01   4.749002e-01   5.000033e-01   5.000045e-01   4.999920e-01   4.999988e-01   4.999897e-01   5.000152e-01   4.984426e-01   4.984446e-01
   0.000000e+00   0.000000e+00   1.958550e-02   9.200960e-04   7.688482e-04   1.656711e-02   0.000000e+00   1.624912e-02   0.000000e+00   5.003359e-01   4.988710e-01   5.008841e-01   5.080520e-01   4.995541e-01   5.870477e-01   4.999537e-01   4.999424e-01   5.050595e-01   5.001686e-01
   9.575376e-07   0.000000e+00   9.901591e-01   6.709895e-03   3.239071e-02   6.656684e-02   5.320784e-02   1.000000e+00   1.294183e-01   5.000051e-01   4.999823e-01   5.000100e-01   4.996889e-01   4.999920e-01   5.007839e-01   5.000506e-01   5.000152e-01   4.999932e-01   5.000043e-01
   2.629050e-04   1.000000e+00   3.724688e-02   1.099636e-02   9.167348e-03   0.000000e+00   0.000000e+00   3.196023e-02   9.037013e-01   5.001038e-01   5.000172e-01   5.000103e-01   5.000192e-01   5.000139e-01   4.999989e-01   4.953735e-01   5.000076e-01   4.999925e-01   5.332352e-01
   2.549613e-08   0.000000e+00   0.000000e+00   7.991166e-03   1.000000e+00   0.000000e+00   8.927503e-01   9.798575e-01   9.995971e-01   5.003088e-01   5.000469e-01   4.994045e-01   5.000210e-01   4.979069e-01   4.897247e-01   5.004426e-01   5.000489e-01   4.958727e-01   5.003705e-01
   0.000000e+00   1.000000e+00   9.901591e-01   1.052958e-03   5.779453e-04   6.701623e-02   5.290629e-02   9.792478e-01   0.000000e+00   5.000051e-01   4.999823e-01   5.000100e-01   5.000179e-01   5.000648e-01   4.098532e-01   4.989547e-01   5.000152e-01   4.999932e-01   5.000043e-01
   7.079331e-04   1.000000e+00   3.702978e-02   2.435097e-04   7.091571e-04   0.000000e+00   8.868442e-02   9.714615e-01   9.985994e-01   4.999948e-01   5.002036e-01   6.103947e-01   5.000731e-01   4.999663e-01   4.999989e-01   4.999893e-01   5.000075e-01   4.999925e-01   4.992197e-01
   0.000000e+00   0.000000e+00   0.000000e+00   5.435367e-04   1.000000e+00   1.127280e-01   0.000000e+00   8.180872e-04   0.000000e+00   4.999664e-01   4.968932e-01   5.030622e-01   5.110520e-01   5.037562e-01   4.995779e-01   4.929178e-01   5.030879e-01   5.000877e-01   5.001048e-01
   0.000000e+00   1.701344e-04   9.961708e-01   1.092373e-02   1.000000e+00   7.370809e-03   1.152092e-03   9.305213e-01   9.682991e-01   4.963935e-01   5.092969e-01   5.000444e-01   5.000473e-01   4.995160e-01   4.897922e-01   5.005137e-01   4.991590e-01   3.986666e-01   4.990849e-01
   3.046597e-07   0.000000e+00   9.928912e-01   6.821742e-03   0.000000e+00   7.137250e-02   0.000000e+00   4.169547e-02   3.408201e-02   4.984661e-01   5.222354e-01   5.000100e-01   5.000192e-01   5.000268e-01   5.002836e-01   4.999893e-01   5.000075e-01   5.000180e-01   5.314788e-01
   3.606316e-10   2.691483e-09   0.000000e+00   0.000000e+00   9.754985e-01   3.992486e-03   8.826705e-03   9.685585e-01   8.625350e-01   4.984167e-01   4.805769e-01   5.000158e-01   5.000111e-01   4.995145e-01   4.894363e-01   5.015742e-01   5.043042e-01   5.005283e-01   4.999258e-01
   2.857496e-08   0.000000e+00   1.641008e-02   1.758782e-02   3.306586e-02   0.000000e+00   1.000000e+00   1.000000e+00   1.000000e+00   5.000034e-01   5.000090e-01   5.126888e-01   5.000726e-01   5.003153e-01   4.996438e-01   5.002677e-01   5.000159e-01   4.999978e-01   5.000044e-01
   2.254632e-05   0.000000e+00   9.798232e-01   1.404101e-03   0.000000e+00   1.000000e+00   0.000000e+00   1.000000e+00   1.741652e-02   4.998702e-01   4.149181e-01   4.999175e-01   5.001641e-01   5.021054e-01   5.002372e-01   5.017462e-01   5.043107e-01   7.019988e-01   4.999923e-01
   0.000000e+00   0.000000e+00   1.000000e+00   0.000000e+00   0.000000e+00   2.013620e-02   9.945428e-01   8.991695e-01   9.786637e-01   5.000034e-01   4.999867e-01   5.148174e-01   5.006618e-01   5.017746e-01   4.897427e-01   5.029636e-01   5.037711e-01   4.981665e-01   5.077253e-01
   2.996964e-07   0.000000e+00   9.994883e-01   1.274455e-04   0.000000e+00   0.000000e+00   1.231839e-03   2.811104e-03   8.591017e-01   5.003057e-01   4.944757e-01   4.999130e-01   5.000207e-01   5.018510e-01   5.002907e-01   4.999142e-01   5.000266e-01   4.891971e-01   5.005482e-01
   1.000000e+00   0.000000e+00   1.312998e-04   1.600689e-04   0.000000e+00   1.572274e-02   1.000000e+00   9.418560e-01   4.325844e-02   5.003165e-01   5.101487e-01   5.001425e-01   4.999869e-01   5.024087e-01   4.011067e-01   4.999859e-01   5.001500e-01   5.000003e-01   4.999107e-01
   1.000000e+00   0.000000e+00   1.000000e+00   0.000000e+00   6.900402e-02   1.571744e-02   3.063705e-02   8.978606e-01   9.776578e-01   4.999853e-01   4.998285e-01   5.143107e-01   4.999880e-01   5.017563e-01   4.894623e-01   4.999803e-01   5.040830e-01   4.944605e-01   4.873999e-01
   2.565626e-04   0.000000e+00   2.002340e-05   1.000000e+00   0.000000e+00   9.919389e-01   1.059235e-04   4.228319e-02   8.615000e-01   5.000088e-01   4.999819e-01   5.000265e-01   5.957687e-01   5.000072e-01   5.002703e-01   4.937614e-01   5.039716e-01   4.937225e-01   5.007992e-01
   1.063266e-04   1.000000e+00   9.435196e-01   0.000000e+00   1.000000e+00   0.000000e+00   2.733478e-02   4.413255e-02   0.000000e+00   5.003543e-01   4.953874e-01   4.994571e-01   5.000010e-01   5.018077e-01   5.007852e-01   5.021669e-01   5.000181e-01   5.000029e-01   5.093806e-01
   1.957314e-04   1.310552e-06   1.000000e+00   9.904114e-01   9.855234e-01   6.425247e-02   0.000000e+00   3.528880e-02   1.387415e-02   5.001149e-01   5.000015e-01   5.000192e-01   5.002350e-01   5.018418e-01   4.741690e-01   5.468961e-01   5.001039e-01   4.999507e-01   5.098101e-01
   0.000000e+00   0.000000e+00   0.000000e+00   0.000000e+00   0.000000e+00   0.000000e+00   2.261167e-03   1.432949e-02   1.000000e+00   4.909396e-01   5.089222e-01   5.001866e-01   5.000728e-01   5.017495e-01   4.907299e-01   5.047598e-01   5.001191e-01   3.964771e-01   4.995989e-01
   0.000000e+00   0.000000e+00   0.000000e+00   0.000000e+00   0.000000e+00   3.115301e-03   9.669846e-01   1.000000e+00   8.258464e-01   5.003481e-01   5.219067e-01   5.000402e-01   5.000183e-01   5.000401e-01   4.996800e-01   5.147734e-01   6.058632e-01   4.935247e-01   5.074839e-01
   0.000000e+00   1.673590e-05   0.000000e+00   6.063240e-04   9.886583e-01   0.000000e+00   7.294913e-05   1.000000e+00   0.000000e+00   5.003370e-01   5.002141e-01   5.001736e-01   5.000489e-01   4.999376e-01   4.734116e-01   5.015627e-01   4.997813e-01   5.114698e-01   4.968836e-01
   0.000000e+00   0.000000e+00   0.000000e+00   1.433144e-05   3.433445e-09   5.684742e-07   0.000000e+00   3.563012e-03   1.000000e+00   4.876830e-01   4.979064e-01   5.001866e-01   5.000210e-01   5.223676e-01   4.979002e-01   5.047168e-01   5.001191e-01   3.964771e-01   4.998554e-01
   7.823709e-02   0.000000e+00   0.000000e+00   4.983561e-02   4.319123e-07   7.362806e-02   9.798175e-01   9.770796e-01   1.142845e-02   5.000148e-01   4.991460e-01   5.007380e-01   4.997915e-01   4.999995e-01   5.000631e-01   5.018613e-01   5.021345e-01   4.868744e-01   5.000322e-01
   0.000000e+00   0.000000e+00   1.000000e+00   0.000000e+00   6.382122e-04   1.880424e-02   6.684396e-02   7.801545e-03   0.000000e+00   3.917384e-01   5.001475e-01   4.032470e-01   4.997119e-01   5.006265e-01   4.985264e-01   4.890506e-01   5.001584e-01   5.000015e-01   5.075328e-01
   0.000000e+00   0.000000e+00   4.371435e-06   0.000000e+00   6.729172e-04   9.817227e-01   3.429303e-03   0.000000e+00   9.067180e-01   4.040189e-01   5.000076e-01   5.020867e-01   4.858910e-01   4.907677e-01   4.912091e-01   5.000070e-01   4.987065e-01   4.999663e-01   4.992778e-01
   0.000000e+00   8.024294e-07   3.322984e-04   2.085702e-04   4.819075e-03   1.109212e-01   0.000000e+00   4.080754e-02   8.325051e-03   4.999664e-01   5.006064e-01   5.007033e-01   5.124256e-01   5.037562e-01   4.995779e-01   5.013947e-01   5.030608e-01   5.007162e-01   5.001109e-01
   1.000000e+00   2.153869e-05   1.047972e-03   9.765277e-01   0.000000e+00   7.773898e-03   0.000000e+00   5.423057e-02   9.503879e-01   4.957545e-01   4.818722e-01   4.999492e-01   5.001753e-01   5.927358e-01   4.906641e-01   5.026937e-01   4.999438e-01   4.938377e-01   4.990462e-01
   1.687172e-04   0.000000e+00   1.106371e-07   0.000000e+00   1.000000e+00   6.913961e-02   4.639049e-03   9.961722e-01   2.958507e-02   5.000029e-01   4.999893e-01   5.000588e-01   5.000203e-01   5.018353e-01   4.904233e-01   4.994568e-01   5.181300e-01   5.003431e-01   5.000500e-01
   0.000000e+00   4.453967e-02   6.810762e-06   1.189587e-05   3.174999e-02   0.000000e+00   9.990445e-03   1.719272e-02   0.000000e+00   4.999684e-01   4.998947e-01   5.002926e-01   5.000599e-01   4.864600e-01   6.022515e-01   5.000065e-01   4.996233e-01   4.180413e-01   5.000094e-01
   5.656977e-06   1.324323e-05   8.956691e-04   0.000000e+00   5.740915e-05   1.222620e-02   1.949326e-04   9.971908e-01   9.810372e-01   4.983175e-01   5.074673e-01   4.994491e-01   5.004785e-01   5.003378e-01   4.956783e-01   5.000638e-01   6.092499e-01   5.011167e-01   5.000010e-01
   0.000000e+00   0.000000e+00   1.593595e-05   5.354607e-04   4.748583e-06   0.000000e+00   0.000000e+00   0.000000e+00   1.000000e+00   4.998445e-01   4.953247e-01   5.055088e-01   4.865165e-01   5.016048e-01   4.906515e-01   4.934259e-01   5.042685e-01   4.880401e-01   5.001720e-01
   0.000000e+00   1.000000e+00   1.000000e+00   1.658793e-02   6.467938e-04   3.407035e-04   3.516363e-02   1.455575e-03   0.000000e+00   4.986640e-01   5.004845e-01   5.003490e-01   5.121508e-01   4.902073e-01   5.015296e-01   4.930280e-01   5.000256e-01   4.872249e-01   4.998661e-01
   9.732285e-01   0.000000e+00   1.552346e-05   0.000000e+00   0.000000e+00   0.000000e+00   9.698447e-01   1.828576e-02   0.000000e+00   5.000034e-01   5.111686e-01   5.009054e-01   5.001548e-01   4.999995e-01   5.004273e-01   4.999019e-01   4.862272e-01   5.000149e-01   5.102788e-01
   0.000000e+00   3.512389e-02   1.000000e+00   9.565312e-01   5.687673e-04   1.000000e+00   7.486792e-01   2.793304e-03   8.554848e-01   4.999909e-01   4.991644e-01   6.083522e-01   4.999776e-01   5.000111e-01   4.892871e-01   5.017128e-01   4.864656e-01   5.001883e-01   4.999469e-01
   2.264320e-05   0.000000e+00   1.085649e-04   1.000000e+00   7.040200e-07   9.899622e-01   0.000000e+00   1.000000e+00   1.000000e+00   4.998600e-01   5.995885e-01   4.999491e-01   5.000341e-01   5.237790e-01   4.995033e-01   5.028459e-01   5.046493e-01   6.737735e-01   5.002293e-01
   0.000000e+00   3.512389e-02   1.000000e+00   3.667671e-03   9.550857e-01   1.000000e+00   7.689258e-01   9.922680e-01   8.554848e-01   4.999814e-01   4.991351e-01   6.082913e-01   4.999763e-01   5.000102e-01   4.999982e-01   5.000159e-01   4.864656e-01   5.001827e-01   4.999916e-01
   0.000000e+00   5.303735e-05   1.616154e-02   3.246659e-03   9.551105e-01   9.999232e-01   9.191898e-01   1.000000e+00   1.798958e-01   5.166952e-01   5.000081e-01   5.020920e-01   5.000178e-01   5.859534e-01   4.997991e-01   5.002847e-01   5.033117e-01   4.997373e-01   4.998893e-01
   9.870452e-01   0.000000e+00   9.780732e-01   0.000000e+00   0.000000e+00   7.031206e-02   1.000000e+00   9.997392e-01   1.280811e-02   5.000034e-01   4.971595e-01   5.008592e-01   5.000062e-01   4.999920e-01   5.004273e-01   4.999893e-01   5.005638e-01   5.000149e-01   5.098101e-01
   8.926934e-07   1.844330e-05   1.000000e+00   6.738467e-03   2.091484e-02   5.517164e-05   1.056125e-04   9.810854e-01   5.815806e-03   5.000095e-01   4.998085e-01   5.007653e-01   5.419913e-01   5.039807e-01   5.009656e-01   4.999828e-01   4.972722e-01   4.999790e-01   5.000455e-01
   1.000000e+00   0.000000e+00   2.245512e-04   1.725377e-02   7.108846e-04   9.871522e-01   1.343724e-04   9.872887e-01   0.000000e+00   5.002248e-01   4.999974e-01   4.983297e-01   5.000198e-01   5.006106e-01   5.006595e-01   5.000572e-01   4.972049e-01   4.981435e-01   5.076620e-01
   5.420906e-15   8.954326e-10   1.009946e-04   0.000000e+00   0.000000e+00   6.630514e-02   7.552159e-05   5.969424e-03   9.697314e-01   5.003124e-01   4.999110e-01   5.001887e-01   5.000160e-01   5.000769e-01   4.759718e-01   5.148407e-01   5.000081e-01   4.871371e-01   4.968186e-01
   0.000000e+00   0.000000e+00   9.998718e-01   0.000000e+00   0.000000e+00   6.904379e-04   9.850004e-01   2.916826e-02   3.566405e-02   5.000042e-01   4.989675e-01   5.127869e-01   5.000184e-01   5.007634e-01   4.890239e-01   5.003093e-01   4.999772e-01   4.988878e-01   5.100364e-01
   6.659472e-04   1.000000e+00   0.000000e+00   2.073804e-04   0.000000e+00   0.000000e+00   1.000000e+00   9.802673e-01   8.906483e-01   5.000095e-01   5.001988e-01   6.129514e-01   5.000772e-01   4.996297e-01   4.893520e-01   5.013455e-01   4.913541e-01   4.942939e-01   5.000139e-01
   5.131269e-16   1.000000e+00   9.029582e-05   0.000000e+00   1.576238e-02   1.000000e+00   9.406771e-01   4.293510e-02   9.641745e-01   4.999690e-01   4.998882e-01   5.002926e-01   5.000599e-01   6.817465e-01   5.980004e-01   5.000014e-01   5.026081e-01   3.053842e-01   5.000094e-01
   1.885069e-07   8.103344e-07   0.000000e+00   3.374950e-04   0.000000e+00   3.210370e-03   0.000000e+00   4.030682e-02   1.000000e+00   5.002706e-01   5.005853e-01   5.004939e-01   5.848776e-01   5.004856e-01   4.893993e-01   5.003048e-01   4.998659e-01   4.892920e-01   5.500614e-01
   1.341240e-10   4.580180e-02   9.502238e-01   0.000000e+00   9.436533e-01   0.000000e+00   7.604806e-03   8.085396e-02   0.000000e+00   5.003543e-01   4.953874e-01   5.055293e-01   5.000009e-01   5.022196e-01   5.007852e-01   4.932224e-01   5.001272e-01   5.000029e-01   5.093806e-01
   2.946303e-04   1.680739e-02   5.418656e-03   4.395033e-04   0.000000e+00   0.000000e+00   2.022738e-02   0.000000e+00   8.405797e-02   4.347961e-01   5.020057e-01   4.983122e-01   4.998390e-01   4.859411e-01   4.999483e-01   5.058791e-01   4.997040e-01   5.054429e-01   4.995836e-01
   2.369216e-13   9.465172e-04   5.296760e-06   0.000000e+00   9.795541e-01   1.198576e-01   3.580358e-02   1.000000e+00   2.932754e-02   5.003275e-01   5.002028e-01   5.000186e-01   5.000512e-01   4.995966e-01   4.895795e-01   4.999907e-01   4.999506e-01   4.999930e-01   5.000052e-01
   0.000000e+00   1.000000e+00   4.451794e-02   0.000000e+00   7.468170e-04   0.000000e+00   1.223561e-03   2.811104e-03   8.681890e-01   5.003284e-01   4.999152e-01   4.999131e-01   5.000205e-01   5.018203e-01   5.000059e-01   4.999142e-01   5.000285e-01   4.892573e-01   5.001716e-01
   2.019946e-07   0.000000e+00   2.480325e-02   1.000000e+00   1.164856e-03   8.284007e-05   1.605009e-02   3.218938e-02   2.981104e-02   3.974962e-01   4.999763e-01   4.998327e-01   5.002282e-01   4.999134e-01   5.000029e-01   4.999929e-01   5.001867e-01   4.890588e-01   4.990303e-01
   0.000000e+00   1.000000e+00   0.000000e+00   7.575867e-03   9.992511e-01   9.905109e-01   8.919376e-01   9.327783e-01   0.000000e+00   5.003109e-01   4.999811e-01   5.003715e-01   4.990917e-01   4.999887e-01   4.899132e-01   5.000027e-01   5.000482e-01   4.987465e-01   5.000958e-01
   0.000000e+00   9.666678e-01   9.321392e-01   1.000000e+00   2.100468e-03   0.000000e+00   9.509034e-04   6.907157e-03   3.179618e-03   5.007851e-01   4.998270e-01   5.003351e-01   5.000780e-01   4.992169e-01   5.011075e-01   4.999203e-01   4.999871e-01   4.987922e-01   5.095707e-01
   2.942104e-06   1.374849e-06   1.000000e+00   0.000000e+00   3.254835e-02   1.552794e-04   1.000000e+00   3.108298e-05   0.000000e+00   5.001123e-01   4.999578e-01   5.145122e-01   4.999777e-01   5.000073e-01   5.000554e-01   4.999750e-01   5.060862e-01   5.004789e-01   4.999287e-01
   9.719594e-03   1.000000e+00   1.000000e+00   2.449258e-02   7.521153e-02   5.398815e-05   0.000000e+00   0.000000e+00   8.579092e-01   5.003278e-01   5.000952e-01   4.999131e-01   5.000153e-01   5.018294e-01   4.900612e-01   4.999138e-01   5.000271e-01   5.000844e-01   4.999279e-01
   0.000000e+00   0.000000e+00   1.503858e-02   3.844602e-04   0.000000e+00   1.994539e-02   9.945428e-01   9.505979e-01   9.786637e-01   5.003692e-01   5.103339e-01   5.006492e-01   5.000009e-01   5.000911e-01   5.005803e-01   5.029692e-01   4.999385e-01   4.999452e-01   5.000426e-01
   1.323726e-10   0.000000e+00   0.000000e+00   0.000000e+00   0.000000e+00   1.000000e+00   1.000000e+00   9.618921e-01   8.566120e-01   5.003162e-01   4.992632e-01   5.033885e-01   5.008114e-01   4.880054e-01   3.993940e-01   5.105186e-01   6.080154e-01   4.936730e-01   5.074618e-01
   5.548497e-03   0.000000e+00   1.090775e-04   0.000000e+00   0.000000e+00   5.055116e-03   9.619261e-06   9.776495e-01   9.999045e-01   5.000968e-01   4.824050e-01   4.984073e-01   5.001553e-01   4.862942e-01   4.995171e-01   4.999062e-01   4.994516e-01   4.999757e-01   5.000823e-01
   1.000000e+00   9.584615e-01   9.321392e-01   1.000000e+00   6.181896e-03   0.000000e+00   0.000000e+00   9.752048e-01   3.179618e-03   5.003968e-01   4.984639e-01   5.000123e-01   4.998974e-01   4.992067e-01   5.005660e-01   4.999134e-01   4.999871e-01   5.051148e-01   4.924504e-01
   1.966280e-06   0.000000e+00   0.000000e+00   1.537691e-02   3.424313e-03   2.744281e-02   1.000000e+00   0.000000e+00   2.185885e-03   4.998518e-01   4.944739e-01   5.007133e-01   5.000060e-01   5.004032e-01   4.996017e-01   5.017174e-01   5.021435e-01   4.868583e-01   5.002364e-01
   9.732285e-01   0.000000e+00   0.000000e+00   0.000000e+00   0.000000e+00   6.846881e-02   2.880951e-03   9.782546e-01   1.299089e-02   5.000068e-01   4.974272e-01   5.008592e-01   5.000153e-01   4.999995e-01   5.004273e-01   5.000157e-01   4.862272e-01   5.000147e-01   5.038041e-01
   0.000000e+00   3.437579e-08   1.009946e-04   6.832128e-03   2.449515e-02   6.832072e-09   1.646099e-03   9.781054e-01   9.921427e-01   5.003370e-01   5.000112e-01   5.001901e-01   5.002315e-01   4.999389e-01   4.736299e-01   5.009823e-01   5.000716e-01   4.988681e-01   4.998510e-01
   0.000000e+00   0.000000e+00   9.808633e-02   1.718511e-02   1.010589e-05   1.000000e+00   9.166923e-01   1.000000e+00   0.000000e+00   5.133169e-01   5.000423e-01   5.001831e-01   5.000192e-01   4.864637e-01   4.982551e-01   4.911657e-01   5.015108e-01   4.982186e-01   4.998912e-01
   0.000000e+00   0.000000e+00   9.068339e-05   1.195490e-05   1.806684e-02   0.000000e+00   9.400373e-02   1.000000e+00   9.641745e-01   4.999684e-01   4.999119e-01   5.002926e-01   5.000599e-01   4.866573e-01   5.980004e-01   5.000003e-01   4.997627e-01   4.143214e-01   5.000094e-01
   0.000000e+00   0.000000e+00   0.000000e+00   5.666674e-03   0.000000e+00   1.000000e+00   3.339108e-02   0.000000e+00   8.593569e-01   5.003162e-01   5.001764e-01   6.012740e-01   5.000222e-01   4.881393e-01   3.993940e-01   4.989556e-01   5.206800e-01   4.999938e-01   5.000174e-01
   9.407931e-04   0.000000e+00   7.646254e-02   5.354607e-04   8.601710e-04   6.905906e-06   5.029053e-03   0.000000e+00   9.999860e-01   4.998464e-01   4.952404e-01   4.998835e-01   5.000470e-01   5.025391e-01   4.973705e-01   4.929527e-01   5.002697e-01   7.101464e-01   5.002966e-01
   2.958465e-12   0.000000e+00   0.000000e+00   0.000000e+00   8.445964e-06   1.000000e+00   9.042710e-01   0.000000e+00   8.958875e-01   5.000129e-01   5.000423e-01   5.001580e-01   5.000183e-01   5.374351e-01   4.982551e-01   4.918312e-01   5.012940e-01   4.918510e-01   4.938719e-01
   0.000000e+00   0.000000e+00   1.353789e-02   0.000000e+00   0.000000e+00   2.659542e-03   1.396262e-04   6.460666e-03   1.000000e+00   4.035680e-01   5.000263e-01   5.001888e-01   5.000180e-01   4.910977e-01   4.997734e-01   5.017235e-01   4.992341e-01   4.996390e-01   5.077983e-01
   0.000000e+00   0.000000e+00   9.368860e-09   7.732552e-05   5.040221e-03   9.978843e-01   1.000000e+00   0.000000e+00   6.891857e-02   5.003051e-01   5.002127e-01   5.998849e-01   5.000804e-01   4.985613e-01   4.901124e-01   4.989621e-01   6.093662e-01   4.936133e-01   5.074288e-01
   2.461258e-02   0.000000e+00   1.981005e-02   1.688415e-04   7.686557e-04   2.279241e-04   1.416511e-04   1.000000e+00   0.000000e+00   5.002248e-01   4.988569e-01   5.008909e-01   5.080536e-01   5.006105e-01   5.005234e-01   5.000644e-01   5.019089e-01   4.978198e-01   5.076025e-01
   9.611323e-01   9.811399e-01   0.000000e+00   0.000000e+00   1.206027e-03   1.507275e-02   2.026881e-02   2.025114e-02   9.710103e-01   4.141431e-01   4.825464e-01   5.020350e-01   5.000000e-01   4.999983e-01   4.907058e-01   4.999959e-01   5.000188e-01   4.999937e-01   5.078414e-01
   1.950142e-04   0.000000e+00   1.666246e-04   1.537691e-02   3.424313e-03   1.000000e+00   1.000000e+00   0.000000e+00   1.599261e-02   5.001178e-01   6.027213e-01   4.999018e-01   5.000172e-01   5.003842e-01   4.980134e-01   5.017164e-01   5.024808e-01   4.881944e-01   5.000116e-01
   9.595158e-07   0.000000e+00   1.000000e+00   0.000000e+00   0.000000e+00   5.540225e-04   9.750341e-01   8.240572e-02   1.299089e-02   5.000034e-01   4.988572e-01   5.151691e-01   5.123957e-01   5.017724e-01   5.007975e-01   5.000497e-01   5.000067e-01   5.000911e-01   5.076814e-01
   6.828154e-08   0.000000e+00   1.560637e-02   1.126203e-03   2.411383e-05   1.800921e-06   1.582277e-02   1.000000e+00   8.555125e-01   5.112735e-01   4.999875e-01   4.999190e-01   5.000203e-01   5.000160e-01   5.004516e-01   4.999554e-01   5.000172e-01   5.070234e-01   5.000034e-01
   6.828076e-04   0.000000e+00   0.000000e+00   3.391748e-04   9.992018e-01   1.806797e-03   1.000000e+00   1.000000e+00   9.878406e-01   5.000095e-01   5.001988e-01   6.125966e-01   5.000772e-01   5.001500e-01   4.893520e-01   4.981654e-01   4.913541e-01   4.287483e-01   4.991618e-01
   4.992915e-06   0.000000e+00   2.092410e-02   2.213309e-04   0.000000e+00   2.999311e-03   2.168478e-02   0.000000e+00   2.008206e-02   4.991257e-01   4.920511e-01   5.032076e-01   5.003500e-01   4.880093e-01   5.004469e-01   4.999761e-01   4.987729e-01   4.992944e-01   4.999505e-01
   0.000000e+00   0.000000e+00   0.000000e+00   7.050529e-03   5.525779e-04   1.761847e-02   1.561984e-04   1.280106e-02   0.000000e+00   5.003359e-01   5.000103e-01   5.002060e-01   5.000193e-01   4.995541e-01   5.871837e-01   4.999539e-01   5.000999e-01   5.052760e-01   5.001616e-01
   1.187263e-06   0.000000e+00   0.000000e+00   7.326017e-03   0.000000e+00   2.392956e-05   1.000000e+00   1.000000e+00   8.512098e-01   5.003304e-01   5.000198e-01   5.030752e-01   4.394718e-01   5.000230e-01   4.901534e-01   4.989621e-01   6.096287e-01   4.936658e-01   4.986666e-01
   4.227199e-07   0.000000e+00   1.306682e-05   0.000000e+00   8.554258e-04   0.000000e+00   7.803128e-03   1.000000e+00   9.999855e-01   5.000313e-01   4.986022e-01   4.944615e-01   4.999092e-01   4.939018e-01   4.974226e-01   5.100571e-01   4.992429e-01   5.003632e-01   4.924172e-01
   0.000000e+00   8.024294e-07   0.000000e+00   3.403645e-04   1.000000e+00   1.127280e-01   9.596628e-01   4.080754e-02   8.653579e-03   5.197992e-01   5.101474e-01   5.002958e-01   5.002572e-01   5.033108e-01   4.995779e-01   5.019963e-01   5.030608e-01   5.000877e-01   5.000998e-01
   0.000000e+00   0.000000e+00   4.354257e-05   4.721987e-02   9.486923e-01   1.000000e+00   2.043559e-02   3.683065e-04   3.809999e-02   4.991437e-01   5.086144e-01   5.001866e-01   5.000170e-01   4.888543e-01   4.980462e-01   5.016813e-01   4.996095e-01   4.915754e-01   5.079528e-01
   3.228871e-08   3.082558e-06   4.690581e-06   0.000000e+00   2.596029e-05   1.086403e-06   1.398347e-04   6.271259e-05   2.719531e-03   5.051775e-01   5.809859e-01   5.000497e-01   5.000785e-01   5.019396e-01   4.995623e-01   5.017136e-01   3.955075e-01   6.428239e-01   5.088839e-01
   0.000000e+00   0.000000e+00   1.560637e-02   3.582385e-02   0.000000e+00   1.800921e-06   8.114860e-05   2.493669e-02   9.066166e-01   4.999799e-01   4.999829e-01   5.000099e-01   5.000203e-01   4.894220e-01   5.004238e-01   4.999928e-01   5.000158e-01   5.617793e-01   4.998313e-01
   5.548497e-03   0.000000e+00   1.109189e-04   0.000000e+00   1.116397e-05   3.212665e-03   0.000000e+00   1.993269e-02   9.995975e-01   5.000294e-01   4.824050e-01   4.999937e-01   5.001566e-01   4.999928e-01   4.994575e-01   4.999997e-01   4.991901e-01   5.003990e-01   4.996065e-01
   9.177919e-07   0.000000e+00   9.535427e-01   0.000000e+00   3.342783e-02   1.692639e-02   1.000000e+00   0.000000e+00   1.299089e-02   5.003217e-01   4.989851e-01   4.832525e-01   5.000506e-01   5.005661e-01   4.899077e-01   5.001322e-01   5.000067e-01   5.000911e-01   5.076814e-01
