   9.708090e-01   9.999993e-01   9.814901e-01   9.836528e-01   9.630937e-01   2.508405e-02   9.655966e-04   0.000000e+00   0.000000e+00   0.000000e+00   0.000000e+00   0.000000e+00   5.222328e-07   0.000000e+00   0.000000e+00   0.000000e+00   0.000000e+00
   9.946508e-01   9.998378e-01   1.000000e+00   1.000000e+00   1.308296e-02   0.000000e+00   9.591747e-01   0.000000e+00   0.000000e+00   2.784862e-08   1.308609e-08   0.000000e+00   0.000000e+00   0.000000e+00   0.000000e+00   0.000000e+00   2.638158e-09
   9.708090e-01   9.999993e-01   9.814901e-01   9.575658e-01   9.626013e-01   1.056427e-02   1.001911e-01   0.000000e+00   0.000000e+00   0.000000e+00   2.087148e-10   0.000000e+00   5.222328e-07   0.000000e+00   0.000000e+00   0.000000e+00   0.000000e+00
   9.708090e-01   9.999993e-01   9.857468e-01   9.836528e-01   9.630937e-01   2.508405e-02   1.004192e-03   0.000000e+00   0.000000e+00   0.000000e+00   0.000000e+00   0.000000e+00   5.222328e-07   0.000000e+00   0.000000e+00   0.000000e+00   0.000000e+00
   8.712268e-03   9.975226e-01   9.994047e-01   5.465539e-01   1.000000e+00   1.000000e+00   2.300092e-01   0.000000e+00   0.000000e+00   4.078552e-08   7.977653e-14   0.000000e+00   0.000000e+00   6.929673e-10   0.000000e+00   2.093028e-12   0.000000e+00
   1.121339e-02   9.999671e-01   1.000000e+00   1.000000e+00   1.000000e+00   1.000000e+00   1.057388e-02   0.000000e+00   7.419803e-04   0.000000e+00   0.000000e+00   0.000000e+00   6.682268e-06   0.000000e+00   0.000000e+00   0.000000e+00   0.000000e+00
   2.695615e-03   9.999850e-01   6.596485e-01   1.000000e+00   1.000000e+00   9.666977e-01   9.440511e-01   0.000000e+00   1.381526e-04   0.000000e+00   4.214925e-13   2.054796e-08   7.142384e-09   0.000000e+00   0.000000e+00   0.000000e+00   0.000000e+00
   1.932765e-01   9.979032e-01   7.884404e-01   1.000000e+00   1.000000e+00   1.000000e+00   5.287720e-02   0.000000e+00   0.000000e+00   9.208738e-07   6.708315e-03   3.131274e-08   3.765651e-15   5.495880e-04   0.000000e+00   0.000000e+00   0.000000e+00
   6.459487e-03   9.999777e-01   0.000000e+00   9.995030e-01   9.891166e-01   6.577486e-02   1.000000e+00   0.000000e+00   3.727981e-06   6.639834e-02   0.000000e+00   1.115365e-12   1.439712e-08   0.000000e+00   3.651331e-05   0.000000e+00   2.024349e-01
   2.596591e-03   9.998287e-01   1.000000e+00   9.734667e-01   1.378421e-01   1.152592e-01   9.514707e-01   0.000000e+00   0.000000e+00   0.000000e+00   3.956705e-06   0.000000e+00   2.044347e-11   0.000000e+00   2.508500e-06   0.000000e+00   3.815423e-05
   1.118467e-02   9.974849e-01   0.000000e+00   9.999504e-01   1.000000e+00   1.000000e+00   1.057388e-02   1.793127e-03   0.000000e+00   0.000000e+00   0.000000e+00   0.000000e+00   2.160568e-13   1.522100e-04   0.000000e+00   0.000000e+00   0.000000e+00
   0.000000e+00   9.999934e-01   3.498083e-01   9.992940e-01   4.197950e-02   9.958525e-01   9.637153e-01   0.000000e+00   0.000000e+00   0.000000e+00   8.010516e-03   0.000000e+00   0.000000e+00   2.636011e-04   0.000000e+00   3.282164e-02   5.486379e-05
   7.455931e-03   9.999680e-01   4.352153e-01   1.000000e+00   6.022214e-01   9.408248e-01   1.131071e-06   0.000000e+00   7.478312e-07   8.438489e-06   0.000000e+00   1.640576e-04   4.226899e-02   9.756415e-03   1.203688e-02   5.124712e-07   1.280222e-04
   7.179719e-03   1.000000e+00   1.000000e+00   5.476953e-01   1.000000e+00   1.000000e+00   9.865036e-01   0.000000e+00   0.000000e+00   9.147290e-07   1.116709e-12   2.008465e-08   0.000000e+00   1.568637e-14   2.776111e-10   1.556119e-13   0.000000e+00
   1.664010e-01   9.999719e-01   9.925221e-01   9.995077e-01   1.000000e+00   1.000000e+00   1.116016e-02   0.000000e+00   0.000000e+00   0.000000e+00   6.120114e-14   3.529852e-07   0.000000e+00   6.622440e-12   0.000000e+00   0.000000e+00   0.000000e+00
   1.389357e-02   9.979032e-01   7.884404e-01   1.000000e+00   1.143318e-01   9.491467e-01   8.447734e-02   0.000000e+00   0.000000e+00   9.208738e-07   8.042204e-09   2.270338e-02   3.767819e-15   0.000000e+00   0.000000e+00   0.000000e+00   0.000000e+00
   1.118467e-02   9.999673e-01   1.000000e+00   1.000000e+00   6.245856e-02   1.850091e-01   1.057388e-02   8.100698e-03   0.000000e+00   0.000000e+00   3.072425e-12   0.000000e+00   2.016231e-09   0.000000e+00   0.000000e+00   2.088538e-05   0.000000e+00
   5.918759e-03   9.999978e-01   1.000000e+00   5.496541e-01   4.290595e-02   1.000000e+00   9.989586e-01   0.000000e+00   0.000000e+00   0.000000e+00   1.522179e-11   1.735637e-04   2.927968e-15   6.663746e-10   0.000000e+00   3.468615e-05   1.074395e-01
   7.218651e-03   9.999663e-01   9.994908e-01   3.593621e-02   1.000000e+00   1.000000e+00   0.000000e+00   0.000000e+00   9.719700e-05   0.000000e+00   0.000000e+00   2.406571e-11   0.000000e+00   0.000000e+00   0.000000e+00   2.168376e-08   8.986971e-07
   0.000000e+00   9.999669e-01   1.828513e-01   1.000000e+00   1.000000e+00   1.000000e+00   2.460822e-05   1.063687e-03   1.367084e-04   0.000000e+00   0.000000e+00   1.734853e-01   2.764367e-10   2.072620e-02   6.713448e-05   2.649883e-11   1.424369e-04
   2.048755e-03   9.999718e-01   4.999553e-01   9.863964e-01   9.652144e-01   9.610465e-01   1.000000e+00   1.612842e-02   0.000000e+00   9.428996e-07   2.201063e-10   0.000000e+00   1.306704e-08   6.676094e-06   0.000000e+00   0.000000e+00   4.356202e-02
   0.000000e+00   9.999725e-01   7.924497e-01   1.047785e-01   9.990227e-01   4.832293e-02   3.703065e-02   4.411522e-03   4.331307e-04   0.000000e+00   2.067366e-04   0.000000e+00   8.811636e-02   2.139462e-03   0.000000e+00   0.000000e+00   0.000000e+00
   9.592127e-02   9.965102e-01   9.952597e-01   9.718815e-01   1.378421e-01   4.264952e-02   9.514707e-01   1.294898e-05   9.003720e-05   0.000000e+00   0.000000e+00   0.000000e+00   0.000000e+00   0.000000e+00   2.508500e-06   1.328368e-14   3.815423e-05
   8.679100e-02   9.999813e-01   9.841262e-01   5.455199e-01   9.504519e-01   5.102168e-02   2.074327e-02   6.247359e-02   3.771862e-07   0.000000e+00   1.076408e-10   0.000000e+00   3.034888e-15   1.517916e-08   1.238572e-05   0.000000e+00   0.000000e+00
   0.000000e+00   9.999671e-01   1.000000e+00   5.470900e-01   9.852340e-02   0.000000e+00   0.000000e+00   8.393382e-02   1.574374e-02   0.000000e+00   4.061534e-02   6.196964e-05   3.629527e-04   7.195898e-09   0.000000e+00   7.256960e-15   0.000000e+00
   8.712268e-03   1.000000e+00   6.584271e-01   5.465539e-01   1.000000e+00   1.000000e+00   2.281165e-01   0.000000e+00   0.000000e+00   0.000000e+00   5.025801e-15   1.407346e-10   1.423588e-04   6.929673e-10   5.703517e-05   2.095490e-06   0.000000e+00
   3.108902e-04   9.999663e-01   6.679726e-01   1.000000e+00   1.000000e+00   2.393252e-02   1.794792e-03   0.000000e+00   9.542319e-05   0.000000e+00   0.000000e+00   1.188953e-04   9.354823e-09   7.418378e-05   0.000000e+00   3.510096e-11   0.000000e+00
   4.699132e-02   9.992010e-01   6.596485e-01   1.000000e+00   9.661369e-01   9.993294e-01   5.151950e-02   0.000000e+00   9.481149e-05   2.190357e-03   0.000000e+00   0.000000e+00   0.000000e+00   1.761189e-02   3.916207e-05   0.000000e+00   0.000000e+00
   3.069203e-03   9.979344e-01   1.000000e+00   6.077688e-02   8.976574e-01   0.000000e+00   3.541894e-02   0.000000e+00   1.596427e-02   3.090625e-02   7.196331e-04   4.005819e-02   2.788954e-04   7.130912e-09   2.521995e-06   1.966241e-02   1.547870e-01
   2.567147e-03   9.999464e-01   5.106771e-02   0.000000e+00   1.000000e+00   9.833804e-01   5.230579e-02   1.317652e-03   3.315892e-05   0.000000e+00   0.000000e+00   5.948078e-03   1.440500e-02   1.961558e-02   0.000000e+00   5.770083e-02   1.854789e-04
   1.018299e-04   9.999855e-01   1.000000e+00   9.257522e-02   7.524860e-02   9.999073e-01   8.832767e-01   2.243454e-07   3.776234e-06   6.582630e-02   0.000000e+00   0.000000e+00   1.331485e-08   1.651281e-08   3.677377e-05   0.000000e+00   7.749062e-09
   7.293757e-03   1.000000e+00   1.000000e+00   9.889332e-01   1.000000e+00   9.810180e-01   0.000000e+00   1.043339e-05   9.822292e-05   0.000000e+00   1.018972e-06   2.208452e-02   0.000000e+00   4.098848e-07   0.000000e+00   0.000000e+00   1.975874e-06
   0.000000e+00   9.999934e-01   3.396383e-01   9.992940e-01   1.000000e+00   9.906643e-01   2.554355e-02   0.000000e+00   0.000000e+00   9.403379e-12   8.010516e-03   2.069944e-06   0.000000e+00   0.000000e+00   0.000000e+00   0.000000e+00   0.000000e+00
   1.208127e-04   1.000000e+00   2.431744e-01   9.999999e-01   9.999964e-01   1.278249e-02   1.000000e+00   6.494478e-05   0.000000e+00   3.920205e-10   2.057286e-08   0.000000e+00   0.000000e+00   0.000000e+00   4.926660e-05   0.000000e+00   1.925318e-06
   0.000000e+00   1.000000e+00   9.994249e-01   1.589684e-02   4.926068e-01   9.812392e-01   0.000000e+00   4.411522e-03   2.684829e-03   3.635472e-03   2.065306e-04   2.069249e-05   8.775907e-02   2.170170e-03   1.056228e-02   4.214645e-14   5.888798e-03
   0.000000e+00   9.975226e-01   1.000000e+00   5.517293e-01   9.987047e-01   1.000000e+00   3.489240e-02   0.000000e+00   0.000000e+00   2.274232e-01   3.604145e-15   3.251320e-07   0.000000e+00   6.929673e-10   0.000000e+00   2.440728e-12   0.000000e+00
   1.664010e-01   9.999719e-01   1.000000e+00   9.995077e-01   1.000000e+00   1.000000e+00   9.846365e-01   3.422244e-06   0.000000e+00   0.000000e+00   6.120114e-14   5.642651e-09   0.000000e+00   0.000000e+00   0.000000e+00   0.000000e+00   0.000000e+00
   1.118467e-02   9.999673e-01   1.000000e+00   1.000000e+00   7.735575e-02   1.850091e-01   1.057388e-02   8.254434e-03   0.000000e+00   0.000000e+00   3.266021e-12   0.000000e+00   2.016231e-09   6.374429e-06   0.000000e+00   2.088538e-05   0.000000e+00
   4.651778e-03   1.000000e+00   2.431744e-01   1.000000e+00   1.000000e+00   8.820936e-02   1.000000e+00   6.494478e-05   0.000000e+00   1.930548e-08   2.057286e-08   2.252400e-08   2.258479e-11   0.000000e+00   4.977990e-05   8.208371e-02   9.213797e-02
   2.686487e-01   9.998900e-01   9.962335e-01   0.000000e+00   9.997209e-01   1.000000e+00   8.252583e-01   0.000000e+00   0.000000e+00   5.221243e-08   6.194545e-14   0.000000e+00   9.907228e-06   1.206038e-07   0.000000e+00   5.587210e-07   4.866726e-06
   7.629401e-03   9.999663e-01   2.411828e-01   9.992565e-01   5.546889e-01   9.197263e-01   0.000000e+00   6.290505e-05   0.000000e+00   1.753300e-08   0.000000e+00   0.000000e+00   4.226899e-02   2.602603e-04   0.000000e+00   0.000000e+00   1.214180e-04
   0.000000e+00   9.997870e-01   8.062502e-01   1.000000e+00   0.000000e+00   9.773493e-01   1.000000e+00   1.698402e-02   5.103690e-07   2.915139e-08   1.056053e-06   0.000000e+00   0.000000e+00   0.000000e+00   0.000000e+00   7.855517e-02   1.856251e-08
   1.221640e-01   9.999697e-01   9.818036e-01   3.593621e-02   1.000000e+00   1.000000e+00   0.000000e+00   0.000000e+00   9.724050e-05   0.000000e+00   0.000000e+00   0.000000e+00   0.000000e+00   0.000000e+00   0.000000e+00   2.152224e-08   8.986971e-07
   2.669180e-01   9.998900e-01   9.962335e-01   9.841155e-01   9.997050e-01   4.038570e-04   8.252583e-01   0.000000e+00   0.000000e+00   4.196045e-06   0.000000e+00   0.000000e+00   0.000000e+00   4.413766e-06   0.000000e+00   7.563297e-03   4.866726e-06
   1.134892e-05   9.999733e-01   1.822339e-01   1.000000e+00   1.000000e+00   7.234021e-02   3.034725e-04   1.008898e-03   1.610594e-04   0.000000e+00   1.069266e-06   1.583867e-10   9.724343e-06   2.156879e-11   0.000000e+00   6.253331e-14   0.000000e+00
   1.116850e-02   9.999673e-01   9.880186e-01   5.677715e-01   9.826496e-01   0.000000e+00   1.057388e-02   0.000000e+00   0.000000e+00   0.000000e+00   3.177682e-12   0.000000e+00   1.385783e-04   0.000000e+00   0.000000e+00   2.217141e-03   0.000000e+00
   1.173991e-05   9.999812e-01   6.110206e-02   9.851096e-01   1.113455e-02   1.000000e+00   9.284743e-01   0.000000e+00   1.956785e-06   0.000000e+00   1.431760e-11   1.116671e-04   2.928213e-15   1.074936e-05   1.023661e-01   1.246015e-05   6.416812e-07
   8.736499e-03   9.999879e-01   1.000000e+00   8.389080e-03   1.221605e-02   8.856637e-01   0.000000e+00   1.979748e-01   4.324459e-02   2.900878e-04   5.717819e-04   7.051252e-08   0.000000e+00   5.867650e-09   4.822631e-07   8.421527e-06   1.589222e-01
   0.000000e+00   1.000000e+00   9.894857e-01   1.000000e+00   9.756392e-01   9.727191e-01   0.000000e+00   6.618730e-05   0.000000e+00   0.000000e+00   1.271299e-15   1.585140e-09   1.859234e-09   0.000000e+00   0.000000e+00   2.892734e-11   2.895288e-05
   0.000000e+00   1.000000e+00   9.961092e-01   9.647385e-01   9.548401e-01   9.065418e-01   1.483840e-01   4.411522e-03   1.494851e-01   1.410313e-01   1.988421e-04   2.069249e-05   8.775907e-02   9.766076e-05   1.235532e-01   0.000000e+00   3.619979e-03
   3.014575e-04   1.000000e+00   0.000000e+00   9.934804e-01   1.000000e+00   1.000000e+00   1.000000e+00   1.305331e-03   0.000000e+00   0.000000e+00   2.581410e-11   0.000000e+00   7.695631e-05   4.031909e-09   0.000000e+00   0.000000e+00   1.925365e-06
   1.265194e-01   9.999667e-01   1.000000e+00   1.696065e-01   9.977174e-01   9.055046e-02   1.982323e-02   0.000000e+00   0.000000e+00   6.586534e-03   1.328766e-13   5.522627e-05   1.247471e-07   0.000000e+00   2.479647e-03   2.552873e-11   1.401732e-04
   7.152608e-03   9.999663e-01   9.994908e-01   1.502687e-02   9.999985e-01   1.000000e+00   0.000000e+00   0.000000e+00   4.487235e-06   0.000000e+00   0.000000e+00   2.406571e-11   6.094304e-13   0.000000e+00   2.826959e-06   5.823850e-07   5.369083e-07
   1.615474e-01   9.999719e-01   1.000000e+00   9.995023e-01   1.000000e+00   9.981971e-01   1.116016e-02   0.000000e+00   0.000000e+00   3.623812e-05   2.818520e-02   3.526124e-07   4.932801e-07   6.622439e-12   0.000000e+00   2.297608e-13   0.000000e+00
   7.673317e-03   9.999470e-01   7.637514e-01   0.000000e+00   1.000000e+00   9.812491e-01   9.961858e-01   1.300685e-03   0.000000e+00   1.701220e-03   2.628497e-11   4.834634e-05   1.447865e-02   8.984040e-05   0.000000e+00   5.742377e-02   1.664008e-06
   2.143823e-04   9.999806e-01   1.000000e+00   1.000000e+00   6.345194e-02   0.000000e+00   1.000000e+00   0.000000e+00   1.864096e-05   1.489497e-03   2.893536e-02   0.000000e+00   8.431049e-08   0.000000e+00   0.000000e+00   0.000000e+00   0.000000e+00
   4.459230e-06   9.999915e-01   1.000000e+00   9.991029e-01   9.734162e-02   3.136405e-02   2.901084e-02   1.448606e-05   1.554084e-02   3.279422e-02   0.000000e+00   6.729498e-02   0.000000e+00   1.566129e-04   0.000000e+00   0.000000e+00   8.482814e-03
   2.033568e-01   9.999673e-01   1.000000e+00   1.000000e+00   7.735575e-02   1.850091e-01   1.057388e-02   8.190151e-03   0.000000e+00   4.192127e-05   0.000000e+00   0.000000e+00   2.016231e-09   6.374429e-06   0.000000e+00   2.008094e-05   1.794157e-06
   7.218651e-03   9.997923e-01   9.994908e-01   3.593621e-02   1.234543e-01   1.000000e+00   0.000000e+00   3.470699e-05   9.719700e-05   0.000000e+00   0.000000e+00   2.406571e-11   0.000000e+00   0.000000e+00   0.000000e+00   2.168376e-08   3.830435e-06
   8.679100e-02   9.974824e-01   9.996430e-01   5.450519e-01   9.188764e-02   1.000000e+00   1.098780e-02   0.000000e+00   1.615456e-11   0.000000e+00   3.399159e-10   0.000000e+00   2.820391e-17   1.525684e-08   1.207733e-05   6.803562e-04   0.000000e+00
   1.170642e-01   9.999727e-01   9.941762e-01   1.000000e+00   9.878144e-01   1.045348e-01   7.172297e-04   1.008898e-03   1.610594e-04   0.000000e+00   2.798574e-08   1.583867e-10   1.754374e-07   2.156879e-11   0.000000e+00   1.523781e-14   0.000000e+00
   1.118209e-02   9.999977e-01   1.000000e+00   9.936359e-01   6.245856e-02   9.994482e-01   1.575858e-02   0.000000e+00   3.611327e-02   0.000000e+00   3.072425e-12   0.000000e+00   1.939841e-09   2.414005e-11   0.000000e+00   2.147761e-05   3.405987e-04
   1.244102e-04   9.999669e-01   1.000000e+00   5.470900e-01   1.181778e-03   0.000000e+00   0.000000e+00   0.000000e+00   1.399513e-03   9.152088e-02   1.672602e-04   6.196964e-05   3.629527e-04   0.000000e+00   0.000000e+00   1.664951e-01   6.485465e-04
   6.438253e-03   9.999775e-01   1.000000e+00   6.283670e-01   0.000000e+00   6.683832e-02   9.736143e-01   9.436535e-02   1.538668e-02   6.705520e-02   0.000000e+00   2.260816e-08   3.518673e-04   1.450512e-03   3.519137e-05   1.054680e-03   6.432519e-05
   8.723177e-03   9.999978e-01   1.000000e+00   5.496541e-01   9.350310e-02   1.000000e+00   9.944372e-01   0.000000e+00   0.000000e+00   8.421792e-07   3.878104e-13   1.735637e-04   1.102581e-11   3.453005e-03   0.000000e+00   3.315986e-05   1.074395e-01
   6.459487e-03   9.999720e-01   0.000000e+00   9.995009e-01   9.891166e-01   6.765846e-02   9.993654e-01   1.341090e-02   0.000000e+00   5.720412e-04   4.486338e-02   1.457793e-10   0.000000e+00   0.000000e+00   0.000000e+00   4.429080e-02   2.090446e-01
   0.000000e+00   9.975226e-01   1.000000e+00   8.262402e-02   1.000000e+00   1.000000e+00   3.541512e-02   0.000000e+00   4.350184e-04   2.274232e-01   3.608225e-15   0.000000e+00   0.000000e+00   1.980557e-03   0.000000e+00   6.738335e-03   0.000000e+00
   1.205625e-01   9.999996e-01   6.574890e-01   1.000000e+00   9.878144e-01   1.000000e+00   7.172297e-04   1.008898e-03   0.000000e+00   0.000000e+00   2.798574e-08   1.407975e-10   1.754374e-07   6.985938e-10   0.000000e+00   1.523781e-14   0.000000e+00
   7.607828e-03   1.000000e+00   2.431744e-01   9.999999e-01   9.999964e-01   2.980476e-02   1.000000e+00   3.475255e-05   0.000000e+00   3.926964e-10   2.070049e-08   0.000000e+00   0.000000e+00   0.000000e+00   4.926660e-05   5.888810e-02   1.858664e-06
   4.976489e-03   9.997939e-01   7.872746e-01   9.995527e-01   1.265089e-01   3.273308e-02   1.408057e-01   2.010904e-01   0.000000e+00   9.590688e-02   3.245762e-02   4.925732e-10   1.994821e-14   6.420905e-02   1.469324e-06   0.000000e+00   1.618830e-01
   7.673317e-03   9.999470e-01   7.923056e-01   1.000000e+00   9.994157e-01   9.796690e-01   1.000000e+00   1.304638e-03   2.253109e-06   1.701220e-03   0.000000e+00   4.834634e-05   1.447865e-02   0.000000e+00   0.000000e+00   5.848608e-02   1.664008e-06
   0.000000e+00   9.999934e-01   5.007011e-01   9.992940e-01   1.000000e+00   9.995971e-01   9.247771e-02   0.000000e+00   0.000000e+00   9.403379e-12   8.010516e-03   0.000000e+00   0.000000e+00   0.000000e+00   0.000000e+00   0.000000e+00   0.000000e+00
   1.441952e-02   1.000000e+00   9.971227e-01   0.000000e+00   1.000000e+00   3.228391e-02   9.082106e-01   0.000000e+00   8.998588e-05   0.000000e+00   0.000000e+00   2.674134e-11   0.000000e+00   5.486063e-14   0.000000e+00   5.491090e-04   3.829049e-05
   8.736499e-03   9.999456e-01   1.000000e+00   8.389080e-03   1.221605e-02   4.794116e-03   0.000000e+00   1.949480e-01   4.315701e-02   2.900878e-04   5.717819e-04   7.051252e-08   2.805838e-04   7.129983e-09   5.374299e-09   8.421527e-06   1.589222e-01
   2.078192e-01   9.999540e-01   9.610141e-01   1.000000e+00   1.564687e-02   9.426129e-01   8.680289e-01   3.178978e-09   0.000000e+00   5.087382e-02   0.000000e+00   1.551186e-05   0.000000e+00   4.962314e-04   6.861375e-05   1.987130e-13   1.509400e-06
   7.488297e-03   9.998216e-01   9.983550e-01   1.826969e-01   1.000000e+00   7.055586e-02   9.413262e-01   0.000000e+00   1.338990e-03   1.728701e-10   0.000000e+00   1.729362e-10   4.741204e-02   0.000000e+00   1.816691e-04   1.730455e-13   0.000000e+00
   8.085058e-03   9.997977e-01   9.999998e-01   0.000000e+00   8.197192e-03   8.583121e-01   9.943830e-01   1.811340e-01   0.000000e+00   0.000000e+00   9.963905e-02   7.051252e-08   7.940094e-05   3.443002e-03   2.434702e-05   8.421527e-06   1.037239e-01
   8.918064e-03   9.999947e-01   9.998883e-01   1.035408e-01   5.568182e-01   9.667699e-01   1.437923e-02   0.000000e+00   1.162899e-03   0.000000e+00   1.879287e-08   1.694111e-04   0.000000e+00   9.835546e-03   0.000000e+00   3.353843e-05   1.088909e-06
   8.028387e-03   9.999654e-01   5.902040e-01   9.999709e-01   1.865797e-02   8.823978e-01   0.000000e+00   0.000000e+00   5.053102e-02   2.892369e-04   1.053889e-02   7.001994e-08   5.443202e-13   1.176100e-03   2.343600e-05   8.477710e-06   0.000000e+00
   3.158967e-03   1.000000e+00   7.910347e-01   6.844135e-02   9.998363e-01   1.000000e+00   1.000000e+00   1.305331e-03   0.000000e+00   0.000000e+00   2.581410e-11   0.000000e+00   7.695631e-05   0.000000e+00   0.000000e+00   0.000000e+00   1.925365e-06
   2.567147e-03   9.999671e-01   5.106771e-02   1.000000e+00   1.000000e+00   9.833804e-01   1.314153e-02   1.317652e-03   7.452092e-04   0.000000e+00   1.827158e-04   5.948078e-03   1.440500e-02   1.961558e-02   1.825133e-10   5.770083e-02   1.128441e-02
   1.077697e-02   9.999725e-01   7.925802e-01   1.047785e-01   9.990168e-01   1.000000e+00   3.703065e-02   4.411522e-03   4.331307e-04   0.000000e+00   2.067366e-04   0.000000e+00   8.811636e-02   0.000000e+00   0.000000e+00   0.000000e+00   0.000000e+00
   1.088074e-02   9.978695e-01   1.000000e+00   9.601769e-02   9.541798e-01   1.850091e-01   3.616558e-02   1.636339e-04   2.201603e-04   3.115966e-02   3.266021e-12   2.618591e-04   4.213498e-06   6.374429e-06   0.000000e+00   1.992662e-02   0.000000e+00
   4.894356e-02   9.999777e-01   8.459140e-01   9.986305e-01   1.963401e-01   5.540380e-02   8.549453e-01   7.031099e-05   2.258504e-06   3.142937e-02   0.000000e+00   1.131060e-12   2.628135e-03   0.000000e+00   3.354957e-05   2.627086e-02   2.776275e-06
   1.146662e-02   9.999673e-01   1.000000e+00   5.759732e-01   7.735575e-02   1.825173e-01   0.000000e+00   8.254434e-03   0.000000e+00   0.000000e+00   3.266021e-12   1.746339e-04   2.016231e-09   6.374429e-06   0.000000e+00   3.400463e-05   0.000000e+00
   0.000000e+00   9.975508e-01   1.000000e+00   5.573545e-01   3.208237e-02   1.000000e+00   8.509175e-01   0.000000e+00   0.000000e+00   2.340739e-01   3.608225e-15   0.000000e+00   0.000000e+00   6.929673e-10   0.000000e+00   2.440728e-12   1.858160e-06
   1.260378e-01   9.999675e-01   1.000000e+00   0.000000e+00   1.000000e+00   1.000000e+00   2.148030e-02   8.086830e-02   1.274995e-04   0.000000e+00   0.000000e+00   7.035171e-08   2.844482e-10   1.466782e-04   2.407993e-03   6.201965e-02   2.877019e-03
   0.000000e+00   9.999671e-01   1.000000e+00   1.000000e+00   7.524737e-03   1.616842e-02   8.859978e-01   3.178978e-09   8.324387e-07   4.847811e-04   0.000000e+00   1.748744e-01   7.669490e-13   4.962314e-04   6.555457e-05   3.643210e-13   0.000000e+00
   6.364810e-03   1.000000e+00   6.625341e-01   9.910245e-01   3.250268e-04   9.850050e-01   9.589220e-01   0.000000e+00   0.000000e+00   1.298002e-09   1.543417e-01   1.548064e-03   1.283764e-02   5.353791e-09   1.131373e-08   5.774253e-07   1.841908e-06
   1.470598e-02   9.999777e-01   0.000000e+00   9.995030e-01   1.000000e+00   1.533791e-01   1.585582e-01   0.000000e+00   3.727981e-06   6.639834e-02   0.000000e+00   3.570359e-06   1.439712e-08   0.000000e+00   3.620050e-05   0.000000e+00   2.024349e-01
   0.000000e+00   9.998143e-01   9.994900e-01   3.718924e-02   1.234543e-01   1.000000e+00   0.000000e+00   6.489922e-05   1.115516e-04   0.000000e+00   0.000000e+00   2.115153e-11   0.000000e+00   0.000000e+00   0.000000e+00   2.063199e-08   6.743341e-02
   8.565685e-02   9.999813e-01   9.862842e-01   9.700189e-01   9.504519e-01   9.367165e-01   2.163687e-03   0.000000e+00   3.584892e-07   0.000000e+00   3.009913e-11   0.000000e+00   2.774111e-10   8.617287e-05   7.618290e-05   1.297281e-03   0.000000e+00
   2.728793e-03   9.999934e-01   3.498083e-01   9.994587e-01   4.266563e-02   9.958525e-01   9.635884e-01   0.000000e+00   1.345297e-04   4.543111e-04   1.466688e-01   0.000000e+00   0.000000e+00   2.850196e-04   1.118863e-02   3.291983e-02   5.486379e-05
   0.000000e+00   9.999671e-01   7.712811e-01   1.000000e+00   1.000000e+00   1.926883e-02   0.000000e+00   0.000000e+00   1.612588e-02   0.000000e+00   3.133845e-03   6.047547e-05   3.629527e-04   0.000000e+00   1.255253e-05   0.000000e+00   8.460426e-07
   3.158967e-03   9.971185e-01   7.910347e-01   4.866840e-02   9.998363e-01   0.000000e+00   9.584774e-01   6.112801e-02   0.000000e+00   6.506893e-03   1.756784e-02   0.000000e+00   7.695631e-05   0.000000e+00   0.000000e+00   6.619303e-03   4.230639e-03
   3.158967e-03   1.000000e+00   7.865143e-01   9.997101e-01   9.998363e-01   1.000000e+00   1.000000e+00   1.308952e-03   0.000000e+00   0.000000e+00   2.581410e-11   1.798959e-08   3.417005e-06   0.000000e+00   0.000000e+00   2.318884e-13   1.922362e-06
   2.666947e-01   1.000000e+00   9.939711e-01   8.410645e-01   1.000000e+00   1.517972e-02   3.126229e-02   1.254544e-07   0.000000e+00   2.364033e-07   9.406687e-15   8.886507e-12   0.000000e+00   0.000000e+00   0.000000e+00   0.000000e+00   2.895288e-05
   8.736499e-03   9.999879e-01   0.000000e+00   1.000000e+00   1.221605e-02   8.467077e-01   0.000000e+00   1.979748e-01   4.324459e-02   2.900878e-04   5.717819e-04   1.608060e-10   0.000000e+00   5.867650e-09   4.822631e-07   8.421527e-06   1.610610e-01
   6.469057e-03   9.998239e-01   9.983550e-01   1.000000e+00   9.890576e-01   7.056437e-02   9.857823e-01   4.204153e-04   1.116259e-03   1.728701e-10   4.501386e-02   1.007050e-02   4.741204e-02   0.000000e+00   1.615235e-07   1.729727e-13   2.001363e-01
   4.653759e-02   9.999886e-01   1.000000e+00   8.389080e-03   1.221605e-02   1.000000e+00   0.000000e+00   1.996093e-01   4.476129e-02   1.571761e-05   0.000000e+00   7.051252e-08   0.000000e+00   5.867650e-09   4.822631e-07   8.763571e-06   1.589222e-01
   9.095490e-02   9.999857e-01   1.000000e+00   9.257522e-02   7.799168e-02   9.999073e-01   8.832767e-01   2.243454e-07   3.776234e-06   7.105368e-02   0.000000e+00   0.000000e+00   1.927164e-10   8.612284e-05   3.677377e-05   0.000000e+00   7.749062e-09
   1.177913e-01   9.999675e-01   5.312270e-03   1.000000e+00   9.886988e-01   1.000000e+00   9.952853e-01   0.000000e+00   9.202194e-06   0.000000e+00   2.873108e-10   0.000000e+00   1.199101e-09   4.633145e-02   3.128097e-07   0.000000e+00   4.436974e-07
   7.195780e-03   9.998198e-01   9.999206e-01   5.501787e-01   1.000000e+00   1.000000e+00   9.724959e-01   0.000000e+00   1.160823e-03   3.048330e-09   4.545598e-02   0.000000e+00   4.796136e-02   1.640834e-14   1.615235e-07   1.729727e-13   2.002654e-01
   1.441952e-02   9.999470e-01   9.971227e-01   0.000000e+00   1.000000e+00   0.000000e+00   9.082106e-01   0.000000e+00   8.998588e-05   0.000000e+00   5.412134e-02   2.674134e-11   1.051219e-01   5.486063e-14   0.000000e+00   5.491090e-04   3.829049e-05
   7.995402e-02   9.999084e-01   8.337642e-01   9.997713e-01   9.997990e-01   7.759163e-01   9.970138e-01   3.471951e-05   0.000000e+00   1.485162e-03   4.400074e-13   2.081545e-08   0.000000e+00   0.000000e+00   0.000000e+00   0.000000e+00   1.201705e-07
   4.892987e-03   9.998099e-01   7.803822e-01   1.000000e+00   4.133112e-03   3.160184e-02   1.746776e-01   0.000000e+00   0.000000e+00   2.606479e-02   9.624619e-02   0.000000e+00   2.372773e-14   6.538514e-02   0.000000e+00   0.000000e+00   4.295563e-06
   0.000000e+00   9.999978e-01   1.000000e+00   5.516795e-01   9.983960e-01   9.995933e-01   9.935273e-01   0.000000e+00   0.000000e+00   0.000000e+00   3.878104e-13   1.651874e-06   1.102581e-11   8.117456e-05   0.000000e+00   3.315986e-05   1.093224e-01
   8.716313e-03   9.999676e-01   6.584271e-01   5.465539e-01   1.000000e+00   1.000000e+00   1.730030e-02   0.000000e+00   0.000000e+00   9.497353e-06   5.025928e-15   1.407346e-10   4.221459e-02   2.027434e-04   5.703517e-05   2.053481e-06   1.066416e-04
   8.572345e-02   9.998099e-01   7.855723e-01   1.000000e+00   9.764273e-01   1.000000e+00   8.302836e-01   8.733354e-02   4.168324e-06   7.299330e-07   0.000000e+00   1.393076e-10   2.726383e-10   0.000000e+00   4.812421e-05   0.000000e+00   2.741181e-07
   1.615474e-01   9.999719e-01   1.000000e+00   6.823355e-02   1.000000e+00   9.993250e-01   1.116016e-02   0.000000e+00   0.000000e+00   3.659538e-05   2.818520e-02   3.346228e-07   7.403258e-05   6.843997e-12   0.000000e+00   0.000000e+00   3.002762e-09
   0.000000e+00   1.000000e+00   8.581423e-01   1.092078e-02   9.990227e-01   9.973342e-01   9.901636e-01   2.504683e-12   0.000000e+00   0.000000e+00   1.091255e-04   3.778638e-05   8.811636e-02   4.137051e-05   0.000000e+00   0.000000e+00   0.000000e+00
   7.251182e-03   9.999780e-01   8.449642e-04   9.995590e-01   4.632617e-02   1.000000e+00   1.517029e-02   0.000000e+00   3.580569e-06   0.000000e+00   0.000000e+00   2.028805e-02   2.761176e-10   0.000000e+00   4.483669e-06   2.688244e-11   3.383037e-04
   0.000000e+00   9.999934e-01   5.007011e-01   9.986207e-01   9.894884e-01   7.917179e-02   8.958495e-02   6.900767e-05   0.000000e+00   2.547658e-14   3.409608e-02   0.000000e+00   0.000000e+00   2.212464e-13   0.000000e+00   2.531073e-02   0.000000e+00
   3.039911e-03   1.000000e+00   8.149971e-01   9.997101e-01   2.525040e-02   1.000000e+00   9.901667e-01   1.308952e-03   0.000000e+00   0.000000e+00   2.581410e-11   2.836598e-06   3.703515e-07   0.000000e+00   0.000000e+00   1.521209e-01   0.000000e+00
   2.695615e-03   9.999832e-01   6.596485e-01   1.000000e+00   6.696259e-02   1.000000e+00   8.965659e-01   0.000000e+00   3.802676e-07   0.000000e+00   4.214925e-13   2.040825e-02   7.484587e-09   1.611693e-08   1.096096e-06   0.000000e+00   0.000000e+00
   1.302884e-02   9.998143e-01   9.994900e-01   3.718924e-02   1.234543e-01   1.000000e+00   0.000000e+00   7.364608e-04   1.377089e-04   0.000000e+00   0.000000e+00   2.115153e-11   4.822283e-04   3.306029e-03   3.058831e-12   2.063199e-08   6.743341e-02
   9.299027e-02   9.999333e-01   9.998057e-01   8.262402e-02   9.512251e-01   1.000000e+00   3.529598e-02   0.000000e+00   4.350184e-04   0.000000e+00   3.608225e-15   0.000000e+00   0.000000e+00   1.980557e-03   0.000000e+00   4.874311e-03   0.000000e+00
   1.576851e-02   9.999879e-01   0.000000e+00   9.999970e-01   9.377493e-01   8.112746e-01   0.000000e+00   1.870444e-01   4.324459e-02   2.200814e-04   5.717819e-04   1.608060e-10   0.000000e+00   5.838892e-09   4.801718e-07   8.421527e-06   4.262284e-03
   3.014575e-04   9.999999e-01   0.000000e+00   9.934804e-01   1.000000e+00   1.000000e+00   0.000000e+00   0.000000e+00   6.948639e-04   0.000000e+00   2.590143e-11   0.000000e+00   7.695631e-05   2.372741e-11   0.000000e+00   0.000000e+00   1.925365e-06
   0.000000e+00   9.998099e-01   7.855723e-01   5.532438e-01   9.758479e-01   1.000000e+00   8.302836e-01   9.076027e-02   9.413859e-09   7.741416e-02   0.000000e+00   1.393076e-10   2.726383e-10   0.000000e+00   4.812421e-05   0.000000e+00   3.639874e-07
   2.695615e-03   9.999823e-01   6.634118e-01   1.000000e+00   6.696259e-02   9.666977e-01   4.598755e-02   0.000000e+00   0.000000e+00   0.000000e+00   4.214925e-13   2.040825e-02   6.954510e-09   0.000000e+00   0.000000e+00   2.711656e-11   0.000000e+00
   8.712268e-03   9.999739e-01   9.994047e-01   5.465539e-01   1.000000e+00   9.387431e-01   2.300092e-01   0.000000e+00   5.198353e-09   4.078552e-08   7.977653e-14   7.474153e-11   0.000000e+00   6.929673e-10   0.000000e+00   2.093028e-12   0.000000e+00
   7.195780e-03   9.960538e-01   9.999206e-01   5.553650e-01   1.000000e+00   1.000000e+00   9.724959e-01   0.000000e+00   1.160823e-03   3.048330e-09   4.667485e-02   0.000000e+00   0.000000e+00   1.640834e-14   0.000000e+00   1.729727e-13   2.002654e-01
   8.723177e-03   9.999978e-01   1.000000e+00   6.137042e-01   1.371780e-02   1.000000e+00   9.986829e-01   0.000000e+00   0.000000e+00   0.000000e+00   5.705558e-04   1.735637e-04   1.011448e-11   3.453005e-03   8.247617e-09   3.279854e-05   1.855858e-01
   7.218651e-03   9.999998e-01   9.040783e-01   3.593621e-02   1.000000e+00   1.000000e+00   0.000000e+00   1.235847e-07   2.003984e-06   0.000000e+00   0.000000e+00   9.000835e-12   0.000000e+00   0.000000e+00   0.000000e+00   0.000000e+00   8.986971e-07
   1.519090e-01   1.000000e+00   8.655237e-01   1.000000e+00   9.241791e-01   9.471670e-01   8.859986e-01   2.243454e-07   8.432473e-07   0.000000e+00   2.283110e-03   9.296876e-02   2.769486e-15   1.488926e-08   1.463035e-06   0.000000e+00   1.041644e-06
   3.014575e-04   9.999673e-01   0.000000e+00   9.934804e-01   1.000000e+00   1.000000e+00   1.000000e+00   7.203362e-02   0.000000e+00   0.000000e+00   2.581410e-11   0.000000e+00   0.000000e+00   1.517984e-04   0.000000e+00   9.944753e-04   1.925365e-06
   2.710845e-03   9.999808e-01   6.565752e-01   1.000000e+00   1.000000e+00   2.434237e-02   9.440511e-01   0.000000e+00   1.381526e-04   1.686092e-08   0.000000e+00   2.036600e-08   7.142384e-09   5.438414e-04   3.387933e-07   0.000000e+00   0.000000e+00
   1.083193e-02   9.979061e-01   9.999993e-01   1.996184e-02   4.153333e-01   2.388317e-01   0.000000e+00   4.403408e-03   2.678047e-03   3.031977e-02   2.065306e-04   9.891587e-06   8.775907e-02   3.978763e-06   1.056228e-02   4.214684e-14   0.000000e+00
   2.376783e-02   9.999976e-01   9.984344e-01   1.000000e+00   1.000000e+00   1.557324e-02   8.854731e-01   0.000000e+00   9.718474e-09   8.981375e-07   0.000000e+00   1.743394e-01   0.000000e+00   0.000000e+00   2.776111e-10   1.556119e-13   0.000000e+00
   1.441952e-02   9.999724e-01   6.979637e-01   8.122099e-03   9.990525e-01   9.961679e-01   0.000000e+00   7.661143e-03   3.982619e-02   0.000000e+00   0.000000e+00   2.537995e-11   4.149830e-03   5.486063e-14   2.454241e-03   5.369581e-04   1.677320e-08
   1.623855e-01   9.999652e-01   1.000000e+00   0.000000e+00   9.935161e-01   9.780137e-01   9.989763e-01   0.000000e+00   9.428270e-05   4.532332e-05   0.000000e+00   8.989635e-07   4.613729e-08   0.000000e+00   0.000000e+00   0.000000e+00   1.141297e-01
   2.710289e-03   9.999678e-01   5.126146e-02   1.000000e+00   6.189977e-02   9.994883e-01   1.314153e-02   2.166975e-05   7.497041e-04   0.000000e+00   1.827158e-04   5.948078e-03   1.651371e-02   1.961558e-02   1.825133e-10   5.911373e-02   7.988540e-04
   2.396898e-03   9.999720e-01   9.971227e-01   0.000000e+00   1.000000e+00   3.188456e-02   0.000000e+00   9.748874e-02   9.664693e-05   0.000000e+00   3.843217e-16   2.314721e-08   0.000000e+00   5.486063e-14   0.000000e+00   5.491090e-04   4.563821e-07
   9.592127e-02   9.966486e-01   9.873271e-01   9.996721e-01   7.540735e-02   9.715920e-01   9.514707e-01   1.328487e-03   9.293371e-05   0.000000e+00   0.000000e+00   6.158352e-03   5.537999e-05   0.000000e+00   2.508500e-06   1.874993e-03   6.006543e-04
   7.218798e-03   9.999677e-01   8.305003e-04   1.000000e+00   4.632617e-02   1.000000e+00   2.460822e-05   7.478310e-02   9.709715e-05   0.000000e+00   0.000000e+00   2.028805e-02   3.442651e-12   0.000000e+00   6.947339e-05   2.688244e-11   2.349035e-01
   8.063323e-03   9.999663e-01   2.405065e-01   9.992565e-01   5.546889e-01   9.197263e-01   0.000000e+00   6.966538e-07   3.861013e-04   1.784101e-08   0.000000e+00   0.000000e+00   4.160937e-02   2.602603e-04   0.000000e+00   5.820371e-02   1.214180e-04
   8.716313e-03   9.999666e-01   6.584271e-01   1.000000e+00   1.000000e+00   1.000000e+00   1.730030e-02   0.000000e+00   0.000000e+00   9.497353e-06   5.025928e-15   1.407346e-10   5.997688e-04   2.027434e-04   5.703517e-05   2.053481e-06   1.026146e-04
   9.006222e-03   9.999682e-01   1.635381e-01   9.999999e-01   1.000000e+00   4.629786e-04   0.000000e+00   1.008898e-03   1.305234e-02   0.000000e+00   1.069266e-06   1.583867e-10   0.000000e+00   2.769796e-10   0.000000e+00   6.253195e-14   1.634484e-01
   0.000000e+00   9.999668e-01   5.726450e-01   9.939268e-01   1.000000e+00   1.454452e-01   1.131754e-02   6.194585e-02   7.223438e-04   0.000000e+00   9.740824e-03   0.000000e+00   1.842883e-02   6.205380e-06   1.792098e-10   3.315241e-11   0.000000e+00
   7.502354e-03   9.984626e-01   2.410949e-01   1.000000e+00   5.480395e-01   9.958602e-01   1.257888e-01   0.000000e+00   8.262804e-07   4.077947e-08   0.000000e+00   2.285145e-06   0.000000e+00   7.645215e-10   0.000000e+00   0.000000e+00   1.196481e-04
   4.894356e-02   9.999777e-01   5.295232e-01   9.865230e-01   1.000000e+00   5.578476e-02   8.549453e-01   3.140757e-04   2.258504e-06   0.000000e+00   2.211928e-10   1.116848e-12   0.000000e+00   0.000000e+00   3.379041e-05   3.530079e-02   4.277004e-02
   8.970503e-02   1.000000e+00   0.000000e+00   1.000000e+00   1.000000e+00   1.000000e+00   8.004967e-03   1.007715e-03   4.158910e-06   2.000140e-01   5.887640e-04   0.000000e+00   0.000000e+00   1.538686e-08   3.609462e-05   0.000000e+00   1.835495e-06
   1.664010e-01   9.999721e-01   9.887588e-01   9.995077e-01   1.000000e+00   1.000000e+00   9.092237e-01   0.000000e+00   3.765054e-07   0.000000e+00   6.120114e-14   3.529852e-07   0.000000e+00   6.622440e-12   1.492274e-07   0.000000e+00   0.000000e+00
   8.887363e-05   9.975150e-01   4.867464e-01   1.000000e+00   8.147048e-02   9.997009e-01   0.000000e+00   2.186408e-10   1.832842e-02   1.100103e-07   3.376948e-10   3.315763e-08   9.332475e-04   1.150254e-11   0.000000e+00   8.240568e-06   0.000000e+00
   0.000000e+00   9.999959e-01   3.396383e-01   9.969340e-01   1.000000e+00   9.906643e-01   1.691911e-02   0.000000e+00   0.000000e+00   9.403379e-12   6.791645e-03   2.069944e-06   3.280644e-02   0.000000e+00   1.706815e-07   0.000000e+00   0.000000e+00
   0.000000e+00   9.999977e-01   1.000000e+00   5.762323e-01   0.000000e+00   1.000000e+00   0.000000e+00   1.006392e-03   1.686226e-02   0.000000e+00   8.423949e-17   2.934252e-11   0.000000e+00   2.030352e-12   0.000000e+00   2.440728e-12   7.285454e-07
   3.158967e-03   1.000000e+00   1.000000e+00   6.844135e-02   9.998363e-01   1.000000e+00   1.000000e+00   1.521241e-05   0.000000e+00   0.000000e+00   2.613838e-11   1.278358e-10   7.695631e-05   0.000000e+00   1.311347e-08   0.000000e+00   1.925365e-06
   0.000000e+00   9.999695e-01   9.672311e-01   1.000000e+00   0.000000e+00   9.408248e-01   1.131071e-06   0.000000e+00   0.000000e+00   8.438489e-06   8.705256e-17   1.640576e-04   8.307423e-04   0.000000e+00   1.203688e-02   5.124712e-07   1.378979e-02
   3.112067e-04   9.999469e-01   7.706504e-01   1.000000e+00   7.524737e-03   1.000000e+00   1.000000e+00   3.433193e-06   0.000000e+00   4.847811e-04   3.363416e-13   2.215858e-01   1.426853e-02   9.089273e-05   6.543029e-05   5.866587e-02   1.020526e-02
   3.232256e-03   9.999850e-01   3.107853e-03   1.000000e+00   9.989687e-01   1.000000e+00   9.082795e-02   0.000000e+00   0.000000e+00   0.000000e+00   2.587348e-10   1.629841e-08   1.934570e-02   3.944463e-06   3.150873e-03   3.878540e-05   0.000000e+00
   4.881741e-05   9.999634e-01   9.994256e-01   9.195269e-02   1.000000e+00   9.274165e-01   3.616558e-02   1.717473e-04   2.269428e-04   4.475360e-03   3.266021e-12   2.726600e-04   4.213498e-06   2.172566e-03   0.000000e+00   1.992662e-02   6.072145e-03
   5.838823e-03   1.000000e+00   9.938214e-01   8.369962e-01   1.000000e+00   4.360527e-03   4.659538e-03   1.214298e-07   1.381526e-04   2.484836e-07   4.214925e-13   2.106922e-08   1.877284e-09   0.000000e+00   0.000000e+00   0.000000e+00   3.526505e-08
   7.202525e-03   9.997923e-01   9.994908e-01   3.593621e-02   1.234543e-01   1.000000e+00   9.919762e-01   3.470699e-05   9.719700e-05   0.000000e+00   0.000000e+00   1.202494e-12   0.000000e+00   1.023443e-04   0.000000e+00   2.168376e-08   3.891440e-06
   1.221640e-01   9.984429e-01   9.818036e-01   5.533744e-01   1.000000e+00   1.000000e+00   0.000000e+00   0.000000e+00   9.613343e-05   0.000000e+00   0.000000e+00   0.000000e+00   0.000000e+00   0.000000e+00   0.000000e+00   2.152224e-08   8.972935e-07
   1.649645e-01   9.999719e-01   1.000000e+00   9.995077e-01   1.000000e+00   1.000000e+00   9.805907e-01   3.422244e-06   0.000000e+00   0.000000e+00   1.550320e-03   5.642651e-09   0.000000e+00   7.222671e-10   0.000000e+00   2.199751e-12   0.000000e+00
