   4.330196e-02   4.330196e-02   6.123822e-02   8.660392e-02   1.224764e-01   1.732078e-01   2.449529e-01   3.464157e-01   4.899058e-01   7.210996e-01
   3.738581e-02   4.988010e-02   1.066125e-01   7.526457e-02   9.179736e-02   1.144042e-01   1.305028e-01   1.448209e-01   1.638458e-01   1.491868e+00
   6.249766e-02   6.249766e-02   8.838504e-02   1.249953e-01   1.767701e-01   2.499906e-01   3.535401e-01   4.999813e-01   7.070803e-01   8.655145e-03
   2.627857e-17   1.426974e-17   1.548607e-17   1.715143e-17   2.375410e-17   2.273445e-17   2.752145e-17   5.323170e-17   6.574048e-17   1.667238e+00
   7.579405e-02   4.512088e-02   5.150219e-02   1.859610e-01   1.319353e-01   1.343772e-01   1.525804e-01   5.989019e-01   1.212113e+00   7.755846e-01
   1.702615e-01   8.182775e-02   8.431282e-02   1.029359e-01   9.202341e-02   9.841321e-02   1.078540e-01   7.288529e-01   1.931463e+00   5.772456e-03
   2.098170e-01   5.687483e-02   6.029854e-02   6.118710e-02   7.256037e-02   9.063612e-01   2.535168e-01   3.021865e-01   2.798337e+00   0.000000e+00
   3.201311e-02   1.388721e-02   6.909714e-02   1.759931e-01   7.591008e-02   5.287840e-01   1.452377e+00   1.058524e+00   9.433211e-01   0.000000e+00
   1.873039e-01   5.174295e-02   4.456234e-02   6.699539e-01   1.618030e-01   1.743793e-01   1.719474e-01   1.737179e-01   3.394205e+00   1.774749e-01
   7.531213e-02   3.398194e-02   2.208772e-01   9.112337e-02   9.282922e-02   6.723524e-01   1.670156e+00   6.875970e-01   1.092193e+00   4.143324e-02
   1.958439e-01   5.930093e-02   6.538566e-02   9.016831e-02   7.113470e-02   9.827837e-02   8.674809e-01   2.374355e+00   7.695500e-01   2.901689e-01
   5.058321e-03   1.661483e-02   5.351306e-03   6.058108e-02   1.266830e-01   4.787045e-01   1.479477e-01   1.815316e+00   1.582819e+00   1.354432e+00
   8.542057e-02   1.921952e-01   7.219717e-02   7.597769e-02   8.326614e-02   4.927241e-01   1.899650e-01   1.704905e+00   1.562330e+00   4.514072e-02
   2.669358e-01   5.589757e-02   5.733475e-02   5.806055e-02   5.930719e-02   6.880596e-01   1.556230e-01   1.591791e-01   3.741298e+00   1.284944e-01
   7.802706e-02   3.331935e-02   2.128362e-01   9.707671e-02   9.665191e-02   1.276429e-01   7.618212e-01   1.786509e+00   7.630577e-01   2.291520e-01
   9.932560e-02   3.357924e-01   9.589242e-02   1.126685e-01   1.131117e-01   3.269345e-01   1.407537e-01   4.506996e-01   2.539596e+00   1.302848e+00
   6.617077e-01   2.295405e-01   1.322921e-01   1.310062e-01   1.335570e-01   1.358438e-01   1.377258e-01   4.145238e+00   9.520256e-01   3.378580e-05
   6.020959e-02   6.921569e-02   9.567770e-02   1.528553e-01   1.827867e-01   2.351636e-01   4.154963e-01   4.741872e-01   8.309031e-01   1.833892e-02
   2.061072e-17   4.438144e-17   2.450453e-17   2.460412e-17   2.929402e-17   3.001956e-17   3.291389e-17   3.618928e-17   7.213454e-17   1.858897e+00
   8.133539e-03   3.538739e-02   1.762538e-01   6.568677e-01   1.426205e-01   1.539108e-01   1.362529e-01   1.777393e-01   3.907262e+00   1.208511e+00
   1.367977e-01   6.571142e-01   1.519525e-01   1.639724e-01   1.716948e-01   1.732260e-01   1.553283e-01   1.562905e-01   3.814630e+00   0.000000e+00
   4.572789e-02   1.599838e-01   5.032019e-02   5.199834e-02   5.129441e-02   5.773279e-02   6.979426e-01   2.267017e-01   2.689446e+00   5.699319e-01
   1.248116e-01   3.284735e-02   2.315427e-02   3.602932e-02   7.548004e-01   1.213077e-01   4.812037e+00   7.709588e-01   8.450625e-01   0.000000e+00
   3.272495e-02   1.253755e-01   7.089636e-01   1.409274e-01   1.326074e-01   1.327308e-01   1.354882e-01   1.339028e-01   4.493838e+00   1.756880e-02
   1.593244e-02   6.327178e-02   2.633517e-01   6.721962e-02   7.220027e-02   7.300714e-01   2.859677e+00   8.986432e-01   7.925894e-01   4.776401e-01
   1.551547e-02   3.157731e-03   6.374558e-02   1.562718e-02   2.566030e-01   1.506891e+00   4.010807e+00   1.114592e+00   7.969826e-01   6.114661e-03
   1.369993e-02   3.345563e-02   9.074993e-03   1.141725e-02   1.628184e-01   7.355463e-01   1.486019e-01   3.755836e+00   1.596612e+00   2.267687e-01
   1.986357e-01   5.231648e-02   6.471464e-02   5.945134e-02   6.319050e-01   1.846253e-01   1.831016e-01   2.729566e+00   1.152646e+00   6.992106e-02
   6.058170e-03   2.499324e-02   1.416342e-01   4.246761e-02   7.395577e-01   1.370212e-01   4.153060e+00   7.668361e-01   8.338935e-01   2.046567e-02
   9.031324e-02   2.283635e-02   2.355932e-02   3.800115e-01   1.007393e-01   1.010954e+00   2.729325e+00   9.039251e-01   7.773913e-01   7.631148e-03
   3.357766e-02   1.311743e-02   1.622571e-01   7.229524e-02   3.874560e-02   6.861365e-01   1.540387e-01   1.638497e-01   3.487333e+00   1.091627e+00
   5.484175e-02   2.224045e-02   2.326763e-01   5.808775e-02   8.306667e-01   2.091412e-01   2.064639e-01   2.314435e-01   3.363144e+00   1.821345e-02
   2.046189e-01   7.850872e-02   9.087918e-02   9.018906e-02   8.694746e-02   9.301451e-02   9.878414e-02   7.216036e-01   2.247756e+00   0.000000e+00
   1.955778e-03   1.217840e-02   1.813393e-02   1.386352e-01   7.365803e-01   1.186190e-01   1.384924e-01   1.264819e-01   4.943208e+00   1.119399e-01
   7.834747e-02   2.700720e-02   3.336809e-02   2.450890e-01   8.643090e-02   8.972043e-02   7.830373e-01   2.119774e+00   9.001383e-01   5.418850e-01
   2.124292e-02   3.509685e-03   1.150899e-01   7.083733e-01   1.086344e-01   4.799302e+00   8.509666e-01   7.456225e-01   1.585693e+00   0.000000e+00
   1.818105e-01   6.711448e-01   1.190486e-01   2.026071e-01   1.380524e-01   1.278682e-01   4.425541e+00   7.687246e-01   8.385151e-01   1.379341e-04
   6.210353e-02   1.493496e-02   1.371315e-02   2.814540e-01   4.962776e-01   1.232882e-01   2.735786e+00   2.312510e+00   7.837113e-01   3.209802e-02
   1.065813e-01   6.985971e-01   1.218630e-01   1.655973e-01   1.122498e-01   1.135503e-01   1.737218e-01   5.067506e+00   8.071768e-01   0.000000e+00
   7.273317e-01   1.021143e-01   1.032613e-01   1.263165e-01   1.061064e-01   1.066745e-01   1.109873e-01   1.088419e-01   5.576052e+00   0.000000e+00
   2.772368e-03   1.051737e-02   2.808723e-03   4.350089e-02   1.437366e-01   5.151138e-01   1.416133e-01   4.671822e-01   2.574861e+00   1.581938e+00
   1.430508e-02   4.222224e-02   1.168372e-02   1.168243e-02   2.047249e-01   1.717753e-01   1.167150e+00   2.933190e-01   3.212693e+00   6.042717e-02
   2.436172e-01   5.990617e-01   1.601235e-01   1.755135e-01   2.831304e-01   1.399982e-01   1.419847e-01   3.836417e+00   1.618722e+00   2.312368e-01
   2.231860e-02   6.515944e-02   2.209227e-01   8.116916e-02   7.645480e-02   8.008423e-02   7.951220e-01   2.616993e-01   2.445170e+00   4.318643e-02
   1.334417e-02   4.817059e-02   1.809426e-01   4.639153e-01   1.624754e-01   2.139441e-01   1.583558e-01   2.127435e+00   1.878139e+00   3.006509e-01
   6.821558e-03   2.900539e-02   6.821640e-03   7.644616e-03   1.301695e-01   5.974902e-01   2.561467e+00   7.415464e-01   2.515916e+00   4.931498e-05
   5.686184e-02   1.296529e-01   7.141408e-01   1.912300e-01   1.264726e-01   1.283532e-01   4.525332e+00   7.706782e-01   7.930761e-01   6.063588e-03
   1.715592e-01   3.185334e-02   3.782302e-02   7.827450e-02   6.845822e-01   1.416397e-01   1.347505e-01   3.975652e+00   1.393948e+00   9.837871e-02
   6.074110e-02   1.338297e-02   2.822971e-01   6.993686e-02   1.349841e+00   3.250648e-01   4.164127e-01   3.042736e+00   1.290106e+00   6.324489e-02
   4.426355e-02   1.623298e-01   4.489549e-01   1.355949e-01   1.352879e-01   1.401863e-01   1.452627e-01   2.041654e+00   2.043230e+00   3.531693e-01
   6.486114e-02   1.767178e-02   1.863934e-02   2.496082e-01   8.042597e-02   8.449172e-01   2.395383e-01   4.359177e-01   2.799950e+00   0.000000e+00
   2.232902e-02   6.443986e-02   2.334641e-02   2.595456e-02   2.267552e-01   6.519324e-01   2.353484e-01   2.222977e+00   7.721386e-01   2.439179e-02
   2.676637e-01   3.869939e-02   6.933886e-01   1.055705e-01   1.070757e-01   1.077035e-01   1.120407e-01   1.099364e-01   5.518697e+00   0.000000e+00
   8.127436e-03   3.414967e-02   1.191945e-01   3.421917e-02   3.607198e-02   5.623433e-01   1.596888e-01   2.356212e+00   2.285804e+00   4.039033e-01
   1.294906e-01   5.300393e-01   9.498073e-02   1.029919e-01   9.036079e-02   9.345059e-02   1.272018e-01   4.847288e-01   4.769793e+00   1.023704e+00
   8.841661e-02   3.029374e-02   3.153033e-02   3.616269e-02   3.084669e-01   6.512343e-01   2.104399e+00   8.264259e-01   7.636218e-01   4.092155e-01
   1.694797e-03   8.327120e-03   4.175280e-02   1.615368e-01   7.733053e-01   1.610197e-01   3.613255e+00   9.430357e-01   8.391333e-01   2.121076e-03
   1.746008e-02   7.336560e-02   2.314442e-02   8.850780e-02   5.351640e-01   1.150439e-01   1.362622e-01   2.746417e+00   2.556922e+00   0.000000e+00
   8.458651e-02   2.236204e-01   1.062659e-01   1.000781e-01   1.121992e-01   1.429987e-01   8.885395e-01   1.974828e+00   8.315768e-01   4.133931e-02
   2.481060e-02   1.111144e-01   2.327153e-02   5.658970e-01   1.207995e-01   1.195128e-01   1.354255e-01   3.048060e+00   2.404464e+00   0.000000e+00
   9.288728e-02   4.150503e-01   1.009173e-01   5.382654e-01   1.375564e-01   1.401753e-01   2.129610e-01   1.508262e-01   3.863610e+00   7.634582e-01
   1.670121e-02   4.469329e-03   9.890150e-02   5.227623e-01   9.801767e-02   3.149163e+00   2.901300e+00   7.418142e-01   1.453586e+00   4.099670e-03
   6.973890e-02   1.080401e-02   1.016262e-02   8.039364e-02   1.589257e-02   7.543036e-01   1.121644e-01   5.349046e+00   9.747070e-01   0.000000e+00
   1.906368e-02   1.280717e-01   2.174081e-02   5.055643e-02   2.086988e-02   5.510986e-01   1.293205e-01   4.684531e-01   5.045316e+00   1.558464e+00
   1.212748e-01   2.516456e-02   3.159949e-02   5.661891e-01   1.229913e-01   2.810094e+00   2.279053e+00   7.736760e-01   8.334743e-01   9.237561e-03
   1.257358e-01   6.596132e-01   1.186205e-01   2.706060e-01   1.129045e-01   1.138164e-01   1.176060e-01   1.854034e-01   5.102254e+00   0.000000e+00
   6.761565e-01   1.334263e-01   1.317915e-01   1.336198e-01   1.359735e-01   1.974552e-01   1.619663e-01   1.490589e-01   4.101039e+00   1.303913e-03
   3.075717e-01   4.916114e-02   4.952380e-02   4.792748e-02   4.897181e-02   7.198123e-01   1.198773e-01   5.078232e+00   8.098289e-01   2.026712e-01
   4.077790e-02   1.995467e-01   6.424082e-01   1.785610e-01   1.547656e-01   1.459322e-01   1.511656e-01   3.642939e+00   8.203790e-01   8.269515e-01
   7.050710e-02   2.405355e-02   2.051506e-02   6.184722e-01   7.839563e-02   7.848454e-02   4.556569e-01   9.745170e-02   6.269827e+00   0.000000e+00
   3.228376e-02   8.944419e-03   1.209272e-01   3.919653e-02   4.112184e-01   3.798381e-01   1.587556e-01   4.994852e-01   2.808159e+00   9.991741e-02
   1.277768e-01   2.807027e-02   5.701751e-01   1.197056e-01   1.240087e-01   1.248423e-01   4.775525e-01   3.730530e+00   7.800711e-01   1.394201e-02
   7.441782e-02   2.307600e-02   1.982445e-02   3.027126e-01   8.007773e-02   6.048938e-01   1.745312e-01   2.780233e+00   1.274614e+00   2.854450e-01
   2.138092e-02   7.294229e-03   4.225092e-03   3.467589e-03   2.976078e-03   7.188537e-02   6.096179e-02   7.773333e-01   6.269818e+00   5.672071e-04
   7.256778e-01   2.336027e-01   1.118909e-01   1.496504e-01   1.152059e-01   1.164371e-01   1.176846e-01   5.268098e+00   7.970315e-01   2.556665e-02
   6.615502e-01   1.060230e-01   1.174766e-01   1.142455e-01   1.537470e-01   1.223932e-01   1.169444e-01   4.534138e+00   1.827567e+00   0.000000e+00
   2.078594e-02   2.813451e-03   1.133213e-01   7.229736e-01   1.177070e-01   1.003651e-01   5.528227e+00   1.489232e+00   8.609364e-01   8.627158e-03
   4.703433e-02   1.534723e-02   1.775751e-01   4.711568e-01   1.525656e-01   2.015070e-01   1.575711e-01   2.107195e+00   1.862849e+00   3.153864e-01
   1.279034e-01   2.754885e-02   6.742309e-01   1.652166e-01   1.371088e-01   1.396468e-01   1.422427e-01   3.720126e+00   1.547164e+00   7.638357e-03
   1.524528e-01   2.372338e-02   2.656135e-02   7.271294e-01   1.157457e-01   1.293702e-01   4.908260e+00   7.729728e-01   7.822756e-01   2.127011e-02
   1.642790e-02   7.272898e-02   1.683697e-02   8.677265e-02   1.867077e-02   8.809661e-01   5.794043e+00   7.731635e-01   9.533131e-01   5.923339e-04
   2.314280e-02   9.765496e-02   3.070795e-02   3.706362e-02   5.329605e-01   1.137062e-01   1.347655e-01   2.736748e+00   2.561237e+00   4.186028e-01
   1.061535e-01   1.723832e-02   7.690969e-01   1.472300e-01   1.105483e-01   1.115885e-01   1.126739e-01   5.537638e+00   7.981730e-01   1.871976e-02
   6.861142e-01   1.670102e-01   1.090667e-01   1.763464e-01   1.202184e-01   1.122807e-01   5.018336e+00   1.090746e+00   8.855612e-01   4.077711e-05
   1.394491e-01   2.385962e-02   2.521792e-02   7.355737e-01   1.292403e-01   1.301280e-01   1.341732e-01   4.446333e+00   9.128214e-01   5.143077e-01
   2.422557e-02   1.025497e-01   1.702407e-02   6.891308e-01   1.244628e-01   1.281990e-01   4.688933e+00   9.488335e-01   1.781985e+00   2.805309e-02
   5.095878e-02   2.633262e-01   4.879441e-02   7.264217e-02   6.640890e-01   1.437808e-01   1.779646e-01   4.160709e+00   9.668686e-01   4.779292e-01
   9.318993e-03   2.983430e-02   1.299363e-01   6.865443e-01   1.440589e-01   1.607109e-01   1.467034e-01   1.897792e-01   3.957024e+00   6.612824e-01
   4.253387e-03   2.247014e-02   3.908139e-03   3.980661e-03   1.312780e-01   2.753541e-02   5.632138e-01   3.413145e+00   3.134746e+00   2.572836e-02
   6.814165e-02   1.723263e-01   4.435735e-02   5.989517e-01   1.339205e-01   1.498071e-01   3.164092e+00   1.989403e+00   7.800302e-01   4.985587e-03
   1.369380e-01   2.240116e-02   2.370034e-02   7.427565e-01   1.236749e-01   1.253115e-01   1.490510e-01   4.685931e+00   7.798881e-01   5.196989e-01
   2.343217e-01   5.812403e-02   5.970782e-02   6.330658e-02   6.779457e-02   7.012240e-02   9.229429e-01   2.907946e+00   1.053758e+00   3.989082e-03
   1.055293e-02   8.768968e-02   1.614258e-02   1.314683e-02   1.110512e-02   1.717168e-02   1.119423e-02   7.785161e-01   6.510611e+00   5.886702e-04
   6.206376e-02   2.076944e-01   6.437765e-02   7.993581e-02   5.385153e-01   1.857386e-01   1.916323e+00   5.978554e-01   1.729442e+00   4.400448e-02
   7.573521e-03   2.512542e-02   4.923715e-03   1.340704e-01   2.569850e-02   7.413524e-01   1.415552e-01   4.090332e+00   7.813368e-01   4.181227e-02
   2.761821e-03   1.011777e-02   3.671211e-02   1.359038e-01   4.157541e-02   5.291473e-01   1.499217e-01   2.085684e+00   2.003172e+00   7.105815e-04
   3.304334e-02   1.521033e-01   3.323622e-02   7.083635e-01   1.554036e-01   1.585666e-01   1.621150e-01   3.556380e+00   7.772774e-01   2.890689e-01
   1.446685e-01   5.905897e-02   3.922759e-02   3.506948e-02   3.237284e-02   7.018069e-01   1.514173e-01   3.804989e+00   7.510733e-01   1.118029e+00
   1.608506e-02   3.123269e-03   1.113712e-01   7.651329e-01   1.137819e-01   1.150068e-01   5.169347e+00   7.693723e-01   8.656070e-01   4.693096e-01
   4.529304e-02   1.445333e-02   1.057736e-02   1.683771e-01   3.822915e-02   8.004323e-01   3.311798e+00   7.436325e-01   1.115121e+00   1.664428e-01
   3.992626e-02   1.613695e-01   3.949388e-02   6.878426e-01   1.686265e-01   1.731083e-01   1.779018e-01   3.170415e+00   7.750981e-01   3.049041e-01
   2.986840e-01   8.510517e-02   7.046681e-02   1.335675e+00   3.132984e-01   2.728451e+00   6.966797e-01   7.143874e-01   1.366005e+00   3.187578e-01
   8.812227e-03   3.348739e-02   1.611085e-01   5.655470e-01   1.293809e-01   2.806029e+00   6.168801e-01   1.022751e+00   2.024395e+00   1.685790e-03
   1.253990e-01   8.357562e-01   1.937854e-01   1.558085e-01   1.315279e-01   1.320907e-01   1.335353e-01   4.891863e+00   1.862782e+00   4.785864e-01
   2.736450e-02   1.129707e-01   5.050562e-01   2.036290e-01   1.344027e-01   2.541951e+00   2.128675e+00   7.582121e-01   8.112083e-01   5.137314e-02
   1.605726e-03   5.574925e-03   2.148598e-02   2.661047e-02   1.284751e-01   4.855054e-01   1.402626e-01   1.935395e+00   1.670992e+00   1.434520e+00
   1.568900e-01   7.034734e-02   4.192670e-02   4.716616e-02   6.697089e-02   7.703670e-01   2.968853e+00   7.948340e-01   8.400041e-01   1.380035e-03
   1.364348e-02   5.450763e-02   1.686188e-01   5.076217e-01   1.362815e-01   1.471167e-01   2.294726e+00   2.016524e+00   7.776261e-01   2.807921e-02
   4.267788e-01   9.314868e-02   1.148874e-01   5.519788e-01   1.556618e-01   1.466866e-01   1.496185e-01   3.779787e+00   9.073183e-01   2.777351e-02
   1.230034e-01   4.731207e-02   6.139783e-01   2.724764e-01   1.411212e-01   1.440889e-01   1.476874e-01   1.587565e-01   3.617796e+00   1.130735e+00
   1.996173e-04   7.139977e-04   4.371092e-03   2.512667e-02   1.504330e-01   8.996068e-01   1.547606e-01   1.569708e-01   4.491458e+00   8.935938e-01
   5.536481e-02   2.045390e-01   5.772820e-02   6.937283e-01   2.169503e-01   1.940040e+00   5.639209e-01   6.608185e-01   1.931908e+00   1.159959e-02
   1.804776e-01   5.245638e-01   1.888646e-01   1.482292e-01   1.465947e-01   1.414033e-01   4.237436e-01   1.753725e-01   3.421787e+00   1.359091e-01
   2.518920e-01   6.266452e-01   1.253510e-01   1.700615e-01   1.441203e-01   1.340393e-01   1.417087e-01   4.030434e+00   8.291884e-01   9.083166e-01
   7.631131e-02   2.037635e-01   5.876922e-02   6.529012e-02   7.418661e-01   2.542938e+00   7.486123e-01   7.551683e-01   8.130832e-01   1.384728e-03
   2.554869e-02   1.095664e-01   5.509479e-01   1.148274e-01   1.172205e-01   1.235743e-01   2.884552e+00   2.426377e+00   7.970681e-01   2.717409e-02
   9.128286e-03   2.911529e-02   1.457048e-01   7.162533e-01   1.520467e-01   2.537695e-01   3.295479e+00   9.363730e-01   1.524617e+00   7.263765e-02
   5.431875e-02   2.343584e-01   4.862485e-02   6.399102e-01   1.384553e-01   1.480222e-01   1.443828e-01   1.543394e-01   3.689287e+00   1.165376e+00
   1.777541e-02   8.374896e-02   4.768234e-01   5.410519e-01   1.304630e-01   1.324855e-01   1.352198e-01   1.386575e-01   4.310051e+00   6.063029e-01
   2.492340e-02   1.112486e-01   4.912702e-01   1.184229e-01   1.154237e-01   1.341412e-01   1.235785e-01   2.518810e+00   2.484682e+00   4.392953e-02
   3.357686e-02   7.056718e-03   5.359656e-03   5.003348e-02   2.014742e-01   4.514434e-02   7.421599e-01   4.275249e+00   2.662749e+00   1.813774e-02
   1.096545e-01   2.654941e-02   2.278466e-02   5.593264e-01   1.153211e-01   4.711095e-01   1.534240e-01   1.544433e-01   3.863446e+00   8.262217e-04
   3.384669e-02   6.973934e-03   1.575312e-01   8.360874e-01   1.641937e-01   1.798135e-01   3.711711e+00   7.519531e-01   1.368488e+00   1.267247e-04
   3.968284e-02   5.190019e-03   5.290943e-03   5.252760e-03   5.298589e-03   1.127012e-01   1.560712e-02   7.733669e-01   6.015810e+00   2.033874e-01
   1.683989e-01   3.462212e-02   3.549432e-02   3.378996e-02   7.041081e-01   1.796079e-01   1.548474e-01   1.489487e-01   3.984596e+00   7.587398e-01
   1.151012e-01   2.064903e-02   5.721368e-01   1.021643e-01   1.041986e-01   1.053058e-01   3.426033e+00   2.792509e+00   8.090138e-01   0.000000e+00
   6.229877e-02   2.058097e-02   1.768208e-02   2.521367e-01   7.336778e-01   2.549887e+00   7.489702e-01   7.553491e-01   8.132439e-01   1.387655e-03
   1.819569e-02   6.098240e-02   1.668825e-01   5.562840e-02   5.524129e-02   6.208574e-02   6.935594e-01   2.450157e+00   9.805234e-01   4.156053e-02
   1.323860e-01   2.767767e-02   2.828901e-02   6.522139e-01   1.422796e-01   1.425222e-01   2.653424e+00   2.259735e+00   1.374712e+00   9.170216e-03
   1.494462e-01   2.269063e-02   2.295068e-02   2.676741e-02   2.375900e-02   2.699516e-02   7.569710e-01   5.094844e+00   7.824227e-01   2.179137e-02
   1.286279e-01   3.902504e-01   1.351033e-01   1.397661e-01   1.411714e-01   1.849085e-01   1.466869e-01   4.511464e-01   2.418169e+00   1.244900e+00
   4.536568e-02   1.079594e-02   2.052423e-01   5.257639e-02   8.073719e-01   2.355375e-01   3.179383e+00   7.604722e-01   7.702703e-01   5.689844e-01
   6.024401e-03   2.827470e-02   1.514458e-01   3.744937e-02   3.545116e-02   7.209373e-01   1.415862e-01   3.941977e+00   1.013303e+00   4.538643e-01
   1.882816e-02   5.814393e-02   1.660294e-01   4.792332e-02   4.611214e-02   7.591565e-01   2.928082e+00   7.545788e-01   7.776140e-01   1.893415e-02
   5.062571e-02   2.042383e-01   7.147852e-02   6.270113e-01   1.671189e-01   1.700177e-01   2.755058e+00   1.323953e+00   7.777628e-01   2.842607e-02
   1.022288e-01   1.696170e-02   2.436377e-02   2.064847e-02   7.513314e-01   1.328646e-01   5.610286e+00   7.819396e-01   8.476163e-01   1.101259e-03
   1.077304e-01   2.325969e-02   5.422913e-01   1.441454e-01   1.165688e-01   1.171761e-01   4.548118e-01   3.627816e+00   1.365037e+00   3.544906e-01
   3.658005e-02   1.686998e-02   1.611902e-02   1.135336e-01   5.907424e-02   1.246253e-01   1.526766e-01   6.357363e-01   1.806839e+00   1.022607e+00
   1.069388e-02   4.692558e-02   1.483869e-02   1.221537e-02   1.321555e-02   2.797661e-01   1.266436e+00   3.850819e+00   8.349897e-01   2.783677e-01
   2.597797e-04   1.163657e-03   3.779189e-03   1.775100e-02   8.147112e-02   3.739250e-01   1.716190e+00   1.573499e+00   2.686622e+00   2.026976e-02
   1.238448e-01   6.914799e-01   1.258154e-01   1.590863e-01   1.431768e-01   1.334428e-01   4.216056e+00   7.671729e-01   8.351325e-01   7.783541e-02
   8.901688e-02   2.060501e-02   6.471097e-01   1.282316e-01   1.169274e-01   9.532443e-02   1.065173e-01   4.902411e+00   2.633307e+00   5.188140e-02
   6.465900e-02   2.463630e-02   1.847264e-01   7.388825e-02   5.491652e-01   2.469978e-01   2.454756e-01   3.085751e-01   2.002172e+00   4.808504e-01
   1.033148e-01   2.727228e-02   2.827673e-02   3.571241e-01   9.898834e-02   7.132138e-01   2.420824e+00   6.769729e-01   1.437060e+00   4.955385e-01
   3.209898e-01   7.022960e-02   5.509716e-01   2.772059e-01   1.891336e-01   1.413391e-01   1.463061e-01   2.055467e-01   3.993374e+00   1.995819e-01
   2.702871e-02   1.475638e-01   2.813619e-02   4.397570e-02   9.217875e-01   4.295325e+00   8.084372e-01   7.702240e-01   7.815760e-01   2.940398e-02
   1.596900e-01   7.243501e-01   9.554007e-02   1.132399e-01   1.025665e-01   1.013185e-01   1.029315e-01   9.986259e-02   6.093184e+00   2.366234e-02
   6.298321e-01   1.575913e-01   1.904299e-01   1.613989e-01   1.581296e-01   1.515550e-01   2.131289e-01   1.627121e-01   3.654805e+00   3.368896e-01
   5.464286e-02   2.337126e-01   7.907193e-02   5.939753e-02   6.069349e-02   9.753283e-01   2.364639e-01   2.870147e-01   3.245425e+00   0.000000e+00
   1.070884e-02   3.492188e-02   1.091768e-02   1.508462e-01   5.680936e-01   2.448008e+00   1.942920e+00   7.648392e-01   8.257965e-01   8.118352e-03
   3.550644e-02   7.604767e-03   8.871087e-03   4.010836e-02   1.768849e-01   4.204394e-02   4.067270e-02   9.067444e-01   3.603846e+00   9.317751e-02
   3.176607e-02   1.123049e-01   2.987297e-02   3.532016e-02   3.843640e-02   5.023202e-01   1.328399e-01   4.450753e-01   2.722759e+00   1.390261e+00
   1.293820e-01   3.421825e-02   2.111765e-02   2.605409e-02   2.101503e-02   8.785233e-01   4.826319e+00   7.467203e-01   1.621264e+00   9.696078e-02
   9.649504e-02   4.174471e-01   1.023394e-01   5.419612e-01   1.701359e-01   1.444409e-01   2.182842e-01   1.552264e-01   3.885683e+00   2.659512e-02
   1.038516e-02   5.807230e-02   2.012070e-01   4.917866e-01   9.904209e-02   1.110131e-01   9.852060e-02   3.174666e+00   3.095468e+00   5.480691e-02
   2.060370e-01   8.023091e-01   1.825305e-01   1.591123e-01   1.461837e-01   1.451253e-01   1.514365e-01   1.509086e-01   4.692143e+00   1.841151e-02
   8.038716e-02   5.522997e-01   8.026083e-02   4.930542e-01   1.080959e-01   1.088304e-01   1.099499e-01   5.365286e+00   7.795149e-01   4.979460e-01
   1.282465e-02   5.893962e-02   2.772133e-01   6.380213e-01   1.636801e-01   1.560511e-01   2.031333e-01   3.499951e+00   7.793725e-01   3.255890e-02
   4.188797e-02   5.457142e-03   1.637119e-01   8.884633e-01   1.190827e-01   1.341387e-01   5.875027e+00   7.747638e-01   8.324041e-01   3.080844e-01
   9.941975e-02   1.599066e-02   1.668994e-02   1.715707e-02   1.850723e-02   2.240876e-01   1.146988e+00   4.635601e+00   1.278504e+00   6.931844e-03
   1.650777e-01   5.529610e-02   5.738956e-02   6.584697e-02   6.218922e-01   2.088272e-01   2.184103e+00   8.325745e-01   7.683065e-01   4.188700e-01
   1.843541e-01   5.823313e-02   4.242624e-02   2.366285e-01   1.206428e+00   2.660915e-01   3.294479e+00   8.001517e-01   8.935841e-01   6.925804e-02
   1.150594e-02   4.273349e-02   1.527650e-01   4.336460e-01   1.257543e-01   1.358304e-01   1.849201e+00   1.641572e+00   1.601448e+00   2.619559e-02
   4.739908e-02   1.229236e-02   1.611566e-02   1.905005e-01   5.276112e-02   5.867370e-02   5.533306e-02   8.554321e-01   2.986253e+00   2.623491e-01
   1.278204e-01   3.186091e-02   1.987886e-02   3.478064e-02   8.359983e-01   5.277592e+00   9.915452e-01   7.734773e-01   8.544797e-01   0.000000e+00
   1.968054e-02   1.340176e-01   2.086799e-02   1.844755e-02   1.014522e+00   5.620590e+00   7.712395e-01   7.794732e-01   7.830272e-01   5.113467e-02
   4.449030e-02   1.875001e-02   1.940316e-01   5.233162e-02   6.708384e-01   1.834089e-01   1.917054e-01   3.015956e+00   8.444168e-01   1.679256e-02
   7.041944e-02   2.303218e-01   5.182403e-02   7.743486e-02   5.275658e-02   7.371918e-01   3.661339e+00   7.631114e-01   8.111680e-01   7.971111e-04
   5.667638e-02   1.231491e-02   1.655347e-02   3.133730e-01   6.222430e-02   6.349351e-02   1.354399e+00   3.728917e+00   1.101041e+00   0.000000e+00
   2.997635e-02   1.209962e-01   4.100290e-01   5.211360e-01   2.219061e-01   1.583973e-01   2.203056e-01   1.713404e-01   3.493553e+00   9.228285e-03
   8.463443e-02   2.196529e-02   2.258122e-02   3.410108e-01   1.361480e-01   3.416323e-01   4.035414e-01   2.524571e+00   8.589286e-01   1.476228e+00
   6.903253e-01   2.240145e-01   1.088739e-01   1.452577e-01   1.122309e-01   5.042842e+00   7.649570e-01   7.735164e-01   7.965256e-01   2.502195e-02
   4.664780e-03   2.547425e-02   4.821399e-03   7.588533e-03   1.591329e-01   7.416767e-01   1.307628e-01   1.326890e-01   4.536901e+00   2.941226e-02
   2.528698e-01   6.335454e-01   2.077865e-01   1.781857e-01   1.302829e-01   1.285846e-01   1.362391e-01   4.467970e+00   8.028422e-01   0.000000e+00
   1.318132e-01   5.892988e-01   1.338502e-01   1.755081e-01   1.612929e-01   1.591958e-01   2.729476e+00   6.235870e-01   2.160038e+00   5.824534e-02
   1.640719e-03   9.550099e-03   3.398609e-02   8.624629e-02   5.615786e-01   3.524887e+00   5.766370e-01   3.198636e+00   8.649217e-01   1.761971e-02
   2.075538e-02   4.990756e-02   2.166218e-02   6.693463e-02   1.520332e-01   4.392191e-01   1.930509e-01   1.275158e+00   1.193353e+00   9.666135e-01
   5.750852e-01   8.394292e-02   8.911937e-02   8.800051e-02   8.677995e-02   5.016041e-01   1.316007e-01   5.250343e+00   8.044251e-01   7.204732e-01
   1.904683e-02   5.029604e-03   5.014706e-03   7.650741e-02   2.024850e-02   1.512296e-01   6.752602e-01   2.737282e+00   1.255175e+00   6.118281e-01
   4.375337e-03   2.231475e-02   4.309507e-03   4.906573e-03   1.163747e-01   6.437118e-01   3.207467e+00   7.485691e-01   3.070449e+00   6.037008e-05
   1.045576e-01   2.573929e-02   2.894521e-02   5.328831e-01   1.065187e-01   1.308480e-01   4.625175e-01   1.482916e-01   3.747392e+00   1.385605e+00
   5.429872e-02   2.120353e-01   5.885824e-02   7.154611e-02   5.765364e-01   1.597476e-01   2.267218e+00   6.035470e-01   1.973276e+00   4.592213e-02
   7.255657e-02   2.761697e-02   2.038137e-01   8.160624e-02   6.077285e-01   2.644894e-01   2.700440e-01   2.851923e-01   1.983019e+00   4.813239e-01
   1.985343e-01   6.238519e-01   1.534541e-01   1.449927e-01   1.364566e-01   1.390544e-01   2.301148e-01   1.507358e-01   3.861511e+00   7.750181e-01
   2.491967e-03   1.034994e-02   3.983454e-02   1.319620e-01   5.742123e-01   2.453042e+00   6.151915e-01   9.613034e-01   1.838701e+00   1.510541e-03
   2.150901e-02   1.200464e-01   6.806737e-01   1.667484e-01   1.402406e-01   1.311350e-01   1.343489e-01   4.179984e+00   8.322439e-01   9.481380e-01
   6.874000e-01   1.196778e-01   1.168419e-01   1.583035e-01   1.157934e-01   1.172629e-01   1.261260e-01   4.721045e+00   8.459378e-01   1.008192e+00
   1.154715e-01   6.991132e-01   1.696281e-01   1.241132e-01   1.707200e-01   1.088297e-01   1.130160e-01   5.399218e+00   7.825492e-01   1.226305e-01
   3.490268e-02   1.894345e-01   3.670578e-02   4.666427e-01   1.020759e-01   1.149083e+00   3.097369e-01   4.035654e+00   7.810290e-01   3.828551e-02
   1.207145e-01   2.489955e-02   3.045189e-02   5.653787e-01   1.332592e-01   2.831579e+00   2.294842e+00   7.747350e-01   8.184137e-01   9.291217e-03
   2.683798e-02   1.421089e-01   3.509742e-02   2.593394e-02   2.519712e-02   2.791262e-02   7.554413e-01   1.280008e-01   4.711389e+00   0.000000e+00
   1.756420e-02   5.253972e-02   1.596540e-01   4.767357e-02   4.619390e-02   6.969268e-01   2.586270e+00   1.298251e+00   7.768931e-01   2.738340e-02
   2.958073e-02   1.324236e-01   1.813514e-02   1.806973e-02   2.066833e-02   1.842952e-02   1.066914e+00   1.420522e-01   5.880467e+00   2.359106e-01
   3.156842e-02   7.699621e-03   7.223291e-03   1.497410e-01   5.985845e-01   1.543942e-01   2.865188e+00   7.063632e-01   1.943738e+00   1.123435e-04
   1.794755e-01   5.324909e-01   1.871197e-01   1.448577e-01   1.427017e-01   1.369502e-01   4.231383e-01   1.692199e-01   3.559124e+00   1.411031e-01
   1.572464e-02   5.444151e-03   7.922165e-02   6.150951e-01   8.216638e-02   8.236144e-02   4.564548e-01   1.025163e-01   5.950361e+00   2.941654e-02
   1.721107e-02   1.257697e-01   2.043048e-02   1.549739e-02   1.059184e+00   6.317217e+00   7.722100e-01   7.817938e-01   7.834863e-01   5.703645e-02
   3.321581e-02   1.377307e-02   1.506606e-01   3.753472e-02   3.672562e-02   4.253762e-02   3.943137e-02   7.530651e-01   3.223843e+00   1.017563e+00
   1.140211e-01   5.284820e-01   9.402855e-02   1.119535e-01   9.232136e-02   9.356726e-02   4.653559e-01   4.330448e+00   1.951986e+00   2.648316e-02
   5.703479e-03   2.923938e-02   1.764447e-01   6.919264e-01   4.215891e+00   7.273363e-01   7.323231e-01   1.236409e+00   1.081853e+00   2.258268e-02
   2.878993e-02   8.405575e-02   2.149588e-01   7.496149e-02   7.618507e-02   7.980140e-02   7.923757e-01   2.607831e-01   2.446527e+00   3.348227e-02
   6.694260e-01   1.352884e-01   1.277274e-01   1.293848e-01   1.315619e-01   1.924890e-01   1.569422e-01   1.439240e-01   4.158607e+00   5.658848e-01
   5.262446e-03   1.510686e-03   2.486097e-02   1.145228e-01   5.573061e-01   1.359302e-01   4.169120e-01   3.412559e+00   1.431683e+00   3.427805e-01
   1.448971e-02   9.976614e-02   1.447633e-02   6.614536e-02   1.748775e-02   7.512173e-01   1.305610e-01   5.375960e+00   7.891523e-01   4.990202e-01
   5.281451e-02   1.077524e-01   1.473621e-01   3.950102e-01   2.656715e-01   2.385727e-01   1.181397e+00   6.095954e-01   1.078597e+00   1.618079e-02
   1.011419e-01   4.255529e-01   1.109110e-01   5.514311e-01   1.554336e-01   1.466203e-01   1.530879e-01   3.777604e+00   9.072200e-01   2.725365e-02
   7.671306e-19   2.684607e-18   1.041611e-17   3.801461e-17   1.339174e-17   1.321301e-16   3.716533e-17   4.218118e-17   1.065843e-16   2.998899e+00
   1.795833e-02   6.863746e-02   2.743439e-01   6.346526e-01   1.618319e-01   1.728090e-01   1.709630e-01   1.755361e-01   3.324479e+00   3.686498e-01
   4.716218e-02   1.900143e-01   4.481367e-02   4.000178e-02   4.108783e-02   5.852378e-02   4.333106e-02   8.914095e-01   3.885095e+00   1.493166e-01
   5.861786e-02   1.075640e-02   1.036825e-02   9.627029e-03   2.505517e-01   1.660260e+00   4.595001e+00   1.179133e+00   8.005254e-01   6.914964e-03
   2.569374e-02   4.549451e-03   1.263951e-01   6.967670e-01   1.215570e-01   4.191248e+00   8.288589e-01   7.431984e-01   1.431727e+00   4.079988e-04
   4.515010e-01   7.228301e-02   8.223077e-02   7.437781e-02   7.532494e-02   1.172289e+00   2.999132e-01   4.705039e+00   8.054200e-01   0.000000e+00
   7.482039e-02   5.200567e-01   7.467252e-02   4.848239e-01   1.025126e-01   1.031923e-01   1.048933e-01   5.212720e+00   7.482869e-01   1.633504e+00
   7.012519e-02   1.959295e-02   1.612299e-02   3.199902e-01   7.317729e-02   6.567052e-01   1.710786e-01   3.420944e+00   7.785075e-01   3.263581e-01
   9.511877e-02   1.824900e-01   8.747401e-02   1.025285e-01   1.046503e-01   1.363798e-01   7.060360e-01   1.614931e+00   7.599632e-01   2.107648e-01
   6.911903e-03   3.447324e-02   7.258845e-03   1.505237e-01   7.327573e-01   1.458593e-01   4.210097e+00   7.705455e-01   7.810729e-01   9.879781e-02
   3.250390e-02   1.675717e-01   6.923352e-01   1.205866e-01   1.182502e-01   1.251045e-01   1.968672e-01   1.439992e-01   4.782128e+00   3.376831e-02
   9.339662e-03   4.137931e-02   1.899491e-01   6.733737e-01   3.484734e+00   9.643429e-01   7.383922e-01   7.907070e-01   1.009955e+00   3.439597e-02
   3.074904e-03   1.156752e-02   5.091187e-02   2.224610e-01   6.494737e-01   1.618657e-01   2.922572e+00   9.684234e-01   1.260973e+00   1.023970e-04
   1.844808e-01   4.415576e-02   4.404055e-02   4.963945e-02   7.899100e-01   3.021034e+00   7.639196e-01   7.587855e-01   7.691798e-01   5.576092e-01
   9.864880e-04   5.803610e-03   2.033688e-02   3.214442e-03   1.340451e-01   2.546003e-02   7.607392e-01   5.155348e+00   8.115884e-01   2.906386e-02
   1.644367e-02   8.298903e-02   1.728792e-02   5.469172e-01   9.164976e-02   9.650944e-02   4.543642e-01   1.566207e-01   4.719608e+00   1.524944e+00
   4.986484e-02   2.576678e-01   5.468373e-02   8.179235e-02   1.448322e+00   3.571536e+00   7.911038e-01   7.633256e-01   8.596938e-01   2.731124e-02
   1.486753e-02   4.713473e-02   2.068398e-02   1.315280e-01   4.448600e-01   1.536524e-01   1.559530e+00   1.413583e+00   1.393718e+00   2.254936e-02
   3.399931e-03   2.188583e-02   1.198697e-01   7.339739e-01   4.789410e+00   7.529519e-01   7.782616e-01   7.715152e-01   8.430023e-01   0.000000e+00
   5.019684e-01   2.271865e-01   1.374224e-01   1.578279e-01   1.487109e-01   5.046909e-01   2.893301e+00   7.920458e-01   8.376553e-01   2.384892e-02
   6.004155e-02   1.925335e-01   4.387152e-02   6.753083e-01   1.559630e-01   1.683259e-01   3.413235e+00   7.598529e-01   8.161741e-01   1.091948e-04
   4.784829e-02   1.586303e-01   3.082612e-02   3.491785e-02   7.252923e-01   1.386861e-01   1.507324e-01   4.113723e+00   8.429103e-01   1.985906e-03
   7.559946e-02   2.262474e-02   1.912249e-02   3.201223e-01   8.044238e-02   6.481201e-01   1.773456e-01   1.824803e-01   3.197449e+00   2.991467e-01
   1.713282e-02   6.792876e-03   6.317202e-02   2.992064e-02   1.736934e-01   6.827282e-01   1.586710e-01   1.687165e-01   3.369711e+00   1.056419e+00
   3.458361e-02   6.801455e-03   2.016134e-01   4.600268e-02   7.445390e-01   1.352282e-01   1.414252e-01   4.392652e+00   8.132707e-01   8.459242e-03
   3.396622e-03   1.811927e-02   9.901877e-02   5.286947e-01   1.136315e-01   1.169085e-01   1.046975e-01   3.072461e+00   2.904540e+00   5.231626e-02
   1.776899e-02   4.931681e-03   2.556749e-03   8.948681e-02   1.102299e-02   1.119810e-02   7.690325e-01   9.601630e-02   6.472194e+00   5.703168e-01
   2.776872e-02   1.502538e-01   2.823897e-02   7.912735e-01   1.490959e-01   1.515866e-01   1.541234e-01   4.127178e+00   7.786890e-01   3.327589e-01
   5.015894e-03   2.022960e-02   4.515413e-03   1.118614e-01   6.098122e-01   4.243810e-01   1.403579e-01   1.427842e-01   4.165339e+00   3.793293e-01
   1.263093e-01   6.625260e-01   1.244227e-01   1.821629e-01   1.286378e-01   1.432543e-01   1.803337e-01   4.176287e+00   9.677852e-01   4.796004e-01
   4.345089e-02   2.341323e-01   6.215864e-02   4.129317e-02   4.868144e-02   5.156936e-02   1.088542e+00   4.440357e+00   1.351696e+00   8.791298e-02
   8.935605e-02   3.545054e-01   1.253008e-01   4.794295e-01   1.489079e-01   1.435746e-01   4.313245e-01   1.780143e-01   3.429979e+00   1.260078e-01
   2.490027e-02   1.143311e-01   7.077694e-01   1.721551e-01   1.219665e-01   1.236221e-01   1.410940e-01   4.663158e+00   7.997897e-01   0.000000e+00
   1.313671e-01   6.730423e-01   1.312414e-01   1.579427e-01   1.647856e-01   1.643122e-01   1.463853e-01   1.467562e-01   4.079328e+00   3.538955e-03
   3.651957e-03   1.563472e-02   2.268170e-03   1.837418e-02   1.153655e-01   8.286760e-01   5.398188e+00   7.717154e-01   9.393831e-01   5.535045e-04
   6.090636e-02   2.525189e-02   1.774760e-01   5.033484e-01   1.977269e-01   2.100081e-01   2.928506e-01   1.846272e+00   1.044007e+00   2.024379e-01
   1.238148e-01   2.223047e-02   7.167564e-01   1.274204e-01   1.299602e-01   1.313452e-01   4.266168e+00   9.136058e-01   9.563305e-01   1.647505e-02
   3.902839e-03   1.348271e-02   2.878655e-03   7.637651e-02   4.430022e-01   3.500197e-01   4.955983e-01   1.324838e-01   4.371333e+00   8.720639e-01
   7.925755e-02   2.026357e-01   5.876922e-02   6.529012e-02   7.418661e-01   2.542938e+00   7.486123e-01   7.551683e-01   8.130832e-01   1.384728e-03
   2.212871e-01   7.762133e-02   8.450463e-02   1.053171e-01   8.326622e-02   8.828758e-02   8.304559e-01   3.175383e-01   2.458444e+00   0.000000e+00
   3.805123e-02   2.089472e-01   5.268610e-02   7.357535e-01   1.425760e-01   1.421787e-01   4.144703e+00   7.684996e-01   7.813118e-01   2.524916e-02
   9.607195e-03   4.327188e-02   1.817550e-01   5.747799e-01   1.518734e-01   1.547993e-01   2.892550e+00   8.045388e-01   1.869895e+00   3.151873e-02
   6.335413e-04   3.716551e-03   2.358977e-02   8.972543e-03   1.648673e-01   6.470746e-01   5.053504e-01   1.458880e-01   5.059066e+00   0.000000e+00
   1.477549e-01   6.540501e-01   2.059589e-01   2.064066e-01   1.465476e-01   1.507383e-01   3.741858e+00   7.647450e-01   7.892633e-01   3.254219e-03
   2.111714e-01   4.011097e-02   2.885138e-02   3.768483e-02   7.741839e-01   1.564977e-01   1.600375e-01   4.993263e+00   3.048005e+00   3.543596e-04
   4.940008e-02   6.992243e-03   1.364936e-01   7.360205e-01   1.045504e-01   1.170997e-01   5.554951e+00   7.737404e-01   8.256766e-01   2.910855e-01
   4.621465e-03   1.449928e-02   3.182995e-03   7.303032e-02   1.562986e-02   1.461181e-01   3.447649e-02   7.881643e-01   3.644690e+00   7.591086e-01
   9.791533e-02   3.035049e-02   1.351416e-02   7.843248e-01   1.419722e-01   1.059590e-01   1.068758e-01   5.881747e+00   7.995747e-01   2.842522e-02
   4.238611e-02   1.069114e-01   4.656048e-01   1.388731e-01   1.233299e-01   1.443619e-01   1.319469e-01   2.227628e+00   2.206404e+00   6.211500e-01
   2.132882e-04   1.053268e-03   2.399886e-04   4.859304e-03   2.460478e-02   1.239705e-01   6.246221e-01   2.507584e+00   2.959324e+00   2.228286e-02
   9.839052e-02   2.757021e-01   9.429916e-02   9.806425e-01   3.223160e-01   1.783757e+00   6.534926e-01   8.562651e-01   1.084825e+00   0.000000e+00
   3.642397e-02   1.737238e-01   8.952586e-01   2.539175e-01   1.879649e-01   3.051848e-01   2.484679e-01   3.795310e+00   7.803817e-01   2.154954e-02
   2.570873e-02   1.026524e-02   6.643272e-03   1.565093e-01   2.934790e-02   7.088658e-01   1.440872e-01   4.075018e+00   7.533902e-01   1.153666e+00
   1.251369e-01   6.243920e-01   1.275922e-01   1.307539e-01   1.356505e-01   2.121713e-01   3.537318e+00   7.228307e-01   1.394657e+00   5.410129e-01
   7.711511e-01   1.542539e-01   1.924332e-01   1.641617e-01   1.529356e-01   1.523940e-01   1.548808e-01   2.297939e-01   4.283862e+00   1.741704e-02
   2.702854e-02   4.155290e-03   1.551728e-01   2.422344e-02   7.309829e-01   1.414599e-01   1.281143e-01   1.331205e-01   4.997281e+00   9.604493e-01
   1.003347e-01   7.156975e-01   1.028048e-01   1.743252e-01   1.052135e-01   1.200076e-01   1.079822e-01   1.086262e-01   5.581075e+00   1.894872e-01
   1.202387e-01   3.975753e-02   6.673942e-01   2.658888e-01   1.320463e-01   1.341794e-01   1.363596e-01   1.385751e-01   4.298813e+00   3.929835e-01
   3.760005e-17   1.088041e-17   1.060070e-17   1.091355e-17   1.444825e-17   1.313736e-16   3.733695e-17   4.236797e-17   1.051545e-16   2.988124e+00
   1.984783e-02   6.623146e-03   4.792580e-03   8.933922e-02   2.116212e-02   1.807281e-01   4.793207e-02   9.137659e-01   3.325944e+00   4.754189e-01
   8.071472e-02   1.886040e-02   5.007066e-01   5.231548e-01   1.394219e-01   1.418682e-01   1.250755e-01   4.626072e+00   7.767479e-01   5.732420e-01
   5.867120e-02   9.424471e-03   8.624696e-02   7.414971e-01   1.057791e-01   1.073613e-01   1.280641e-01   1.135689e-01   5.542078e+00   2.340011e-02
   4.953032e-02   2.008030e-01   5.028113e-02   5.174571e-02   6.517357e-02   5.753067e-01   1.521418e-01   2.611586e+00   1.901216e+00   6.447717e-02
   3.750839e-03   1.636520e-02   8.385804e-02   4.271547e-01   1.149293e+00   2.460797e-01   2.742520e+00   2.461044e+00   8.053349e-01   6.001335e-03
   4.806740e-02   1.018038e-01   4.651180e-02   5.331427e-02   3.042051e-01   5.930270e-01   1.614516e+00   7.769221e-01   7.861929e-01   7.317404e-04
   1.492140e-01   2.509052e-02   2.574387e-02   2.601150e-02   2.617640e-02   7.432248e-01   1.278242e-01   1.297852e-01   4.646623e+00   1.572060e-01
   5.637099e-02   1.912250e-01   7.000010e-01   2.180806e-01   1.985212e-01   2.149055e-01   2.718883e+00   7.484981e-01   9.088496e-01   5.420967e-02
   3.376017e-01   5.934519e-02   6.259069e-02   4.310519e-01   1.224511e-01   9.978226e-02   4.563116e-01   4.046861e+00   1.858535e+00   3.153931e-02
   1.956947e-02   9.981292e-02   4.655700e-01   1.392272e-01   1.054064e-01   9.963257e-02   2.640411e+00   2.217762e+00   2.079926e+00   3.559720e-02
