   2.932174e-01   1.783310e+00   6.060215e-01   7.602435e+00   9.646967e-01   5.901093e-01
   1.020042e+00   3.610370e+00   1.238015e+00   4.597635e-01   3.730445e+00   7.002697e-01
   9.520559e-01   3.321957e+00   1.146695e+00   3.327800e+00   3.678170e+00   8.450154e-01
   2.730601e-01   3.363661e-01   5.195720e-01   7.825113e+00   3.433631e+00   6.167048e-01
   9.508760e-01   1.848748e+00   8.359407e-01   4.626190e-01   8.671738e+00   7.115097e-01
   2.472760e-01   2.472129e-01   2.520146e-01   3.982351e-01   3.869379e+00   1.142905e+01
   8.693232e-01   1.580257e+00   9.511353e-01   3.017137e+00   5.343600e-01   1.003900e+01
   2.879984e-01   1.426669e+00   5.550257e+00   6.368063e-01   3.900528e+00   6.633979e-01
   4.434237e-01   3.622906e-01   2.124379e+00   2.880992e+00   9.100879e+00   6.082565e-01
   2.714314e-01   1.702227e+00   5.603428e-01   7.203993e+00   8.299929e-01   4.005809e+00
   8.414049e-01   3.558006e-01   5.554542e+00   5.916445e-01   3.856449e+00   7.738718e-01
   2.895437e-01   1.848518e+00   6.845509e-01   3.222205e+00   8.584912e+00   5.667689e-01
   3.151026e-01   2.491138e+00   2.666051e+00   4.745421e-01   6.799309e+00   3.993278e+00
   3.081714e-01   2.394035e+00   7.334564e-01   5.303558e-01   8.642699e+00   5.861348e-01
   1.073134e+00   3.843502e+00   1.300366e+00   5.030223e-01   8.762138e-01   6.665243e-01
   1.030361e+00   3.409496e+00   1.220530e+00   2.984439e+00   7.223138e-01   4.034313e+00
   1.788322e+00   2.339980e+00   1.130994e+00   4.881922e-01   5.435754e-01   4.280781e+00
   2.917366e-01   1.698500e+00   5.356375e+00   3.287679e+00   5.536781e-01   6.852768e-01
   3.101538e-01   2.406663e+00   3.163662e+00   4.148358e-01   7.131965e+00   5.918121e-01
   2.781582e-01   8.474517e-01   2.350553e+00   3.511840e-01   3.828540e-01   1.137333e+01
   9.656968e-01   3.133903e-01   5.271585e+00   4.811218e-01   5.581006e-01   5.342425e+00
   4.831695e-01   6.034356e-01   2.798657e+00   7.372618e+00   5.363965e-01   6.197068e-01
   8.300710e-01   2.980161e-01   5.448226e+00   3.412365e+00   5.571528e-01   1.560176e+00
   1.608379e+00   3.697078e-01   4.726158e+00   5.949567e-01   5.618242e-01   7.591776e-01
   2.925713e-01   1.492028e+00   5.950162e+00   6.871986e-01   5.258000e-01   8.062568e-01
   1.060378e+00   3.540186e+00   1.228680e+00   3.219506e+00   6.150402e-01   6.821182e-01
   1.069959e+00   3.536861e+00   1.140177e+00   4.870268e-01   5.560784e-01   4.352719e+00
   3.013700e-01   2.845518e+00   8.144608e-01   5.660943e+00   8.309246e-01   4.006366e+00
   1.317669e+00   3.398734e-01   3.108977e+00   5.141745e-01   7.328319e+00   5.970183e-01
   3.612984e-01   4.136494e+00   1.626450e+00   7.655589e-01   5.614068e-01   6.896058e-01
   1.018095e+00   2.955134e-01   6.017369e-01   7.588782e+00   1.021556e+00   6.570676e-01
   9.678489e-01   3.433312e-01   6.230471e-01   7.052506e+00   4.075156e+00   1.170602e+00
   8.663942e-01   4.428946e-01   5.905430e+00   1.085255e+00   5.453347e-01   7.335784e-01
   7.959370e-01   2.780523e-01   5.176748e+00   3.205433e+00   3.551153e+00   8.577207e-01
   3.038700e-01   2.772140e+00   3.639271e+00   4.209076e-01   3.804189e+00   4.856435e+00
   3.333572e-01   3.252115e+00   4.205135e+00   5.332106e-01   5.514460e-01   7.049334e-01
   3.487948e-01   2.643438e-01   4.174882e-01   8.239455e+00   6.058329e-01   6.103409e-01
   2.327093e-01   2.328676e-01   2.327118e-01   2.543830e-01   7.551429e-01   1.221605e+01
   2.690031e-01   1.387594e+00   5.554647e+00   9.671176e-01   5.021063e-01   4.454413e+00
   1.521684e+00   3.713492e-01   4.156486e+00   4.786388e-01   5.558871e-01   5.335374e+00
   8.232942e-01   2.901727e-01   5.180384e+00   4.653842e-01   3.663134e+00   4.619455e+00
   1.279265e+00   1.635502e+00   1.200081e+00   5.774157e+00   5.760126e-01   4.298289e+00
   1.867386e+00   3.785167e-01   1.474378e+00   2.882703e+00   4.713298e+00   7.653385e-01
   1.846446e+00   2.041570e+00   1.075094e+00   4.921435e-01   4.038300e+00   7.108398e-01
   1.493544e+00   3.234957e-01   3.829149e+00   2.952600e+00   3.809766e+00   8.051007e-01
   2.043736e+00   9.683990e-01   1.126871e+00   3.200012e+00   5.288570e-01   7.765713e-01
   1.634996e+00   3.492486e-01   3.973706e+00   3.219994e+00   5.185727e-01   6.904202e-01
   1.091503e+00   1.664516e+00   5.258534e+00   5.724163e-01   8.888180e-01   5.757380e-01
   2.955257e-01   1.587127e+00   4.796894e+00   3.504228e+00   4.164503e+00   7.117981e-01
   1.857492e+00   2.445455e+00   1.568834e+00   5.023360e-01   6.976620e-01   5.902157e-01
   8.786288e-01   1.541941e+00   6.989210e-01   3.892142e-01   8.180759e+00   5.080188e+00
   7.176207e-01   3.511953e-01   4.439823e+00   5.689571e+00   6.076490e-01   1.129039e+00
   2.943952e-01   1.351051e+00   4.210915e+00   4.349837e-01   4.951239e-01   8.691137e+00
   1.208342e+00   1.559716e+00   4.433952e+00   4.959969e-01   8.263012e-01   5.227724e+00
   1.532688e+00   3.368201e-01   1.066032e+00   6.435688e-01   4.221990e-01   9.276856e+00
   9.059900e-01   4.740537e-01   7.785654e-01   3.247872e+00   4.712343e-01   1.059590e+01
   3.519328e-01   3.932682e+00   1.103375e+00   3.113358e+00   5.802250e-01   1.012931e+00
   1.531434e+00   2.252248e+00   1.009974e+00   3.419870e+00   5.331448e-01   5.189476e+00
   1.514712e+00   3.139430e-01   3.644238e+00   4.320175e-01   3.806766e+00   4.835865e+00
   1.085394e+00   1.546631e+00   3.075916e+00   4.249176e-01   7.255888e+00   6.009927e-01
   9.822740e-01   3.139552e-01   6.204251e-01   7.221290e+00   7.718465e-01   3.939370e+00
   1.562778e+00   2.110657e+00   3.226878e+00   5.438467e-01   3.490306e+00   6.317149e-01
   1.680918e+00   1.817571e+00   9.553860e-01   3.375993e+00   4.456967e+00   5.969079e-01
   2.503768e-01   2.561092e-01   2.640673e-01   6.681618e-01   1.023235e+01   5.969201e-01
   1.047230e+00   1.535121e+00   2.549783e+00   6.186169e+00   2.298102e+00   8.988525e-01
   2.999784e-01   2.127817e+00   2.905914e+00   3.984585e-01   3.418598e+00   8.587807e+00
   3.241649e-01   3.072895e+00   4.040898e+00   4.582655e-01   3.412001e+00   6.021728e-01
   2.782433e-01   8.737527e-01   2.449896e+00   3.601125e+00   4.615966e-01   1.007753e+01
   1.492282e+00   3.214938e-01   3.521422e+00   3.098900e+00   5.770810e-01   5.360823e+00
   3.177804e-01   2.442473e+00   7.665127e-01   4.579311e-01   8.019074e+00   3.900249e+00
   3.182246e-01   2.615845e-01   3.998265e-01   7.235175e+00   3.911296e+00   4.029702e+00
   1.179392e+00   3.086530e-01   2.684941e+00   5.445752e-01   6.766933e+00   5.567780e+00
   4.958386e-01   2.960349e-01   2.347670e+00   6.546031e+00   5.236613e+00   9.647332e-01
   9.103954e-01   2.974144e-01   6.989964e-01   4.864502e-01   4.375589e-01   1.156361e+01
   2.438889e-01   2.460959e-01   3.362861e-01   3.000364e+00   3.474559e+00   1.079796e+01
   6.616189e-01   2.922229e-01   4.125026e+00   2.617592e+00   6.928004e+00   6.428006e-01
   3.536237e-01   3.768659e+00   2.428667e+00   5.799787e-01   5.684660e-01   3.985048e+00
   2.432689e-01   3.284087e-01   4.387512e-01   6.280904e+00   4.452323e-01   8.091640e+00
   4.724847e-01   2.635778e-01   2.304273e+00   3.358032e-01   3.337200e+00   1.080537e+01
   1.937099e+00   3.571975e-01   2.771446e+00   5.763112e-01   3.849587e+00   6.686266e-01
   2.775870e-01   7.467856e-01   2.522657e+00   7.066527e+00   6.533909e-01   4.413569e+00
   5.534180e-01   4.315655e-01   3.171693e+00   3.675613e-01   8.846802e+00   6.367033e-01
   1.666582e+00   2.501882e+00   1.455980e+00   3.284739e+00   5.714011e-01   6.577927e-01
   1.373062e+00   1.797852e+00   9.569826e-01   5.728079e-01   4.811180e-01   8.757637e+00
   1.031035e+00   3.004435e-01   6.657844e-01   4.673696e-01   6.355534e+00   8.509215e+00
   3.209675e-01   2.766362e+00   3.659727e+00   2.937808e+00   5.488316e-01   5.195652e+00
   2.772942e-01   2.765929e-01   3.672865e-01   3.125061e+00   3.974572e-01   1.146685e+01
   2.505522e-01   3.280906e-01   5.210173e-01   7.820846e+00   5.598676e-01   4.054894e+00
   3.194214e-01   3.532250e+00   9.656768e-01   2.985368e+00   5.507027e-01   5.373526e+00
   2.668085e-01   1.472379e+00   5.102120e-01   2.626097e+00   1.054089e+00   1.100587e+01
   1.208531e+00   3.088590e-01   7.664534e-01   5.118787e-01   8.302212e+00   4.343862e+00
   9.385945e-01   2.806917e-01   5.552129e-01   5.394094e-01   9.577753e+00   1.022097e+00
   3.495698e-01   3.896341e+00   1.054579e+00   4.615084e-01   4.066908e+00   1.083244e+00
   3.193297e-01   3.466441e+00   9.725742e-01   3.835304e+00   3.797966e+00   5.637726e-01
   2.662272e-01   8.331686e-01   2.905387e+00   3.676242e-01   8.472529e+00   4.174153e+00
   1.163484e+00   3.139603e-01   2.668391e+00   6.533464e+00   8.510459e-01   1.058496e+00
   8.940125e-01   3.276520e-01   6.577963e-01   6.393755e+00   3.738194e+00   5.480716e+00
   8.983827e-01   2.895156e+00   1.441463e+00   9.752041e-01   6.664433e-01   8.058717e+00
   2.568189e-01   6.775962e-01   2.203309e+00   2.829006e+00   8.465040e+00   4.076617e+00
   2.666749e-01   8.254810e-01   2.279426e+00   2.603290e+00   3.673727e+00   1.001248e+01
   1.412402e+00   1.740415e+00   3.975037e+00   3.227021e+00   5.929413e-01   7.029759e-01
   3.375198e-01   3.442668e+00   9.519435e-01   2.865916e+00   3.821083e+00   4.330261e+00
   2.700278e-01   3.638345e-01   2.826675e-01   5.754228e+00   3.715185e+00   7.849175e+00
   1.685025e+00   1.573656e+00   9.593373e-01   5.588695e-01   3.580550e+00   6.153635e+00
   3.292839e-01   3.157522e+00   3.707536e+00   3.220269e+00   5.744501e-01   6.861946e-01
   2.710394e-01   1.616997e+00   4.976349e+00   4.199157e-01   3.825350e+00   4.499711e+00
   2.747723e-01   1.808586e+00   8.187966e-01   4.980962e+00   3.097137e+00   7.830884e+00
   3.045174e-01   1.968116e+00   6.644352e-01   3.992289e-01   3.917369e-01   1.107351e+01
   2.742480e-01   3.896467e-01   3.294710e-01   3.101425e-01   9.164722e+00   5.608983e+00
   1.084525e+00   3.448576e-01   3.021893e+00   5.330102e-01   9.685708e-01   9.691983e+00
   2.194596e+00   3.848320e-01   1.652713e+00   4.642995e-01   5.745295e-01   5.692355e-01
   3.355660e-01   3.078106e+00   4.071991e+00   5.717699e-01   5.602281e-01   4.003734e+00
   2.911557e-01   1.679513e+00   5.934178e-01   7.098067e+00   3.915844e+00   9.495279e-01
   2.560616e-01   2.468593e-01   3.925549e-01   4.315122e+00   8.835125e+00   6.323919e-01
   2.620830e-01   2.592289e-01   3.818879e-01   3.852985e+00   8.575350e+00   4.097066e+00
   9.596435e-01   3.053375e+00   3.801878e+00   7.483924e-01   1.951147e+00   8.866502e-01
   2.707489e-01   1.232639e+00   4.833320e+00   4.059663e+00   5.445330e-01   4.499994e+00
   2.930557e-01   1.413095e+00   5.322977e-01   3.709234e-01   4.350161e+00   1.064023e+01
   2.851827e-01   1.164711e+00   4.464899e+00   3.497161e+00   4.507390e+00   4.317199e+00
   9.404681e-01   1.050626e+00   4.582781e+00   3.268768e+00   9.928097e-01   5.188902e+00
   1.102729e+00   4.683331e-01   3.117846e+00   5.683647e+00   8.300225e-01   4.451994e+00
   3.225557e-01   2.951186e+00   1.502470e+00   5.896457e+00   5.297647e-01   6.805118e-01
   8.942195e-01   2.838764e+00   1.758458e+00   1.279686e+00   3.541944e+00   6.731303e+00
   3.463536e-01   3.305431e+00   1.164848e+00   5.357342e-01   1.413783e+00   7.708792e+00
   4.744665e-01   3.335528e-01   2.412425e+00   6.620945e+00   3.482964e+00   4.368374e+00
   9.304094e-01   1.462882e+00   2.837419e+00   3.001681e+00   1.086547e+00   8.513268e+00
   3.115458e-01   2.489218e+00   3.202419e+00   3.631812e+00   3.520754e+00   5.049389e+00
   1.799077e+00   1.148141e+00   1.041952e+00   3.439415e+00   5.941644e-01   5.253932e+00
   2.049263e+00   3.556052e-01   1.334949e+00   8.272800e-01   1.734595e+00   4.272206e+00
   4.731178e-01   3.734656e-01   2.341155e+00   3.494818e-01   6.716399e+00   8.279859e+00
   1.535578e+00   3.337985e-01   8.379329e-01   1.696901e+00   7.627967e+00   8.533496e-01
   2.079819e+00   3.486371e-01   1.070882e+00   5.009514e-01   4.033336e+00   7.030736e-01
