   0.000000e+00   4.131536e-06   0.000000e+00   0.000000e+00   9.159512e-05   6.557222e-01   8.768635e-01   7.613971e-01   7.191166e-01   7.738402e-01   7.420249e-01   7.894111e-01   6.208194e-01   6.404850e-01   6.517313e-01   6.220249e-01
   1.090271e-01   4.859346e-06   0.000000e+00   2.636268e-05   2.617291e-04   6.775689e-01   8.742337e-01   7.623898e-01   7.244695e-01   7.720048e-01   7.466096e-01   7.299819e-01   5.250761e-01   6.401979e-01   4.632985e-01   5.976985e-01
   5.135413e-01   2.039866e-04   0.000000e+00   1.000000e+00   1.503353e-04   7.569884e-01   8.726429e-01   7.948035e-01   7.740657e-01   8.033501e-01   7.404800e-01   6.489963e-01   6.187233e-01   6.728814e-01   5.386659e-01   8.825181e-01
   0.000000e+00   5.037359e-06   6.801641e-04   5.154246e-02   1.214095e-04   7.563626e-01   8.131126e-01   7.201564e-01   7.861485e-01   8.030331e-01   7.189938e-01   6.509153e-01   6.153609e-01   6.424754e-01   5.175997e-01   8.724247e-01
   0.000000e+00   4.439888e-06   0.000000e+00   4.895599e-05   9.837670e-05   7.793391e-01   8.074218e-01   8.237054e-01   7.704097e-01   7.656179e-01   7.629331e-01   6.396496e-01   7.271510e-01   6.379614e-01   5.872552e-01   6.384451e-01
   5.135413e-01   2.039866e-04   0.000000e+00   6.048202e-05   1.509956e-04   7.568337e-01   8.481050e-01   8.152024e-01   8.028613e-01   8.016443e-01   8.252594e-01   6.481879e-01   6.994135e-01   6.728814e-01   5.386659e-01   8.825181e-01
   9.181702e-02   5.850088e-02   1.850049e-05   1.902672e-01   6.859570e-01   7.414863e-01   8.001273e-01   7.519714e-01   4.840156e-01   8.021814e-01   4.730543e-01   4.884054e-01   6.427852e-01   6.190845e-01   5.516429e-01   5.945870e-01
   0.000000e+00   1.867044e-05   2.238247e-05   0.000000e+00   6.692687e-01   6.744947e-01   8.131985e-01   7.050368e-01   6.529800e-01   6.520857e-01   6.706022e-01   7.195417e-01   4.848175e-01   3.887341e-01   5.712655e-01   5.753500e-01
   0.000000e+00   2.296601e-03   1.510487e-05   0.000000e+00   9.806974e-05   7.777549e-01   8.074159e-01   7.395679e-01   7.689541e-01   7.663015e-01   7.467822e-01   6.733699e-01   7.271510e-01   7.325614e-01   5.557914e-01   6.235238e-01
   6.246285e-03   1.668927e-02   3.348756e-11   3.636984e-07   9.094687e-05   8.376341e-01   8.275104e-01   7.948277e-01   5.337259e-01   7.692480e-01   6.685302e-01   5.646929e-01   6.203674e-01   6.416783e-01   5.381798e-01   8.767525e-01
   1.176408e-02   4.569234e-06   8.210250e-01   9.323534e-01   8.731337e-05   6.566145e-01   8.107947e-01   8.107818e-01   7.622020e-01   8.191679e-01   7.109027e-01   6.444139e-01   5.395701e-01   4.827060e-01   5.584095e-01   5.463403e-01
   0.000000e+00   6.864009e-05   8.117563e-01   0.000000e+00   8.734061e-05   8.525249e-01   8.122344e-01   8.168949e-01   7.714213e-01   7.706674e-01   6.518962e-01   7.922854e-01   6.190302e-01   6.385613e-01   5.515822e-01   5.842846e-01
   5.165972e-01   2.516516e-04   8.410078e-01   0.000000e+00   1.830549e-02   7.570715e-01   8.726280e-01   8.044191e-01   7.714432e-01   7.435132e-01   7.114056e-01   6.629876e-01   6.184228e-01   4.730940e-01   5.389717e-01   5.519589e-01
   1.038872e-01   9.312900e-02   0.000000e+00   0.000000e+00   0.000000e+00   6.602896e-01   8.453020e-01   7.550652e-01   7.680730e-01   7.695407e-01   7.011321e-01   7.126995e-01   6.215015e-01   6.330889e-01   6.418680e-01   6.608082e-01
   0.000000e+00   4.922490e-05   2.567238e-04   9.515393e-01   7.203752e-08   6.061700e-01   9.433316e-01   7.951087e-01   8.197843e-01   7.737207e-01   7.831031e-01   7.342494e-01   6.203754e-01   6.416787e-01   5.085189e-01   8.523720e-01
   0.000000e+00   2.044720e-05   3.311691e-05   0.000000e+00   7.529358e-01   7.377853e-01   6.066788e-01   7.172545e-01   6.707705e-01   5.849324e-01   7.424659e-01   6.500673e-01   5.883665e-01   5.969856e-01   5.396313e-01   8.533282e-01
   4.995515e-01   0.000000e+00   0.000000e+00   7.754849e-02   1.509694e-04   7.792527e-01   9.422799e-01   8.152024e-01   7.704866e-01   8.016443e-01   8.245367e-01   6.378981e-01   6.994135e-01   6.701703e-01   5.191930e-01   8.723579e-01
   0.000000e+00   4.922490e-05   2.567238e-04   9.515393e-01   8.834140e-05   8.359552e-01   8.124995e-01   7.165044e-01   7.683147e-01   7.737154e-01   6.803342e-01   7.333254e-01   6.202586e-01   6.416787e-01   5.090748e-01   8.523720e-01
   0.000000e+00   4.439888e-06   0.000000e+00   4.895599e-05   8.319216e-03   8.035865e-01   8.074218e-01   7.187364e-01   7.704097e-01   7.773368e-01   7.629331e-01   5.696590e-01   7.271510e-01   6.379614e-01   7.218722e-01   8.698814e-01
   0.000000e+00   5.147583e-06   2.726291e-02   5.301327e-02   1.214095e-04   7.359204e-01   8.131126e-01   7.161702e-01   7.541479e-01   7.917672e-01   6.745676e-01   6.792709e-01   6.153609e-01   6.328787e-01   5.393793e-01   9.441261e-01
   1.281200e-01   3.406991e-06   0.000000e+00   6.341438e-04   7.926472e-02   6.856227e-01   8.520092e-01   7.401028e-01   7.913538e-01   7.707347e-01   7.388784e-01   6.245045e-01   7.005344e-01   6.283536e-01   6.499192e-01   6.384451e-01
   0.000000e+00   4.380937e-06   0.000000e+00   4.985184e-05   9.305362e-03   7.793391e-01   8.271106e-01   7.393721e-01   7.624086e-01   7.601684e-01   7.373583e-01   6.505704e-01   7.305401e-01   7.345635e-01   6.068857e-01   6.377528e-01
   0.000000e+00   4.439888e-06   0.000000e+00   4.895599e-05   1.083909e-03   7.793391e-01   8.091716e-01   8.062534e-01   7.704097e-01   7.625669e-01   7.629331e-01   6.391319e-01   7.271510e-01   6.379614e-01   5.872552e-01   7.197005e-01
   0.000000e+00   6.864009e-05   8.117563e-01   2.676201e-07   1.870368e-03   8.525249e-01   8.286904e-01   8.166489e-01   7.689673e-01   7.700983e-01   6.518962e-01   7.922854e-01   6.190302e-01   7.544827e-01   5.515004e-01   5.842846e-01
   0.000000e+00   0.000000e+00   0.000000e+00   0.000000e+00   6.608975e-01   7.384140e-01   8.036425e-01   7.841936e-01   7.681830e-01   6.533244e-01   7.096769e-01   6.721225e-01   5.276089e-01   4.797973e-01   5.510193e-01   5.362552e-01
   3.259466e-09   2.405122e-02   0.000000e+00   0.000000e+00   6.482479e-01   7.205922e-01   8.513543e-01   8.067736e-01   6.696932e-01   6.568097e-01   6.070425e-01   6.949686e-01   5.408856e-01   4.838924e-01   5.276474e-01   5.374090e-01
   0.000000e+00   4.911564e-06   0.000000e+00   6.089007e-04   1.140656e-03   7.246552e-01   8.388528e-01   8.267206e-01   8.202836e-01   7.669639e-01   6.544306e-01   7.289383e-01   6.369606e-01   6.422539e-01   5.704280e-01   8.721693e-01
   9.454877e-02   1.084757e-01   0.000000e+00   4.892902e-05   9.806974e-05   7.833330e-01   8.074159e-01   7.393721e-01   7.689541e-01   8.185320e-01   7.378889e-01   6.296713e-01   7.286532e-01   7.267314e-01   5.549562e-01   6.386025e-01
   9.571936e-02   4.483332e-06   0.000000e+00   4.723523e-05   8.883887e-05   9.516306e-01   7.688635e-01   7.161723e-01   7.563339e-01   6.551720e-01   7.338734e-01   6.746488e-01   6.214892e-01   6.749112e-01   6.082735e-01   6.377377e-01
   9.454877e-02   1.105795e-01   0.000000e+00   4.892902e-05   9.217997e-03   7.831701e-01   8.056778e-01   7.393721e-01   7.226180e-01   8.185320e-01   7.373493e-01   6.296713e-01   7.286532e-01   7.343937e-01   5.549562e-01   6.377643e-01
   0.000000e+00   4.379983e-06   0.000000e+00   4.718270e-05   0.000000e+00   8.024026e-01   8.526661e-01   7.733905e-01   7.703985e-01   7.547557e-01   7.438744e-01   6.437065e-01   7.273155e-01   6.380147e-01   5.017439e-01   5.933267e-01
   5.647719e-01   0.000000e+00   0.000000e+00   6.292705e-05   1.509956e-04   7.943569e-01   8.105039e-01   7.951064e-01   7.719712e-01   7.751267e-01   7.867543e-01   6.490349e-01   6.381128e-01   6.728814e-01   5.385401e-01   8.567224e-01
   0.000000e+00   3.498181e-06   7.795504e-01   0.000000e+00   1.922544e-02   6.832509e-01   8.520092e-01   8.086424e-01   7.916729e-01   7.606628e-01   7.369691e-01   7.907395e-01   7.009616e-01   6.344498e-01   4.966034e-01   6.496983e-01
   2.344365e-01   0.000000e+00   3.993885e-05   0.000000e+00   6.534608e-01   8.366473e-01   7.997427e-01   6.931907e-01   7.599946e-01   6.603196e-01   6.922964e-01   6.612696e-01   6.200647e-01   6.444189e-01   6.515517e-01   6.240807e-01
   5.017016e-01   1.868669e-04   0.000000e+00   3.546800e-04   9.790322e-05   7.600805e-01   8.262686e-01   7.398077e-01   7.715352e-01   6.528239e-01   7.167705e-01   6.538294e-01   7.000047e-01   6.850672e-01   5.427272e-01   8.823911e-01
   6.882057e-02   5.048374e-06   1.983382e-02   0.000000e+00   1.257276e-03   6.841093e-01   8.120636e-01   7.201580e-01   7.869100e-01   6.472783e-01   7.369687e-01   7.642872e-01   6.254067e-01   6.495190e-01   5.387542e-01   6.451354e-01
   9.889550e-03   2.061938e-05   0.000000e+00   4.985184e-05   9.305362e-03   7.793391e-01   8.268629e-01   6.432549e-01   7.623177e-01   7.601684e-01   7.455340e-01   6.632700e-01   7.304615e-01   7.218937e-01   6.118136e-01   6.423658e-01
   6.040730e-01   0.000000e+00   1.341263e-06   1.333951e-01   7.247251e-01   6.511878e-01   8.360930e-01   7.497680e-01   6.011323e-01   8.014380e-01   6.517965e-01   6.796948e-01   6.515428e-01   7.353854e-01   5.319528e-01   5.899546e-01
   6.040730e-01   0.000000e+00   0.000000e+00   0.000000e+00   5.945938e-05   6.473696e-01   8.360930e-01   7.496382e-01   7.694224e-01   7.724226e-01   6.517965e-01   5.587823e-01   7.157410e-01   6.379544e-01   5.965928e-01   6.370176e-01
   3.859436e-05   3.117408e-03   2.650101e-06   0.000000e+00   1.170929e-04   7.399280e-01   9.319289e-01   7.705659e-01   9.281726e-01   7.541828e-01   7.343804e-01   6.683322e-01   6.164498e-01   6.389944e-01   5.402515e-01   5.853491e-01
   9.237708e-02   4.380937e-06   2.764959e-06   4.987148e-05   1.437168e-03   9.520950e-01   7.690287e-01   7.389778e-01   7.229607e-01   6.535046e-01   7.328457e-01   6.505738e-01   7.273028e-01   7.071374e-01   5.980543e-01   6.414943e-01
   1.437014e-01   2.259660e-03   0.000000e+00   4.935305e-05   1.488241e-01   7.376122e-01   8.074011e-01   7.401281e-01   6.814920e-01   7.702763e-01   7.379679e-01   6.245466e-01   7.008933e-01   6.261744e-01   6.481650e-01   6.377960e-01
   9.512296e-02   5.107896e-06   0.000000e+00   4.895599e-05   7.989370e-01   7.564860e-01   8.506150e-01   7.432369e-01   7.867998e-01   8.037994e-01   7.374666e-01   5.789745e-01   6.171140e-01   7.358007e-01   5.334747e-01   6.384451e-01
   0.000000e+00   4.468545e-06   1.236176e-05   7.244256e-05   1.184716e-04   7.496561e-01   8.114239e-01   7.393721e-01   7.877364e-01   7.401529e-01   8.248742e-01   6.746491e-01   5.670045e-01   6.755935e-01   5.184540e-01   8.733610e-01
   0.000000e+00   3.217617e-02   0.000000e+00   4.907711e-05   5.630940e-02   7.370522e-01   8.512561e-01   7.352384e-01   8.145515e-01   8.016443e-01   7.466654e-01   5.789660e-01   6.194763e-01   7.377207e-01   5.323996e-01   8.562109e-01
   0.000000e+00   5.160003e-06   4.596449e-05   5.301327e-02   8.205688e-01   7.405610e-01   8.131402e-01   7.183626e-01   7.136554e-01   6.552657e-01   7.180209e-01   6.761541e-01   6.153609e-01   5.881842e-01   5.221694e-01   8.621997e-01
   8.919821e-02   4.235352e-06   0.000000e+00   1.002551e-05   7.438411e-01   7.254677e-01   8.515918e-01   7.660647e-01   7.623833e-01   7.641850e-01   7.397099e-01   7.240999e-01   7.824547e-01   5.981336e-01   5.994441e-01   6.377580e-01
   0.000000e+00   4.160934e-06   1.236176e-05   0.000000e+00   7.367568e-01   7.762191e-01   9.496561e-01   7.384440e-01   7.105126e-01   7.403140e-01   6.620964e-01   6.797519e-01   5.670045e-01   5.850122e-01   5.013951e-01   5.351194e-01
   1.034794e-05   2.044720e-05   1.489524e-06   2.673020e-01   7.262387e-01   7.108327e-01   6.069272e-01   7.363234e-01   7.405594e-01   7.410504e-01   7.365552e-01   5.986094e-01   6.240323e-01   5.912670e-01   5.713635e-01   5.528890e-01
   1.111108e-03   5.142069e-06   4.596449e-05   5.281454e-02   1.214095e-04   7.402434e-01   8.130115e-01   7.947890e-01   7.541479e-01   7.693619e-01   7.391563e-01   7.809670e-01   6.153609e-01   6.372118e-01   5.210305e-01   5.671197e-01
   9.345814e-06   2.044720e-05   3.311691e-05   0.000000e+00   7.920318e-01   7.377853e-01   6.066788e-01   7.172538e-01   6.315434e-01   5.849324e-01   7.424659e-01   6.500673e-01   6.582213e-01   5.969856e-01   5.396313e-01   8.333067e-01
   0.000000e+00   6.824628e-05   8.288005e-01   0.000000e+00   7.595998e-01   8.508256e-01   8.133440e-01   8.103857e-01   7.703161e-01   5.847690e-01   7.192703e-01   6.671522e-01   6.141981e-01   6.380847e-01   5.458109e-01   8.703710e-01
   9.277528e-02   4.472747e-06   1.867978e-03   4.723523e-05   1.186857e-04   9.462111e-01   7.686159e-01   7.373613e-01   7.879310e-01   6.253417e-01   7.339034e-01   6.746488e-01   6.214892e-01   6.749112e-01   5.446296e-01   6.395753e-01
   1.281200e-01   3.418797e-06   6.717537e-04   6.341438e-04   7.926472e-02   6.874472e-01   8.524738e-01   7.401028e-01   7.913213e-01   7.707347e-01   7.180262e-01   6.239277e-01   7.005344e-01   6.283536e-01   6.499192e-01   8.768379e-01
   9.313794e-02   5.126996e-06   0.000000e+00   4.981244e-05   9.305362e-03   7.793391e-01   8.271106e-01   7.486574e-01   7.870453e-01   7.658674e-01   7.373595e-01   6.505704e-01   6.133400e-01   7.358027e-01   6.324987e-01   6.377528e-01
   5.629336e-03   6.884241e-09   3.285090e-05   0.000000e+00   7.323998e-01   7.317866e-01   6.054783e-01   7.161902e-01   5.989568e-01   6.587039e-01   6.887386e-01   6.762257e-01   6.194653e-01   5.853278e-01   6.383347e-01   6.273414e-01
   0.000000e+00   5.307296e-06   4.730245e-05   5.301327e-02   1.214095e-04   7.474523e-01   8.131402e-01   7.183626e-01   7.541479e-01   7.940211e-01   7.366006e-01   7.575531e-01   6.153609e-01   6.370754e-01   5.249495e-01   8.724247e-01
   9.535424e-02   7.057322e-06   0.000000e+00   3.588075e-04   1.140656e-03   7.538817e-01   8.258590e-01   8.267206e-01   7.863283e-01   7.164043e-01   7.360513e-01   6.640616e-01   6.392817e-01   6.422061e-01   5.323590e-01   6.404148e-01
   0.000000e+00   2.568439e-04   9.051725e-01   0.000000e+00   7.204162e-01   7.789224e-01   8.543907e-01   7.582563e-01   7.694665e-01   7.656793e-01   7.175542e-01   6.486783e-01   7.185138e-01   6.700082e-01   6.142333e-01   8.802710e-01
   9.168871e-02   4.380837e-06   6.801641e-04   5.154022e-02   1.214032e-04   7.794255e-01   8.134595e-01   7.167479e-01   7.625516e-01   8.103697e-01   7.389579e-01   6.509227e-01   6.153609e-01   7.326766e-01   5.865997e-01   6.367947e-01
   9.316309e-02   7.168413e-06   0.000000e+00   3.593490e-04   7.065321e-03   7.564860e-01   8.259822e-01   7.432369e-01   7.867998e-01   8.037994e-01   7.373744e-01   5.366532e-01   7.011129e-01   6.693367e-01   6.320688e-01   6.384451e-01
   2.703585e-02   0.000000e+00   0.000000e+00   7.125918e-05   2.009455e-03   6.855698e-01   8.472543e-01   8.179179e-01   8.720199e-01   8.036150e-01   7.627750e-01   6.743113e-01   6.920451e-01   6.663649e-01   5.384667e-01   8.884172e-01
   5.138679e-01   2.045463e-04   0.000000e+00   4.907711e-05   5.630940e-02   7.370522e-01   8.538735e-01   7.352384e-01   8.145515e-01   8.016443e-01   6.713855e-01   5.715496e-01   6.194763e-01   7.377207e-01   5.328485e-01   8.561515e-01
   9.237708e-02   4.380925e-06   0.000000e+00   4.987148e-05   9.305362e-03   9.540779e-01   7.690287e-01   7.393721e-01   7.228937e-01   7.594408e-01   7.339235e-01   6.505738e-01   7.273028e-01   7.080344e-01   5.980543e-01   6.371502e-01
   8.271476e-02   7.309842e-03   3.270320e-05   0.000000e+00   7.772902e-01   7.768888e-01   5.260722e-01   7.485734e-01   7.567542e-01   7.443335e-01   6.398951e-01   6.799371e-01   5.340437e-01   5.827505e-01   5.386728e-01   5.473243e-01
   2.991638e-03   5.075077e-06   7.031968e-05   3.281177e-05   1.389648e-03   7.247830e-01   7.682670e-01   7.667083e-01   6.617444e-01   6.724341e-01   7.140751e-01   5.856609e-01   6.993435e-01   6.717710e-01   5.972491e-01   6.414719e-01
   1.270133e-01   2.127324e-03   2.102088e-02   7.660296e-04   7.524076e-01   7.782987e-01   7.949317e-01   7.167580e-01   7.684822e-01   7.827123e-01   7.388580e-01   6.593795e-01   7.001338e-01   6.351754e-01   5.194747e-01   6.264881e-01
   0.000000e+00   4.380937e-06   0.000000e+00   4.902641e-05   0.000000e+00   7.793391e-01   8.271106e-01   7.393721e-01   7.638202e-01   8.041637e-01   7.373583e-01   6.505704e-01   6.915905e-01   7.345635e-01   6.068857e-01   6.377528e-01
   3.859436e-05   3.021541e-03   8.263955e-04   2.682270e-01   1.170929e-04   7.781724e-01   8.068810e-01   7.705899e-01   9.281726e-01   7.662655e-01   7.365139e-01   6.683322e-01   6.088198e-01   6.395282e-01   5.402824e-01   5.861284e-01
   0.000000e+00   6.806706e-05   0.000000e+00   4.985184e-05   4.436020e-02   7.753583e-01   8.251031e-01   7.393721e-01   7.748415e-01   7.602551e-01   6.526526e-01   7.838111e-01   7.285899e-01   6.628102e-01   5.521087e-01   5.731114e-01
   9.970288e-02   4.441412e-06   7.224208e-02   1.153625e-05   1.264831e-01   7.021899e-01   8.472632e-01   7.396182e-01   6.717105e-01   6.383673e-01   7.625664e-01   6.805117e-01   7.271386e-01   7.345635e-01   5.985802e-01   6.458526e-01
   0.000000e+00   4.380937e-06   0.000000e+00   1.168018e-05   9.305362e-03   7.793391e-01   8.271106e-01   7.393721e-01   7.633087e-01   7.601002e-01   8.122745e-01   6.505704e-01   7.305368e-01   7.345635e-01   6.068857e-01   6.376925e-01
   0.000000e+00   4.461790e-06   1.513829e-03   9.621798e-06   9.622397e-02   7.021899e-01   8.472632e-01   7.413500e-01   6.721167e-01   6.438704e-01   7.624727e-01   6.827019e-01   7.271008e-01   7.360601e-01   5.849185e-01   6.413709e-01
   0.000000e+00   4.922490e-05   3.040299e-05   9.548572e-01   7.203752e-08   6.061700e-01   9.433316e-01   7.951087e-01   8.197843e-01   7.911740e-01   6.613535e-01   6.787334e-01   5.386277e-01   6.394884e-01   5.335392e-01   8.525517e-01
   5.159234e-01   2.005662e-04   0.000000e+00   1.019032e-05   5.476904e-02   7.021899e-01   8.481138e-01   7.949234e-01   8.144267e-01   8.056077e-01   7.401138e-01   5.803256e-01   6.187256e-01   6.718187e-01   5.992401e-01   8.863493e-01
   9.512296e-02   1.490696e-02   0.000000e+00   5.641570e-02   8.278838e-01   7.564860e-01   8.496614e-01   7.432369e-01   8.000419e-01   6.714278e-01   7.374733e-01   6.511523e-01   6.171459e-01   7.358007e-01   5.334747e-01   6.336360e-01
   0.000000e+00   0.000000e+00   0.000000e+00   0.000000e+00   0.000000e+00   7.384140e-01   8.488524e-01   7.373792e-01   7.681830e-01   7.490753e-01   7.106476e-01   6.721225e-01   5.276089e-01   4.797973e-01   5.001704e-01   5.362552e-01
   6.183011e-06   0.000000e+00   2.674870e-01   7.155807e-05   6.324830e-01   6.857754e-01   8.314854e-01   8.106551e-01   7.686814e-01   5.817697e-01   7.109177e-01   6.730750e-01   6.901454e-01   4.802704e-01   5.264011e-01   5.685603e-01
   9.377853e-02   1.082526e-01   6.705572e-04   4.895681e-05   9.805521e-05   6.553852e-01   8.074159e-01   7.383802e-01   7.704030e-01   8.185320e-01   7.374715e-01   6.733699e-01   7.272021e-01   7.317647e-01   5.558355e-01   6.386034e-01
   9.576385e-02   4.384056e-06   0.000000e+00   4.723523e-05   8.883887e-05   9.516306e-01   7.688635e-01   7.167266e-01   7.625169e-01   6.527762e-01   7.338734e-01   6.746488e-01   6.214892e-01   7.331398e-01   6.082735e-01   6.377377e-01
   1.288959e-01   1.234675e-04   6.703094e-02   1.072850e-05   9.626313e-02   7.019897e-01   8.265455e-01   7.394585e-01   6.638329e-01   6.434427e-01   8.108534e-01   6.823592e-01   7.258095e-01   7.707086e-01   5.987794e-01   6.429290e-01
   0.000000e+00   4.301880e-05   2.730017e-01   0.000000e+00   7.411494e-01   7.108327e-01   8.100759e-01   8.136972e-01   7.405594e-01   7.416187e-01   7.354480e-01   5.978555e-01   5.862765e-01   6.370652e-01   5.139448e-01   5.562314e-01
   0.000000e+00   4.235352e-06   1.186120e-05   1.007232e-05   7.320758e-01   7.307063e-01   8.116514e-01   7.670785e-01   7.686499e-01   7.643184e-01   7.638542e-01   7.240999e-01   7.225762e-01   7.466892e-01   5.992704e-01   8.825107e-01
   8.750143e-02   3.240761e-02   0.000000e+00   4.907711e-05   6.356367e-02   7.339230e-01   8.512561e-01   7.362984e-01   7.994930e-01   6.591377e-01   7.394434e-01   5.810357e-01   6.194763e-01   6.361101e-01   5.323996e-01   6.210733e-01
   1.023557e-01   7.057322e-06   0.000000e+00   4.421988e-05   1.140656e-03   7.195366e-01   8.258590e-01   8.281127e-01   7.863283e-01   7.623994e-01   7.381394e-01   6.506182e-01   6.392817e-01   6.422061e-01   6.066933e-01   6.481929e-01
   9.181702e-02   5.850088e-02   2.238244e-05   0.000000e+00   6.693808e-01   7.414863e-01   8.001273e-01   7.054059e-01   4.840156e-01   6.558787e-01   4.727397e-01   7.206349e-01   6.427852e-01   6.190845e-01   5.516429e-01   5.945870e-01
   0.000000e+00   1.007298e-05   2.238247e-05   1.065038e-05   6.904946e-01   6.744947e-01   8.130734e-01   7.943942e-01   8.146384e-01   6.520857e-01   6.706022e-01   5.777568e-01   4.848175e-01   3.887341e-01   5.719980e-01   5.753500e-01
   3.808727e-05   3.153716e-03   0.000000e+00   0.000000e+00   1.170929e-04   7.293885e-01   9.319289e-01   6.999719e-01   9.244208e-01   7.541828e-01   7.343804e-01   6.683322e-01   6.164667e-01   6.444764e-01   5.402515e-01   5.616171e-01
   6.568685e-02   2.850148e-07   3.340107e-05   0.000000e+00   7.701562e-01   7.762122e-01   5.778086e-01   7.393403e-01   7.129858e-01   7.542982e-01   6.628277e-01   6.792540e-01   5.336497e-01   5.841026e-01   5.134005e-01   6.291414e-01
   8.615131e-02   2.076489e-05   3.340347e-05   0.000000e+00   7.924519e-01   7.377367e-01   5.691925e-01   7.393051e-01   7.202522e-01   8.201139e-01   6.622616e-01   6.501324e-01   6.588386e-01   5.853278e-01   5.399178e-01   5.473243e-01
   0.000000e+00   0.000000e+00   9.043979e-01   8.969598e-04   1.214095e-04   7.558382e-01   8.131126e-01   7.201564e-01   7.696992e-01   7.661090e-01   7.221586e-01   6.509153e-01   6.153609e-01   6.424754e-01   5.172076e-01   8.724247e-01
   0.000000e+00   9.734738e-02   2.105537e-02   4.894845e-05   9.806974e-05   7.781466e-01   8.271822e-01   7.370291e-01   7.689541e-01   7.593953e-01   7.369097e-01   6.448095e-01   6.860892e-01   7.345792e-01   6.061049e-01   6.377058e-01
   0.000000e+00   3.344197e-03   8.745517e-01   0.000000e+00   9.806974e-05   7.777377e-01   8.543519e-01   7.395679e-01   7.694684e-01   7.661410e-01   7.467822e-01   6.735940e-01   7.271510e-01   7.328289e-01   6.144915e-01   6.235238e-01
   1.132726e-01   9.827923e-02   3.281525e-05   3.913982e-07   5.103322e-02   6.602896e-01   8.405971e-01   7.550652e-01   6.317754e-01   7.715148e-01   7.131562e-01   7.102840e-01   6.584777e-01   6.378421e-01   6.418680e-01   6.620300e-01
   1.328005e-01   2.638287e-04   0.000000e+00   0.000000e+00   7.054620e-01   7.711099e-01   7.135335e-01   7.153217e-01   5.984979e-01   6.612635e-01   7.613626e-01   6.763906e-01   7.229085e-01   6.503406e-01   6.384946e-01   6.423584e-01
   0.000000e+00   4.468531e-06   1.178557e-07   7.241206e-05   1.086591e-05   7.762866e-01   8.068090e-01   7.374993e-01   7.700569e-01   7.623308e-01   7.605304e-01   6.743051e-01   7.273353e-01   6.762319e-01   5.876817e-01   6.354842e-01
   9.512296e-02   5.107896e-06   0.000000e+00   0.000000e+00   0.000000e+00   7.564860e-01   8.109175e-01   7.428729e-01   7.867998e-01   8.052208e-01   7.374666e-01   6.518916e-01   6.169332e-01   7.358007e-01   5.334747e-01   6.385402e-01
   1.943893e-02   4.125531e-06   3.311691e-05   0.000000e+00   7.529358e-01   7.377853e-01   6.066788e-01   7.172545e-01   6.707705e-01   5.849324e-01   7.361797e-01   6.500673e-01   5.898671e-01   6.814413e-01   5.192203e-01   8.536502e-01
   0.000000e+00   2.296601e-03   1.510487e-05   0.000000e+00   1.083372e-03   7.777549e-01   8.074105e-01   7.395679e-01   7.704305e-01   7.663015e-01   7.468464e-01   6.390507e-01   7.271510e-01   7.325614e-01   5.878112e-01   6.235238e-01
   0.000000e+00   4.975282e-04   3.403743e-08   0.000000e+00   1.067363e-04   7.777549e-01   8.074159e-01   7.487673e-01   7.689541e-01   7.663015e-01   7.373079e-01   6.737461e-01   7.271510e-01   7.326219e-01   6.434936e-01   6.242299e-01
   0.000000e+00   4.380937e-06   0.000000e+00   4.671865e-08   3.429697e-02   7.793391e-01   7.895631e-01   7.393721e-01   7.633087e-01   7.601002e-01   8.084884e-01   6.505704e-01   7.301909e-01   6.695932e-01   6.067691e-01   6.376925e-01
   4.870229e-01   1.410136e-05   0.000000e+00   3.546800e-04   1.261816e-04   7.600671e-01   8.262686e-01   8.291317e-01   7.715352e-01   5.868753e-01   7.359245e-01   6.381692e-01   7.011475e-01   6.850672e-01   5.427272e-01   6.879099e-01
   1.017584e-02   3.249362e-06   3.241121e-11   6.189782e-04   9.249963e-03   7.796320e-01   8.334329e-01   6.518445e-01   7.620246e-01   6.446618e-01   7.927294e-01   7.338538e-01   7.288370e-01   7.214938e-01   5.389286e-01   8.822383e-01
   8.615131e-02   2.076489e-05   7.280128e-02   0.000000e+00   1.489630e-01   6.389193e-01   5.691925e-01   7.392930e-01   7.202522e-01   6.473060e-01   6.628708e-01   6.495714e-01   6.588386e-01   5.853278e-01   5.399178e-01   5.473243e-01
   3.922380e-02   7.309842e-03   3.340107e-05   5.271361e-02   7.772902e-01   7.845068e-01   4.817898e-01   7.485734e-01   7.593355e-01   7.443335e-01   6.328048e-01   6.799371e-01   5.293147e-01   6.839221e-01   5.386751e-01   5.598563e-01
   0.000000e+00   0.000000e+00   3.361687e-02   5.154246e-02   1.807114e-04   7.360416e-01   8.131126e-01   7.193634e-01   6.368511e-01   8.016662e-01   7.182791e-01   6.509153e-01   6.194797e-01   7.353744e-01   5.175997e-01   8.558658e-01
   8.737050e-05   9.756563e-02   1.439241e-02   3.913982e-07   0.000000e+00   6.602437e-01   8.395789e-01   7.550652e-01   7.865911e-01   7.715715e-01   7.368779e-01   7.102840e-01   6.593077e-01   6.378421e-01   6.383150e-01   6.620300e-01
   4.527247e-03   1.668927e-02   3.348756e-11   3.636984e-07   8.156392e-02   6.833354e-01   8.269871e-01   7.948277e-01   5.284384e-01   7.707519e-01   7.181661e-01   6.231971e-01   6.202610e-01   6.416783e-01   5.381798e-01   8.767499e-01
   0.000000e+00   4.170900e-02   4.175697e-02   5.410730e-02   1.076615e-04   6.480402e-01   8.111018e-01   7.204381e-01   7.653890e-01   7.736687e-01   7.378994e-01   6.514168e-01   6.294031e-01   6.262542e-01   5.197703e-01   8.762175e-01
   0.000000e+00   0.000000e+00   3.324695e-05   0.000000e+00   6.689807e-01   7.417196e-01   6.066788e-01   7.055016e-01   4.807155e-01   5.849324e-01   7.465933e-01   6.500673e-01   5.852460e-01   5.969856e-01   5.396313e-01   8.533282e-01
   9.512296e-02   5.104188e-06   2.001466e-07   5.778891e-03   7.989370e-01   9.494315e-01   8.219532e-01   7.093389e-01   7.233665e-01   8.037994e-01   7.374678e-01   5.789745e-01   6.175164e-01   7.358007e-01   6.027077e-01   6.384319e-01
   3.899982e-05   2.995795e-03   0.000000e+00   5.309900e-02   1.170929e-04   7.293885e-01   8.156631e-01   6.999719e-01   7.606655e-01   7.541828e-01   7.343804e-01   6.683322e-01   6.153955e-01   6.442569e-01   5.404004e-01   5.616171e-01
   2.436964e-02   4.439888e-06   0.000000e+00   9.120357e-01   6.962927e-01   7.837860e-01   8.074218e-01   7.402872e-01   7.704137e-01   7.656179e-01   7.836088e-01   6.396496e-01   7.253583e-01   6.379614e-01   5.872552e-01   6.286173e-01
   0.000000e+00   4.468545e-06   1.178557e-07   6.481864e-05   1.086591e-05   7.487953e-01   8.487204e-01   7.370373e-01   7.877521e-01   7.406309e-01   7.605304e-01   6.743051e-01   7.290781e-01   6.779688e-01   5.013387e-01   6.385687e-01
   1.074334e-04   6.806706e-05   0.000000e+00   4.985184e-05   1.022300e-02   7.753583e-01   8.251684e-01   7.393721e-01   7.747981e-01   7.602551e-01   7.461694e-01   7.838111e-01   7.285899e-01   6.628102e-01   5.521087e-01   5.731114e-01
   9.325563e-02   1.926223e-03   0.000000e+00   5.018382e-05   7.684046e-01   8.360502e-01   8.006113e-01   7.397800e-01   8.000354e-01   6.726417e-01   7.377526e-01   6.505704e-01   7.308795e-01   6.195075e-01   5.805664e-01   8.560154e-01
   6.654982e-06   4.380937e-06   0.000000e+00   9.584611e-07   2.236499e-02   7.793391e-01   8.273296e-01   7.369700e-01   7.091777e-01   7.422558e-01   7.373563e-01   6.795810e-01   6.865321e-01   7.345635e-01   5.006207e-01   6.377528e-01
   1.111108e-03   5.142069e-06   1.424653e-02   5.281454e-02   1.214095e-04   7.402434e-01   8.130115e-01   7.947890e-01   7.541574e-01   7.693619e-01   7.391563e-01   7.809670e-01   6.153609e-01   6.372118e-01   5.210305e-01   5.671197e-01
   0.000000e+00   6.816712e-05   2.217086e-05   9.543170e-01   1.419362e-02   6.061700e-01   9.433316e-01   8.002848e-01   8.197843e-01   7.414557e-01   6.549497e-01   7.342494e-01   6.203754e-01   6.416787e-01   5.085189e-01   8.523720e-01
   0.000000e+00   5.307296e-06   2.241653e-02   5.301327e-02   1.214095e-04   7.474523e-01   7.468606e-01   7.183626e-01   7.541479e-01   7.940211e-01   7.366102e-01   6.515396e-01   6.153623e-01   7.545654e-01   6.236349e-01   6.528393e-01
