   6.535123e-06   0.000000e+00   9.952129e-01   5.915597e-01   1.000000e+00   8.300884e-02   8.905807e-01   9.920181e-01   9.493272e-01   8.445396e-01   8.849736e-01   9.625475e-01   7.371052e-01   8.253636e-01   8.915268e-01   9.286636e-01
   2.928915e-07   0.000000e+00   1.000000e+00   9.635253e-01   3.023897e-04   0.000000e+00   8.956408e-01   1.000000e+00   9.434609e-01   8.185760e-01   9.022475e-01   9.709040e-01   7.511472e-01   7.922147e-01   8.548844e-01   9.147436e-01
   2.928915e-07   0.000000e+00   1.000000e+00   9.635253e-01   9.229963e-01   0.000000e+00   8.956408e-01   9.999537e-01   9.434609e-01   8.185760e-01   9.022475e-01   9.780166e-01   7.514537e-01   7.922147e-01   8.556852e-01   9.148642e-01
   0.000000e+00   0.000000e+00   1.000000e+00   5.716500e-02   9.654829e-01   6.780188e-01   8.890076e-01   9.990319e-01   9.016021e-01   8.095216e-01   9.006567e-01   9.871073e-01   7.345239e-01   7.924064e-01   8.540438e-01   9.105106e-01
   4.988491e-05   0.000000e+00   0.000000e+00   5.748042e-01   4.244979e-02   1.538209e-03   8.956924e-01   9.997105e-01   9.425573e-01   8.190067e-01   9.032346e-01   9.429630e-01   7.348847e-01   8.254502e-01   8.548137e-01   9.287197e-01
   3.847976e-05   8.613796e-06   1.000000e+00   9.624472e-01   9.700632e-01   9.034356e-01   8.953122e-01   1.000000e+00   9.431661e-01   7.878294e-01   9.047041e-01   9.674124e-01   7.343825e-01   7.950204e-01   8.548530e-01   9.147225e-01
   0.000000e+00   0.000000e+00   0.000000e+00   1.464556e-04   0.000000e+00   9.653142e-01   8.919616e-01   9.999690e-01   9.571374e-01   7.869861e-01   8.909905e-01   9.674588e-01   7.388642e-01   8.244347e-01   8.980322e-01   9.150412e-01
   5.111006e-05   1.859367e-01   9.511651e-01   9.679235e-01   4.622382e-02   8.964060e-01   8.959252e-01   9.975575e-01   9.426844e-01   8.124064e-01   8.909363e-01   9.637001e-01   7.369692e-01   8.588821e-01   8.561559e-01   9.125035e-01
   6.032305e-03   1.234682e-02   1.000000e+00   9.666215e-01   9.136771e-01   7.871426e-05   8.966385e-01   9.999583e-01   9.425280e-01   8.006101e-01   9.038126e-01   9.675035e-01   7.353065e-01   7.998937e-01   8.522815e-01   9.283002e-01
   4.417411e-10   0.000000e+00   9.867937e-01   5.824849e-01   0.000000e+00   9.438202e-01   8.916423e-01   9.997322e-01   9.407217e-01   8.077126e-01   8.901278e-01   9.782546e-01   7.618541e-01   8.249096e-01   8.607269e-01   9.117644e-01
   1.469414e-07   0.000000e+00   0.000000e+00   0.000000e+00   9.743703e-01   8.976536e-01   8.833486e-01   9.987489e-01   9.429888e-01   8.177191e-01   8.919488e-01   9.664341e-01   7.499452e-01   8.119276e-01   8.541503e-01   9.138117e-01
   4.960258e-05   0.000000e+00   0.000000e+00   1.464556e-04   0.000000e+00   3.681264e-04   8.957677e-01   9.999690e-01   9.432382e-01   8.115313e-01   8.909209e-01   9.674060e-01   7.421329e-01   7.955183e-01   8.555411e-01   9.151929e-01
   0.000000e+00   1.460000e-01   1.000000e+00   9.676178e-01   9.795042e-01   9.013966e-01   8.957013e-01   9.990408e-01   9.427080e-01   7.858697e-01   9.067662e-01   9.663860e-01   7.536096e-01   8.282619e-01   8.562001e-01   9.271119e-01
   3.730747e-01   6.221762e-01   1.592944e-04   0.000000e+00   9.822151e-01   8.952363e-01   8.793980e-01   9.991022e-01   9.436710e-01   8.069637e-01   9.036059e-01   9.615190e-01   7.571059e-01   8.274330e-01   8.981933e-01   9.272754e-01
   5.893241e-01   4.327760e-01   6.388023e-02   0.000000e+00   9.901339e-01   6.628357e-03   8.868569e-01   9.977090e-01   9.373017e-01   8.085825e-01   9.042100e-01   9.674883e-01   7.342895e-01   8.263177e-01   8.753922e-01   9.114522e-01
   0.000000e+00   0.000000e+00   3.623120e-02   0.000000e+00   1.197504e-04   4.898974e-02   8.965894e-01   9.976315e-01   9.371705e-01   8.113662e-01   8.845278e-01   9.709378e-01   7.362544e-01   7.939953e-01   8.603741e-01   9.108722e-01
   6.310110e-01   9.402929e-01   1.000000e+00   9.623256e-01   9.889999e-01   1.449886e-01   8.781973e-01   9.975858e-01   9.018832e-01   8.096943e-01   9.034358e-01   9.654253e-01   7.369903e-01   8.218739e-01   8.770868e-01   9.147645e-01
   0.000000e+00   0.000000e+00   2.674292e-03   0.000000e+00   1.197476e-04   5.002703e-02   8.965894e-01   9.976315e-01   9.176861e-01   8.113662e-01   8.845278e-01   9.709378e-01   7.362544e-01   7.939953e-01   8.603741e-01   9.300478e-01
   3.780154e-01   9.465134e-01   0.000000e+00   0.000000e+00   5.730061e-04   0.000000e+00   9.951223e-01   9.983892e-01   9.115202e-01   8.378563e-01   8.933658e-01   9.816279e-01   7.768802e-01   8.861266e-01   8.841688e-01   9.079259e-01
   1.098709e-02   4.618927e-03   9.439676e-01   4.568196e-02   1.668433e-04   0.000000e+00   8.923858e-01   9.976502e-01   9.546109e-01   8.078961e-01   8.909119e-01   9.674287e-01   7.734443e-01   7.940222e-01   8.757619e-01   9.128398e-01
   7.499160e-04   1.829374e-01   9.408211e-03   3.314491e-02   6.654053e-02   3.822272e-06   8.674256e-01   9.995069e-01   9.407104e-01   8.117322e-01   8.377877e-01   9.640590e-01   7.733195e-01   7.953237e-01   8.572188e-01   9.303888e-01
   3.824817e-03   1.381331e-01   9.166753e-01   5.895013e-01   1.670857e-04   1.550790e-03   8.985653e-01   9.977513e-01   9.048350e-01   8.092725e-01   9.105070e-01   9.603730e-01   7.495632e-01   8.292069e-01   8.527644e-01   9.338877e-01
   0.000000e+00   0.000000e+00   8.636304e-01   9.121514e-01   6.575646e-04   5.945500e-04   8.923220e-01   9.997957e-01   9.442114e-01   8.082998e-01   8.908698e-01   9.674061e-01   7.388869e-01   8.265157e-01   8.696583e-01   9.140986e-01
   4.417411e-10   0.000000e+00   9.867937e-01   5.824849e-01   9.831804e-01   8.951255e-01   8.917962e-01   9.997322e-01   9.407008e-01   8.077126e-01   8.913104e-01   9.637074e-01   7.613295e-01   8.249059e-01   8.607269e-01   9.117363e-01
   0.000000e+00   3.705355e-04   0.000000e+00   9.568118e-01   2.313556e-01   1.263988e-01   8.954991e-01   9.997181e-01   9.404998e-01   8.050265e-01   8.928551e-01   9.637712e-01   7.686601e-01   8.184867e-01   8.607386e-01   9.302802e-01
   5.905572e-03   1.970850e-01   1.000000e+00   9.652170e-01   6.966475e-04   3.581556e-03   8.866277e-01   9.977691e-01   9.425413e-01   8.002832e-01   9.230475e-01   9.675035e-01   7.359888e-01   8.001353e-01   8.522815e-01   9.281704e-01
   4.074328e-01   4.154925e-01   0.000000e+00   0.000000e+00   1.819557e-03   0.000000e+00   9.999680e-01   9.995831e-01   9.367656e-01   8.078495e-01   9.015433e-01   9.704847e-01   7.694550e-01   8.245023e-01   8.918889e-01   9.121494e-01
   6.535123e-06   0.000000e+00   9.952129e-01   2.096982e-01   9.710530e-01   3.457087e-03   8.904743e-01   9.920181e-01   9.495660e-01   8.125059e-01   8.849736e-01   9.625475e-01   7.371052e-01   8.253636e-01   8.914848e-01   9.525304e-01
   0.000000e+00   0.000000e+00   0.000000e+00   5.509961e-02   9.751525e-01   8.985064e-01   8.822152e-01   9.980914e-01   9.406704e-01   8.079019e-01   8.797893e-01   9.593795e-01   7.504429e-01   8.279194e-01   8.556241e-01   9.092700e-01
   4.032522e-01   4.109498e-01   0.000000e+00   0.000000e+00   9.712985e-01   6.600928e-02   8.803865e-01   9.976882e-01   9.435852e-01   8.068511e-01   8.919075e-01   9.599906e-01   7.511003e-01   8.260507e-01   8.376323e-01   9.218094e-01
   1.225504e-06   1.785615e-01   0.000000e+00   4.121832e-02   1.000000e+00   7.823836e-02   8.995804e-01   9.973503e-01   9.181603e-01   8.086189e-01   9.059414e-01   9.774096e-01   7.616518e-01   8.423823e-01   8.606305e-01   9.120901e-01
   4.057087e-01   4.223929e-01   2.807182e-02   4.748513e-02   1.664315e-04   0.000000e+00   8.833953e-01   9.991966e-01   9.431211e-01   8.130268e-01   8.933622e-01   9.676654e-01   7.613418e-01   7.934530e-01   8.757523e-01   9.140134e-01
   7.007848e-05   1.822599e-01   9.442794e-01   3.455170e-02   9.747790e-01   9.009254e-01   8.982389e-01   9.975475e-01   9.400729e-01   8.079300e-01   8.920908e-01   9.675918e-01   7.774950e-01   7.812523e-01   8.909932e-01   8.916457e-01
   0.000000e+00   1.858260e-01   3.747663e-04   0.000000e+00   9.664812e-01   2.241928e-01   8.919673e-01   9.976249e-01   9.624749e-01   8.178553e-01   8.933849e-01   9.657419e-01   7.368911e-01   8.262470e-01   8.757406e-01   9.116161e-01
   3.846565e-05   0.000000e+00   9.442281e-01   3.496201e-02   9.746333e-01   9.009254e-01   8.982389e-01   9.976226e-01   9.401958e-01   8.079300e-01   8.933492e-01   9.633698e-01   7.779054e-01   8.122537e-01   8.757693e-01   9.354930e-01
   1.059217e-01   3.698560e-01   1.000000e+00   9.665566e-01   1.000000e+00   0.000000e+00   8.989682e-01   9.995538e-01   9.432379e-01   8.001198e-01   8.950333e-01   9.587095e-01   7.345342e-01   8.321260e-01   8.784968e-01   8.994871e-01
   1.299321e-06   0.000000e+00   0.000000e+00   0.000000e+00   9.828586e-01   2.496437e-02   8.966024e-01   9.975582e-01   9.438830e-01   8.084999e-01   8.908067e-01   9.682559e-01   7.340916e-01   8.135864e-01   8.619531e-01   9.114462e-01
   5.905572e-03   1.234682e-02   1.000000e+00   9.666215e-01   0.000000e+00   3.581556e-03   8.966397e-01   9.995189e-01   9.375503e-01   8.002671e-01   8.933583e-01   9.675037e-01   7.353142e-01   7.998665e-01   8.522815e-01   9.121336e-01
   1.046237e-01   3.930849e-01   0.000000e+00   0.000000e+00   9.748237e-01   8.163306e-01   8.922532e-01   9.979674e-01   9.842130e-01   7.993213e-01   8.921340e-01   9.588069e-01   7.606438e-01   8.261458e-01   8.564036e-01   9.203272e-01
   1.156705e-01   4.177062e-01   1.000000e+00   9.671761e-01   9.798579e-01   8.932152e-01   9.004533e-01   9.996029e-01   9.429204e-01   8.089690e-01   8.950325e-01   9.642665e-01   7.561317e-01   8.290385e-01   8.767311e-01   7.957136e-01
   0.000000e+00   1.796956e-01   0.000000e+00   5.819258e-01   9.768709e-01   9.173369e-01   8.958506e-01   9.975527e-01   9.400760e-01   8.418107e-01   8.930779e-01   9.639536e-01   7.346971e-01   7.813537e-01   8.911027e-01   9.287197e-01
   4.485020e-01   3.789198e-01   1.000000e+00   9.627895e-01   1.000000e+00   9.032227e-01   8.963315e-01   9.987163e-01   9.419853e-01   8.065832e-01   8.448364e-01   9.636444e-01   7.555588e-01   8.309966e-01   8.789518e-01   9.264605e-01
   4.019442e-01   7.146036e-01   1.000000e+00   9.612696e-01   1.727820e-03   0.000000e+00   9.050627e-01   9.997452e-01   9.429270e-01   8.088913e-01   8.922682e-01   9.675805e-01   7.711895e-01   8.245572e-01   8.845011e-01   9.175528e-01
   4.025594e-01   9.390697e-01   2.904693e-02   0.000000e+00   9.773478e-01   9.030712e-01   1.000000e+00   9.934915e-01   9.404958e-01   8.069784e-01   8.910056e-01   9.677808e-01   7.677731e-01   8.243273e-01   8.989469e-01   8.748919e-01
   6.443697e-01   1.381331e-01   9.177498e-01   9.689209e-01   1.670857e-04   6.763081e-05   8.985653e-01   9.990891e-01   9.048350e-01   8.138701e-01   9.105070e-01   9.602601e-01   7.495632e-01   8.292069e-01   8.859987e-01   9.335388e-01
   4.068754e-01   3.997869e-03   0.000000e+00   0.000000e+00   2.522948e-03   7.221763e-03   8.932853e-01   9.996071e-01   9.182765e-01   7.696110e-01   8.745656e-01   9.591546e-01   7.377677e-01   8.120823e-01   8.523215e-01   9.104209e-01
   0.000000e+00   4.236550e-01   9.541472e-01   4.651681e-02   1.959586e-04   7.463380e-01   8.903812e-01   9.976969e-01   9.317841e-01   8.119937e-01   8.919686e-01   9.674703e-01   7.757723e-01   8.245140e-01   8.757498e-01   9.270611e-01
   1.154013e-01   4.177062e-01   1.000000e+00   9.671761e-01   2.948281e-04   0.000000e+00   8.941859e-01   9.990829e-01   9.428835e-01   8.002886e-01   9.287835e-01   6.893025e-01   7.391808e-01   8.006513e-01   8.558416e-01   8.691510e-01
   0.000000e+00   0.000000e+00   0.000000e+00   2.050064e-01   0.000000e+00   0.000000e+00   8.921642e-01   9.988122e-01   9.374176e-01   8.119937e-01   8.933489e-01   9.675316e-01   7.605105e-01   7.944129e-01   8.528332e-01   9.264887e-01
   1.669327e-05   3.762821e-01   9.290834e-01   6.277791e-01   9.747796e-01   8.967907e-01   8.985833e-01   9.975508e-01   9.416246e-01   8.129522e-01   8.949356e-01   9.602777e-01   7.619594e-01   8.129324e-01   8.815679e-01   9.139297e-01
   0.000000e+00   0.000000e+00   0.000000e+00   8.626215e-01   9.749372e-01   9.018731e-01   8.985630e-01   9.990350e-01   9.374244e-01   8.051430e-01   9.049166e-01   9.679120e-01   7.438682e-01   8.139419e-01   8.755627e-01   9.242157e-01
   1.148347e-01   4.920861e-01   1.000000e+00   5.311087e-02   2.948281e-04   0.000000e+00   8.932857e-01   9.990829e-01   9.411481e-01   8.002886e-01   9.526580e-01   6.893025e-01   7.377504e-01   8.005623e-01   8.558416e-01   8.691510e-01
   3.850273e-05   3.762821e-01   1.357781e-02   6.277791e-01   9.747801e-01   8.967907e-01   8.867758e-01   9.975508e-01   9.553659e-01   8.129522e-01   9.451415e-01   9.620868e-01   7.619594e-01   8.308599e-01   8.815679e-01   9.137059e-01
   0.000000e+00   1.783668e-01   5.932872e-02   7.075480e-01   9.747207e-01   0.000000e+00   8.910148e-01   9.987215e-01   9.047782e-01   8.082969e-01   8.950802e-01   9.639266e-01   7.590756e-01   8.290319e-01   8.553675e-01   9.152442e-01
   0.000000e+00   6.362672e-01   9.056728e-03   4.881410e-02   9.769753e-01   9.175814e-01   8.922414e-01   9.975527e-01   9.815735e-01   8.004731e-01   8.935260e-01   9.639536e-01   7.609867e-01   7.813537e-01   8.911027e-01   9.287197e-01
   0.000000e+00   4.223929e-01   4.407175e-02   8.085220e-02   1.664315e-04   0.000000e+00   8.958027e-01   9.991966e-01   9.431153e-01   8.130268e-01   9.020195e-01   9.676654e-01   7.614803e-01   7.933844e-01   8.757958e-01   9.140134e-01
   3.495709e-05   0.000000e+00   2.725460e-02   9.158375e-01   9.986161e-01   6.557619e-01   8.912723e-01   9.976136e-01   9.410966e-01   8.084194e-01   8.951398e-01   9.637407e-01   7.261771e-01   8.309738e-01   8.545651e-01   8.575058e-01
   4.988491e-05   0.000000e+00   0.000000e+00   5.727653e-01   5.578615e-05   1.538209e-03   8.957960e-01   9.995465e-01   9.425573e-01   8.190093e-01   9.032346e-01   9.658704e-01   7.353991e-01   8.244794e-01   8.550781e-01   9.112452e-01
   6.521607e-01   2.821980e-02   9.103966e-01   9.162091e-01   1.042696e-02   0.000000e+00   8.985652e-01   9.976882e-01   9.416636e-01   8.117803e-01   9.097498e-01   9.637353e-01   7.620124e-01   8.242728e-01   8.916546e-01   9.121025e-01
   3.501693e-05   4.177062e-01   1.000000e+00   5.669559e-01   1.747370e-05   0.000000e+00   8.818674e-01   9.997245e-01   9.407253e-01   7.999015e-01   9.287835e-01   6.893025e-01   7.609836e-01   7.953911e-01   8.558416e-01   9.114862e-01
   3.495709e-05   0.000000e+00   0.000000e+00   2.149002e-01   9.996096e-01   6.636931e-01   8.921548e-01   9.976136e-01   9.411508e-01   8.121124e-01   8.951398e-01   9.675873e-01   7.266363e-01   8.309738e-01   8.756103e-01   9.264519e-01
   6.287082e-01   4.177062e-01   1.000000e+00   9.671761e-01   1.608722e-03   0.000000e+00   8.775358e-01   9.991204e-01   9.002888e-01   8.053336e-01   9.045164e-01   9.675247e-01   7.387799e-01   8.287421e-01   8.871899e-01   9.112922e-01
   0.000000e+00   0.000000e+00   1.590934e-02   2.365272e-01   0.000000e+00   9.653142e-01   8.918968e-01   9.995702e-01   9.571374e-01   7.869861e-01   8.909905e-01   9.674588e-01   7.224157e-01   8.244369e-01   8.980322e-01   8.858541e-01
   6.836990e-04   1.829374e-01   9.408211e-03   6.278518e-01   3.967981e-03   1.544121e-03   8.973915e-01   9.977406e-01   9.394135e-01   8.117322e-01   8.377877e-01   9.603726e-01   7.733195e-01   7.945962e-01   8.572188e-01   9.339080e-01
   0.000000e+00   1.856244e-01   0.000000e+00   0.000000e+00   1.111180e-02   4.898974e-02   8.965894e-01   9.976315e-01   9.350982e-01   8.113662e-01   8.845278e-01   9.709378e-01   7.362544e-01   7.939953e-01   8.616621e-01   9.108722e-01
   3.780154e-01   6.341789e-01   0.000000e+00   0.000000e+00   2.997577e-03   0.000000e+00   9.951223e-01   9.995584e-01   9.563730e-01   8.378563e-01   8.948814e-01   9.676181e-01   7.423612e-01   7.908190e-01   8.762773e-01   9.318806e-01
   3.689868e-03   3.770799e-01   2.030283e-06   0.000000e+00   0.000000e+00   0.000000e+00   8.820620e-01   9.976937e-01   9.375195e-01   8.378563e-01   9.017272e-01   9.641365e-01   7.438200e-01   8.244985e-01   8.913782e-01   9.125127e-01
   0.000000e+00   4.229695e-01   8.683486e-05   2.065934e-01   0.000000e+00   6.396398e-02   8.833598e-01   9.998342e-01   8.598660e-01   8.132779e-01   9.123257e-01   9.667530e-01   7.550574e-01   8.125695e-01   8.827862e-01   9.325871e-01
   6.750824e-05   1.798998e-01   9.157764e-01   5.719384e-01   0.000000e+00   9.622925e-01   8.827437e-01   9.997493e-01   9.048644e-01   8.092920e-01   8.913838e-01   9.807499e-01   7.616285e-01   7.953516e-01   8.917420e-01   9.117355e-01
   0.000000e+00   1.804083e-01   1.081143e-02   4.643771e-02   1.959586e-04   7.436919e-01   8.903812e-01   9.975436e-01   9.400032e-01   8.119937e-01   8.919686e-01   9.669824e-01   7.268879e-01   8.184919e-01   8.914692e-01   8.919196e-01
   5.796824e-05   4.177062e-01   0.000000e+00   5.771819e-01   9.335204e-01   3.790495e-02   8.926259e-01   9.976539e-01   9.081240e-01   8.092898e-01   9.099286e-01   9.676209e-01   7.392945e-01   8.243764e-01   8.921069e-01   9.066567e-01
   3.794757e-01   2.051915e-01   4.454752e-04   4.691776e-04   9.781718e-01   9.026505e-01   8.902931e-01   9.984348e-01   9.391292e-01   8.370714e-01   8.910215e-01   9.746787e-01   7.996560e-01   8.243715e-01   8.981350e-01   9.267196e-01
   1.669327e-05   8.116966e-01   9.290834e-01   6.277791e-01   9.747796e-01   9.633760e-01   8.985833e-01   9.975508e-01   9.139894e-01   8.129659e-01   8.926226e-01   9.690713e-01   7.619594e-01   8.137071e-01   8.821799e-01   9.204261e-01
   3.864236e-05   1.815294e-01   9.359660e-02   3.646947e-02   9.850348e-01   5.531157e-02   8.912683e-01   9.974599e-01   9.400845e-01   8.078925e-01   8.943412e-01   9.618279e-01   7.787566e-01   8.292765e-01   8.749468e-01   9.333942e-01
   0.000000e+00   1.794318e-01   2.139222e-02   2.195752e-01   0.000000e+00   5.531157e-02   8.912736e-01   9.994583e-01   9.330679e-01   8.093329e-01   8.943805e-01   9.672049e-01   7.618598e-01   7.942770e-01   8.452883e-01   9.123337e-01
   6.434456e-01   8.116966e-01   9.290834e-01   6.267237e-01   9.747796e-01   9.104228e-01   8.985655e-01   9.975486e-01   9.139894e-01   8.139658e-01   8.926226e-01   9.690713e-01   7.695604e-01   8.148076e-01   8.859478e-01   9.204261e-01
   0.000000e+00   1.851515e-01   0.000000e+00   0.000000e+00   9.746280e-01   8.932461e-01   8.998791e-01   9.996491e-01   9.326708e-01   8.074185e-01   8.952949e-01   9.639266e-01   7.360178e-01   8.029275e-01   8.567871e-01   9.329005e-01
   1.098709e-02   4.618927e-03   8.956855e-01   1.993254e-02   1.668433e-04   4.436163e-02   8.923858e-01   9.976502e-01   9.523657e-01   8.117272e-01   8.919353e-01   9.674088e-01   7.251955e-01   8.649060e-01   8.757619e-01   9.128398e-01
   3.687687e-01   0.000000e+00   0.000000e+00   0.000000e+00   9.724069e-01   9.027320e-01   8.735669e-01   9.991144e-01   9.436710e-01   8.078549e-01   9.036059e-01   9.614824e-01   7.571059e-01   8.274330e-01   8.981933e-01   9.265558e-01
   3.495709e-05   0.000000e+00   0.000000e+00   0.000000e+00   9.532834e-01   6.501268e-01   8.912723e-01   9.976136e-01   9.410966e-01   7.993670e-01   8.951398e-01   9.637407e-01   7.607206e-01   8.309738e-01   8.544709e-01   8.575058e-01
   5.008345e-05   0.000000e+00   0.000000e+00   5.727653e-01   9.683453e-01   0.000000e+00   8.957960e-01   9.995465e-01   9.434080e-01   8.189344e-01   9.032346e-01   9.641192e-01   7.353991e-01   7.957306e-01   8.825508e-01   9.113129e-01
   0.000000e+00   4.177062e-01   1.000000e+00   9.671761e-01   9.794959e-01   8.932152e-01   9.004533e-01   9.975331e-01   9.214377e-01   8.152681e-01   8.949429e-01   9.642665e-01   7.561317e-01   8.290385e-01   9.156325e-01   9.163248e-01
   0.000000e+00   4.177990e-01   1.000000e+00   9.671761e-01   0.000000e+00   8.905896e-01   8.989632e-01   9.977235e-01   9.405660e-01   8.126749e-01   9.044822e-01   9.674415e-01   6.811378e-01   7.975482e-01   9.275526e-01   9.555385e-01
   1.698202e-08   1.850909e-01   8.639757e-03   4.173004e-04   0.000000e+00   5.625813e-04   8.933252e-01   9.992455e-01   9.417585e-01   8.090734e-01   9.536463e-01   9.676421e-01   7.373155e-01   7.933713e-01   8.554491e-01   9.155593e-01
   0.000000e+00   4.197269e-01   3.747663e-04   0.000000e+00   0.000000e+00   2.241928e-01   8.919673e-01   9.976249e-01   9.624749e-01   8.178553e-01   9.309696e-01   9.685186e-01   7.368911e-01   8.259277e-01   8.752092e-01   9.116161e-01
   4.685243e-01   1.784875e-01   9.980478e-01   9.665566e-01   9.752158e-01   9.049501e-01   8.989654e-01   9.987281e-01   9.673974e-01   8.001198e-01   9.016526e-01   9.641104e-01   7.600131e-01   7.815854e-01   8.906536e-01   8.996613e-01
   0.000000e+00   1.851515e-01   0.000000e+00   0.000000e+00   1.000000e+00   1.733106e-02   8.998791e-01   9.996491e-01   9.326708e-01   8.074195e-01   8.952947e-01   9.703865e-01   7.697584e-01   8.243207e-01   8.582007e-01   9.329005e-01
   3.828123e-05   8.653943e-06   1.000000e+00   9.624472e-01   9.700632e-01   9.115387e-01   8.953122e-01   1.000000e+00   9.431676e-01   7.876273e-01   9.047041e-01   9.674124e-01   7.343825e-01   8.237693e-01   8.548530e-01   9.146548e-01
   3.945945e-01   4.524041e-01   1.988592e-04   4.035711e-03   3.775388e-02   7.011424e-01   8.911121e-01   9.980847e-01   9.552649e-01   8.164834e-01   8.911675e-01   9.775165e-01   7.351887e-01   8.191798e-01   7.686489e-01   9.109235e-01
   0.000000e+00   4.143365e-01   0.000000e+00   0.000000e+00   9.745196e-01   0.000000e+00   8.970238e-01   9.993564e-01   9.372758e-01   8.136394e-01   9.094596e-01   9.637355e-01   7.542561e-01   8.322177e-01   8.587562e-01   9.117565e-01
   6.471210e-01   6.342510e-03   8.721968e-02   2.217583e-02   1.851540e-01   0.000000e+00   8.987293e-01   9.976856e-01   9.436182e-01   8.139416e-01   9.631528e-01   9.602601e-01   7.264245e-01   8.293035e-01   8.748701e-01   9.123357e-01
   0.000000e+00   4.096122e-01   0.000000e+00   1.000000e+00   1.515896e-02   6.878881e-01   8.826457e-01   9.980283e-01   9.772697e-01   7.869861e-01   8.933596e-01   9.673994e-01   7.388642e-01   8.246008e-01   8.983138e-01   9.150412e-01
   0.000000e+00   0.000000e+00   0.000000e+00   2.050064e-01   0.000000e+00   9.223571e-01   8.871900e-01   9.988122e-01   9.557057e-01   8.050984e-01   8.923462e-01   9.671723e-01   7.687154e-01   8.195678e-01   8.620590e-01   9.137198e-01
   0.000000e+00   6.290722e-01   0.000000e+00   9.870298e-01   9.736348e-01   8.944830e-01   8.870383e-01   9.976867e-01   9.555983e-01   8.134491e-01   8.919715e-01   9.816813e-01   7.607431e-01   8.307804e-01   8.810170e-01   9.138273e-01
   1.166174e-01   1.783668e-01   5.932872e-02   9.706831e-01   9.033450e-03   2.150509e-02   8.910992e-01   9.987215e-01   9.429221e-01   8.082321e-01   8.943257e-01   9.639266e-01   7.389632e-01   8.293103e-01   8.553675e-01   8.658562e-01
   4.685243e-01   1.577485e-01   9.985464e-01   5.416534e-02   8.789519e-02   9.061054e-01   8.983189e-01   9.987208e-01   9.673974e-01   8.001198e-01   9.016526e-01   9.765813e-01   7.600131e-01   8.306395e-01   8.756001e-01   8.681191e-01
   4.544556e-01   1.445132e-01   0.000000e+00   0.000000e+00   9.336202e-01   6.408987e-02   8.836561e-01   9.991459e-01   9.430706e-01   8.140193e-01   8.921848e-01   9.676868e-01   7.774646e-01   8.153264e-01   8.498971e-01   9.315776e-01
   1.167472e-02   1.891237e-01   1.983311e-05   0.000000e+00   9.745710e-01   8.979193e-01   8.918811e-01   9.999873e-01   9.429888e-01   8.076190e-01   8.919484e-01   9.638035e-01   7.563593e-01   8.288767e-01   8.769116e-01   9.138117e-01
   2.275230e-04   1.454379e-01   1.000000e+00   4.006870e-02   9.748416e-01   2.184665e-02   8.772763e-01   9.975574e-01   9.430847e-01   8.375032e-01   9.017467e-01   9.640443e-01   7.620176e-01   8.054970e-01   8.916583e-01   8.893819e-01
   7.552873e-04   3.762821e-01   1.357781e-02   6.277791e-01   0.000000e+00   3.173802e-02   8.973754e-01   9.975508e-01   9.553659e-01   8.129522e-01   9.451415e-01   9.701486e-01   7.693611e-01   8.312640e-01   8.815679e-01   9.137059e-01
   8.155886e-03   3.950814e-01   0.000000e+00   9.982925e-01   9.568638e-01   6.878881e-01   8.919106e-01   9.995533e-01   9.234340e-01   8.078135e-01   8.940051e-01   9.673994e-01   7.388642e-01   8.333704e-01   8.992377e-01   9.148607e-01
   3.659389e-03   6.362672e-01   9.056728e-03   4.881410e-02   1.045690e-02   9.175814e-01   8.922414e-01   9.975515e-01   9.815735e-01   8.004731e-01   8.935260e-01   9.639536e-01   7.437272e-01   7.813537e-01   8.911046e-01   9.008276e-01
   1.184878e-02   1.892623e-01   3.559832e-02   0.000000e+00   9.746223e-01   3.865066e-02   8.834272e-01   9.881507e-01   9.072239e-01   8.076190e-01   8.919484e-01   9.633712e-01   7.354627e-01   8.237762e-01   8.918458e-01   9.138117e-01
   3.524668e-01   7.549215e-01   7.986507e-02   6.931301e-01   2.579417e-03   2.222632e-02   8.866989e-01   9.987214e-01   9.399124e-01   8.217580e-01   8.909278e-01   9.599462e-01   6.621706e-01   7.947724e-01   8.611905e-01   9.111464e-01
   1.479589e-01   3.762821e-01   0.000000e+00   6.277791e-01   9.747801e-01   8.967907e-01   8.867758e-01   9.975508e-01   9.425179e-01   8.129522e-01   8.956565e-01   9.620868e-01   7.619594e-01   8.130701e-01   8.815679e-01   9.137051e-01
   6.662410e-01   1.381331e-01   3.198529e-02   1.000000e+00   1.664362e-04   7.331776e-05   8.956665e-01   9.992012e-01   9.425801e-01   8.129525e-01   9.108588e-01   9.602601e-01   7.615036e-01   7.940725e-01   8.863621e-01   9.129857e-01
   0.000000e+00   0.000000e+00   8.636304e-01   9.667925e-01   6.575646e-04   5.680237e-04   8.923639e-01   9.998738e-01   9.442114e-01   8.083445e-01   8.910217e-01   9.674055e-01   7.594458e-01   8.265157e-01   8.521947e-01   9.140986e-01
   3.656305e-07   4.143365e-01   0.000000e+00   0.000000e+00   9.745969e-01   7.753732e-02   7.287355e-01   9.991544e-01   9.412080e-01   8.136394e-01   8.957365e-01   9.639283e-01   7.542561e-01   8.322177e-01   8.587562e-01   9.262722e-01
   0.000000e+00   0.000000e+00   0.000000e+00   5.636237e-01   9.723998e-01   9.027320e-01   8.735669e-01   9.991144e-01   9.436700e-01   8.078549e-01   9.032343e-01   9.614824e-01   7.571059e-01   8.274330e-01   8.981178e-01   9.270551e-01
   6.398853e-01   6.441266e-01   9.056728e-03   9.952380e-01   1.008071e-02   9.175814e-01   8.988551e-01   9.975515e-01   9.831261e-01   8.004731e-01   8.986644e-01   9.603048e-01   6.876928e-01   7.813537e-01   8.911965e-01   9.008276e-01
   1.565421e-06   1.814264e-01   9.678513e-01   9.357689e-01   9.745061e-01   9.028481e-01   8.910128e-01   9.996927e-01   9.401423e-01   8.078586e-01   8.943354e-01   9.848795e-01   7.590756e-01   8.290319e-01   8.553731e-01   9.152442e-01
   4.168224e-01   6.255766e-01   0.000000e+00   9.177946e-01   9.785938e-01   9.027499e-01   8.813371e-01   9.979593e-01   9.369897e-01   8.074292e-01   8.914477e-01   9.661715e-01   7.613648e-01   8.310281e-01   8.786519e-01   9.271175e-01
   0.000000e+00   0.000000e+00   0.000000e+00   9.481437e-01   0.000000e+00   9.223571e-01   8.821092e-01   9.987834e-01   9.426081e-01   8.031246e-01   8.923462e-01   9.671870e-01   7.688126e-01   8.247822e-01   8.600120e-01   9.138086e-01
   0.000000e+00   0.000000e+00   0.000000e+00   1.933534e-01   0.000000e+00   0.000000e+00   8.921424e-01   9.988122e-01   9.404836e-01   8.119937e-01   8.933489e-01   9.675273e-01   7.605105e-01   8.122334e-01   8.528332e-01   8.930485e-01
   3.933922e-01   3.997869e-03   0.000000e+00   2.120376e-01   2.522948e-03   7.221763e-03   8.932853e-01   9.996071e-01   9.182765e-01   7.696110e-01   8.745229e-01   9.591546e-01   7.377677e-01   8.120823e-01   8.915730e-01   9.108202e-01
   4.104711e-01   1.894466e-01   9.144122e-02   2.217583e-02   4.941441e-03   9.078682e-01   9.000272e-01   9.976856e-01   9.065521e-01   8.139416e-01   8.928750e-01   9.602601e-01   7.269894e-01   8.292032e-01   8.757863e-01   9.329154e-01
   2.990415e-10   1.855120e-01   6.383488e-03   5.509832e-02   9.751525e-01   9.484193e-01   8.822152e-01   9.980914e-01   9.418219e-01   8.091048e-01   8.802073e-01   9.604888e-01   7.504429e-01   8.279194e-01   8.556241e-01   9.092700e-01
   0.000000e+00   3.777486e-01   9.290834e-01   6.185810e-01   1.763121e-01   8.967907e-01   8.983466e-01   9.975508e-01   9.416246e-01   8.134474e-01   8.933914e-01   8.520429e-01   7.537553e-01   8.128057e-01   8.832376e-01   9.138463e-01
   3.851584e-01   2.045828e-01   2.513267e-02   9.517663e-01   9.959161e-01   8.943836e-01   8.972261e-01   9.984350e-01   9.042288e-01   8.001782e-01   8.900788e-01   9.633632e-01   8.005417e-01   8.243839e-01   8.981350e-01   9.275521e-01
   3.559310e-03   2.060445e-01   9.325592e-01   1.165305e-02   9.754780e-01   8.944830e-01   8.975006e-01   9.995694e-01   9.373575e-01   7.998271e-01   9.016283e-01   9.640572e-01   7.615691e-01   7.943201e-01   8.906735e-01   9.249701e-01
