   7.930973e-01   9.108701e-01   9.861818e-01   7.591003e-01   1.106608e-01   1.746703e-02   6.616462e-01   8.984105e-01   9.993290e-01   9.475359e-01   1.000000e+00   9.272661e-01   9.988428e-01   9.476704e-01   9.939184e-01   9.432941e-01   1.000000e+00
   7.739780e-01   9.107414e-01   5.426322e-01   6.744875e-01   2.259140e-01   1.764134e-02   3.988808e-01   8.941893e-01   9.998376e-01   9.372330e-01   9.895841e-01   9.177773e-01   9.998982e-01   8.414338e-01   9.990097e-01   9.397795e-01   1.000000e+00
   7.345882e-01   6.284857e-01   9.789535e-01   7.395045e-01   1.051184e-01   5.708977e-02   4.687608e-01   8.945284e-01   9.587620e-01   9.028361e-01   9.803638e-01   9.195626e-01   9.156784e-01   8.692027e-01   9.785423e-01   9.492485e-01   9.162074e-01
   7.376530e-01   9.876327e-01   9.635841e-01   6.520176e-01   2.208694e-01   1.488290e-02   5.503845e-01   8.976180e-01   9.903028e-01   9.052040e-01   9.804999e-01   9.197776e-01   9.791657e-01   9.193715e-01   9.912252e-01   9.320157e-01   1.000000e+00
   7.620989e-01   1.000000e+00   5.693407e-01   8.101366e-01   8.665881e-02   7.002408e-02   7.346702e-01   8.969605e-01   9.996292e-01   9.063291e-01   1.000000e+00   9.207168e-01   9.995024e-01   9.476276e-01   9.999888e-01   9.393853e-01   9.999137e-01
   8.121400e-01   1.000000e+00   9.949182e-01   8.021601e-01   1.937116e-01   2.599940e-02   4.039124e-01   8.948917e-01   1.000000e+00   9.129792e-01   9.982466e-01   9.349843e-01   9.899015e-01   9.703798e-01   9.702589e-01   9.410439e-01   8.613700e-01
   7.182870e-01   7.711272e-01   5.517725e-01   6.690686e-01   1.752074e-01   0.000000e+00   5.456297e-01   8.990188e-01   1.000000e+00   9.065128e-01   9.999872e-01   9.272859e-01   9.983622e-01   9.246690e-01   9.969194e-01   9.398985e-01   9.999981e-01
   7.788116e-01   4.178184e-01   1.000000e+00   8.539770e-01   5.964180e-02   2.354613e-02   4.244842e-01   8.219386e-01   8.557278e-01   9.644806e-01   9.986652e-01   9.293513e-01   9.984144e-01   7.477160e-01   9.974956e-01   9.638069e-01   9.999765e-01
   7.572494e-01   9.996641e-01   9.921995e-01   6.565154e-01   7.854061e-02   3.081110e-03   3.727979e-01   7.213336e-01   7.582275e-01   8.593079e-01   1.000000e+00   9.248252e-01   9.826779e-01   9.616261e-01   9.999908e-01   9.564389e-01   9.506373e-01
   7.955792e-01   1.251499e-01   1.000000e+00   7.213371e-01   9.432740e-02   4.166794e-03   3.937955e-01   9.011538e-01   9.996419e-01   9.069790e-01   9.893828e-01   9.204479e-01   9.999228e-01   9.357042e-01   9.999954e-01   9.399664e-01   1.000000e+00
   3.579480e-01   7.743423e-01   9.577442e-01   8.451397e-01   2.276058e-01   1.730177e-02   5.538480e-01   7.201067e-01   7.595128e-01   8.571851e-01   9.999850e-01   9.207075e-01   9.825474e-01   9.351898e-01   9.775644e-01   9.397197e-01   9.994370e-01
   7.437406e-01   7.638843e-01   9.757268e-01   8.234555e-01   9.047332e-02   2.600797e-02   6.953246e-01   8.971597e-01   9.972853e-01   8.680352e-01   9.892445e-01   9.302115e-01   9.995238e-01   9.130849e-01   9.736176e-01   9.556526e-01   9.172074e-01
   7.341695e-01   7.638950e-01   9.863395e-01   8.315088e-01   1.106608e-01   1.620311e-02   6.633786e-01   8.984105e-01   9.645438e-01   9.112047e-01   9.281795e-01   8.966721e-01   9.024962e-01   9.117134e-01   9.998442e-01   9.474361e-01   9.979738e-01
   7.625207e-01   1.000000e+00   1.000000e+00   6.803818e-01   1.022477e-01   1.767318e-02   6.808170e-01   8.948603e-01   9.738416e-01   9.156119e-01   9.911881e-01   9.303640e-01   1.000000e+00   9.614010e-01   1.000000e+00   9.576877e-01   9.993191e-01
   7.137659e-01   9.179966e-01   9.863948e-01   6.716691e-01   5.835853e-02   8.233520e-02   6.970772e-01   8.808440e-01   9.802816e-01   9.058956e-01   9.949528e-01   8.957980e-01   8.907797e-01   8.663368e-01   7.541413e-01   9.579483e-01   9.975915e-01
   7.946555e-01   9.728296e-01   9.841636e-01   7.371967e-01   2.376969e-01   1.627914e-02   5.038898e-01   8.967328e-01   9.914925e-01   9.122460e-01   9.998222e-01   9.615562e-01   9.980392e-01   9.567667e-01   1.000000e+00   9.379283e-01   9.998434e-01
   4.211495e-01   9.524722e-01   9.973560e-01   8.758757e-01   1.091272e-01   1.622409e-02   5.456652e-01   8.969058e-01   1.000000e+00   9.071137e-01   1.000000e+00   9.598205e-01   9.999906e-01   9.195021e-01   9.969376e-01   9.966094e-01   1.000000e+00
   3.096242e-01   7.679492e-01   9.984647e-01   9.446010e-01   8.547686e-02   2.108274e-02   5.721184e-01   8.822196e-01   9.931009e-01   9.048271e-01   9.997836e-01   9.268262e-01   9.995136e-01   9.471264e-01   1.000000e+00   9.547037e-01   9.995709e-01
   7.927816e-01   8.239600e-01   4.995911e-01   7.651231e-01   9.073965e-02   3.640966e-03   4.166438e-01   8.353231e-01   1.000000e+00   9.056986e-01   9.999067e-01   9.289075e-01   9.999656e-01   9.396611e-01   9.996656e-01   9.358032e-01   9.999957e-01
   7.433715e-01   8.462976e-01   9.757491e-01   7.598650e-01   9.047332e-02   2.600797e-02   6.953246e-01   8.965077e-01   9.903654e-01   8.648154e-01   8.981023e-01   9.302115e-01   9.995238e-01   9.130849e-01   9.742022e-01   9.434790e-01   1.000000e+00
   8.109804e-01   2.192700e-01   9.741742e-01   7.571599e-01   1.016981e-01   6.334549e-02   5.870912e-01   8.834782e-01   9.967346e-01   9.120257e-01   1.000000e+00   7.392749e-01   9.833635e-01   9.497239e-01   9.379162e-01   9.574256e-01   9.992419e-01
   7.207548e-01   4.324605e-01   9.940295e-01   7.540498e-01   1.033795e-01   2.199329e-02   4.778193e-01   8.826158e-01   1.000000e+00   8.899018e-01   9.910736e-01   9.228861e-01   9.902597e-01   7.529773e-01   1.000000e+00   9.349737e-01   9.878348e-01
   7.119613e-01   9.302438e-01   9.952508e-01   6.962816e-01   1.675758e-01   4.386918e-02   5.588398e-01   8.910233e-01   1.000000e+00   9.139737e-01   1.000000e+00   9.189939e-01   9.999937e-01   9.195021e-01   9.970063e-01   9.645432e-01   1.000000e+00
   7.461802e-01   8.485589e-01   9.994921e-01   7.583738e-01   1.832849e-01   2.466035e-02   4.448917e-01   9.441023e-01   8.398436e-01   9.160022e-01   8.961330e-01   9.350451e-01   9.979972e-01   9.556819e-01   9.736937e-01   9.427045e-01   9.983361e-01
   7.212845e-01   9.999867e-01   9.900081e-01   7.601072e-01   1.020472e-01   2.300871e-02   4.316992e-01   7.230039e-01   7.624358e-01   9.105322e-01   9.898882e-01   9.251977e-01   9.917485e-01   9.496022e-01   9.999472e-01   9.577178e-01   9.506373e-01
   7.936950e-01   3.631804e-01   9.893040e-01   6.819368e-01   4.200849e-02   2.213202e-02   3.828996e-01   8.884055e-01   1.000000e+00   9.090875e-01   9.999817e-01   9.248390e-01   9.952768e-01   9.439373e-01   1.000000e+00   9.444712e-01   9.991656e-01
   7.524284e-01   9.495693e-01   9.916794e-01   8.010759e-01   1.840404e-01   2.070927e-02   6.877784e-01   8.297294e-01   9.693409e-01   9.138944e-01   9.996602e-01   8.991495e-01   9.989103e-01   9.510457e-01   9.909957e-01   9.549566e-01   9.964370e-01
   7.863469e-01   7.675754e-01   9.534188e-01   7.538030e-01   1.786895e-01   1.817039e-02   5.392926e-01   8.900622e-01   9.999927e-01   9.057063e-01   9.911870e-01   9.247055e-01   9.998807e-01   9.653426e-01   1.000000e+00   9.426221e-01   9.881498e-01
   8.014252e-01   4.269683e-01   9.604303e-01   8.351421e-01   9.323920e-02   3.179282e-04   4.450410e-01   8.921058e-01   6.279842e-01   9.399111e-01   1.000000e+00   9.227590e-01   9.988111e-01   9.571232e-01   9.732002e-01   9.556114e-01   9.985432e-01
   8.086249e-01   6.249260e-01   9.987454e-01   7.726375e-01   3.198616e-01   1.810097e-02   3.941632e-01   9.952237e-01   8.416428e-01   9.763326e-01   9.999371e-01   8.842269e-01   9.981009e-01   8.440514e-01   9.990356e-01   9.444713e-01   1.000000e+00
   2.610340e-01   7.899227e-01   5.308204e-01   7.524231e-01   1.160323e-01   1.453798e-02   6.211816e-01   8.971765e-01   9.999256e-01   9.074828e-01   9.985001e-01   9.196474e-01   9.038697e-01   9.114245e-01   7.590364e-01   9.520713e-01   9.980443e-01
   7.912140e-01   9.966178e-01   1.000000e+00   8.087646e-01   2.139804e-01   3.704234e-03   3.927910e-01   9.996053e-01   9.744432e-01   7.740055e-01   8.940570e-01   9.206739e-01   9.980152e-01   9.479836e-01   9.999952e-01   9.445424e-01   9.998376e-01
   7.892953e-01   1.000000e+00   9.546128e-01   7.602406e-01   8.042242e-02   3.107600e-03   5.385148e-01   7.270510e-01   9.065370e-01   8.722184e-01   9.889747e-01   9.248109e-01   9.999187e-01   9.449122e-01   9.999952e-01   9.426275e-01   9.179706e-01
   7.207548e-01   9.224535e-01   9.940295e-01   7.540498e-01   2.449298e-01   2.199329e-02   4.569937e-01   8.829327e-01   9.970136e-01   9.138456e-01   9.909445e-01   9.222496e-01   9.902597e-01   7.529773e-01   1.000000e+00   9.556665e-01   9.878348e-01
   2.882698e-01   9.725943e-01   9.981702e-01   8.234914e-01   2.646860e-02   2.096793e-02   5.073443e-01   7.730655e-01   9.561015e-01   9.123092e-01   9.971966e-01   9.355623e-01   9.916706e-01   9.503756e-01   9.798780e-01   9.585018e-01   9.723767e-01
   7.276009e-01   8.583019e-01   1.000000e+00   8.398841e-01   2.368258e-01   2.328068e-02   4.474958e-01   9.441442e-01   1.000000e+00   9.259809e-01   8.991067e-01   9.296608e-01   9.995221e-01   9.559430e-01   1.000000e+00   9.455848e-01   9.976531e-01
   7.207548e-01   9.982246e-01   9.993134e-01   8.490126e-01   1.048424e-01   3.717569e-03   4.925434e-01   8.866215e-01   9.859001e-01   9.136791e-01   9.997580e-01   9.693970e-01   9.986421e-01   7.691266e-01   9.999999e-01   9.362463e-01   9.879072e-01
   7.599676e-01   9.997293e-01   9.757152e-01   8.060530e-01   5.421055e-02   1.444477e-02   5.416013e-01   8.938265e-01   9.700579e-01   9.145615e-01   9.323480e-01   9.303679e-01   9.547946e-01   9.726547e-01   9.131406e-01   9.330619e-01   9.998140e-01
   7.593478e-01   7.594555e-01   9.994784e-01   7.583873e-01   1.782544e-01   2.310930e-02   4.412455e-01   8.306468e-01   1.000000e+00   7.799648e-01   9.016534e-01   9.279206e-01   9.979972e-01   9.875433e-01   9.555670e-01   9.442358e-01   9.983362e-01
   7.956510e-01   7.641081e-01   5.272319e-01   6.735857e-01   1.540626e-01   2.808468e-05   4.574092e-01   8.353231e-01   8.940810e-01   9.056986e-01   9.999067e-01   9.289707e-01   9.757652e-01   9.396611e-01   9.631974e-01   9.683264e-01   1.000000e+00
   7.513478e-01   9.327858e-01   9.916555e-01   8.080431e-01   1.840404e-01   1.732430e-02   3.913029e-01   8.253849e-01   9.996091e-01   9.142157e-01   9.992601e-01   9.287603e-01   9.989103e-01   9.510457e-01   9.121367e-01   9.549118e-01   9.964071e-01
   7.207548e-01   9.874353e-01   9.993134e-01   8.490126e-01   1.048424e-01   3.717569e-03   4.776624e-01   8.898869e-01   9.859001e-01   9.136791e-01   9.997580e-01   9.693970e-01   9.986421e-01   9.211487e-01   9.999999e-01   9.319137e-01   9.879072e-01
   7.792882e-01   7.724468e-01   1.000000e+00   8.542320e-01   1.047075e-01   1.634549e-02   6.016067e-01   8.350476e-01   9.861712e-01   9.109848e-01   1.000000e+00   9.177831e-01   9.980969e-01   9.098675e-01   9.994865e-01   9.552871e-01   8.921196e-01
   7.566354e-01   1.000000e+00   5.381156e-01   7.765243e-01   1.022478e-01   2.213290e-02   7.053752e-01   8.317942e-01   7.359449e-01   9.146183e-01   9.999311e-01   8.847028e-01   9.826779e-01   9.616261e-01   9.987250e-01   9.450919e-01   9.510619e-01
   7.226168e-01   9.593858e-01   9.987969e-01   8.552754e-01   7.162361e-02   2.233946e-02   6.996253e-01   8.170970e-01   9.718043e-01   9.069182e-01   9.995724e-01   9.289541e-01   9.996528e-01   9.607596e-01   1.000000e+00   9.347739e-01   9.746804e-01
   7.542079e-01   4.298450e-01   1.000000e+00   7.812977e-01   2.352832e-01   1.560555e-03   7.381107e-01   8.292586e-01   1.000000e+00   8.885403e-01   9.905358e-01   9.303855e-01   9.918474e-01   9.674872e-01   9.543533e-01   9.551197e-01   9.982339e-01
   7.525465e-01   7.133758e-01   9.702513e-01   7.874091e-01   1.806949e-01   1.857972e-02   4.701867e-01   8.958609e-01   1.000000e+00   8.150003e-01   1.000000e+00   9.010547e-01   9.980705e-01   9.400377e-01   1.000000e+00   9.399529e-01   9.068912e-01
   7.697074e-01   9.205665e-01   1.000000e+00   8.104031e-01   1.048027e-01   2.022280e-02   5.242305e-01   8.371583e-01   9.862348e-01   8.652646e-01   9.291516e-01   9.200063e-01   9.947698e-01   9.493532e-01   1.000000e+00   8.540378e-01   9.878910e-01
   7.504562e-01   4.906059e-01   9.874814e-01   8.683739e-01   7.789602e-02   2.217342e-02   5.705417e-01   8.978281e-01   9.903427e-01   9.759487e-01   9.902116e-01   9.201828e-01   9.717929e-01   9.177384e-01   9.739530e-01   9.447603e-01   1.000000e+00
   7.178951e-01   2.076402e-01   9.894503e-01   6.163459e-01   7.943173e-02   2.212553e-02   6.897035e-01   9.095536e-01   9.834727e-01   9.059196e-01   9.721337e-01   9.280285e-01   9.700846e-01   9.228637e-01   9.200226e-01   9.574825e-01   9.848475e-01
   7.581715e-01   9.961422e-01   5.447583e-01   7.155686e-01   7.851530e-02   2.619832e-02   3.897671e-01   8.911873e-01   9.973350e-01   8.722515e-01   9.999978e-01   9.246436e-01   9.822129e-01   9.451436e-01   9.950843e-01   9.526066e-01   8.995305e-01
   4.208659e-01   5.032321e-01   9.845096e-01   8.221236e-01   1.160652e-01   1.510329e-02   6.861783e-01   9.068072e-01   9.998442e-01   9.246340e-01   9.925045e-01   9.230019e-01   9.977836e-01   9.568357e-01   1.000000e+00   9.550952e-01   9.093442e-01
   7.378295e-01   3.333826e-01   9.635841e-01   6.398875e-01   1.957953e-01   1.494344e-02   5.528776e-01   8.907032e-01   9.995659e-01   9.052040e-01   9.994292e-01   9.573461e-01   9.807668e-01   9.236352e-01   9.953478e-01   9.321638e-01   1.000000e+00
   7.690077e-01   1.000000e+00   5.693407e-01   8.101366e-01   8.713078e-02   1.728648e-03   7.413637e-01   8.969832e-01   9.990664e-01   9.060826e-01   1.000000e+00   9.207168e-01   9.407351e-01   9.476276e-01   9.999853e-01   9.393853e-01   9.998190e-01
   8.086249e-01   2.181061e-01   9.987454e-01   7.774715e-01   1.958872e-01   1.810097e-02   3.941632e-01   9.952237e-01   8.416428e-01   9.751213e-01   9.999371e-01   9.211908e-01   9.981009e-01   8.440514e-01   9.070123e-01   9.441313e-01   9.520194e-01
   7.610648e-01   7.539483e-01   9.757624e-01   7.637484e-01   9.188054e-02   1.772679e-02   5.559963e-01   8.971597e-01   8.424470e-01   9.145427e-01   9.272502e-01   9.264015e-01   9.983594e-01   9.380674e-01   8.199570e-01   9.587157e-01   1.000000e+00
   2.988932e-01   8.583019e-01   1.000000e+00   8.231382e-01   2.131562e-02   2.330224e-02   4.474958e-01   9.441442e-01   1.000000e+00   9.122699e-01   9.978929e-01   9.296608e-01   9.987446e-01   9.560536e-01   9.807680e-01   9.442041e-01   9.713315e-01
   7.631586e-01   8.293960e-01   9.928872e-01   7.672956e-01   5.938826e-02   6.408019e-02   5.724875e-01   8.185608e-01   9.704064e-01   9.395405e-01   9.253619e-01   8.759970e-01   8.339379e-01   9.714137e-01   9.599956e-01   9.548282e-01   9.998101e-01
   7.936076e-01   8.889283e-01   5.559361e-01   7.490515e-01   1.084901e-01   3.016937e-03   3.912171e-01   8.911915e-01   1.000000e+00   9.150306e-01   9.983938e-01   9.357048e-01   9.977609e-01   9.554810e-01   9.972223e-01   9.194929e-01   9.989808e-01
   7.532395e-01   9.107414e-01   5.426322e-01   6.672064e-01   2.240232e-01   1.764811e-02   6.980379e-01   8.941893e-01   9.998460e-01   8.181296e-01   9.893408e-01   9.176638e-01   9.998982e-01   9.463966e-01   9.999711e-01   9.565036e-01   9.979405e-01
   7.870481e-01   9.999129e-01   9.799379e-01   7.094478e-01   1.048525e-01   1.474626e-02   5.449771e-01   9.287892e-01   9.362076e-01   8.944212e-01   9.996583e-01   6.975029e-01   9.830105e-01   9.457276e-01   9.892228e-01   9.340080e-01   9.968300e-01
   8.121400e-01   9.854360e-01   9.946609e-01   7.875762e-01   1.948651e-01   1.877883e-02   4.041724e-01   8.948917e-01   1.000000e+00   9.109644e-01   9.999509e-01   9.253311e-01   9.977240e-01   9.895384e-01   9.702589e-01   9.399361e-01   9.065788e-01
   7.795410e-01   7.724468e-01   1.000000e+00   8.100163e-01   1.510926e-01   8.581725e-02   6.016067e-01   8.359657e-01   9.965727e-01   9.112565e-01   9.291466e-01   9.194407e-01   9.988428e-01   9.098675e-01   9.998487e-01   9.552871e-01   8.921196e-01
   7.924673e-01   9.662821e-01   9.977928e-01   7.068429e-01   1.866223e-01   0.000000e+00   5.448205e-01   8.888048e-01   9.702382e-01   9.146595e-01   9.290014e-01   9.251138e-01   9.988268e-01   9.235196e-01   9.743274e-01   9.426301e-01   9.979681e-01
   7.875233e-01   9.117376e-01   9.799379e-01   7.638409e-01   1.060842e-01   1.474626e-02   5.449771e-01   8.281071e-01   9.361190e-01   8.954761e-01   9.999721e-01   9.385582e-01   9.977621e-01   9.457276e-01   9.892228e-01   9.336848e-01   9.968774e-01
   7.781435e-01   7.964883e-01   9.996398e-01   8.245408e-01   8.728068e-02   2.032137e-02   5.223532e-01   9.011538e-01   9.685504e-01   9.060225e-01   9.264544e-01   9.226641e-01   9.986482e-01   9.352319e-01   9.999952e-01   9.399664e-01   9.912535e-01
   7.740513e-01   9.107783e-01   9.603983e-01   7.434290e-01   8.990196e-02   2.000982e-02   7.640127e-01   9.132184e-01   9.696098e-01   9.393277e-01   9.915283e-01   9.361791e-01   9.999778e-01   9.718374e-01   9.982476e-01   9.573679e-01   9.993259e-01
   7.966202e-01   3.306319e-01   1.000000e+00   7.473901e-01   1.841092e-01   8.192782e-03   6.905047e-01   8.921065e-01   9.883798e-01   9.148728e-01   1.000000e+00   9.312540e-01   9.998307e-01   9.216196e-01   9.264155e-01   9.464584e-01   9.979673e-01
   7.675447e-01   5.947164e-01   9.577442e-01   8.451397e-01   2.276058e-01   1.730177e-02   5.535064e-01   8.998069e-01   7.597282e-01   9.170098e-01   9.999850e-01   9.207075e-01   9.824624e-01   9.351898e-01   9.780350e-01   9.397197e-01   9.994370e-01
   7.527175e-01   9.090916e-01   9.702513e-01   7.874091e-01   1.806949e-01   1.476609e-02   4.701867e-01   8.958609e-01   1.000000e+00   9.019464e-01   9.983510e-01   8.980598e-01   9.977550e-01   9.400377e-01   1.000000e+00   9.399013e-01   1.000000e+00
   7.210484e-01   5.758838e-01   9.465195e-01   7.547054e-01   7.785127e-02   1.250142e-01   5.418166e-01   9.244992e-01   1.000000e+00   9.149893e-01   9.997553e-01   9.313230e-01   9.998315e-01   7.459471e-01   9.988525e-01   9.728823e-01   9.701006e-01
   7.571524e-01   2.141989e-01   9.894264e-01   8.956851e-01   7.848215e-02   5.460160e-03   3.912438e-01   8.947254e-01   9.831194e-01   9.075482e-01   9.998154e-01   9.201128e-01   9.982377e-01   9.130734e-01   9.103259e-01   9.579919e-01   9.527591e-01
   7.740029e-01   7.764165e-01   5.706071e-01   8.093264e-01   2.738647e-01   2.221207e-02   5.527799e-01   9.082426e-01   9.837713e-01   9.136566e-01   9.999997e-01   9.229642e-01   9.980818e-01   8.384354e-01   9.990736e-01   9.584751e-01   9.989348e-01
   7.207548e-01   7.672591e-01   9.940295e-01   7.540498e-01   1.103700e-01   2.199329e-02   4.814800e-01   8.989036e-01   9.647312e-01   8.899018e-01   9.910736e-01   9.230695e-01   9.023476e-01   7.474389e-01   1.000000e+00   9.352865e-01   9.878348e-01
   4.137430e-01   1.334163e-01   9.999908e-01   7.653564e-01   1.103222e-01   1.798141e-02   6.951125e-01   9.952237e-01   8.501348e-01   9.140274e-01   9.896676e-01   9.216321e-01   1.000000e+00   9.374495e-01   9.999221e-01   9.445398e-01   9.986399e-01
   7.964162e-01   9.375584e-01   1.000000e+00   7.484496e-01   1.856825e-01   1.504348e-02   6.905047e-01   8.322167e-01   9.700814e-01   9.053887e-01   9.232839e-01   9.308349e-01   9.988269e-01   9.207049e-01   9.894402e-01   9.464516e-01   9.979673e-01
   7.860176e-01   7.696835e-01   9.341458e-01   7.538030e-01   1.786895e-01   1.817039e-02   5.392926e-01   8.901559e-01   9.999929e-01   9.057063e-01   9.912209e-01   9.250611e-01   9.997875e-01   9.280842e-01   1.000000e+00   9.412600e-01   9.881498e-01
   7.578295e-01   9.088487e-01   5.247519e-01   7.470039e-01   1.452277e-01   3.016937e-03   5.442713e-01   8.919341e-01   1.000000e+00   9.068631e-01   9.983917e-01   9.189446e-01   9.916176e-01   9.542780e-01   9.903994e-01   9.168259e-01   9.990067e-01
   7.197360e-01   4.175253e-01   1.000000e+00   7.540498e-01   2.185898e-01   2.199329e-02   4.785837e-01   8.826158e-01   9.999712e-01   9.045043e-01   9.914167e-01   9.228861e-01   9.903407e-01   9.240166e-01   1.000000e+00   9.314015e-01   9.628697e-01
   7.934679e-01   5.987430e-01   9.337224e-01   7.618650e-01   1.835872e-01   2.445420e-03   7.181158e-01   9.098915e-01   9.992259e-01   9.143580e-01   9.855027e-01   9.294454e-01   1.000000e+00   9.221831e-01   9.997171e-01   9.715544e-01   9.997156e-01
   3.019258e-01   9.905674e-01   9.881203e-01   7.707928e-01   2.099418e-01   3.708951e-03   3.919789e-01   7.254325e-01   9.073029e-01   8.686500e-01   9.244961e-01   8.761546e-01   9.979092e-01   9.449122e-01   9.999365e-01   9.399664e-01   9.986702e-01
   7.571524e-01   6.210187e-01   9.901267e-01   8.254328e-01   8.760485e-02   5.731544e-03   3.912438e-01   8.947211e-01   9.833351e-01   9.151695e-01   9.998143e-01   8.948181e-01   9.831880e-01   9.136048e-01   1.000000e+00   9.583318e-01   9.963581e-01
   7.934793e-01   4.847829e-01   9.961397e-01   8.679923e-01   1.084640e-01   6.772798e-02   4.042153e-01   9.835864e-01   1.000000e+00   9.148905e-01   9.982223e-01   9.351919e-01   9.995250e-01   9.563281e-01   9.997094e-01   9.444733e-01   9.997010e-01
   7.890193e-01   9.961643e-01   5.408610e-01   7.371728e-01   8.184855e-02   4.518935e-02   4.448027e-01   8.898845e-01   8.547125e-01   8.770958e-01   1.000000e+00   9.569144e-01   9.687359e-01   9.569205e-01   9.953122e-01   9.483568e-01   9.967405e-01
   7.630114e-01   4.178184e-01   1.000000e+00   8.538752e-01   5.962552e-02   1.424677e-02   4.244842e-01   8.219386e-01   1.000000e+00   9.644806e-01   9.984430e-01   9.293513e-01   9.984144e-01   7.459149e-01   9.975777e-01   9.629335e-01   9.999897e-01
   6.485333e-01   3.996428e-01   9.993101e-01   7.029241e-01   9.292526e-02   7.998368e-03   5.567488e-01   8.910617e-01   9.999784e-01   9.148716e-01   1.000000e+00   9.295312e-01   1.000000e+00   9.235525e-01   9.966148e-01   9.426178e-01   9.993399e-01
   3.779975e-01   9.921598e-01   9.886575e-01   8.976718e-01   7.960386e-02   3.168338e-03   3.907502e-01   8.243976e-01   1.000000e+00   9.073936e-01   1.000000e+00   9.186175e-01   9.982437e-01   9.122485e-01   9.968320e-01   9.947257e-01   1.000000e+00
   7.222367e-01   4.290964e-01   9.863395e-01   8.315088e-01   1.036703e-01   1.620311e-02   6.597178e-01   8.821227e-01   9.998126e-01   9.112047e-01   9.281795e-01   8.964886e-01   9.904084e-01   9.172518e-01   9.998442e-01   9.471233e-01   9.979738e-01
   3.695928e-01   6.020706e-01   9.997772e-01   7.020167e-01   9.438690e-02   4.443884e-05   3.935670e-01   9.819462e-01   7.339935e-01   9.659592e-01   1.000000e+00   8.526946e-01   9.999189e-01   9.105710e-01   9.858495e-01   9.562955e-01   9.512891e-01
   7.339901e-01   8.498370e-01   5.841189e-01   7.488920e-01   1.167526e-01   2.979095e-03   5.436591e-01   8.898086e-01   1.000000e+00   9.068835e-01   9.999132e-01   9.251571e-01   9.977670e-01   9.554810e-01   9.999830e-01   9.674912e-01   9.989808e-01
   7.208626e-01   4.637874e-01   9.940295e-01   7.540498e-01   1.033795e-01   2.198948e-02   7.052872e-01   7.151575e-01   1.000000e+00   9.051534e-01   9.368082e-01   9.689724e-01   9.902597e-01   7.529773e-01   1.000000e+00   9.403784e-01   9.878348e-01
   7.634657e-01   6.768642e-01   9.928864e-01   7.604096e-01   5.938826e-02   1.720107e-03   5.730616e-01   8.185608e-01   9.704064e-01   9.385625e-01   9.253619e-01   9.550391e-01   8.339379e-01   9.714137e-01   9.599956e-01   9.445523e-01   9.962781e-01
   7.454783e-01   9.482878e-01   9.999677e-01   8.252087e-01   1.564334e-01   1.111227e-01   3.970584e-01   8.901198e-01   9.993423e-01   9.142089e-01   9.983522e-01   9.193636e-01   9.956673e-01   9.350786e-01   1.000000e+00   9.552584e-01   9.993399e-01
   4.137430e-01   7.612545e-01   9.984552e-01   9.535729e-01   1.101363e-01   1.798141e-02   5.678613e-01   9.952237e-01   8.588321e-01   9.047767e-01   9.896676e-01   9.268350e-01   1.000000e+00   9.374495e-01   9.999204e-01   9.445398e-01   9.995728e-01
   7.191583e-01   9.592574e-01   9.984699e-01   8.241695e-01   1.870927e-01   2.217481e-02   5.419326e-01   8.880982e-01   1.000000e+00   9.147400e-01   9.288077e-01   9.249098e-01   9.988317e-01   9.605931e-01   9.743274e-01   9.426117e-01   9.996423e-01
   7.308673e-01   5.759822e-01   1.000000e+00   8.246646e-01   1.564896e-01   2.107240e-02   5.442564e-01   8.911514e-01   1.000000e+00   9.142089e-01   9.983894e-01   9.193636e-01   9.956673e-01   9.516830e-01   9.972392e-01   9.231809e-01   9.716419e-01
   7.324434e-01   1.000000e+00   5.448429e-01   6.148635e-01   8.042242e-02   6.217955e-02   4.023286e-01   7.254325e-01   8.586262e-01   8.722184e-01   9.980695e-01   9.248109e-01   9.996779e-01   9.460661e-01   9.992158e-01   9.080947e-01   9.194850e-01
   7.452109e-01   7.779136e-01   9.589931e-01   6.036868e-01   1.840404e-01   1.732430e-02   3.913029e-01   8.266941e-01   7.604158e-01   9.154499e-01   9.992624e-01   9.210956e-01   9.987723e-01   9.505142e-01   8.114139e-01   9.549118e-01   9.999794e-01
   7.630193e-01   1.251499e-01   9.980695e-01   7.617107e-01   2.247715e-01   3.380366e-03   3.915581e-01   9.011195e-01   9.999791e-01   9.049844e-01   9.897535e-01   9.204479e-01   9.999189e-01   9.357042e-01   9.999952e-01   9.399664e-01   1.000000e+00
   7.504111e-01   8.583019e-01   1.000000e+00   8.398841e-01   2.368258e-01   2.370219e-02   4.520413e-01   9.423875e-01   1.000000e+00   9.142712e-01   8.991067e-01   9.296608e-01   9.995240e-01   9.559430e-01   1.000000e+00   9.456508e-01   9.964244e-01
   7.935690e-01   4.449083e-01   9.865206e-01   8.461814e-01   1.054079e-01   2.220936e-02   3.857491e-01   9.008184e-01   9.863053e-01   9.936341e-01   9.900698e-01   9.229445e-01   9.951918e-01   9.748230e-01   9.073156e-01   8.802476e-01   8.606583e-01
   7.210566e-01   9.179966e-01   9.938954e-01   6.716691e-01   5.835853e-02   8.233520e-02   6.970772e-01   8.808111e-01   9.804981e-01   9.058956e-01   9.950407e-01   9.215914e-01   8.907797e-01   8.663368e-01   9.931982e-01   9.579483e-01   9.880537e-01
   7.941577e-01   3.650045e-01   9.889897e-01   7.360758e-01   1.990227e-01   2.448765e-02   4.013232e-01   8.765312e-01   9.564142e-01   9.033071e-01   9.999789e-01   9.573209e-01   9.964101e-01   9.533101e-01   1.000000e+00   9.447448e-01   9.961038e-01
   8.228783e-01   6.151238e-01   9.987742e-01   8.489822e-01   2.220867e-01   2.016420e-02   6.924609e-01   9.952237e-01   9.862984e-01   9.664380e-01   9.872915e-01   8.922124e-01   9.981009e-01   9.572992e-01   9.809910e-01   9.589302e-01   9.979551e-01
   3.729825e-01   9.966178e-01   1.000000e+00   8.077338e-01   2.139804e-01   3.704234e-03   3.927910e-01   9.979980e-01   7.634496e-01   7.740055e-01   8.940570e-01   9.206739e-01   9.824589e-01   9.480761e-01   9.999952e-01   9.445424e-01   9.998376e-01
   7.189165e-01   1.323123e-01   1.000000e+00   8.246646e-01   1.564334e-01   1.197828e-04   5.442564e-01   8.911514e-01   1.000000e+00   9.142275e-01   9.983894e-01   9.204575e-01   9.956673e-01   9.350786e-01   9.972392e-01   9.231809e-01   9.519419e-01
   3.695774e-01   4.847829e-01   9.999122e-01   8.639539e-01   9.441511e-02   1.328886e-03   4.042153e-01   9.835864e-01   7.360675e-01   9.148905e-01   9.982223e-01   9.351919e-01   9.995250e-01   9.544992e-01   9.997094e-01   9.566797e-01   9.997010e-01
   7.286028e-01   9.491854e-01   5.466939e-01   6.904715e-01   1.795204e-01   1.071161e-01   4.070864e-01   8.931579e-01   9.974791e-01   8.712725e-01   9.983196e-01   9.248113e-01   9.977408e-01   9.094631e-01   9.941223e-01   9.562527e-01   9.995845e-01
   6.952471e-01   3.463257e-01   1.000000e+00   8.542397e-01   1.010408e-01   1.637486e-02   2.514610e-01   8.900647e-01   9.990137e-01   9.109279e-01   9.999792e-01   9.269778e-01   9.979593e-01   9.465980e-01   9.994734e-01   9.552993e-01   9.997892e-01
   7.267504e-01   5.923005e-01   5.466939e-01   7.723123e-01   1.694926e-01   2.161616e-02   4.123643e-01   8.931579e-01   9.974791e-01   9.071813e-01   9.999355e-01   9.248252e-01   9.977340e-01   8.437586e-01   9.998469e-01   9.562527e-01   9.995845e-01
   7.346106e-01   6.373033e-01   9.910646e-01   6.198354e-01   7.795848e-02   5.708977e-02   7.004294e-01   8.945027e-01   9.579026e-01   9.028361e-01   9.803638e-01   9.195626e-01   9.156784e-01   7.413400e-01   9.765781e-01   9.492485e-01   9.424342e-01
   7.211960e-01   6.271596e-01   9.499535e-01   7.394181e-01   1.051184e-01   1.244418e-01   5.409285e-01   8.948372e-01   1.000000e+00   9.028361e-01   9.803638e-01   9.195626e-01   9.145714e-01   8.683322e-01   9.990593e-01   9.492485e-01   9.671706e-01
   7.212845e-01   9.945109e-01   9.273170e-01   7.601072e-01   1.012204e-01   2.300871e-02   4.316992e-01   7.251821e-01   1.000000e+00   9.123723e-01   9.898882e-01   9.296268e-01   9.917485e-01   9.496022e-01   9.995442e-01   9.577178e-01   9.712081e-01
   7.628989e-01   7.574056e-01   5.430935e-01   7.517413e-01   3.559062e-02   1.407413e-02   3.977939e-01   8.906404e-01   9.999160e-01   9.102308e-01   9.984738e-01   9.178998e-01   9.978390e-01   9.204039e-01   9.943110e-01   9.558575e-01   9.996942e-01
   3.488303e-01   9.808860e-01   9.875054e-01   6.973820e-01   1.743869e-01   2.212481e-02   5.430332e-01   8.957197e-01   9.675790e-01   9.125262e-01   9.930239e-01   9.194703e-01   9.792052e-01   9.518332e-01   9.064773e-01   9.561623e-01   9.394099e-01
   7.186169e-01   7.611491e-01   9.757624e-01   7.692205e-01   1.170090e-01   1.772458e-02   6.267132e-01   8.973363e-01   1.000000e+00   9.107063e-01   9.943037e-01   9.203592e-01   9.041946e-01   9.139068e-01   9.957210e-01   9.422635e-01   1.000000e+00
   7.137659e-01   7.739840e-01   5.707382e-01   6.733000e-01   2.730007e-01   2.140900e-02   6.963469e-01   8.808440e-01   9.802255e-01   9.058956e-01   1.000000e+00   8.957980e-01   8.908598e-01   8.663368e-01   7.610400e-01   9.579483e-01   9.975915e-01
   7.838023e-01   1.000000e+00   9.880877e-01   8.359405e-01   7.960386e-02   3.168338e-03   3.907502e-01   8.243976e-01   1.000000e+00   9.398308e-01   1.000000e+00   9.186175e-01   9.982470e-01   9.122485e-01   9.968320e-01   9.918251e-01   1.000000e+00
   2.983165e-01   4.144655e-01   1.000000e+00   8.231382e-01   2.279614e-01   2.330224e-02   4.545348e-01   8.286630e-01   1.000000e+00   9.122699e-01   9.903176e-01   7.938449e-01   9.987446e-01   9.715564e-01   9.551968e-01   9.439955e-01   9.701027e-01
   7.234186e-01   7.261001e-01   9.884138e-01   8.231236e-01   1.182718e-01   1.866099e-02   5.441523e-01   8.957197e-01   1.000000e+00   9.282119e-01   9.989854e-01   9.388620e-01   9.791799e-01   8.459262e-01   8.629201e-01   9.169544e-01   9.989389e-01
   7.179728e-01   6.196014e-01   9.465195e-01   7.555358e-01   7.710387e-02   1.250142e-01   5.396472e-01   9.268419e-01   1.000000e+00   9.151658e-01   9.997553e-01   9.313230e-01   9.839523e-01   7.459471e-01   9.988525e-01   9.730861e-01   9.701006e-01
   7.503199e-01   7.712944e-01   9.930419e-01   8.009805e-01   7.161429e-02   2.304986e-02   5.665810e-01   8.972576e-01   9.874324e-01   9.394533e-01   9.245189e-01   9.292047e-01   9.703661e-01   9.558166e-01   9.816002e-01   9.549050e-01   9.548448e-01
   7.822831e-01   6.151238e-01   9.987142e-01   9.317562e-01   2.220867e-01   1.701017e-02   6.942044e-01   9.983977e-01   8.842170e-01   9.388579e-01   9.998231e-01   8.922124e-01   9.981744e-01   9.572992e-01   9.999600e-01   9.444713e-01   9.979551e-01
   7.377241e-01   7.638843e-01   5.022499e-01   8.229136e-01   1.250785e-01   1.499656e-02   6.973634e-01   8.971580e-01   9.903023e-01   9.057289e-01   9.892433e-01   9.196546e-01   9.995266e-01   9.194572e-01   9.993985e-01   9.556526e-01   9.172074e-01
   7.301476e-01   1.000000e+00   9.833124e-01   9.280672e-01   1.029308e-01   2.253245e-02   4.765129e-01   8.865415e-01   1.000000e+00   8.897978e-01   9.857327e-01   9.233154e-01   9.976145e-01   9.168540e-01   8.347524e-01   9.349022e-01   9.999933e-01
   7.882987e-01   8.283879e-01   9.940658e-01   7.671447e-01   1.875189e-01   6.799974e-02   4.673255e-01   8.764897e-01   9.806480e-01   8.922078e-01   9.994805e-01   8.766534e-01   9.989844e-01   9.407426e-01   8.323930e-01   9.550203e-01   9.996359e-01
   7.740029e-01   7.827077e-01   1.000000e+00   8.093264e-01   2.738647e-01   2.221207e-02   5.524874e-01   9.082426e-01   9.837713e-01   9.136566e-01   9.999997e-01   9.229642e-01   9.549695e-01   9.662993e-01   9.990736e-01   9.584751e-01   9.445378e-01
   2.261326e-01   1.401110e-01   1.000000e+00   7.563845e-01   8.566283e-02   2.108274e-02   6.993696e-01   8.822196e-01   9.844035e-01   9.140778e-01   9.997836e-01   9.216233e-01   9.995193e-01   9.471264e-01   1.000000e+00   9.547037e-01   9.986380e-01
   7.525465e-01   7.279398e-01   9.705474e-01   8.019930e-01   1.795414e-01   2.580029e-02   4.699267e-01   8.958609e-01   1.000000e+00   9.056368e-01   9.983937e-01   8.990819e-01   9.902480e-01   9.696712e-01   1.000000e+00   9.410607e-01   8.538650e-01
   7.808968e-01   7.634710e-01   9.785291e-01   8.470167e-01   1.911961e-02   6.405356e-03   4.244869e-01   8.719852e-01   9.532090e-01   9.033071e-01   9.999118e-01   9.562367e-01   9.984329e-01   7.517651e-01   9.969177e-01   9.444552e-01   9.998723e-01
   3.419954e-01   9.857480e-01   9.893354e-01   8.552754e-01   7.162361e-02   1.646470e-04   6.996253e-01   9.745393e-01   9.909206e-01   9.068377e-01   9.832588e-01   9.288880e-01   9.996528e-01   9.570031e-01   1.000000e+00   9.347739e-01   9.746804e-01
   7.571524e-01   9.463189e-01   9.901267e-01   8.254328e-01   7.976054e-02   5.763022e-03   3.912438e-01   8.947211e-01   9.833351e-01   9.149832e-01   9.998143e-01   8.948181e-01   9.831880e-01   9.131033e-01   1.000000e+00   9.825774e-01   9.999000e-01
   7.340746e-01   2.108459e-01   9.907146e-01   6.158246e-01   7.943173e-02   1.031724e-03   6.977941e-01   8.936712e-01   9.899486e-01   9.390035e-01   9.998219e-01   9.314969e-01   9.999157e-01   7.415721e-01   9.149365e-01   9.408277e-01   9.786510e-01
   3.579480e-01   9.204994e-01   9.902868e-01   8.478036e-01   2.276058e-01   1.730177e-02   5.538480e-01   7.201067e-01   9.984903e-01   8.559509e-01   9.999850e-01   9.283722e-01   9.825474e-01   9.351898e-01   9.775644e-01   9.397197e-01   9.994576e-01
   7.285376e-01   9.327858e-01   9.916555e-01   8.080431e-01   1.840404e-01   1.690279e-02   3.867574e-01   8.271416e-01   9.996091e-01   9.259254e-01   9.992601e-01   9.287603e-01   9.989085e-01   9.734157e-01   9.121367e-01   9.548459e-01   9.976359e-01
   7.475742e-01   9.171959e-01   9.864031e-01   6.716691e-01   1.120462e-01   8.233520e-02   6.621261e-01   8.808440e-01   9.802816e-01   9.082157e-01   9.949528e-01   8.957686e-01   8.907797e-01   8.663368e-01   7.541413e-01   9.444893e-01   1.000000e+00
   7.134642e-01   9.224535e-01   9.865289e-01   7.540498e-01   1.332292e-01   2.199329e-02   4.569937e-01   8.829656e-01   9.967970e-01   9.138456e-01   9.908566e-01   8.964562e-01   9.902597e-01   7.529773e-01   7.609431e-01   9.556665e-01   9.973726e-01
   7.230657e-01   7.619100e-01   9.789408e-01   6.819368e-01   4.580372e-02   2.213202e-02   3.826201e-01   8.883641e-01   9.814519e-01   9.090875e-01   9.999146e-01   9.237548e-01   9.952768e-01   9.438764e-01   9.968896e-01   9.444708e-01   9.991656e-01
   7.717159e-02   3.066407e-01   1.000000e+00   8.887814e-01   1.048027e-01   1.813905e-02   5.259268e-01   8.895928e-01   8.841632e-01   9.116229e-01   9.997083e-01   9.227493e-01   9.986536e-01   9.514640e-01   1.000000e+00   9.451209e-01   9.904205e-01
   7.934947e-01   1.308370e-01   9.962275e-01   7.060551e-01   1.084358e-01   6.644354e-02   3.933744e-01   9.819462e-01   9.979261e-01   9.135486e-01   9.899518e-01   9.204479e-01   9.999189e-01   9.377677e-01   9.857715e-01   9.441832e-01   9.092504e-01
   1.177934e-01   9.336141e-01   9.518680e-01   8.472463e-01   1.724804e-01   1.446182e-02   5.228446e-01   8.489050e-01   9.862447e-01   9.116229e-01   9.871767e-01   9.406234e-01   9.986536e-01   9.514640e-01   1.000000e+00   9.595798e-01   9.906747e-01
   7.630050e-01   9.205665e-01   1.000000e+00   8.080112e-01   1.022382e-01   1.772931e-02   5.242305e-01   8.371583e-01   9.862348e-01   8.655671e-01   9.291516e-01   9.200063e-01   9.947698e-01   9.618659e-01   1.000000e+00   8.540378e-01   9.883237e-01
   7.340522e-01   2.020283e-01   9.786035e-01   7.034850e-01   1.065916e-01   6.001894e-02   4.661254e-01   8.936970e-01   9.839788e-01   9.390035e-01   9.998182e-01   9.263052e-01   9.996717e-01   8.715522e-01   9.169007e-01   9.408277e-01   9.786510e-01
   7.344407e-01   5.772099e-01   9.755195e-01   7.547918e-01   7.785127e-02   5.766217e-02   4.696489e-01   9.241905e-01   9.583849e-01   9.149893e-01   9.997553e-01   9.313230e-01   1.000000e+00   7.468175e-01   9.783355e-01   9.169642e-01   9.191374e-01
   7.935016e-01   8.489844e-01   9.895592e-01   6.819368e-01   1.673774e-01   2.213202e-02   6.925799e-01   8.884055e-01   1.000000e+00   9.056051e-01   9.999817e-01   9.248579e-01   9.952768e-01   9.439373e-01   1.000000e+00   9.444712e-01   9.991656e-01
   7.740029e-01   9.204292e-01   9.862637e-01   8.076955e-01   5.922259e-02   8.313827e-02   5.535102e-01   9.082426e-01   9.838274e-01   9.136566e-01   9.948316e-01   9.229642e-01   9.980017e-01   8.384354e-01   9.921749e-01   9.584751e-01   9.989348e-01
   7.294071e-01   9.124492e-01   1.000000e+00   7.546185e-01   2.356707e-01   1.059724e-01   4.443396e-01   8.910595e-01   1.000000e+00   9.133025e-01   9.999846e-01   9.207075e-01   9.987881e-01   9.568021e-01   9.541029e-01   9.698749e-01   9.984997e-01
   7.547846e-01   8.657337e-01   1.000000e+00   7.812977e-01   2.863750e-02   1.560555e-03   7.310717e-01   9.447398e-01   1.000000e+00   9.081760e-01   9.981111e-01   9.303855e-01   9.918474e-01   9.560583e-01   9.799245e-01   9.553282e-01   9.994627e-01
   8.220930e-01   7.638427e-01   9.999527e-01   7.692956e-01   1.783679e-01   1.827873e-02   3.928761e-01   8.973363e-01   9.823065e-01   9.397745e-01   9.936959e-01   9.250305e-01   9.980363e-01   9.139068e-01   1.000000e+00   9.423591e-01   1.000000e+00
   7.523260e-01   3.399546e-01   9.427345e-01   8.416942e-01   1.061058e-01   1.871165e-03   5.478409e-01   8.958530e-01   8.824929e-01   8.158252e-01   1.000000e+00   8.987494e-01   9.703246e-01   7.489351e-01   7.432767e-01   9.702718e-01   9.999997e-01
   7.740029e-01   4.540627e-01   5.450493e-01   8.531539e-01   1.048424e-01   8.347403e-02   4.801815e-01   9.012445e-01   9.862447e-01   9.985150e-01   1.000000e+00   9.230103e-01   9.980731e-01   8.384354e-01   9.884121e-01   9.460055e-01   9.989348e-01
   7.189459e-01   8.517010e-01   5.559361e-01   7.490515e-01   3.105329e-02   3.016937e-03   3.934730e-01   8.911915e-01   9.696970e-01   9.068631e-01   9.983858e-01   9.250203e-01   9.977609e-01   9.572898e-01   1.000000e+00   9.606454e-01   9.969512e-01
   4.137430e-01   6.046499e-01   9.997677e-01   7.653564e-01   1.103222e-01   1.769396e-02   6.953051e-01   8.919286e-01   9.972921e-01   9.664380e-01   9.999858e-01   8.538788e-01   1.000000e+00   9.102527e-01   1.000000e+00   9.471557e-01   9.348666e-01
   3.753872e-01   1.406296e-01   9.996166e-01   8.264239e-01   2.321604e-01   8.493895e-06   4.541873e-01   9.007609e-01   1.000000e+00   9.057268e-01   1.000000e+00   9.204479e-01   9.980193e-01   9.407092e-01   9.999952e-01   9.399664e-01   1.000000e+00
   8.086713e-01   9.495693e-01   8.368238e-01   7.656758e-01   1.840404e-01   2.070927e-02   6.911695e-01   8.297294e-01   9.695480e-01   9.138944e-01   1.000000e+00   8.991495e-01   9.989103e-01   9.543903e-01   9.909957e-01   9.969419e-01   9.964370e-01
   7.485882e-01   6.835241e-01   5.039056e-01   7.614437e-01   2.203236e-01   3.878328e-02   5.523198e-01   8.893246e-01   9.992776e-01   9.049576e-01   9.984481e-01   9.279534e-01   9.998401e-01   9.238467e-01   1.000000e+00   9.030246e-01   9.622567e-01
