   3.324972e-01   9.913842e-01   1.000000e+00   1.000000e+00   4.723562e-01   6.424748e-01   8.749173e-01   9.999918e-01   8.998937e-01   9.998713e-01   9.163388e-01   9.998764e-01   9.304652e-01   1.000000e+00   9.382521e-01   9.999282e-01
   2.863202e-01   9.861732e-01   1.641791e-01   1.000000e+00   3.843489e-01   5.846820e-01   8.749176e-01   9.998670e-01   9.001064e-01   9.998547e-01   9.167729e-01   1.000000e+00   9.293807e-01   9.999170e-01   9.378870e-01   9.999349e-01
   1.139899e-01   6.803778e-02   9.974790e-01   6.631890e-01   4.146089e-01   6.452118e-01   8.749738e-01   9.999811e-01   9.000691e-01   9.999741e-01   9.162050e-01   9.998754e-01   9.304733e-01   1.000000e+00   9.381088e-01   9.999984e-01
   1.000000e+00   9.996964e-01   8.580649e-01   1.146360e-01   4.636435e-01   7.195748e-01   8.747100e-01   9.999913e-01   8.998773e-01   9.996916e-01   9.168345e-01   1.000000e+00   9.294550e-01   9.999981e-01   9.377757e-01   9.999822e-01
   3.024974e-01   1.000000e+00   1.534846e-01   1.828815e-01   3.944459e-01   7.243406e-01   8.749701e-01   1.000000e+00   8.895836e-01   9.755789e-01   9.168289e-01   9.999071e-01   9.510938e-01   9.999994e-01   9.379307e-01   9.981900e-01
   9.539856e-01   9.957429e-01   9.996591e-01   1.000000e+00   2.325028e-01   6.506343e-01   8.743080e-01   9.999999e-01   9.000874e-01   9.999232e-01   9.161546e-01   9.983752e-01   9.288101e-01   9.999925e-01   9.376886e-01   9.999978e-01
   1.000000e+00   9.995505e-01   9.999509e-01   1.720972e-01   3.738386e-01   7.238305e-01   8.765889e-01   9.994351e-01   9.912504e-01   9.999747e-01   9.166588e-01   1.000000e+00   9.297317e-01   9.950181e-01   9.377631e-01   9.999851e-01
   1.000000e+00   9.999919e-01   9.468818e-01   6.909938e-01   4.992495e-01   5.865506e-01   8.748876e-01   1.000000e+00   8.999774e-01   9.795916e-01   9.162219e-01   9.999995e-01   9.282006e-01   9.999979e-01   9.381460e-01   9.999977e-01
   1.000000e+00   9.562775e-01   1.946559e-01   1.000000e+00   4.919422e-01   3.920747e-01   8.746694e-01   9.999818e-01   8.999777e-01   9.999934e-01   9.161585e-01   1.000000e+00   9.301666e-01   1.000000e+00   9.382266e-01   9.999869e-01
   2.627010e-01   9.392919e-01   9.999786e-01   1.000000e+00   2.812344e-01   6.308833e-01   8.748681e-01   1.000000e+00   9.008466e-01   9.999957e-01   9.148853e-01   9.999994e-01   9.283469e-01   9.981328e-01   9.356512e-01   9.999994e-01
   9.999089e-01   9.999932e-01   9.964331e-01   1.448412e-01   5.168482e-01   6.291799e-01   8.746941e-01   9.999914e-01   9.005572e-01   9.989983e-01   9.177422e-01   1.000000e+00   9.294002e-01   9.999999e-01   9.377686e-01   9.999822e-01
   1.142176e-01   8.748887e-03   9.974790e-01   9.791097e-01   4.146089e-01   6.452118e-01   8.749923e-01   9.999811e-01   9.001133e-01   9.999740e-01   9.659374e-01   9.998754e-01   9.293067e-01   1.000000e+00   9.395842e-01   1.000000e+00
   9.780735e-01   1.000000e+00   1.000000e+00   2.977344e-01   3.093217e-01   5.192413e-01   8.765249e-01   9.999557e-01   9.295720e-01   9.998279e-01   9.164287e-01   9.721700e-01   9.292920e-01   9.999964e-01   9.379338e-01   9.999874e-01
   1.015504e-01   9.996464e-01   1.394447e-01   6.559684e-01   4.839009e-01   5.814578e-01   8.753287e-01   9.999895e-01   8.997117e-01   9.991111e-01   9.165965e-01   1.000000e+00   9.291189e-01   1.000000e+00   9.381891e-01   1.000000e+00
   2.100251e-01   9.989419e-01   1.375040e-01   4.729962e-01   4.541704e-01   6.449076e-01   8.748411e-01   9.999819e-01   9.000644e-01   1.000000e+00   9.168294e-01   9.994595e-01   9.294271e-01   1.000000e+00   9.976803e-01   9.982166e-01
   1.871383e-01   9.995242e-01   1.811029e-01   1.000000e+00   3.843489e-01   5.986128e-01   8.749176e-01   9.995631e-01   9.004029e-01   9.998348e-01   9.168628e-01   1.000000e+00   9.282183e-01   9.999486e-01   9.378452e-01   1.000000e+00
   9.747624e-01   9.999996e-01   1.590004e-01   6.875147e-01   4.907140e-01   4.047746e-01   8.751254e-01   9.999704e-01   9.009788e-01   9.996787e-01   9.163486e-01   9.999889e-01   9.312197e-01   9.999947e-01   9.366511e-01   9.999869e-01
   9.999089e-01   9.996964e-01   2.651251e-01   1.448412e-01   4.842913e-01   5.741779e-01   8.746825e-01   9.999915e-01   8.999026e-01   9.999840e-01   9.129092e-01   1.000000e+00   9.294018e-01   1.000000e+00   9.384335e-01   9.999998e-01
   2.543309e-01   9.693030e-01   1.000000e+00   9.931443e-01   4.988116e-01   7.241898e-01   8.751219e-01   9.999547e-01   8.993676e-01   9.999932e-01   8.926764e-01   9.999978e-01   9.290993e-01   9.492327e-01   9.373271e-01   9.909343e-01
   2.280701e-01   9.835198e-01   1.161524e-01   4.481887e-01   5.248981e-01   7.181762e-01   8.764396e-01   9.998495e-01   8.751278e-01   9.991032e-01   9.158440e-01   9.999915e-01   9.282293e-01   1.000000e+00   9.387769e-01   9.999367e-01
   1.000000e+00   9.992934e-01   8.954582e-01   6.860109e-01   3.143948e-01   6.429674e-01   8.744567e-01   9.999958e-01   9.007182e-01   9.999930e-01   9.171204e-01   9.999999e-01   9.292117e-01   9.999977e-01   9.364124e-01   1.000000e+00
   1.000000e+00   9.615258e-01   6.065696e-02   6.610858e-01   3.747394e-01   6.419412e-01   8.739427e-01   9.998013e-01   8.563671e-01   9.999983e-01   9.141104e-01   1.000000e+00   9.328295e-01   9.999950e-01   9.377943e-01   9.998386e-01
   1.000000e+00   1.000000e+00   9.993583e-01   1.773933e-01   4.541997e-01   6.384738e-01   8.745942e-01   9.998674e-01   8.997571e-01   9.997927e-01   9.161895e-01   9.389146e-01   9.292283e-01   9.999983e-01   9.416896e-01   9.981871e-01
   2.327740e-01   9.618565e-01   6.065696e-02   7.761780e-01   3.794304e-01   6.386362e-01   8.739456e-01   9.998013e-01   8.567678e-01   9.999983e-01   9.141231e-01   1.000000e+00   9.328295e-01   9.999950e-01   9.387309e-01   9.978199e-01
   1.647248e-01   8.594997e-01   9.999816e-01   9.999647e-01   3.744632e-01   7.216624e-01   9.316527e-01   9.998517e-01   9.391109e-01   9.999794e-01   9.158878e-01   9.999999e-01   8.811015e-01   9.999992e-01   9.378110e-01   9.512614e-01
   2.959194e-01   9.558281e-01   1.000000e+00   1.580242e-01   2.373132e-01   6.420036e-01   9.038963e-01   1.000000e+00   9.000820e-01   9.999245e-01   9.161560e-01   1.000000e+00   9.288470e-01   1.000000e+00   9.376076e-01   9.999914e-01
   3.324972e-01   9.984514e-01   1.000000e+00   1.000000e+00   3.664558e-01   6.424748e-01   8.732772e-01   9.999996e-01   8.998937e-01   9.998714e-01   9.163433e-01   9.998822e-01   9.709721e-01   1.000000e+00   9.372633e-01   1.000000e+00
   2.280701e-01   9.835198e-01   1.000000e+00   4.481887e-01   4.125661e-01   6.046577e-01   8.764396e-01   9.999902e-01   8.751278e-01   9.991025e-01   9.161990e-01   9.999915e-01   9.282293e-01   1.000000e+00   9.376143e-01   9.999929e-01
   1.343456e-01   1.000000e+00   9.457064e-01   1.773933e-01   4.601703e-01   6.470920e-01   8.977047e-01   9.999583e-01   9.408505e-01   9.997916e-01   9.119449e-01   9.999998e-01   9.292252e-01   9.999928e-01   9.751611e-01   9.982145e-01
   3.353936e-01   9.913842e-01   9.998774e-01   1.000000e+00   4.723562e-01   6.424748e-01   8.749173e-01   9.999918e-01   9.293299e-01   9.998713e-01   9.162126e-01   9.998830e-01   9.300580e-01   1.000000e+00   9.382521e-01   9.999282e-01
   2.863202e-01   9.861732e-01   1.647304e-01   9.427892e-01   3.843489e-01   5.839254e-01   8.747344e-01   9.998648e-01   9.001064e-01   9.998551e-01   9.179561e-01   1.000000e+00   9.293807e-01   9.999170e-01   9.378870e-01   9.999349e-01
   3.031360e-01   9.726514e-01   1.000000e+00   1.772608e-01   3.947311e-01   6.452118e-01   8.749701e-01   9.999811e-01   9.000691e-01   9.999741e-01   9.370614e-01   9.999097e-01   9.304733e-01   1.000000e+00   9.381088e-01   9.999500e-01
   2.524100e-01   9.920041e-01   9.994272e-01   9.999992e-01   4.762209e-01   6.107891e-01   8.749101e-01   9.998670e-01   9.377439e-01   9.998766e-01   9.161527e-01   9.999942e-01   9.303625e-01   9.999988e-01   9.382552e-01   9.999258e-01
   1.000000e+00   9.997202e-01   9.977372e-01   4.339828e-01   4.032860e-01   6.400362e-01   8.739899e-01   9.941857e-01   8.996902e-01   9.998139e-01   9.163759e-01   9.999891e-01   9.323999e-01   9.999995e-01   9.961234e-01   9.999276e-01
   3.410685e-01   9.996964e-01   2.651251e-01   1.448412e-01   4.842913e-01   5.741779e-01   8.749179e-01   9.999915e-01   8.999024e-01   9.991366e-01   9.131073e-01   1.000000e+00   9.293830e-01   1.000000e+00   9.382520e-01   1.000000e+00
   2.356946e-01   9.990713e-01   9.994226e-01   9.999991e-01   3.702478e-01   6.124537e-01   9.063801e-01   9.998670e-01   9.379227e-01   9.998744e-01   9.161472e-01   1.000000e+00   9.301186e-01   9.999559e-01   9.372670e-01   1.000000e+00
   1.854266e-01   9.258497e-01   1.000000e+00   1.000000e+00   4.723562e-01   6.424748e-01   8.798411e-01   9.999918e-01   8.998937e-01   9.999144e-01   9.163388e-01   1.000000e+00   9.304652e-01   1.000000e+00   9.382521e-01   1.000000e+00
   1.000000e+00   9.554828e-01   1.000000e+00   2.311029e-01   4.923240e-01   6.633707e-01   8.765175e-01   9.999814e-01   8.985998e-01   9.999942e-01   9.179838e-01   9.999703e-01   9.299658e-01   9.833828e-01   9.383071e-01   9.970298e-01
   9.992817e-01   9.574263e-01   9.960521e-01   6.888065e-01   3.003701e-01   5.594073e-01   8.764399e-01   9.997131e-01   9.836980e-01   1.000000e+00   9.159103e-01   9.999992e-01   9.293535e-01   9.999948e-01   9.379351e-01   9.999380e-01
   2.941667e-01   9.858845e-01   1.641791e-01   1.000000e+00   3.846542e-01   5.223739e-01   8.749176e-01   9.998685e-01   9.004926e-01   9.998272e-01   9.164231e-01   9.717958e-01   9.292919e-01   9.999963e-01   9.378870e-01   9.999349e-01
   9.487543e-01   9.605232e-01   8.524658e-01   9.707948e-01   4.162520e-01   6.389079e-01   8.751474e-01   9.999580e-01   8.998176e-01   9.999863e-01   9.154803e-01   1.000000e+00   9.298604e-01   9.999994e-01   9.388502e-01   1.000000e+00
   9.593564e-01   9.914167e-01   1.000000e+00   9.769044e-01   5.389910e-01   5.871532e-01   9.326386e-01   9.999999e-01   9.182086e-01   9.999930e-01   9.162025e-01   1.000000e+00   9.456817e-01   9.999929e-01   9.380637e-01   9.997953e-01
   1.000000e+00   9.915852e-01   9.999920e-01   1.000000e+00   3.629879e-01   6.105753e-01   8.746819e-01   9.999918e-01   9.364772e-01   9.998713e-01   9.161407e-01   9.998751e-01   9.350228e-01   1.000000e+00   9.372634e-01   9.999243e-01
   1.000000e+00   1.000000e+00   9.768733e-01   9.999853e-01   5.182798e-01   6.102182e-01   8.749870e-01   9.995536e-01   9.007016e-01   9.998473e-01   9.163466e-01   1.000000e+00   9.252162e-01   9.979350e-01   9.375903e-01   1.000000e+00
   2.524100e-01   9.990713e-01   9.994272e-01   9.999991e-01   3.703205e-01   6.107891e-01   8.748820e-01   9.999986e-01   9.377439e-01   9.998767e-01   9.161579e-01   9.999969e-01   9.725362e-01   9.999989e-01   9.372664e-01   1.000000e+00
   1.969263e-01   9.987233e-01   1.274286e-01   9.794953e-01   4.090628e-01   6.030499e-01   8.733860e-01   9.999819e-01   8.761827e-01   9.991021e-01   9.162043e-01   9.999720e-01   9.291449e-01   1.000000e+00   9.957407e-01   9.971318e-01
   1.000000e+00   1.000000e+00   9.946583e-01   6.631890e-01   4.146089e-01   6.452223e-01   8.749738e-01   9.999818e-01   9.000691e-01   9.999741e-01   9.162539e-01   9.660573e-01   9.304733e-01   1.000000e+00   9.987698e-01   9.971360e-01
   3.031360e-01   1.000000e+00   9.887014e-01   1.812601e-01   3.844054e-01   6.452118e-01   8.749701e-01   9.995575e-01   9.003858e-01   9.998389e-01   9.172362e-01   9.999780e-01   9.282589e-01   9.999461e-01   9.381088e-01   9.999505e-01
   9.756495e-01   9.617438e-01   1.000000e+00   3.018244e-01   3.719037e-01   7.216624e-01   9.040942e-01   9.998755e-01   9.374053e-01   9.999925e-01   9.166473e-01   1.000000e+00   9.304679e-01   1.000000e+00   9.376367e-01   1.000000e+00
   9.896530e-01   9.996964e-01   8.580649e-01   1.000000e+00   4.636435e-01   7.224789e-01   8.747100e-01   9.999911e-01   8.998773e-01   9.996916e-01   9.161124e-01   1.000000e+00   9.294550e-01   9.999981e-01   9.357310e-01   1.000000e+00
   9.909873e-01   9.622858e-01   9.991477e-01   9.997390e-01   6.028121e-01   6.424748e-01   8.746819e-01   9.999918e-01   8.998938e-01   9.998601e-01   9.161407e-01   9.998751e-01   9.350717e-01   1.000000e+00   9.384309e-01   9.999250e-01
   2.651169e-01   9.605232e-01   8.524658e-01   9.707218e-01   2.790646e-01   6.310258e-01   8.751474e-01   9.999594e-01   8.998173e-01   9.999958e-01   9.154803e-01   9.999993e-01   9.283767e-01   9.999994e-01   9.355224e-01   1.000000e+00
   6.791765e-02   9.623218e-01   1.000000e+00   1.000000e+00   4.601206e-01   5.754341e-01   8.739596e-01   9.997235e-01   9.399483e-01   9.951326e-01   9.117206e-01   9.999968e-01   9.300818e-01   9.999985e-01   9.379282e-01   1.000000e+00
   2.716060e-01   9.990713e-01   9.994272e-01   9.999991e-01   3.703205e-01   6.127145e-01   8.504120e-01   9.998670e-01   9.377439e-01   9.991341e-01   9.161572e-01   1.000000e+00   9.292190e-01   1.000000e+00   9.372664e-01   1.000000e+00
   9.829070e-01   9.333555e-01   2.100445e-01   4.481156e-01   4.103788e-01   5.243264e-01   8.882519e-01   9.995382e-01   9.026097e-01   9.729162e-01   9.029998e-01   1.000000e+00   9.294018e-01   1.000000e+00   9.104673e-01   1.000000e+00
   1.819713e-01   9.995429e-01   1.000000e+00   1.000000e+00   5.192626e-01   7.185475e-01   8.665240e-01   9.995594e-01   9.038942e-01   9.998741e-01   9.163181e-01   1.000000e+00   8.369313e-01   1.000000e+00   9.375528e-01   9.999313e-01
   1.123682e-01   9.795704e-01   1.000000e+00   9.793520e-01   4.988116e-01   7.241898e-01   8.751223e-01   9.999547e-01   8.993778e-01   9.999921e-01   8.915297e-01   9.998735e-01   8.384288e-01   1.000000e+00   9.373271e-01   9.909343e-01
   9.584513e-01   9.999996e-01   8.349045e-01   6.857650e-01   4.868098e-01   4.047746e-01   8.751254e-01   9.999704e-01   9.039251e-01   9.996757e-01   9.163486e-01   9.999910e-01   9.311671e-01   9.999947e-01   9.366511e-01   9.986222e-01
   3.177855e-01   9.859345e-01   1.000000e+00   1.000000e+00   2.318464e-01   5.223739e-01   8.749176e-01   1.000000e+00   9.000909e-01   9.998358e-01   9.164262e-01   9.990182e-01   9.293017e-01   9.999963e-01   9.378946e-01   9.999992e-01
   2.870617e-01   9.864535e-01   2.699904e-01   9.427892e-01   4.827906e-01   5.839254e-01   8.747344e-01   9.998648e-01   8.998803e-01   9.991668e-01   9.179583e-01   1.000000e+00   9.294014e-01   9.999957e-01   9.378870e-01   9.999349e-01
   3.428984e-01   9.393355e-01   9.442379e-01   1.000000e+00   3.663449e-01   6.391793e-01   8.985434e-01   9.715217e-01   8.998937e-01   9.998714e-01   9.163433e-01   9.998822e-01   9.709721e-01   1.000000e+00   9.602514e-01   1.000000e+00
   9.756495e-01   1.000000e+00   1.000000e+00   4.424522e-01   4.075339e-01   7.183580e-01   9.040942e-01   9.996778e-01   8.996963e-01   9.998596e-01   9.163384e-01   9.999914e-01   9.311396e-01   1.000000e+00   9.363191e-01   1.000000e+00
   1.037374e-01   9.594552e-01   9.663504e-01   1.000000e+00   4.380483e-01   7.518579e-01   8.973281e-01   9.999583e-01   9.021873e-01   9.998101e-01   8.948892e-01   9.969026e-01   9.293966e-01   9.999999e-01   9.275799e-01   9.981460e-01
   3.059045e-01   9.997024e-01   6.883767e-02   9.797641e-01   2.924932e-01   6.646779e-01   8.765476e-01   9.998617e-01   8.972149e-01   9.758211e-01   9.140774e-01   9.999726e-01   9.514713e-01   9.999994e-01   9.383099e-01   9.981643e-01
   1.539268e-01   9.428512e-01   2.576064e-01   9.837632e-01   4.816114e-01   6.422135e-01   8.749425e-01   9.998550e-01   8.998773e-01   9.991167e-01   9.161521e-01   9.977219e-01   9.293993e-01   1.000000e+00   9.106196e-01   1.000000e+00
   9.539856e-01   9.959235e-01   9.200894e-02   1.000000e+00   2.325028e-01   6.506343e-01   8.795282e-01   9.999999e-01   9.000874e-01   9.999895e-01   9.161585e-01   1.000000e+00   9.326706e-01   9.999929e-01   9.376886e-01   9.998398e-01
   9.715309e-01   9.915852e-01   9.999920e-01   1.000000e+00   3.629879e-01   6.105753e-01   8.732261e-01   9.999918e-01   9.364772e-01   9.998713e-01   9.150915e-01   9.998751e-01   9.350228e-01   1.000000e+00   9.353439e-01   9.999243e-01
   1.879755e-01   9.995429e-01   9.769139e-01   9.996498e-01   5.192626e-01   7.172544e-01   8.797630e-01   9.995608e-01   9.004632e-01   9.998432e-01   9.165467e-01   1.000000e+00   9.416511e-01   9.999584e-01   9.375528e-01   9.982763e-01
   1.000000e+00   9.657890e-01   1.000000e+00   1.000000e+00   4.985087e-01   5.865312e-01   8.739596e-01   9.997305e-01   8.305077e-01   9.949227e-01   9.117206e-01   9.999968e-01   9.299670e-01   9.999985e-01   9.379281e-01   1.000000e+00
   3.386053e-01   9.913842e-01   1.000000e+00   9.996444e-01   4.723562e-01   6.411817e-01   8.750207e-01   9.999918e-01   8.998489e-01   9.998402e-01   9.163373e-01   9.998764e-01   9.291064e-01   9.999063e-01   9.382521e-01   9.999970e-01
   9.662533e-01   9.605738e-01   1.000000e+00   9.997662e-01   6.028121e-01   6.424748e-01   8.765225e-01   9.999918e-01   8.998938e-01   9.999126e-01   9.161407e-01   9.998621e-01   9.351532e-01   9.801223e-01   9.393083e-01   1.000000e+00
   8.243275e-02   9.998503e-01   9.999816e-01   1.000000e+00   3.739946e-01   7.230407e-01   8.743460e-01   9.998708e-01   8.526987e-01   9.999137e-01   9.166946e-01   9.999999e-01   9.276798e-01   9.795051e-01   9.388056e-01   9.999807e-01
   9.590061e-01   9.662376e-01   8.318079e-01   9.999972e-01   4.106773e-01   5.871532e-01   8.577888e-01   9.999999e-01   9.041996e-01   9.998553e-01   9.161973e-01   1.000000e+00   9.472839e-01   9.999925e-01   9.385585e-01   1.000000e+00
   1.142176e-01   1.000000e+00   9.974790e-01   9.949355e-01   4.146089e-01   4.061100e-01   8.749923e-01   9.999811e-01   9.009589e-01   9.996845e-01   9.659374e-01   9.998754e-01   9.312697e-01   1.000000e+00   9.395842e-01   1.000000e+00
   9.756495e-01   9.621683e-01   8.255051e-02   3.018244e-01   3.708551e-01   7.216624e-01   9.040942e-01   9.998727e-01   8.986859e-01   9.999925e-01   9.161651e-01   1.000000e+00   9.304278e-01   1.000000e+00   9.376367e-01   1.000000e+00
   1.908410e-01   9.349353e-01   9.790167e-01   9.817087e-01   3.748116e-01   6.342711e-01   8.750539e-01   9.999583e-01   9.036250e-01   9.999961e-01   9.147082e-01   9.436632e-01   9.280265e-01   9.999994e-01   9.602151e-01   9.999713e-01
   1.492742e-01   9.997849e-01   8.534644e-02   1.000000e+00   5.162675e-01   7.199555e-01   8.746988e-01   9.994206e-01   8.996872e-01   9.996064e-01   9.163378e-01   9.999957e-01   9.284288e-01   9.937487e-01   9.385054e-01   9.999268e-01
   1.249601e-01   4.936258e-04   9.976482e-01   1.878565e-01   6.009796e-01   7.478226e-01   8.991605e-01   9.999811e-01   8.924956e-01   9.999747e-01   9.669256e-01   1.000000e+00   9.303871e-01   9.999944e-01   9.370396e-01   9.999860e-01
   9.671716e-01   9.302387e-01   9.999816e-01   5.221873e-01   3.744632e-01   7.216042e-01   9.369150e-01   9.999612e-01   8.998335e-01   9.996799e-01   9.161120e-01   1.000000e+00   9.293440e-01   9.999992e-01   9.377947e-01   9.546641e-01
   3.031360e-01   9.985324e-01   9.887014e-01   9.769075e-01   3.844054e-01   6.452118e-01   8.575047e-01   9.995575e-01   9.003858e-01   9.998389e-01   9.161862e-01   9.999780e-01   9.286503e-01   9.999461e-01   9.381088e-01   9.986667e-01
   9.999089e-01   9.995867e-01   9.998962e-01   1.448412e-01   5.642686e-01   6.291799e-01   8.745488e-01   9.992085e-01   9.005572e-01   9.988181e-01   9.177422e-01   1.000000e+00   9.294002e-01   9.999996e-01   9.377900e-01   9.738971e-01
   9.724768e-01   9.926192e-01   8.390221e-01   9.907124e-01   4.991538e-01   5.121883e-01   8.846026e-01   9.999911e-01   8.998847e-01   9.996868e-01   9.157784e-01   9.994001e-01   9.289012e-01   1.000000e+00   9.358175e-01   9.999875e-01
   1.142176e-01   9.898339e-01   9.963428e-01   1.000000e+00   4.145053e-01   6.452118e-01   8.749923e-01   9.998607e-01   9.001133e-01   9.999740e-01   9.133799e-01   9.998754e-01   9.293067e-01   1.000000e+00   9.380155e-01   1.000000e+00
   3.040056e-01   1.000000e+00   9.768733e-01   9.999853e-01   5.138432e-01   6.102182e-01   8.749870e-01   9.995536e-01   9.007050e-01   9.995174e-01   9.163466e-01   1.000000e+00   9.252162e-01   9.999247e-01   9.375883e-01   1.000000e+00
   9.756314e-01   9.239336e-01   1.000000e+00   1.559542e-01   4.942965e-01   6.429009e-01   8.561393e-01   9.999902e-01   8.987063e-01   9.999932e-01   9.294056e-01   9.999999e-01   9.292606e-01   1.000000e+00   9.367167e-01   9.994888e-01
   3.336073e-01   1.000000e+00   1.700123e-01   1.000000e+00   4.842913e-01   6.445418e-01   8.764807e-01   9.999915e-01   8.998940e-01   9.991324e-01   9.131073e-01   9.971923e-01   9.293830e-01   1.000000e+00   8.850299e-01   9.980791e-01
   1.000000e+00   9.597457e-01   1.710097e-01   9.401957e-01   2.994133e-01   7.519838e-01   8.967467e-01   9.999574e-01   8.988835e-01   9.992454e-01   9.167698e-01   9.998948e-01   9.282131e-01   9.997094e-01   8.857146e-01   9.980888e-01
   9.665617e-01   9.605748e-01   1.501654e-01   9.999411e-01   5.244297e-01   6.383780e-01   9.267458e-01   9.972915e-01   9.390073e-01   9.999136e-01   9.158812e-01   9.998622e-01   9.272748e-01   9.802909e-01   9.528482e-01   9.978977e-01
   9.989914e-01   9.998146e-01   2.702565e-01   4.481156e-01   4.837084e-01   5.279733e-01   8.745068e-01   9.995496e-01   8.997058e-01   9.991411e-01   9.163345e-01   9.999194e-01   9.294018e-01   1.000000e+00   9.088686e-01   1.000000e+00
   1.000000e+00   9.625463e-01   1.101204e-01   1.000000e+00   4.101901e-01   7.182746e-01   9.287861e-01   9.972915e-01   9.039746e-01   9.999136e-01   8.906786e-01   9.999893e-01   9.312725e-01   9.795917e-01   9.388311e-01   1.000000e+00
   9.742224e-01   9.662219e-01   8.318079e-01   9.999972e-01   4.106773e-01   7.265307e-01   8.572563e-01   1.000000e+00   9.042999e-01   9.998539e-01   8.931749e-01   1.000000e+00   9.468642e-01   9.999925e-01   9.385585e-01   9.910920e-01
   9.368613e-01   9.869682e-01   9.361445e-01   8.815422e-02   4.227886e-01   4.077709e-01   8.977047e-01   9.998637e-01   9.023632e-01   9.996742e-01   9.120055e-01   9.999500e-01   9.292252e-01   9.999917e-01   9.380198e-01   9.986203e-01
   9.999089e-01   8.538889e-01   1.000000e+00   1.000000e+00   4.840799e-01   5.738668e-01   8.746817e-01   9.999915e-01   8.999802e-01   9.999839e-01   9.133278e-01   1.000000e+00   9.406799e-01   1.000000e+00   9.382126e-01   9.999997e-01
   9.937745e-01   9.244374e-01   1.710097e-01   1.000000e+00   4.277196e-01   6.455327e-01   9.037296e-01   9.999965e-01   8.997469e-01   9.992454e-01   9.162066e-01   9.998763e-01   9.288913e-01   9.997252e-01   8.857146e-01   9.980888e-01
   2.912872e-01   9.913842e-01   1.000000e+00   9.996444e-01   4.718881e-01   6.411817e-01   8.750207e-01   9.999918e-01   9.005008e-01   9.998402e-01   9.164238e-01   9.998764e-01   9.291064e-01   9.999040e-01   9.382521e-01   9.999970e-01
   1.000000e+00   9.557334e-01   8.107937e-02   1.000000e+00   4.919809e-01   3.943601e-01   8.746873e-01   9.999823e-01   8.999777e-01   9.999933e-01   9.161547e-01   9.999177e-01   9.692291e-01   9.999925e-01   9.382719e-01   9.708222e-01
   2.309989e-01   9.631090e-01   1.000000e+00   7.440150e-01   3.795111e-01   6.420040e-01   8.739456e-01   9.997996e-01   8.567678e-01   9.998753e-01   9.161592e-01   1.000000e+00   9.328295e-01   9.999952e-01   9.377943e-01   9.999871e-01
   1.000000e+00   9.992840e-01   8.560320e-01   1.000000e+00   3.797734e-01   6.509814e-01   8.727153e-01   9.997532e-01   9.000841e-01   9.999982e-01   9.161584e-01   9.998475e-01   9.294461e-01   1.000000e+00   9.029080e-01   9.999853e-01
   2.885261e-01   9.854226e-01   1.641791e-01   1.000000e+00   3.460829e-01   5.223739e-01   8.751181e-01   9.998685e-01   9.004926e-01   9.998272e-01   9.164231e-01   9.717958e-01   9.292919e-01   9.999964e-01   9.386269e-01   9.999351e-01
   9.539856e-01   9.967995e-01   9.200894e-02   1.000000e+00   2.325028e-01   6.538705e-01   8.883403e-01   9.995096e-01   9.000842e-01   9.990524e-01   9.029865e-01   1.000000e+00   9.161532e-01   9.999929e-01   9.376886e-01   9.998298e-01
   9.994717e-01   9.825458e-01   9.965144e-01   1.000000e+00   5.198865e-01   5.674731e-01   8.764164e-01   9.999845e-01   8.997595e-01   9.669895e-01   9.161708e-01   1.000000e+00   9.472786e-01   9.999514e-01   9.355447e-01   9.999984e-01
   6.573980e-02   9.626466e-01   1.202750e-01   1.000000e+00   4.768850e-01   7.229275e-01   9.287861e-01   9.972915e-01   9.377283e-01   9.999136e-01   9.158812e-01   9.998654e-01   9.272748e-01   9.795917e-01   9.388547e-01   9.999817e-01
   1.000000e+00   9.238446e-01   2.661225e-01   6.420810e-02   2.994133e-01   5.751687e-01   8.749287e-01   9.999965e-01   8.988919e-01   9.992496e-01   9.167698e-01   9.998763e-01   9.282131e-01   9.997026e-01   9.389368e-01   1.000000e+00
   5.377855e-02   9.996464e-01   1.257613e-01   6.559684e-01   4.943791e-01   5.794064e-01   8.753287e-01   9.999949e-01   8.997117e-01   9.991111e-01   9.295598e-01   1.000000e+00   9.291169e-01   9.999595e-01   9.367547e-01   1.000000e+00
   9.919099e-01   9.420501e-01   1.492619e-01   1.000000e+00   4.958522e-01   6.416023e-01   9.035570e-01   9.999819e-01   8.997579e-01   1.000000e+00   9.161589e-01   9.969350e-01   9.288571e-01   1.000000e+00   9.363710e-01   9.999868e-01
   9.723940e-01   9.627263e-01   8.390169e-01   1.000000e+00   4.949593e-01   5.266603e-01   8.763734e-01   9.999914e-01   8.998848e-01   9.999123e-01   9.668885e-01   1.000000e+00   8.303242e-01   1.000000e+00   9.377571e-01   9.999997e-01
   9.686825e-01   9.992349e-01   2.733562e-01   4.757852e-01   4.113346e-01   6.065634e-01   8.742407e-01   9.998600e-01   9.400027e-01   9.991673e-01   9.166402e-01   1.000000e+00   9.331604e-01   9.999999e-01   9.553349e-01   9.999999e-01
   1.727532e-01   9.920198e-01   1.000000e+00   1.565284e-01   3.068426e-01   6.414245e-01   8.760745e-01   1.000000e+00   8.994789e-01   9.999921e-01   9.909123e-01   9.999958e-01   9.471774e-01   9.999992e-01   9.385587e-01   9.999664e-01
   9.813810e-01   9.649898e-01   8.790760e-01   1.928114e-01   5.357727e-01   5.845373e-01   9.308099e-01   9.999999e-01   9.182086e-01   9.999930e-01   9.162025e-01   1.000000e+00   9.289122e-01   9.999929e-01   9.380674e-01   9.998767e-01
   5.271761e-02   9.807634e-01   2.146353e-01   9.904513e-01   4.121606e-01   6.416023e-01   9.035570e-01   9.999596e-01   8.985941e-01   9.991011e-01   9.162070e-01   9.969099e-01   9.288571e-01   1.000000e+00   9.376040e-01   1.000000e+00
   2.989423e-01   9.906154e-01   1.000000e+00   1.870192e-01   3.068426e-01   6.430941e-01   8.760745e-01   1.000000e+00   8.994789e-01   9.756197e-01   9.886194e-01   9.999958e-01   9.471774e-01   9.999992e-01   9.385587e-01   9.990215e-01
   1.000000e+00   9.551128e-01   9.779746e-01   2.450893e-01   4.921236e-01   6.659297e-01   8.765175e-01   9.999843e-01   9.004833e-01   9.999942e-01   9.179838e-01   9.999703e-01   9.299658e-01   1.000000e+00   9.383071e-01   9.982677e-01
   3.388045e-01   9.858845e-01   1.641791e-01   1.000000e+00   3.851224e-01   5.223739e-01   8.749176e-01   9.998685e-01   8.998407e-01   9.998272e-01   9.163366e-01   9.717958e-01   9.292919e-01   9.999986e-01   9.378870e-01   9.999349e-01
   9.535159e-01   9.562775e-01   1.963065e-01   1.000000e+00   4.873160e-01   6.480619e-01   8.746694e-01   9.999818e-01   8.999786e-01   9.999896e-01   9.161585e-01   1.000000e+00   9.301666e-01   1.000000e+00   9.382266e-01   9.999869e-01
   2.959194e-01   9.558281e-01   1.000000e+00   1.557869e-01   2.373132e-01   6.419409e-01   9.038963e-01   1.000000e+00   9.000820e-01   9.999245e-01   9.161560e-01   1.000000e+00   9.288470e-01   9.999998e-01   9.376076e-01   9.999914e-01
   8.243275e-02   9.998503e-01   9.999816e-01   9.719243e-01   3.730702e-01   6.627887e-01   8.743460e-01   9.998708e-01   8.526987e-01   9.999137e-01   9.167079e-01   9.999999e-01   9.277569e-01   1.000000e+00   9.388056e-01   1.000000e+00
   6.573980e-02   9.777786e-01   1.095904e-01   4.599945e-01   5.251288e-01   7.229275e-01   8.736604e-01   9.972915e-01   9.377283e-01   9.913010e-01   9.158812e-01   9.998654e-01   9.272748e-01   9.795917e-01   9.390760e-01   9.982614e-01
   9.696087e-01   9.422217e-01   1.000000e+00   1.825314e-01   4.773559e-01   6.422058e-01   8.750124e-01   1.000000e+00   8.994055e-01   9.999764e-01   9.161719e-01   9.999726e-01   9.282512e-01   9.999424e-01   9.393027e-01   9.999818e-01
   1.000000e+00   9.924712e-01   1.000000e+00   9.893684e-01   3.618352e-01   6.105753e-01   8.746819e-01   9.999918e-01   9.370193e-01   9.998281e-01   9.161407e-01   1.000000e+00   9.470381e-01   9.999949e-01   9.350852e-01   9.838752e-01
   9.631548e-01   9.336150e-01   9.999815e-01   4.979759e-01   3.631373e-01   6.125571e-01   8.732541e-01   9.999639e-01   9.026062e-01   9.998152e-01   9.150918e-01   9.999912e-01   9.276029e-01   1.000000e+00   9.626827e-01   9.999212e-01
