   1.814805e-01   1.814809e-01   1.814875e-01   1.817419e-01   1.856550e-01   2.382062e-01   8.630267e-01   4.394550e+00   1.195544e+01   1.432946e+01
   2.297343e-01   2.297343e-01   2.297352e-01   2.297543e-01   2.300475e-01   2.343797e-01   1.167710e+00   4.320719e+00   1.197881e+01   1.442951e+01
   1.819415e-01   1.819429e-01   1.819623e-01   1.823345e-01   1.865595e-01   2.407366e-01   8.094673e-01   3.333239e+00   1.034197e+01   1.618914e+01
   2.327708e-01   2.327709e-01   2.327711e-01   2.327840e-01   2.330900e-01   2.367897e-01   1.132794e+00   4.071603e+00   1.118907e+01   1.530336e+01
   2.100974e-01   2.100989e-01   2.101210e-01   2.105459e-01   2.147603e-01   2.629205e-01   7.746071e-01   3.021792e+00   9.774689e+00   1.676453e+01
   1.841601e-01   1.841610e-01   1.841747e-01   1.846882e-01   1.920749e-01   2.895624e-01   8.821971e-01   4.381400e+00   1.192696e+01   1.436900e+01
   2.048901e-01   2.048915e-01   2.049122e-01   2.051707e-01   2.077122e-01   2.360586e-01   3.912901e-01   3.089555e+00   1.241208e+01   1.445110e+01
   1.863233e-01   1.863233e-01   1.863233e-01   1.863240e-01   1.863306e-01   1.864663e-01   4.201358e-01   3.798309e+00   1.104527e+01   1.548100e+01
   2.005189e-01   2.005189e-01   2.005190e-01   2.005204e-01   2.005362e-01   2.008141e-01   4.775051e-01   4.491503e+00   1.195208e+01   1.436318e+01
   2.015671e-01   2.015671e-01   2.015671e-01   2.015671e-01   2.015671e-01   2.015671e-01   2.015671e-01   3.669581e-01   2.215773e+00   2.007488e+01
   2.410054e-01   2.410054e-01   2.410054e-01   2.410061e-01   2.410135e-01   2.411321e-01   2.555703e-01   2.685728e+00   8.500922e+00   1.774618e+01
   1.837149e-01   1.837152e-01   1.837195e-01   1.843039e-01   1.925572e-01   2.738809e-01   7.227644e-01   3.299026e+00   1.128497e+01   1.541770e+01
   1.770034e-01   1.770038e-01   1.770107e-01   1.773352e-01   1.808549e-01   2.294097e-01   7.996292e-01   4.026259e+00   1.093441e+01   1.544735e+01
   1.831491e-01   1.831491e-01   1.831493e-01   1.831673e-01   1.834157e-01   1.861132e-01   5.870117e-01   2.055840e+00   1.268997e+01   1.436326e+01
   1.845402e-01   1.845403e-01   1.845415e-01   1.846612e-01   1.874617e-01   2.212540e-01   4.361556e-01   4.106970e+00   1.142036e+01   1.501596e+01
   2.068767e-01   2.068770e-01   2.068805e-01   2.070927e-01   2.113338e-01   2.551439e-01   5.082680e-01   4.203043e+00   1.110209e+01   1.531667e+01
   1.778480e-01   1.778491e-01   1.778661e-01   1.780889e-01   1.821835e-01   2.226997e-01   7.463385e-01   2.864799e+00   1.159887e+01   1.524494e+01
   2.083546e-01   2.083548e-01   2.083582e-01   2.085367e-01   2.107087e-01   2.342133e-01   3.707741e-01   9.790471e-01   7.084081e+00   1.866509e+01
   1.889524e-01   1.889535e-01   1.889700e-01   1.891867e-01   1.930694e-01   2.343870e-01   7.643659e-01   2.905903e+00   1.172766e+01   1.513592e+01
   1.896340e-01   1.896340e-01   1.896340e-01   1.896340e-01   1.896340e-01   1.896340e-01   8.141649e-01   2.862331e+00   1.183104e+01   1.504666e+01
   1.943478e-01   1.943478e-01   1.943478e-01   1.943478e-01   1.943478e-01   1.943478e-01   4.826463e-01   2.437534e+00   7.995679e+00   1.799410e+01
   2.386994e-01   2.386995e-01   2.386996e-01   2.387190e-01   2.390368e-01   2.423914e-01   2.676991e-01   3.163367e+00   1.190069e+01   1.502820e+01
   2.060223e-01   2.060227e-01   2.060296e-01   2.064105e-01   2.111024e-01   2.778441e-01   1.031386e+00   3.744591e+00   1.015577e+01   1.623136e+01
   1.827196e-01   1.827196e-01   1.827196e-01   1.827196e-01   1.827196e-01   1.827196e-01   3.871456e-01   2.216789e+00   1.188045e+01   1.516656e+01
   2.307771e-01   2.307773e-01   2.307795e-01   2.310340e-01   2.336658e-01   2.599492e-01   4.130705e-01   2.427288e+00   1.195479e+01   1.515381e+01
   2.285888e-01   2.285888e-01   2.285888e-01   2.285905e-01   2.286104e-01   2.289579e-01   2.308828e-01   2.411990e+00   1.189437e+01   1.521319e+01
   1.992211e-01   1.992212e-01   1.992215e-01   1.992286e-01   1.994025e-01   2.011878e-01   7.038834e-01   2.368566e+00   9.066725e+00   1.737623e+01
   1.769880e-01   1.769887e-01   1.769993e-01   1.774393e-01   1.832996e-01   2.470317e-01   9.910543e-01   3.714876e+00   1.218917e+01   1.435223e+01
   2.026593e-01   2.026594e-01   2.026597e-01   2.026634e-01   2.027566e-01   2.038800e-01   5.317257e-01   1.733383e+00   8.841675e+00   1.763765e+01
   2.027595e-01   2.027595e-01   2.027596e-01   2.027783e-01   2.029729e-01   2.050845e-01   9.227236e-01   4.159784e+00   1.117989e+01   1.522655e+01
   2.005904e-01   2.005909e-01   2.005988e-01   2.008624e-01   2.045351e-01   2.433315e-01   6.381923e-01   2.145553e+00   1.130333e+01   1.574109e+01
   2.012123e-01   2.012127e-01   2.012173e-01   2.016911e-01   2.063886e-01   2.590501e-01   5.522869e-01   1.832156e+00   5.477715e+00   1.920675e+01
   2.101592e-01   2.101600e-01   2.101712e-01   2.106388e-01   2.171935e-01   2.878700e-01   8.178078e-01   3.382058e+00   1.195721e+01   1.480973e+01
   1.895313e-01   1.895313e-01   1.895313e-01   1.895313e-01   1.895313e-01   1.895313e-01   4.931674e-01   4.364666e+00   1.176393e+01   1.458341e+01
   1.796043e-01   1.796045e-01   1.796081e-01   1.797986e-01   1.825952e-01   2.150646e-01   3.886568e-01   2.320025e+00   1.185304e+01   1.516344e+01
   1.882329e-01   1.882329e-01   1.882329e-01   1.882329e-01   1.882329e-01   1.882329e-01   1.882329e-01   3.011858e+00   1.013101e+01   1.648223e+01
   2.305071e-01   2.305072e-01   2.305094e-01   2.305641e-01   2.313439e-01   2.419812e-01   3.002892e-01   1.149121e+00   7.893973e+00   1.829059e+01
   2.039473e-01   2.039473e-01   2.039478e-01   2.041576e-01   2.069902e-01   2.378411e-01   4.175024e-01   1.533527e+00   1.229117e+01   1.492706e+01
   2.224688e-01   2.224688e-01   2.224688e-01   2.224733e-01   2.225234e-01   2.233079e-01   3.911501e-01   2.151465e+00   1.173770e+01   1.540218e+01
   1.764937e-01   1.764937e-01   1.764937e-01   1.764938e-01   1.764956e-01   1.765138e-01   1.766544e-01   1.772569e-01   1.836044e-01   2.017649e+01
   2.114827e-01   2.114829e-01   2.114862e-01   2.118572e-01   2.156940e-01   2.583722e-01   5.041244e-01   2.424803e+00   1.192767e+01   1.513451e+01
   1.809395e-01   1.809398e-01   1.809451e-01   1.810541e-01   1.822648e-01   1.946862e-01   3.551793e-01   2.930239e+00   1.156695e+01   1.528313e+01
   2.091612e-01   2.091614e-01   2.091632e-01   2.093043e-01   2.110226e-01   2.305872e-01   1.020591e+00   3.671734e+00   1.225466e+01   1.437931e+01
   2.012081e-01   2.012089e-01   2.012222e-01   2.014121e-01   2.041812e-01   2.391285e-01   1.170575e+00   4.340095e+00   1.198097e+01   1.434334e+01
   2.210665e-01   2.210665e-01   2.210666e-01   2.210737e-01   2.211704e-01   2.224423e-01   1.015044e+00   3.636215e+00   1.223974e+01   1.443930e+01
   2.496805e-01   2.496805e-01   2.496805e-01   2.496805e-01   2.496805e-01   2.496805e-01   2.829680e-01   2.778144e+00   9.928628e+00   1.681324e+01
   2.385662e-01   2.385662e-01   2.385663e-01   2.385708e-01   2.386459e-01   2.394378e-01   2.440961e-01   4.044068e+00   1.179110e+01   1.481956e+01
   2.003934e-01   2.003936e-01   2.003960e-01   2.008414e-01   2.048950e-01   2.600694e-01   5.743022e-01   2.788678e+00   1.258111e+01   1.434253e+01
   2.150768e-01   2.150768e-01   2.150778e-01   2.150981e-01   2.153262e-01   2.183866e-01   9.057590e-01   3.279540e+00   1.021538e+01   1.636713e+01
   2.233373e-01   2.233373e-01   2.233373e-01   2.233373e-01   2.233373e-01   2.233373e-01   2.351097e-01   1.514057e+00   1.266214e+01   1.458926e+01
   2.219159e-01   2.219164e-01   2.219241e-01   2.222897e-01   2.262551e-01   2.739917e-01   8.413038e-01   4.051155e+00   1.093051e+01   1.554267e+01
   2.316716e-01   2.316721e-01   2.316798e-01   2.320164e-01   2.354899e-01   2.955468e-01   9.580478e-01   3.346159e+00   1.019618e+01   1.639253e+01
   1.804674e-01   1.804675e-01   1.804679e-01   1.805170e-01   1.812062e-01   1.886182e-01   2.396989e-01   3.886617e+00   1.075545e+01   1.568752e+01
   2.010500e-01   2.010506e-01   2.010595e-01   2.017289e-01   2.092763e-01   2.910830e-01   7.646498e-01   4.477223e+00   1.195069e+01   1.435451e+01
   2.075973e-01   2.075975e-01   2.076002e-01   2.076617e-01   2.088065e-01   2.219018e-01   7.521640e-01   3.192665e+00   1.050428e+01   1.616317e+01
   2.356082e-01   2.356090e-01   2.356205e-01   2.358907e-01   2.398907e-01   2.812313e-01   5.256051e-01   4.245089e+00   1.154757e+01   1.495730e+01
   2.227144e-01   2.227169e-01   2.227544e-01   2.235185e-01   2.346959e-01   3.559558e-01   1.041782e+00   3.779286e+00   1.160687e+01   1.501520e+01
   1.839994e-01   1.840007e-01   1.840229e-01   1.845063e-01   1.899408e-01   2.669525e-01   7.295703e-01   2.547566e+00   8.539512e+00   1.763260e+01
   2.004361e-01   2.004361e-01   2.004365e-01   2.004426e-01   2.005314e-01   2.014795e-01   2.145442e-01   3.286444e+00   1.148752e+01   1.529472e+01
   1.849627e-01   1.849627e-01   1.849627e-01   1.849627e-01   1.849627e-01   1.849627e-01   1.849627e-01   1.849627e-01   1.291143e+01   1.432872e+01
   1.999121e-01   1.999121e-01   1.999121e-01   1.999121e-01   1.999121e-01   1.999121e-01   1.999121e-01   1.999121e-01   1.273976e+01   1.454798e+01
   2.033392e-01   2.033401e-01   2.033559e-01   2.035740e-01   2.060960e-01   2.418036e-01   4.458325e-01   3.191360e+00   8.667071e+00   1.745116e+01
   1.859367e-01   1.859371e-01   1.859422e-01   1.862674e-01   1.896353e-01   2.334764e-01   5.149171e-01   2.878845e+00   7.572814e+00   1.810455e+01
   2.014127e-01   2.014129e-01   2.014163e-01   2.018873e-01   2.082312e-01   2.709647e-01   9.189855e-01   3.281782e+00   1.134140e+01   1.539682e+01
   1.884039e-01   1.884039e-01   1.884039e-01   1.884039e-01   1.884039e-01   1.884039e-01   2.817954e-01   1.212347e+00   1.272406e+01   1.448318e+01
   2.357046e-01   2.357046e-01   2.357053e-01   2.358296e-01   2.375015e-01   2.548553e-01   3.571596e-01   1.813834e+00   4.698566e+00   1.950974e+01
   1.999061e-01   1.999063e-01   1.999092e-01   2.000371e-01   2.019749e-01   2.313547e-01   6.057858e-01   3.263875e+00   1.239508e+01   1.439092e+01
   2.081993e-01   2.081993e-01   2.081996e-01   2.082130e-01   2.084094e-01   2.101234e-01   4.282757e-01   2.332467e+00   1.212951e+01   1.495257e+01
   2.287513e-01   2.287513e-01   2.287513e-01   2.287522e-01   2.287611e-01   2.289031e-01   2.461910e-01   2.690159e+00   8.482385e+00   1.773393e+01
   2.238664e-01   2.238664e-01   2.238664e-01   2.238664e-01   2.238664e-01   2.238664e-01   7.576129e-01   3.509195e+00   9.974984e+00   1.650778e+01
   2.296536e-01   2.296536e-01   2.296538e-01   2.297193e-01   2.306124e-01   2.401463e-01   7.502981e-01   4.051687e+00   1.156304e+01   1.499606e+01
   1.845895e-01   1.845903e-01   1.846013e-01   1.848741e-01   1.887808e-01   2.307846e-01   4.651340e-01   1.404369e+00   1.167088e+01   1.550210e+01
   2.023787e-01   2.023787e-01   2.023787e-01   2.023787e-01   2.023787e-01   2.023787e-01   6.846312e-01   2.317874e+00   1.035460e+01   1.649007e+01
   1.821501e-01   1.821501e-01   1.821502e-01   1.821717e-01   1.824311e-01   1.853404e-01   1.004939e+00   4.019491e+00   1.203123e+01   1.440453e+01
   1.954475e-01   1.954475e-01   1.954475e-01   1.954475e-01   1.954475e-01   1.954475e-01   1.097930e+00   4.045232e+00   1.103684e+01   1.536365e+01
   1.802553e-01   1.802561e-01   1.802672e-01   1.806968e-01   1.873050e-01   2.610555e-01   1.152581e+00   4.347879e+00   1.194060e+01   1.432823e+01
   2.205760e-01   2.205762e-01   2.205802e-01   2.210940e-01   2.268277e-01   2.892446e-01   6.257553e-01   2.752290e+00   1.253960e+01   1.444312e+01
   2.259930e-01   2.259930e-01   2.259938e-01   2.260207e-01   2.262649e-01   2.303578e-01   2.564518e-01   3.700670e-01   8.126581e+00   1.819554e+01
   1.924295e-01   1.924319e-01   1.924716e-01   1.929552e-01   1.985388e-01   2.596938e-01   8.877798e-01   3.177291e+00   1.079489e+01   1.588635e+01
   1.857886e-01   1.857886e-01   1.857886e-01   1.857886e-01   1.857887e-01   1.857896e-01   1.865782e-01   2.829845e+00   1.245187e+01   1.444508e+01
   1.862096e-01   1.862099e-01   1.862132e-01   1.863682e-01   1.877441e-01   2.150023e-01   3.568350e-01   9.279878e-01   8.358704e+00   1.798009e+01
   2.099827e-01   2.099827e-01   2.099827e-01   2.099849e-01   2.100055e-01   2.102949e-01   8.915525e-01   3.117016e+00   8.493985e+00   1.756296e+01
   2.155677e-01   2.155679e-01   2.155703e-01   2.161530e-01   2.239965e-01   2.927820e-01   1.131687e+00   4.142575e+00   1.148117e+01   1.496313e+01
   1.959745e-01   1.959748e-01   1.959794e-01   1.963290e-01   1.999441e-01   2.454083e-01   5.019451e-01   1.528058e+00   8.952090e+00   1.758493e+01
   1.863148e-01   1.863172e-01   1.863523e-01   1.868392e-01   1.942041e-01   2.726547e-01   7.592226e-01   3.631163e+00   1.224623e+01   1.437115e+01
   2.115896e-01   2.115896e-01   2.115901e-01   2.115993e-01   2.118247e-01   2.141608e-01   8.658744e-01   3.024104e+00   1.172952e+01   1.514428e+01
   2.219449e-01   2.219450e-01   2.219461e-01   2.223627e-01   2.268417e-01   2.780862e-01   6.108339e-01   1.904253e+00   1.238535e+01   1.480302e+01
   1.829226e-01   1.829260e-01   1.829761e-01   1.836619e-01   1.927517e-01   3.140602e-01   9.552624e-01   3.541635e+00   9.759570e+00   1.655006e+01
   2.227934e-01   2.227935e-01   2.227935e-01   2.228127e-01   2.230336e-01   2.254772e-01   7.164884e-01   2.328545e+00   1.229811e+01   1.480215e+01
   2.056004e-01   2.056006e-01   2.056040e-01   2.058548e-01   2.092182e-01   2.449056e-01   4.778054e-01   1.900913e+00   5.530833e+00   1.918832e+01
   1.914287e-01   1.914287e-01   1.914287e-01   1.914287e-01   1.914287e-01   1.914287e-01   1.914287e-01   1.914287e-01   7.199640e+00   1.861327e+01
   2.151191e-01   2.151191e-01   2.151191e-01   2.151191e-01   2.151191e-01   2.151191e-01   2.151191e-01   2.732545e+00   1.199678e+01   1.500466e+01
   1.976732e-01   1.976735e-01   1.976774e-01   1.980464e-01   2.044345e-01   2.674304e-01   7.607124e-01   2.867476e+00   8.866116e+00   1.738588e+01
   2.049009e-01   2.049009e-01   2.049010e-01   2.049686e-01   2.058630e-01   2.153473e-01   7.233034e-01   4.010476e+00   1.149396e+01   1.501995e+01
   2.441467e-01   2.441467e-01   2.441467e-01   2.441467e-01   2.441467e-01   2.441467e-01   6.077184e-01   2.738526e+00   9.923095e+00   1.680771e+01
   1.885812e-01   1.885812e-01   1.885816e-01   1.885864e-01   1.886556e-01   1.895349e-01   4.810869e-01   1.445228e+00   1.184100e+01   1.534542e+01
   1.797192e-01   1.797195e-01   1.797239e-01   1.801329e-01   1.857827e-01   2.468598e-01   5.758364e-01   2.052410e+00   1.268654e+01   1.435983e+01
   1.857660e-01   1.857667e-01   1.857781e-01   1.859129e-01   1.879658e-01   2.106623e-01   5.189314e-01   2.925593e+00   1.182717e+01   1.504279e+01
   2.070265e-01   2.070265e-01   2.070265e-01   2.070266e-01   2.070266e-01   2.070275e-01   2.079407e-01   2.198587e-01   7.398156e+00   1.854162e+01
   2.425603e-01   2.425604e-01   2.425609e-01   2.425728e-01   2.427017e-01   2.441983e-01   8.254683e-01   2.915787e+00   9.946705e+00   1.673137e+01
   1.835192e-01   1.835196e-01   1.835262e-01   1.844417e-01   1.939194e-01   2.971937e-01   8.972927e-01   3.595207e+00   1.122028e+01   1.536095e+01
   1.770369e-01   1.770370e-01   1.770373e-01   1.770505e-01   1.772269e-01   1.805308e-01   2.174929e-01   3.798658e+00   1.206626e+01   1.449458e+01
   2.229873e-01   2.229874e-01   2.229876e-01   2.230050e-01   2.232366e-01   2.256965e-01   8.398719e-01   2.854561e+00   1.143690e+01   1.549235e+01
   1.783847e-01   1.783847e-01   1.783849e-01   1.784017e-01   1.786249e-01   1.816125e-01   9.746903e-01   3.859756e+00   1.059312e+01   1.578674e+01
   2.239002e-01   2.239003e-01   2.239022e-01   2.240183e-01   2.251874e-01   2.392237e-01   4.074789e-01   1.735059e+00   9.996321e+00   1.691105e+01
   2.199123e-01   2.199127e-01   2.199184e-01   2.205688e-01   2.298495e-01   3.257941e-01   1.063882e+00   4.308519e+00   1.203685e+01   1.436205e+01
   2.175932e-01   2.175934e-01   2.175950e-01   2.176374e-01   2.180959e-01   2.231158e-01   9.681786e-01   4.129825e+00   1.110788e+01   1.533439e+01
   1.906439e-01   1.906442e-01   1.906490e-01   1.909393e-01   1.962151e-01   2.501689e-01   5.573191e-01   4.179402e+00   1.108586e+01   1.530043e+01
   2.430614e-01   2.430614e-01   2.430614e-01   2.430692e-01   2.431506e-01   2.440224e-01   7.106231e-01   2.237312e+00   7.467894e+00   1.837859e+01
   1.955395e-01   1.955413e-01   1.955711e-01   1.959341e-01   2.001268e-01   2.489014e-01   7.680743e-01   2.652064e+00   1.247815e+01   1.446593e+01
   2.200290e-01   2.200293e-01   2.200341e-01   2.203920e-01   2.262549e-01   2.881632e-01   7.561901e-01   2.532367e+00   1.120636e+01   1.577747e+01
   2.304793e-01   2.304793e-01   2.304793e-01   2.304793e-01   2.304793e-01   2.304793e-01   4.351552e-01   3.013244e+00   8.157266e+00   1.784417e+01
   1.887078e-01   1.887084e-01   1.887169e-01   1.892622e-01   1.949438e-01   2.735820e-01   1.061450e+00   3.935201e+00   1.086487e+01   1.554375e+01
   2.031843e-01   2.031845e-01   2.031879e-01   2.032546e-01   2.041992e-01   2.140263e-01   2.709409e-01   1.286367e+00   4.651241e+00   1.953530e+01
   1.927828e-01   1.927829e-01   1.927831e-01   1.927895e-01   1.928797e-01   1.940231e-01   2.000891e-01   9.342783e-01   8.955529e+00   1.763823e+01
   2.291489e-01   2.291489e-01   2.291490e-01   2.291615e-01   2.292706e-01   2.306077e-01   5.490322e-01   2.157383e+00   9.179275e+00   1.740724e+01
   1.817224e-01   1.817229e-01   1.817302e-01   1.820106e-01   1.859202e-01   2.298663e-01   4.702290e-01   1.435617e+00   1.273248e+01   1.442588e+01
   1.829434e-01   1.829434e-01   1.829435e-01   1.829547e-01   1.830900e-01   1.846060e-01   4.337021e-01   1.344740e+00   1.283947e+01   1.432508e+01
   2.185262e-01   2.185264e-01   2.185289e-01   2.190300e-01   2.258907e-01   2.975291e-01   7.084575e-01   4.373385e+00   1.194177e+01   1.446097e+01
   1.914158e-01   1.914187e-01   1.914626e-01   1.920801e-01   1.992087e-01   2.777170e-01   7.005893e-01   2.650829e+00   1.180759e+01   1.513838e+01
   1.851960e-01   1.851973e-01   1.852194e-01   1.856989e-01   1.910904e-01   2.674976e-01   7.259754e-01   2.528072e+00   8.548610e+00   1.763380e+01
   2.000826e-01   2.000829e-01   2.000866e-01   2.007326e-01   2.085400e-01   3.111528e-01   9.163600e-01   4.156713e+00   1.200970e+01   1.442246e+01
   2.214387e-01   2.214394e-01   2.214493e-01   2.220009e-01   2.288353e-01   3.260048e-01   8.369680e-01   4.443674e+00   1.185327e+01   1.451496e+01
   1.845482e-01   1.845495e-01   1.845717e-01   1.850549e-01   1.904881e-01   2.674795e-01   7.299761e-01   2.547496e+00   8.540299e+00   1.763315e+01
   2.073619e-01   2.073620e-01   2.073630e-01   2.073842e-01   2.076352e-01   2.100157e-01   7.184692e-01   2.492395e+00   6.833553e+00   1.856773e+01
   2.057898e-01   2.057898e-01   2.057898e-01   2.057951e-01   2.058667e-01   2.071027e-01   5.434639e-01   1.650402e+00   4.622076e+00   1.950418e+01
   1.864450e-01   1.864450e-01   1.864450e-01   1.864450e-01   1.864450e-01   1.864450e-01   5.899850e-01   2.369295e+00   1.075332e+01   1.613549e+01
   2.286079e-01   2.286079e-01   2.286079e-01   2.286079e-01   2.286079e-01   2.286079e-01   2.505417e-01   2.391616e+00   1.038705e+01   1.651630e+01
   1.799191e-01   1.799195e-01   1.799261e-01   1.802041e-01   1.831513e-01   2.158928e-01   6.447012e-01   3.907384e+00   1.210716e+01   1.440024e+01
   1.803848e-01   1.803856e-01   1.803970e-01   1.808798e-01   1.859989e-01   2.429441e-01   5.743237e-01   3.380913e+00   1.042152e+01   1.612355e+01
   2.377960e-01   2.377960e-01   2.377960e-01   2.377961e-01   2.377967e-01   2.378059e-01   2.378583e-01   2.484293e-01   8.943579e+00   1.774297e+01
   2.124101e-01   2.124109e-01   2.124238e-01   2.126919e-01   2.158295e-01   2.504676e-01   4.740145e-01   1.835542e+00   6.693063e+00   1.875666e+01
   2.206359e-01   2.206361e-01   2.206383e-01   2.213584e-01   2.292425e-01   3.162845e-01   7.849336e-01   2.674632e+00   1.220474e+01   1.480172e+01
   1.801306e-01   1.801306e-01   1.801306e-01   1.801306e-01   1.801312e-01   1.801376e-01   2.042011e-01   1.867632e+00   1.253462e+01   1.457155e+01
   2.258370e-01   2.258371e-01   2.258380e-01   2.259977e-01   2.281466e-01   2.504508e-01   5.074632e-01   3.906928e+00   1.065182e+01   1.586121e+01
   2.186999e-01   2.186999e-01   2.186999e-01   2.186999e-01   2.186999e-01   2.186999e-01   7.108238e-01   4.278101e+00   1.151055e+01   1.492731e+01
   1.968065e-01   1.968066e-01   1.968074e-01   1.969308e-01   1.987858e-01   2.185775e-01   3.459743e-01   2.034406e+00   1.068773e+01   1.628410e+01
   2.188888e-01   2.188891e-01   2.188939e-01   2.195138e-01   2.264292e-01   3.017133e-01   7.075946e-01   3.290199e+00   1.085957e+01   1.587046e+01
   1.929664e-01   1.929677e-01   1.929891e-01   1.932499e-01   1.962361e-01   2.289687e-01   5.731790e-01   3.272852e+00   1.078780e+01   1.588688e+01
   2.232992e-01   2.232992e-01   2.232992e-01   2.232999e-01   2.233077e-01   2.234110e-01   2.840517e-01   4.917064e-01   1.265649e+01   1.468135e+01
   2.097440e-01   2.097440e-01   2.097440e-01   2.097450e-01   2.097563e-01   2.099425e-01   5.069593e-01   2.743091e+00   8.220768e+00   1.783250e+01
   1.800005e-01   1.800018e-01   1.800215e-01   1.808388e-01   1.917984e-01   3.109480e-01   9.794221e-01   3.719792e+00   1.222351e+01   1.432214e+01
   1.921287e-01   1.921287e-01   1.921287e-01   1.921293e-01   1.921350e-01   1.922538e-01   3.967909e-01   3.353796e+00   9.697251e+00   1.670744e+01
   2.088729e-01   2.088729e-01   2.088731e-01   2.088764e-01   2.089287e-01   2.097366e-01   5.659033e-01   3.250198e+00   9.905441e+00   1.661646e+01
   2.058996e-01   2.058999e-01   2.059042e-01   2.061779e-01   2.090169e-01   2.581366e-01   6.072256e-01   3.370815e+00   1.123351e+01   1.549901e+01
   2.238707e-01   2.238710e-01   2.238745e-01   2.243636e-01   2.286251e-01   2.767705e-01   5.370272e-01   2.148264e+00   9.205173e+00   1.738256e+01
   2.204216e-01   2.204216e-01   2.204216e-01   2.204216e-01   2.204216e-01   2.204216e-01   6.024305e-01   2.571772e+00   1.033674e+01   1.649057e+01
   1.849850e-01   1.849850e-01   1.849850e-01   1.849850e-01   1.849850e-01   1.849850e-01   8.242861e-01   3.643127e+00   1.029180e+01   1.613403e+01
   1.920503e-01   1.920504e-01   1.920506e-01   1.920835e-01   1.925570e-01   1.966901e-01   7.227511e-01   2.462555e+00   1.206297e+01   1.493642e+01
   1.905987e-01   1.906004e-01   1.906256e-01   1.909778e-01   1.966505e-01   2.593022e-01   6.029836e-01   3.600055e+00   9.542049e+00   1.672886e+01
   1.864700e-01   1.864700e-01   1.864700e-01   1.864700e-01   1.864700e-01   1.864700e-01   2.808781e-01   1.221559e+00   1.285858e+01   1.433065e+01
   1.770346e-01   1.770351e-01   1.770429e-01   1.773974e-01   1.824332e-01   2.321429e-01   5.475061e-01   1.781115e+00   8.180885e+00   1.797036e+01
   2.262925e-01   2.262926e-01   2.262926e-01   2.262947e-01   2.263369e-01   2.267726e-01   5.144861e-01   3.981696e+00   1.123019e+01   1.533608e+01
   1.853203e-01   1.853203e-01   1.853204e-01   1.853250e-01   1.853825e-01   1.860819e-01   3.334619e-01   1.340915e+00   6.805237e+00   1.872624e+01
   2.535805e-01   2.535805e-01   2.535805e-01   2.535805e-01   2.535805e-01   2.535805e-01   2.728978e-01   3.407885e+00   9.453943e+00   1.698531e+01
   1.883525e-01   1.883525e-01   1.883528e-01   1.883808e-01   1.887057e-01   1.923421e-01   2.175209e-01   4.303770e-01   1.178783e+01   1.547882e+01
   2.310412e-01   2.310437e-01   2.310795e-01   2.319186e-01   2.443194e-01   3.725018e-01   1.114939e+00   4.067019e+00   1.156638e+01   1.495273e+01
   2.226487e-01   2.226488e-01   2.226508e-01   2.230128e-01   2.289957e-01   3.286206e-01   1.032456e+00   3.856471e+00   1.106831e+01   1.547970e+01
   2.033325e-01   2.033325e-01   2.033325e-01   2.033328e-01   2.033368e-01   2.034171e-01   2.810993e-01   1.294989e+00   1.268249e+01   1.455140e+01
   2.078556e-01   2.078556e-01   2.078556e-01   2.078556e-01   2.078556e-01   2.078556e-01   4.255783e-01   2.309292e+00   1.215584e+01   1.493074e+01
   2.049198e-01   2.049199e-01   2.049226e-01   2.052431e-01   2.085369e-01   2.460492e-01   4.899368e-01   2.521842e+00   7.766333e+00   1.811736e+01
   1.848617e-01   1.848617e-01   1.848617e-01   1.848617e-01   1.848617e-01   1.848617e-01   1.848617e-01   3.273253e+00   1.239135e+01   1.436753e+01
   1.841620e-01   1.841625e-01   1.841710e-01   1.845091e-01   1.891948e-01   2.464098e-01   5.630282e-01   3.165604e+00   1.203545e+01   1.475840e+01
   2.350268e-01   2.350296e-01   2.350714e-01   2.356569e-01   2.425619e-01   3.223788e-01   7.554753e-01   2.497453e+00   7.497091e+00   1.829935e+01
   1.793526e-01   1.793526e-01   1.793529e-01   1.793702e-01   1.795521e-01   1.816718e-01   1.936256e-01   2.628681e+00   1.166770e+01   1.526858e+01
   1.886259e-01   1.886267e-01   1.886387e-01   1.890880e-01   1.955511e-01   2.705669e-01   7.318744e-01   3.455134e+00   9.327475e+00   1.690980e+01
   2.013156e-01   2.013156e-01   2.013156e-01   2.013156e-01   2.013156e-01   2.013156e-01   9.296306e-01   3.442870e+00   1.188225e+01   1.483175e+01
   1.821340e-01   1.821348e-01   1.821462e-01   1.826739e-01   1.882222e-01   2.491858e-01   6.031207e-01   2.357420e+00   1.076435e+01   1.611892e+01
   1.892566e-01   1.892566e-01   1.892566e-01   1.892566e-01   1.892566e-01   1.892566e-01   1.892566e-01   1.892566e-01   9.063229e+00   1.758986e+01
   2.068529e-01   2.068529e-01   2.068529e-01   2.068529e-01   2.068529e-01   2.068529e-01   3.079585e-01   6.521940e-01   1.460369e+00   2.015001e+01
   1.987784e-01   1.987784e-01   1.987789e-01   1.987850e-01   1.988738e-01   1.998232e-01   2.129055e-01   3.288927e+00   1.150101e+01   1.527774e+01
   2.094065e-01   2.094065e-01   2.094068e-01   2.094332e-01   2.098285e-01   2.141197e-01   2.455492e-01   3.856405e+00   1.162127e+01   1.498901e+01
   1.968889e-01   1.968889e-01   1.968889e-01   1.968889e-01   1.968894e-01   1.968979e-01   2.104285e-01   2.752859e+00   8.207913e+00   1.781965e+01
   1.989476e-01   1.989476e-01   1.989478e-01   1.989517e-01   1.989980e-01   1.995047e-01   5.233136e-01   1.592669e+00   6.774316e+00   1.872928e+01
   2.412123e-01   2.412138e-01   2.412377e-01   2.417529e-01   2.491635e-01   3.298056e-01   7.638589e-01   3.427386e+00   9.418604e+00   1.696179e+01
   2.401120e-01   2.401133e-01   2.401336e-01   2.405702e-01   2.469021e-01   3.180452e-01   7.153980e-01   3.148262e+00   8.411717e+00   1.767195e+01
   2.088041e-01   2.088041e-01   2.088042e-01   2.088079e-01   2.088610e-01   2.094410e-01   2.126079e-01   1.081434e+00   1.083622e+01   1.631395e+01
   1.872961e-01   1.872961e-01   1.872961e-01   1.872961e-01   1.872961e-01   1.872961e-01   2.073838e-01   5.712660e-01   1.528377e+00   2.012591e+01
   1.973194e-01   1.973194e-01   1.973196e-01   1.973297e-01   1.974610e-01   1.990841e-01   2.176820e-01   1.575928e+00   8.953435e+00   1.758627e+01
   2.365913e-01   2.365915e-01   2.365950e-01   2.366374e-01   2.377016e-01   2.486275e-01   3.197293e-01   7.527480e-01   5.378699e+00   1.939189e+01
   2.473068e-01   2.473068e-01   2.473068e-01   2.473068e-01   2.473068e-01   2.473068e-01   2.473068e-01   2.473068e-01   5.017531e+00   1.953221e+01
   2.256207e-01   2.256208e-01   2.256220e-01   2.256467e-01   2.260332e-01   2.303478e-01   2.618593e-01   3.882296e+00   1.166776e+01   1.497254e+01
   2.295103e-01   2.295103e-01   2.295108e-01   2.295210e-01   2.296842e-01   2.311018e-01   9.297241e-01   3.216074e+00   9.875187e+00   1.666726e+01
   2.420463e-01   2.420463e-01   2.420465e-01   2.420500e-01   2.421057e-01   2.429667e-01   6.240625e-01   1.871429e+00   1.046383e+01   1.656872e+01
   2.065528e-01   2.065528e-01   2.065533e-01   2.065910e-01   2.072085e-01   2.133278e-01   5.260925e-01   2.572411e+00   1.119289e+01   1.576399e+01
   1.854322e-01   1.854323e-01   1.854323e-01   1.854325e-01   1.854362e-01   1.854757e-01   2.287900e-01   3.637743e+00   9.562974e+00   1.670233e+01
   1.839243e-01   1.839244e-01   1.839253e-01   1.839622e-01   1.844731e-01   1.907105e-01   2.250451e-01   3.259583e+00   1.226635e+01   1.450130e+01
   2.088988e-01   2.088992e-01   2.089056e-01   2.090332e-01   2.108384e-01   2.297401e-01   3.391363e-01   2.290924e+00   8.758674e+00   1.761424e+01
   2.032053e-01   2.032065e-01   2.032257e-01   2.034902e-01   2.073595e-01   2.530615e-01   1.169365e+00   4.342340e+00   1.198163e+01   1.434695e+01
   2.297494e-01   2.297499e-01   2.297588e-01   2.299473e-01   2.325733e-01   2.733490e-01   7.065139e-01   3.338897e+00   1.006383e+01   1.650956e+01
   2.057572e-01   2.057572e-01   2.057572e-01   2.057572e-01   2.057572e-01   2.057572e-01   2.057572e-01   6.093251e-01   4.796168e+00   1.953788e+01
   2.201619e-01   2.201621e-01   2.201648e-01   2.206695e-01   2.274243e-01   2.980827e-01   7.033826e-01   4.318111e+00   1.194058e+01   1.449170e+01
   2.039475e-01   2.039475e-01   2.039475e-01   2.039475e-01   2.039475e-01   2.039475e-01   3.826683e-01   1.199693e+00   9.239798e+00   1.745467e+01
   1.991712e-01   1.991716e-01   1.991781e-01   1.997521e-01   2.073993e-01   2.841899e-01   8.390785e-01   3.246927e+00   8.717458e+00   1.737615e+01
   1.881815e-01   1.881822e-01   1.881934e-01   1.884355e-01   1.911564e-01   2.297838e-01   6.705747e-01   2.256151e+00   8.738255e+00   1.758320e+01
   1.815134e-01   1.815134e-01   1.815134e-01   1.815147e-01   1.815322e-01   1.817627e-01   1.830912e-01   2.184280e+00   5.621011e+00   1.908136e+01
   1.876580e-01   1.876580e-01   1.876580e-01   1.876581e-01   1.876581e-01   1.876585e-01   1.884498e-01   2.838711e+00   1.248620e+01   1.441035e+01
   1.927845e-01   1.927873e-01   1.928323e-01   1.934620e-01   2.007322e-01   2.778001e-01   6.945840e-01   2.616580e+00   1.164073e+01   1.530866e+01
   2.063445e-01   2.063445e-01   2.063447e-01   2.063483e-01   2.063904e-01   2.068480e-01   6.020425e-01   1.895456e+00   1.222075e+01   1.493786e+01
   2.060678e-01   2.060678e-01   2.060678e-01   2.060678e-01   2.060678e-01   2.060678e-01   6.863726e-01   2.275855e+00   1.010058e+01   1.669757e+01
   2.106600e-01   2.106612e-01   2.106811e-01   2.109237e-01   2.153021e-01   2.644835e-01   7.859052e-01   2.678928e+00   1.255198e+01   1.441497e+01
   2.483458e-01   2.483461e-01   2.483493e-01   2.484199e-01   2.494001e-01   2.595827e-01   3.197717e-01   4.270464e+00   1.156059e+01   1.497003e+01
   2.088727e-01   2.088728e-01   2.088738e-01   2.088964e-01   2.092173e-01   2.132226e-01   3.187477e-01   2.647012e+00   6.887909e+00   1.852863e+01
   1.818826e-01   1.818826e-01   1.818826e-01   1.818826e-01   1.818826e-01   1.818826e-01   2.975840e-01   6.754743e-01   5.089380e+00   1.941361e+01
   1.961658e-01   1.961658e-01   1.961658e-01   1.961658e-01   1.961658e-01   1.961658e-01   1.961658e-01   1.961658e-01   1.217331e+01   1.512596e+01
   2.274385e-01   2.274385e-01   2.274386e-01   2.274407e-01   2.274891e-01   2.280438e-01   7.202253e-01   2.452091e+00   6.521676e+00   1.874395e+01
   2.328534e-01   2.328546e-01   2.328717e-01   2.336763e-01   2.448140e-01   3.424151e-01   9.563765e-01   4.207238e+00   1.150337e+01   1.497723e+01
   1.975387e-01   1.975390e-01   1.975429e-01   1.979111e-01   2.042860e-01   2.671512e-01   7.594099e-01   2.867670e+00   8.865982e+00   1.738574e+01
   2.344248e-01   2.344271e-01   2.344624e-01   2.351732e-01   2.455769e-01   3.679591e-01   1.054639e+00   3.795975e+00   1.158965e+01   1.505235e+01
   1.947963e-01   1.947963e-01   1.947963e-01   1.947963e-01   1.947963e-01   1.947963e-01   1.066391e+00   3.924807e+00   1.141807e+01   1.506767e+01
   2.118675e-01   2.118682e-01   2.118795e-01   2.128412e-01   2.236352e-01   3.422432e-01   9.810705e-01   3.556949e+00   9.744148e+00   1.661561e+01
   2.047711e-01   2.047712e-01   2.047715e-01   2.047777e-01   2.048520e-01   2.055570e-01   3.543885e-01   1.042417e+00   7.277361e+00   1.856514e+01
   2.214270e-01   2.214270e-01   2.214272e-01   2.214312e-01   2.214778e-01   2.220169e-01   5.869098e-01   1.780287e+00   7.791233e+00   1.825438e+01
   2.220017e-01   2.220017e-01   2.220019e-01   2.220277e-01   2.223250e-01   2.255924e-01   6.103742e-01   1.878586e+00   1.201600e+01   1.517786e+01
   2.056318e-01   2.056318e-01   2.056330e-01   2.057788e-01   2.077260e-01   2.305958e-01   3.878049e-01   1.336368e+00   1.062600e+01   1.644996e+01
   2.079435e-01   2.079437e-01   2.079474e-01   2.081131e-01   2.104126e-01   2.369473e-01   3.997727e-01   4.295197e+00   1.197738e+01   1.444902e+01
   1.810975e-01   1.810975e-01   1.810975e-01   1.810981e-01   1.811071e-01   1.812865e-01   4.113012e-01   3.137824e+00   1.226073e+01   1.453683e+01
   1.883529e-01   1.883532e-01   1.883581e-01   1.884546e-01   1.899875e-01   2.070427e-01   9.127572e-01   3.521794e+00   9.522479e+00   1.674139e+01
   1.851861e-01   1.851861e-01   1.851861e-01   1.851861e-01   1.851861e-01   1.851861e-01   1.851861e-01   2.851515e+00   1.255460e+01   1.432732e+01
   2.232025e-01   2.232025e-01   2.232025e-01   2.232041e-01   2.232206e-01   2.234401e-01   2.485994e-01   4.990740e-01   1.266322e+01   1.467400e+01
   2.360736e-01   2.360737e-01   2.360737e-01   2.360762e-01   2.361170e-01   2.365897e-01   2.391160e-01   1.781831e+00   1.027044e+01   1.672728e+01
   2.304042e-01   2.304044e-01   2.304078e-01   2.305918e-01   2.331230e-01   2.645937e-01   4.384842e-01   2.969577e+00   7.698990e+00   1.809996e+01
   2.321836e-01   2.321840e-01   2.321900e-01   2.325087e-01   2.363836e-01   2.783185e-01   5.221871e-01   1.654684e+00   6.751773e+00   1.878441e+01
   2.151739e-01   2.151744e-01   2.151825e-01   2.155109e-01   2.212838e-01   2.782411e-01   6.172252e-01   2.974523e+00   9.044648e+00   1.728900e+01
   2.305117e-01   2.305117e-01   2.305129e-01   2.305379e-01   2.308867e-01   2.346321e-01   2.762662e-01   2.826071e+00   1.057641e+01   1.627183e+01
   2.416571e-01   2.416571e-01   2.416571e-01   2.416571e-01   2.416571e-01   2.416573e-01   2.458654e-01   2.338719e+00   1.010591e+01   1.676439e+01
   2.162107e-01   2.162107e-01   2.162107e-01   2.162107e-01   2.162107e-01   2.162107e-01   2.162107e-01   2.162107e-01   1.190694e+01   1.542370e+01
   1.892892e-01   1.892892e-01   1.892896e-01   1.892960e-01   1.894007e-01   1.903138e-01   3.023944e-01   7.120126e-01   2.048285e+00   2.007095e+01
   2.066990e-01   2.066990e-01   2.066990e-01   2.067035e-01   2.067531e-01   2.073603e-01   2.208161e-01   2.670021e-01   1.191239e+01   1.539977e+01
   2.194972e-01   2.194972e-01   2.194978e-01   2.195094e-01   2.197994e-01   2.228023e-01   7.778190e-01   2.600909e+00   1.186806e+01   1.515219e+01
   2.216004e-01   2.216006e-01   2.216035e-01   2.219211e-01   2.252391e-01   2.609214e-01   6.884703e-01   2.222604e+00   7.436052e+00   1.836099e+01
   2.143576e-01   2.143576e-01   2.143576e-01   2.143595e-01   2.143763e-01   2.146105e-01   2.159024e-01   1.221257e+00   4.822811e+00   1.950675e+01
   1.922193e-01   1.922203e-01   1.922356e-01   1.924608e-01   1.967904e-01   2.410577e-01   5.000187e-01   3.557586e+00   9.384044e+00   1.685941e+01
   1.839268e-01   1.839269e-01   1.839278e-01   1.839474e-01   1.842271e-01   1.877703e-01   2.065695e-01   2.778489e+00   8.488197e+00   1.762937e+01
   2.027275e-01   2.027281e-01   2.027373e-01   2.031397e-01   2.088017e-01   2.704037e-01   6.154456e-01   3.487835e+00   9.345574e+00   1.692330e+01
   1.883492e-01   1.883495e-01   1.883539e-01   1.884166e-01   1.893723e-01   1.995865e-01   3.249588e-01   8.225991e-01   2.030780e+00   2.006653e+01
   1.886636e-01   1.886636e-01   1.886636e-01   1.886636e-01   1.886636e-01   1.886636e-01   8.256745e-01   3.623920e+00   1.121052e+01   1.537931e+01
   1.988890e-01   1.988890e-01   1.988893e-01   1.988965e-01   1.990713e-01   2.008657e-01   7.070361e-01   2.367171e+00   9.066392e+00   1.737590e+01
   2.027371e-01   2.027371e-01   2.027371e-01   2.027371e-01   2.027371e-01   2.027371e-01   6.166917e-01   1.974753e+00   1.234894e+01   1.478382e+01
   1.822034e-01   1.822034e-01   1.822034e-01   1.822034e-01   1.822038e-01   1.822131e-01   1.898838e-01   1.946625e+00   9.852682e+00   1.690587e+01
   2.235148e-01   2.235156e-01   2.235269e-01   2.237890e-01   2.268399e-01   2.603558e-01   4.552523e-01   1.243160e+00   4.222584e+00   1.967906e+01
   2.271083e-01   2.271083e-01   2.271083e-01   2.271083e-01   2.271083e-01   2.271083e-01   3.065099e-01   3.676294e+00   1.178975e+01   1.493572e+01
   2.064916e-01   2.064916e-01   2.064916e-01   2.064916e-01   2.064916e-01   2.064916e-01   4.238543e-01   1.346975e+00   1.170519e+01   1.552434e+01
   1.910134e-01   1.910144e-01   1.910300e-01   1.912144e-01   1.936554e-01   2.200510e-01   3.765350e-01   1.789521e+00   6.784545e+00   1.869135e+01
   2.227528e-01   2.227528e-01   2.227528e-01   2.227528e-01   2.227528e-01   2.227528e-01   2.227528e-01   2.227528e-01   5.028414e+00   1.949679e+01
   1.940981e-01   1.940982e-01   1.940984e-01   1.941034e-01   1.941834e-01   1.950672e-01   6.092673e-01   3.562842e+00   9.543418e+00   1.674713e+01
   1.873662e-01   1.873663e-01   1.873669e-01   1.873795e-01   1.875181e-01   1.890345e-01   6.920296e-01   2.477291e+00   9.174023e+00   1.726317e+01
   1.827606e-01   1.827611e-01   1.827678e-01   1.830247e-01   1.870004e-01   2.307825e-01   4.705735e-01   1.433640e+00   1.270333e+01   1.446012e+01
   1.836322e-01   1.836322e-01   1.836324e-01   1.836440e-01   1.837840e-01   1.853577e-01   5.885694e-01   3.554507e+00   1.097148e+01   1.561849e+01
   2.039411e-01   2.039411e-01   2.039411e-01   2.039555e-01   2.041168e-01   2.054327e-01   5.058928e-01   3.756662e+00   1.121447e+01   1.538365e+01
   2.188610e-01   2.188610e-01   2.188611e-01   2.188640e-01   2.188986e-01   2.193212e-01   2.286870e-01   2.608341e-01   1.111407e+01   1.613888e+01
   2.408211e-01   2.408211e-01   2.408211e-01   2.415045e-01   2.507977e-01   3.499999e-01   1.107393e+00   3.977118e+00   1.157420e+01   1.500723e+01
   2.044763e-01   2.044763e-01   2.044770e-01   2.044930e-01   2.048134e-01   2.096591e-01   2.617161e-01   3.451663e+00   1.032673e+01   1.623645e+01
   1.860465e-01   1.860467e-01   1.860504e-01   1.860969e-01   1.865282e-01   1.922363e-01   4.176392e-01   1.175377e+00   1.069057e+01   1.637656e+01
   1.860808e-01   1.860808e-01   1.860808e-01   1.860808e-01   1.860808e-01   1.860808e-01   5.395852e-01   1.693848e+00   4.715111e+00   1.944405e+01
   1.842268e-01   1.842268e-01   1.842268e-01   1.842268e-01   1.842268e-01   1.842268e-01   1.842268e-01   1.842268e-01   1.291214e+01   1.432637e+01
   2.231366e-01   2.231366e-01   2.231366e-01   2.231366e-01   2.231366e-01   2.231366e-01   3.115397e-01   3.660908e+00   1.025959e+01   1.625933e+01
   1.987309e-01   1.987310e-01   1.987325e-01   1.987675e-01   1.991790e-01   2.036972e-01   2.297547e-01   6.623488e-01   2.152692e+00   2.007204e+01
   1.960964e-01   1.960981e-01   1.961279e-01   1.964928e-01   2.007863e-01   2.506424e-01   7.813361e-01   2.707133e+00   1.249110e+01   1.443740e+01
   1.883462e-01   1.883463e-01   1.883484e-01   1.883901e-01   1.888614e-01   1.938710e-01   2.218352e-01   2.566852e+00   1.140996e+01   1.554073e+01
   1.770903e-01   1.770910e-01   1.771019e-01   1.775515e-01   1.835397e-01   2.486560e-01   9.908020e-01   3.715030e+00   1.218928e+01   1.435233e+01
   2.003066e-01   2.003066e-01   2.003070e-01   2.003131e-01   2.004025e-01   2.013567e-01   2.143713e-01   3.277053e+00   1.145352e+01   1.532873e+01
   1.876390e-01   1.876391e-01   1.876395e-01   1.877088e-01   1.887503e-01   1.998622e-01   2.597589e-01   1.080486e+00   1.087772e+01   1.623942e+01
   2.176082e-01   2.176083e-01   2.176086e-01   2.176166e-01   2.177082e-01   2.187051e-01   7.182282e-01   2.352860e+00   1.048480e+01   1.641089e+01
   1.830664e-01   1.830664e-01   1.830664e-01   1.830673e-01   1.830752e-01   1.832391e-01   3.416976e-01   2.409864e+00   7.011302e+00   1.847622e+01
   1.899679e-01   1.899682e-01   1.899732e-01   1.902698e-01   1.956612e-01   2.503614e-01   5.620265e-01   4.237287e+00   1.124514e+01   1.513076e+01
   2.192002e-01   2.192002e-01   2.192002e-01   2.192068e-01   2.192858e-01   2.201668e-01   4.140301e-01   2.301863e+00   1.266062e+01   1.443355e+01
   2.403802e-01   2.403802e-01   2.403802e-01   2.403802e-01   2.403802e-01   2.403802e-01   2.468330e-01   3.455853e+00   9.685336e+00   1.678464e+01
   2.051648e-01   2.051648e-01   2.051650e-01   2.051696e-01   2.052250e-01   2.062843e-01   2.119844e-01   1.193408e+00   1.184290e+01   1.541266e+01
   1.988258e-01   1.988258e-01   1.988258e-01   1.988258e-01   1.988258e-01   1.988263e-01   1.995976e-01   2.021177e-01   1.290314e+01   1.436714e+01
   2.326186e-01   2.326187e-01   2.326197e-01   2.329751e-01   2.367966e-01   2.805113e-01   5.643701e-01   1.667753e+00   1.060892e+01   1.646924e+01
   1.992184e-01   1.992194e-01   1.992348e-01   1.995361e-01   2.069070e-01   2.835822e-01   6.969897e-01   2.380384e+00   9.115164e+00   1.734273e+01
   2.047312e-01   2.047316e-01   2.047377e-01   2.051883e-01   2.111774e-01   2.892397e-01   8.008279e-01   2.801290e+00   1.125223e+01   1.563342e+01
   1.929493e-01   1.929493e-01   1.929494e-01   1.929513e-01   1.929789e-01   1.935400e-01   7.355888e-01   2.507418e+00   6.859743e+00   1.852754e+01
   2.171247e-01   2.171248e-01   2.171262e-01   2.171591e-01   2.176491e-01   2.227082e-01   4.361299e-01   1.437613e+00   1.209227e+01   1.516627e+01
