   1.986754e-01   1.986763e-01   1.987024e-01   1.990908e-01   2.045712e-01   2.713390e-01   1.104308e+00   4.348396e+00   1.198163e+01   1.434081e+01
   1.820506e-01   1.820509e-01   1.820581e-01   1.821945e-01   1.841409e-01   2.256277e-01   7.535608e-01   2.908337e+00   8.887619e+00   1.733287e+01
   1.840079e-01   1.840083e-01   1.840181e-01   1.842019e-01   1.870012e-01   2.232381e-01   4.605635e-01   3.248706e+00   1.211494e+01   1.465559e+01
   1.932034e-01   1.932050e-01   1.932344e-01   1.938241e-01   2.015390e-01   3.272647e-01   1.013840e+00   4.406511e+00   1.195665e+01   1.433534e+01
   2.317397e-01   2.317398e-01   2.317413e-01   2.317710e-01   2.322178e-01   2.398180e-01   6.779837e-01   2.284576e+00   1.263653e+01   1.448078e+01
   2.388966e-01   2.388978e-01   2.389200e-01   2.393392e-01   2.454391e-01   2.975520e-01   5.949218e-01   1.979155e+00   7.963975e+00   1.816442e+01
   2.183954e-01   2.183955e-01   2.184011e-01   2.185683e-01   2.208356e-01   2.593147e-01   4.603062e-01   1.337359e+00   1.271065e+01   1.454519e+01
   2.389427e-01   2.389427e-01   2.389429e-01   2.389473e-01   2.390012e-01   2.401674e-01   2.498420e-01   1.361258e+00   1.178604e+01   1.551703e+01
   1.951760e-01   1.951798e-01   1.952551e-01   1.966973e-01   2.156098e-01   3.506654e-01   1.156152e+00   4.368120e+00   1.195863e+01   1.433731e+01
   1.832284e-01   1.832296e-01   1.832552e-01   1.837426e-01   1.900542e-01   2.828846e-01   1.108147e+00   4.349071e+00   1.191998e+01   1.436233e+01
   2.095115e-01   2.095116e-01   2.095141e-01   2.095586e-01   2.101794e-01   2.189838e-01   5.785120e-01   3.657547e+00   9.852259e+00   1.652981e+01
   2.142617e-01   2.142618e-01   2.142637e-01   2.142990e-01   2.147540e-01   2.198824e-01   7.195275e-01   2.672657e+00   9.198865e+00   1.725473e+01
   2.330805e-01   2.330805e-01   2.330805e-01   2.330805e-01   2.330805e-01   2.330805e-01   4.705813e-01   2.114174e+00   1.216846e+01   1.501441e+01
   2.353647e-01   2.353652e-01   2.353846e-01   2.357501e-01   2.401168e-01   3.158048e-01   1.020506e+00   3.853767e+00   1.214911e+01   1.448440e+01
   2.300595e-01   2.300606e-01   2.300886e-01   2.306415e-01   2.376563e-01   3.568872e-01   1.137173e+00   4.150502e+00   1.191192e+01   1.457523e+01
   2.235973e-01   2.235985e-01   2.236200e-01   2.241196e-01   2.307794e-01   2.979196e-01   1.123268e+00   4.111562e+00   1.211973e+01   1.436573e+01
   2.252762e-01   2.252762e-01   2.252780e-01   2.253107e-01   2.258005e-01   2.328174e-01   2.720823e-01   1.618180e+00   1.262208e+01   1.462091e+01
   2.002714e-01   2.002717e-01   2.002780e-01   2.004359e-01   2.025625e-01   2.578814e-01   5.484837e-01   4.199167e+00   1.192338e+01   1.452120e+01
   2.158698e-01   2.158705e-01   2.158849e-01   2.162061e-01   2.208151e-01   2.902557e-01   9.602934e-01   3.426905e+00   9.508475e+00   1.683318e+01
   2.149640e-01   2.149640e-01   2.149643e-01   2.149702e-01   2.150498e-01   2.164510e-01   2.247561e-01   2.211677e+00   1.215738e+01   1.496944e+01
   2.297011e-01   2.297012e-01   2.297030e-01   2.297370e-01   2.301581e-01   2.345359e-01   2.952997e-01   4.208049e+00   1.210178e+01   1.441608e+01
   2.191841e-01   2.191841e-01   2.191841e-01   2.191841e-01   2.191841e-01   2.191841e-01   7.479257e-01   4.445499e+00   1.199909e+01   1.436854e+01
   2.441596e-01   2.441596e-01   2.441614e-01   2.442171e-01   2.453459e-01   2.613094e-01   4.528098e-01   3.840586e+00   1.207520e+01   1.462796e+01
   2.296815e-01   2.296827e-01   2.297063e-01   2.301497e-01   2.365670e-01   3.330855e-01   8.663705e-01   3.195073e+00   1.229846e+01   1.456779e+01
   1.803318e-01   1.803318e-01   1.803318e-01   1.803318e-01   1.803318e-01   1.803318e-01   1.803318e-01   1.803318e-01   1.803318e-01   2.018033e+01
   2.366623e-01   2.366624e-01   2.366648e-01   2.367247e-01   2.376354e-01   2.489022e-01   7.333028e-01   4.110370e+00   1.172975e+01   1.483031e+01
   2.262198e-01   2.262198e-01   2.262203e-01   2.262368e-01   2.264803e-01   2.297925e-01   5.300196e-01   2.217212e+00   6.346793e+00   1.886406e+01
   2.147871e-01   2.147871e-01   2.147871e-01   2.147872e-01   2.147886e-01   2.148188e-01   2.150369e-01   1.907684e+00   1.054944e+01   1.645252e+01
   2.144983e-01   2.144999e-01   2.145406e-01   2.153130e-01   2.265640e-01   3.624380e-01   1.092417e+00   4.076563e+00   1.211205e+01   1.436741e+01
   2.325853e-01   2.325855e-01   2.325882e-01   2.326422e-01   2.334547e-01   2.423504e-01   3.066709e-01   3.259797e+00   1.129793e+01   1.554620e+01
   1.924202e-01   1.924209e-01   1.924315e-01   1.927242e-01   1.964716e-01   2.502031e-01   5.631156e-01   2.277439e+00   1.165476e+01   1.538168e+01
   2.362116e-01   2.362120e-01   2.362229e-01   2.364314e-01   2.396326e-01   2.780519e-01   5.012571e-01   2.203511e+00   6.098345e+00   1.898132e+01
   2.243951e-01   2.243954e-01   2.244076e-01   2.246936e-01   2.289396e-01   2.731631e-01   5.422502e-01   1.604492e+00   1.040643e+01   1.662009e+01
   1.902186e-01   1.902191e-01   1.902326e-01   1.908470e-01   1.992464e-01   3.017905e-01   8.961178e-01   3.646961e+00   9.896002e+00   1.643764e+01
   1.822535e-01   1.822540e-01   1.822626e-01   1.824727e-01   1.855578e-01   2.402304e-01   5.545009e-01   2.430684e+00   1.237062e+01   1.461853e+01
   1.878717e-01   1.878717e-01   1.878719e-01   1.878780e-01   1.879654e-01   1.890305e-01   1.951981e-01   2.624498e+00   1.235245e+01   1.461131e+01
   1.864115e-01   1.864118e-01   1.864155e-01   1.865294e-01   1.882019e-01   2.144070e-01   3.573951e-01   9.373999e-01   1.125172e+01   1.593109e+01
   2.270256e-01   2.270258e-01   2.270288e-01   2.270917e-01   2.279370e-01   2.349655e-01   1.139640e+00   4.119713e+00   1.212009e+01   1.436916e+01
   2.444224e-01   2.444224e-01   2.444224e-01   2.444232e-01   2.444345e-01   2.446382e-01   2.544470e-01   2.913673e-01   8.622477e+00   1.794583e+01
   2.341706e-01   2.341715e-01   2.341877e-01   2.345230e-01   2.394255e-01   3.128378e-01   9.246544e-01   3.251273e+00   9.618591e+00   1.684926e+01
   2.307069e-01   2.307069e-01   2.307070e-01   2.307082e-01   2.307258e-01   2.308579e-01   2.875249e-01   3.323689e+00   1.217577e+01   1.468380e+01
   2.009691e-01   2.009697e-01   2.009823e-01   2.012374e-01   2.046240e-01   2.809368e-01   8.317826e-01   4.303370e+00   1.188299e+01   1.449756e+01
   2.421142e-01   2.421142e-01   2.421144e-01   2.421178e-01   2.421695e-01   2.425567e-01   2.464561e-01   1.601981e+00   4.151773e+00   1.969050e+01
   1.975356e-01   1.975357e-01   1.975371e-01   1.975640e-01   1.979551e-01   2.030257e-01   6.785670e-01   2.292726e+00   1.186309e+01   1.518627e+01
   2.203125e-01   2.203137e-01   2.203353e-01   2.207464e-01   2.263055e-01   3.026157e-01   8.104380e-01   2.770671e+00   1.167878e+01   1.528726e+01
   2.056270e-01   2.056273e-01   2.056323e-01   2.057933e-01   2.082113e-01   2.311479e-01   1.065087e+00   3.911407e+00   1.120030e+01   1.529851e+01
   1.831730e-01   1.831732e-01   1.831765e-01   1.832439e-01   1.842421e-01   1.987173e-01   3.062199e-01   8.254133e-01   6.601577e+00   1.885038e+01
   1.845287e-01   1.845297e-01   1.845481e-01   1.849844e-01   1.902396e-01   2.616902e-01   7.758097e-01   2.742435e+00   1.145970e+01   1.541925e+01
   1.971366e-01   1.971366e-01   1.971379e-01   1.971782e-01   1.977699e-01   2.024966e-01   7.347523e-01   3.245925e+00   8.717476e+00   1.738031e+01
   2.154401e-01   2.154409e-01   2.154561e-01   2.157633e-01   2.195648e-01   2.723248e-01   7.852849e-01   2.843627e+00   1.237736e+01   1.456562e+01
   2.005853e-01   2.005859e-01   2.005982e-01   2.009033e-01   2.047484e-01   2.943386e-01   7.710509e-01   2.749454e+00   1.257240e+01   1.434961e+01
   2.318730e-01   2.318732e-01   2.318779e-01   2.319676e-01   2.332624e-01   2.613212e-01   4.669210e-01   2.111357e+00   1.215729e+01   1.502344e+01
   2.413209e-01   2.413210e-01   2.413276e-01   2.414926e-01   2.440559e-01   2.779795e-01   5.510206e-01   3.858026e+00   1.073541e+01   1.584274e+01
   1.908973e-01   1.908979e-01   1.909149e-01   1.911926e-01   1.951505e-01   2.731836e-01   6.876050e-01   2.348812e+00   8.220879e+00   1.787128e+01
   1.830948e-01   1.830951e-01   1.831013e-01   1.832210e-01   1.849230e-01   2.273054e-01   7.626658e-01   3.979678e+00   1.214961e+01   1.432523e+01
   2.297339e-01   2.297342e-01   2.297397e-01   2.298728e-01   2.318497e-01   2.526829e-01   4.086478e-01   3.616702e+00   9.884190e+00   1.656793e+01
   2.143627e-01   2.143634e-01   2.143765e-01   2.147200e-01   2.192823e-01   2.847667e-01   6.719530e-01   2.745252e+00   7.977991e+00   1.796649e+01
   2.303411e-01   2.303412e-01   2.303436e-01   2.303897e-01   2.311826e-01   2.393798e-01   7.380475e-01   2.679737e+00   7.741718e+00   1.813129e+01
   2.211700e-01   2.211707e-01   2.211881e-01   2.215334e-01   2.261723e-01   3.048215e-01   8.242743e-01   4.217091e+00   1.190599e+01   1.456436e+01
   1.901894e-01   1.901906e-01   1.902146e-01   1.906921e-01   1.974321e-01   2.682720e-01   6.686668e-01   3.632456e+00   1.110977e+01   1.548053e+01
   2.306609e-01   2.306609e-01   2.306611e-01   2.306658e-01   2.307377e-01   2.316236e-01   2.701896e-01   3.538521e+00   9.942045e+00   1.655447e+01
   2.335992e-01   2.335992e-01   2.335992e-01   2.335992e-01   2.335992e-01   2.335992e-01   2.335992e-01   4.304051e+00   1.210106e+01   1.438419e+01
   2.192400e-01   2.192400e-01   2.192400e-01   2.192400e-01   2.192400e-01   2.192400e-01   5.624931e-01   1.684177e+00   1.010092e+01   1.682809e+01
   1.809850e-01   1.809851e-01   1.809866e-01   1.810351e-01   1.817246e-01   1.939619e-01   7.969597e-01   2.902908e+00   7.922130e+00   1.789163e+01
   1.823592e-01   1.823602e-01   1.823771e-01   1.828072e-01   1.890928e-01   2.876581e-01   8.254783e-01   3.022202e+00   1.077903e+01   1.592704e+01
   2.375140e-01   2.375140e-01   2.375141e-01   2.375167e-01   2.375522e-01   2.379566e-01   2.723860e-01   4.126435e+00   1.189802e+01   1.467724e+01
   2.406519e-01   2.406520e-01   2.406551e-01   2.407434e-01   2.420265e-01   2.605666e-01   4.980896e-01   1.364277e+00   1.204897e+01   1.526554e+01
   1.838810e-01   1.838811e-01   1.838833e-01   1.839205e-01   1.844616e-01   1.922645e-01   4.909283e-01   1.647136e+00   6.363469e+00   1.887391e+01
   1.840431e-01   1.840437e-01   1.840604e-01   1.843372e-01   1.887966e-01   2.534836e-01   6.257684e-01   2.669591e+00   1.046359e+01   1.629242e+01
   1.928453e-01   1.928455e-01   1.928503e-01   1.929420e-01   1.942579e-01   2.075263e-01   2.805947e-01   2.158551e+00   1.060375e+01   1.632155e+01
   2.202561e-01   2.202564e-01   2.202701e-01   2.205317e-01   2.237491e-01   2.696940e-01   5.378007e-01   3.977420e+00   1.086368e+01   1.564348e+01
   2.111180e-01   2.111181e-01   2.111234e-01   2.112524e-01   2.127255e-01   2.321556e-01   3.460093e-01   1.755680e+00   8.504824e+00   1.785520e+01
   1.885564e-01   1.885564e-01   1.885575e-01   1.885762e-01   1.888054e-01   1.929908e-01   4.012727e-01   2.469321e+00   8.513715e+00   1.768752e+01
   1.937987e-01   1.937988e-01   1.938017e-01   1.938503e-01   1.944291e-01   2.017581e-01   4.943761e-01   2.112994e+00   1.273130e+01   1.433593e+01
   1.828736e-01   1.828736e-01   1.828743e-01   1.828880e-01   1.830653e-01   1.859914e-01   2.103332e-01   3.010970e+00   1.135453e+01   1.546096e+01
   2.332042e-01   2.332043e-01   2.332053e-01   2.332250e-01   2.334798e-01   2.363598e-01   6.699245e-01   2.334742e+00   1.039384e+01   1.651986e+01
   2.006223e-01   2.006225e-01   2.006289e-01   2.007868e-01   2.029141e-01   2.582504e-01   5.489443e-01   4.200778e+00   1.192318e+01   1.452155e+01
   1.847949e-01   1.847959e-01   1.848144e-01   1.852511e-01   1.905197e-01   2.621425e-01   7.775023e-01   2.742260e+00   1.145996e+01   1.541951e+01
   2.243525e-01   2.243529e-01   2.243658e-01   2.246088e-01   2.280548e-01   2.634815e-01   4.985835e-01   3.347043e+00   1.237847e+01   1.444520e+01
   1.854142e-01   1.854146e-01   1.854221e-01   1.855724e-01   1.880868e-01   2.208075e-01   4.100100e-01   1.872369e+00   5.054513e+00   1.932118e+01
   2.309097e-01   2.309105e-01   2.309250e-01   2.313135e-01   2.364566e-01   3.099697e-01   7.447745e-01   3.060468e+00   8.860566e+00   1.740630e+01
   2.110867e-01   2.110870e-01   2.110940e-01   2.112302e-01   2.129651e-01   2.568143e-01   6.570002e-01   2.126604e+00   1.254937e+01   1.456075e+01
   2.094747e-01   2.094747e-01   2.094751e-01   2.094875e-01   2.096417e-01   2.118465e-01   9.010617e-01   3.813813e+00   1.130806e+01   1.526446e+01
   2.171946e-01   2.171946e-01   2.171946e-01   2.171946e-01   2.171946e-01   2.171946e-01   2.171946e-01   2.171946e-01   1.176320e+01   1.556058e+01
   2.091568e-01   2.091581e-01   2.091842e-01   2.096776e-01   2.163169e-01   2.832628e-01   1.106207e+00   4.087150e+00   1.207450e+01   1.438780e+01
   1.930768e-01   1.930771e-01   1.930809e-01   1.932111e-01   1.951617e-01   2.185703e-01   1.049422e+00   3.885427e+00   1.114790e+01   1.532718e+01
   2.209822e-01   2.209822e-01   2.209829e-01   2.210161e-01   2.214308e-01   2.285491e-01   6.059468e-01   1.991750e+00   8.158515e+00   1.802589e+01
   1.894871e-01   1.894880e-01   1.895052e-01   1.899126e-01   1.948201e-01   2.615432e-01   7.416463e-01   2.759054e+00   1.146466e+01   1.542421e+01
   2.077776e-01   2.077778e-01   2.077820e-01   2.078598e-01   2.088955e-01   2.322731e-01   3.611306e-01   2.732762e+00   1.101526e+01   1.588544e+01
   1.895614e-01   1.895616e-01   1.895644e-01   1.896214e-01   1.904814e-01   2.035795e-01   7.303415e-01   3.575881e+00   1.103781e+01   1.555822e+01
   2.152365e-01   2.152370e-01   2.152469e-01   2.154432e-01   2.187033e-01   2.607974e-01   7.152489e-01   3.835039e+00   1.095194e+01   1.560008e+01
   1.821888e-01   1.821889e-01   1.821900e-01   1.822259e-01   1.827228e-01   1.913674e-01   2.379651e-01   8.725530e-01   8.575793e+00   1.785336e+01
   2.302589e-01   2.302593e-01   2.302711e-01   2.305113e-01   2.334736e-01   2.948984e-01   8.043656e-01   2.700050e+00   1.147502e+01   1.551686e+01
   2.239947e-01   2.239949e-01   2.239974e-01   2.240466e-01   2.245680e-01   2.315188e-01   5.451240e-01   3.915611e+00   1.209011e+01   1.453003e+01
   1.861197e-01   1.861200e-01   1.861274e-01   1.862638e-01   1.879257e-01   2.125548e-01   5.314106e-01   3.880782e+00   1.189711e+01   1.464669e+01
   2.143084e-01   2.143086e-01   2.143170e-01   2.145530e-01   2.177735e-01   2.515600e-01   6.915979e-01   3.616104e+00   1.002586e+01   1.641931e+01
   1.890387e-01   1.890393e-01   1.890526e-01   1.893833e-01   1.931892e-01   2.416033e-01   5.497260e-01   4.404405e+00   1.199113e+01   1.433117e+01
   2.434003e-01   2.434004e-01   2.434027e-01   2.434776e-01   2.444131e-01   2.580808e-01   4.172989e-01   3.833816e+00   1.207769e+01   1.462720e+01
   2.003157e-01   2.003165e-01   2.003315e-01   2.007933e-01   2.073592e-01   3.199354e-01   9.555613e-01   3.672004e+00   1.226099e+01   1.435601e+01
   2.276008e-01   2.276009e-01   2.276037e-01   2.276599e-01   2.283731e-01   2.404952e-01   3.196928e-01   4.281864e+00   1.190062e+01   1.458302e+01
   2.388353e-01   2.388354e-01   2.388375e-01   2.388772e-01   2.393721e-01   2.462778e-01   8.989311e-01   3.878740e+00   1.212913e+01   1.451704e+01
   1.843751e-01   1.843752e-01   1.843764e-01   1.844090e-01   1.848625e-01   1.904344e-01   2.235542e-01   6.062775e-01   1.262553e+01   1.462839e+01
   2.390073e-01   2.390073e-01   2.390086e-01   2.390480e-01   2.398481e-01   2.511621e-01   3.740260e-01   3.810258e+00   1.231493e+01   1.438114e+01
   2.260133e-01   2.260137e-01   2.260233e-01   2.262144e-01   2.287753e-01   2.624508e-01   4.662651e-01   1.274368e+00   3.645181e+00   1.981500e+01
   1.847179e-01   1.847182e-01   1.847263e-01   1.848884e-01   1.873125e-01   2.069825e-01   8.837673e-01   3.723567e+00   1.003842e+01   1.629566e+01
   1.863334e-01   1.863335e-01   1.863347e-01   1.863964e-01   1.871664e-01   2.003841e-01   9.011596e-01   3.372121e+00   1.130268e+01   1.536985e+01
   2.188422e-01   2.188426e-01   2.188509e-01   2.190155e-01   2.212274e-01   2.587294e-01   4.778947e-01   1.940323e+00   1.260818e+01   1.456204e+01
   2.090056e-01   2.090058e-01   2.090094e-01   2.090767e-01   2.098443e-01   2.213632e-01   1.008113e+00   4.440742e+00   1.196825e+01   1.435114e+01
   1.924045e-01   1.924045e-01   1.924051e-01   1.924227e-01   1.926798e-01   1.968258e-01   2.194036e-01   9.976007e-01   1.166950e+01   1.556653e+01
   2.062495e-01   2.062501e-01   2.062626e-01   2.065720e-01   2.104377e-01   2.998169e-01   7.755198e-01   2.719559e+00   1.258737e+01   1.435528e+01
   2.179812e-01   2.179812e-01   2.179833e-01   2.180340e-01   2.186185e-01   2.257175e-01   4.840862e-01   3.217108e+00   1.123309e+01   1.558052e+01
   1.857092e-01   1.857092e-01   1.857093e-01   1.857130e-01   1.857669e-01   1.865750e-01   2.329386e-01   1.606048e+00   1.198071e+01   1.518864e+01
   2.031242e-01   2.031243e-01   2.031262e-01   2.031748e-01   2.039109e-01   2.203043e-01   3.123695e-01   2.000938e+00   1.120558e+01   1.587077e+01
   2.330355e-01   2.330355e-01   2.330355e-01   2.330356e-01   2.330359e-01   2.330420e-01   2.333223e-01   2.998944e-01   1.210158e+01   1.526929e+01
   2.040870e-01   2.040873e-01   2.040956e-01   2.043567e-01   2.075602e-01   2.542326e-01   5.079012e-01   1.651025e+00   4.308411e+00   1.958801e+01
   2.136984e-01   2.136985e-01   2.137002e-01   2.137481e-01   2.144266e-01   2.302343e-01   3.253488e-01   1.551033e+00   4.036625e+00   1.968512e+01
   2.150212e-01   2.150213e-01   2.150232e-01   2.150591e-01   2.156404e-01   2.216086e-01   2.555051e-01   3.104583e+00   8.838633e+00   1.739465e+01
   1.831273e-01   1.831274e-01   1.831299e-01   1.831910e-01   1.840526e-01   2.033109e-01   4.477958e-01   1.916886e+00   1.117190e+01   1.587010e+01
   1.950223e-01   1.950225e-01   1.950266e-01   1.951031e-01   1.960018e-01   2.072500e-01   9.495072e-01   4.075752e+00   1.207455e+01   1.437530e+01
   1.926524e-01   1.926525e-01   1.926546e-01   1.927056e-01   1.933716e-01   2.065718e-01   5.421400e-01   2.535584e+00   8.735794e+00   1.754396e+01
   2.324102e-01   2.324102e-01   2.324102e-01   2.324107e-01   2.324189e-01   2.325609e-01   2.886065e-01   3.291555e+00   1.218851e+01   1.468550e+01
   1.812113e-01   1.812114e-01   1.812126e-01   1.812372e-01   1.815117e-01   1.885397e-01   7.422897e-01   3.888907e+00   1.189244e+01   1.462259e+01
   2.345932e-01   2.345934e-01   2.346013e-01   2.347989e-01   2.375136e-01   2.737667e-01   7.299847e-01   3.862498e+00   1.069199e+01   1.585256e+01
   2.195459e-01   2.195468e-01   2.195695e-01   2.199825e-01   2.249917e-01   3.169287e-01   7.920160e-01   2.913833e+00   1.034573e+01   1.638649e+01
   1.914915e-01   1.914915e-01   1.914922e-01   1.915047e-01   1.916930e-01   1.949992e-01   2.127651e-01   2.154978e+00   8.453079e+00   1.779010e+01
   2.059541e-01   2.059541e-01   2.059541e-01   2.059541e-01   2.059541e-01   2.059541e-01   5.827704e-01   4.453475e+00   1.198586e+01   1.435531e+01
   2.184962e-01   2.184962e-01   2.184964e-01   2.185035e-01   2.185921e-01   2.199523e-01   2.329662e-01   1.207272e+00   1.016801e+01   1.683953e+01
   1.911246e-01   1.911253e-01   1.911391e-01   1.914841e-01   1.954758e-01   2.462550e-01   5.694161e-01   4.403568e+00   1.199360e+01   1.433326e+01
   2.458815e-01   2.458821e-01   2.458949e-01   2.462792e-01   2.516826e-01   3.045419e-01   1.003451e+00   3.552529e+00   1.009459e+01   1.643185e+01
   2.156959e-01   2.156961e-01   2.157002e-01   2.158284e-01   2.174854e-01   2.382176e-01   4.166998e-01   1.313908e+00   1.176280e+01   1.549378e+01
   2.433221e-01   2.433235e-01   2.433487e-01   2.438242e-01   2.507052e-01   3.541997e-01   9.212157e-01   3.190446e+00   1.230695e+01   1.458866e+01
   2.019448e-01   2.019449e-01   2.019465e-01   2.019970e-01   2.026169e-01   2.116731e-01   4.999129e-01   1.589332e+00   4.333578e+00   1.958587e+01
   2.450207e-01   2.450207e-01   2.450220e-01   2.450521e-01   2.454915e-01   2.486003e-01   2.883503e-01   2.777192e+00   1.041324e+01   1.644169e+01
   1.959603e-01   1.959603e-01   1.959616e-01   1.960017e-01   1.965085e-01   2.038728e-01   9.409779e-01   3.632461e+00   9.951446e+00   1.641081e+01
   2.178933e-01   2.178935e-01   2.178970e-01   2.179994e-01   2.192902e-01   2.390966e-01   8.982001e-01   3.533382e+00   9.467331e+00   1.683892e+01
   1.860842e-01   1.860842e-01   1.860842e-01   1.860842e-01   1.860842e-01   1.860842e-01   1.860842e-01   1.860842e-01   1.043999e+01   1.662368e+01
   2.114517e-01   2.114520e-01   2.114568e-01   2.115873e-01   2.132585e-01   2.363730e-01   4.612924e-01   1.328947e+00   6.532324e+00   1.888214e+01
   2.398272e-01   2.398276e-01   2.398365e-01   2.400407e-01   2.431740e-01   2.821293e-01   8.108450e-01   3.146885e+00   8.838593e+00   1.741080e+01
   2.149260e-01   2.149260e-01   2.149260e-01   2.149260e-01   2.149260e-01   2.149260e-01   2.432809e-01   1.354515e+00   1.287806e+01   1.435706e+01
   1.939684e-01   1.939686e-01   1.939724e-01   1.940675e-01   1.954870e-01   2.110257e-01   3.231625e-01   3.233286e+00   1.126140e+01   1.550122e+01
   1.843169e-01   1.843175e-01   1.843270e-01   1.845890e-01   1.879521e-01   2.310898e-01   4.846233e-01   1.873424e+00   9.470148e+00   1.718135e+01
   2.282668e-01   2.282674e-01   2.282783e-01   2.284967e-01   2.322666e-01   2.854651e-01   9.922596e-01   3.499344e+00   9.535018e+00   1.681586e+01
   2.260714e-01   2.260714e-01   2.260718e-01   2.260806e-01   2.262109e-01   2.280859e-01   2.380255e-01   2.788852e-01   1.674578e+00   2.016109e+01
   1.879563e-01   1.879564e-01   1.879597e-01   1.880191e-01   1.887856e-01   1.999195e-01   6.261479e-01   2.621644e+00   1.074032e+01   1.609020e+01
   1.869543e-01   1.869552e-01   1.869758e-01   1.876708e-01   1.961069e-01   3.192279e-01   1.000545e+00   4.034346e+00   1.112355e+01   1.528019e+01
   2.188452e-01   2.188459e-01   2.188587e-01   2.191153e-01   2.225578e-01   2.587827e-01   4.791722e-01   1.948796e+00   1.266914e+01   1.449508e+01
   1.928308e-01   1.928308e-01   1.928308e-01   1.928308e-01   1.928308e-01   1.928308e-01   1.948273e-01   4.193626e+00   1.105895e+01   1.533289e+01
   1.934358e-01   1.934359e-01   1.934403e-01   1.935126e-01   1.946272e-01   2.143216e-01   7.320031e-01   2.492894e+00   8.750126e+00   1.753569e+01
   2.382649e-01   2.382650e-01   2.382669e-01   2.383039e-01   2.387918e-01   2.428371e-01   5.248577e-01   2.130353e+00   9.468141e+00   1.724018e+01
   1.937254e-01   1.937268e-01   1.937530e-01   1.943922e-01   2.026728e-01   2.943159e-01   9.556087e-01   4.009663e+00   1.083047e+01   1.556758e+01
   1.902484e-01   1.902489e-01   1.902605e-01   1.904820e-01   1.936324e-01   2.493497e-01   9.196352e-01   3.691320e+00   1.225670e+01   1.433238e+01
   2.382077e-01   2.382077e-01   2.382092e-01   2.382355e-01   2.386195e-01   2.426188e-01   2.654624e-01   8.840171e-01   6.778842e+00   1.885358e+01
   2.364136e-01   2.364142e-01   2.364337e-01   2.367995e-01   2.416000e-01   2.912603e-01   6.208008e-01   3.343466e+00   1.239053e+01   1.445726e+01
   2.100905e-01   2.100905e-01   2.100917e-01   2.101149e-01   2.104099e-01   2.178675e-01   6.618245e-01   2.137226e+00   1.254592e+01   1.455975e+01
   1.892864e-01   1.892869e-01   1.892967e-01   1.895378e-01   1.931066e-01   2.339775e-01   4.642782e-01   1.455572e+00   1.283166e+01   1.433192e+01
   1.890073e-01   1.890075e-01   1.890111e-01   1.890814e-01   1.900804e-01   2.052152e-01   3.891934e-01   1.149905e+00   1.014215e+01   1.680744e+01
   2.058607e-01   2.058607e-01   2.058611e-01   2.058687e-01   2.059824e-01   2.083958e-01   5.290460e-01   2.712367e+00   8.977334e+00   1.738096e+01
   2.230938e-01   2.230938e-01   2.230952e-01   2.231278e-01   2.235243e-01   2.294785e-01   5.987459e-01   1.940342e+00   1.183514e+01   1.534380e+01
   2.165871e-01   2.165871e-01   2.165872e-01   2.165887e-01   2.166073e-01   2.170432e-01   2.206018e-01   2.452762e-01   1.043009e+01   1.668516e+01
   2.101106e-01   2.101109e-01   2.101174e-01   2.103257e-01   2.132277e-01   2.634585e-01   9.146299e-01   3.584935e+00   1.229231e+01   1.438620e+01
   1.970881e-01   1.970881e-01   1.970882e-01   1.970882e-01   1.970893e-01   1.971017e-01   1.981319e-01   3.726039e-01   1.173106e+01   1.555007e+01
   2.390986e-01   2.390991e-01   2.391080e-01   2.392811e-01   2.414484e-01   2.660098e-01   4.060188e-01   1.056544e+00   4.191332e+00   1.972276e+01
   2.281564e-01   2.281575e-01   2.281800e-01   2.286260e-01   2.344793e-01   2.979275e-01   6.678440e-01   2.135756e+00   6.057970e+00   1.898841e+01
   1.805692e-01   1.805694e-01   1.805729e-01   1.806853e-01   1.822407e-01   2.194831e-01   4.167784e-01   2.910037e+00   8.897335e+00   1.733972e+01
   2.002167e-01   2.002169e-01   2.002195e-01   2.002999e-01   2.014789e-01   2.204878e-01   3.227065e-01   3.854621e+00   1.199024e+01   1.460476e+01
   2.154512e-01   2.154517e-01   2.154588e-01   2.156384e-01   2.179691e-01   2.471546e-01   4.210462e-01   2.442243e+00   8.855238e+00   1.753618e+01
   1.892041e-01   1.892042e-01   1.892078e-01   1.892781e-01   1.903088e-01   2.035850e-01   6.453313e-01   3.129365e+00   1.246580e+01   1.433134e+01
   2.396684e-01   2.396687e-01   2.396737e-01   2.397747e-01   2.412971e-01   2.619595e-01   1.068462e+00   4.042659e+00   1.173095e+01   1.483332e+01
   2.127247e-01   2.127249e-01   2.127350e-01   2.129781e-01   2.165690e-01   2.681936e-01   5.566600e-01   4.343745e+00   1.194919e+01   1.446160e+01
   2.072482e-01   2.072482e-01   2.072486e-01   2.072579e-01   2.073952e-01   2.107707e-01   5.441832e-01   4.081386e+00   1.109207e+01   1.537451e+01
   1.818908e-01   1.818920e-01   1.819095e-01   1.823580e-01   1.873062e-01   2.667459e-01   6.963864e-01   3.644091e+00   1.199066e+01   1.462326e+01
   2.019305e-01   2.019306e-01   2.019316e-01   2.019617e-01   2.022925e-01   2.075994e-01   5.274002e-01   2.361228e+00   6.210897e+00   1.885457e+01
   2.214781e-01   2.214782e-01   2.214798e-01   2.215086e-01   2.219249e-01   2.316198e-01   5.656595e-01   2.444639e+00   1.062431e+01   1.629729e+01
   2.084782e-01   2.084783e-01   2.084808e-01   2.085428e-01   2.094352e-01   2.163867e-01   2.881566e-01   5.684521e-01   6.652818e+00   1.887699e+01
   1.908793e-01   1.908793e-01   1.908794e-01   1.908808e-01   1.909010e-01   1.911481e-01   1.938141e-01   2.224614e+00   5.746816e+00   1.904368e+01
   1.921362e-01   1.921366e-01   1.921449e-01   1.925139e-01   1.969380e-01   2.519422e-01   8.531415e-01   3.514009e+00   9.501387e+00   1.677122e+01
   2.069722e-01   2.069736e-01   2.070009e-01   2.074585e-01   2.133991e-01   2.989924e-01   7.840987e-01   3.063275e+00   9.033008e+00   1.724744e+01
   2.194759e-01   2.194771e-01   2.195052e-01   2.199721e-01   2.275122e-01   3.391109e-01   9.804030e-01   3.564850e+00   1.015624e+01   1.632510e+01
   2.392448e-01   2.392449e-01   2.392457e-01   2.392691e-01   2.397575e-01   2.462978e-01   3.267706e-01   2.467792e+00   1.252553e+01   1.458716e+01
   2.136141e-01   2.136148e-01   2.136283e-01   2.140233e-01   2.197787e-01   3.026237e-01   7.380725e-01   4.111859e+00   1.204031e+01   1.446116e+01
   2.411920e-01   2.411922e-01   2.411994e-01   2.413799e-01   2.441845e-01   2.813225e-01   5.788674e-01   4.184899e+00   1.168285e+01   1.486454e+01
   1.910844e-01   1.910847e-01   1.910903e-01   1.911958e-01   1.925752e-01   2.133714e-01   3.257054e-01   1.737163e+00   1.279280e+01   1.433935e+01
   2.254567e-01   2.254578e-01   2.254853e-01   2.260284e-01   2.329187e-01   3.470680e-01   1.095373e+00   3.985134e+00   1.196411e+01   1.458546e+01
   2.098102e-01   2.098102e-01   2.098118e-01   2.098395e-01   2.102265e-01   2.158113e-01   6.476889e-01   2.640832e+00   1.080469e+01   1.607778e+01
   1.943779e-01   1.943779e-01   1.943785e-01   1.943927e-01   1.946039e-01   1.975968e-01   2.187055e-01   7.666899e-01   2.278406e+00   2.004696e+01
   1.975787e-01   1.975789e-01   1.975852e-01   1.977026e-01   1.992847e-01   2.124155e-01   7.668199e-01   3.843580e+00   1.199910e+01   1.457193e+01
   1.840155e-01   1.840156e-01   1.840217e-01   1.841739e-01   1.865239e-01   2.168048e-01   4.028510e-01   2.538226e+00   1.234601e+01   1.462803e+01
   2.259992e-01   2.260010e-01   2.260367e-01   2.267468e-01   2.362668e-01   3.614499e-01   1.055291e+00   3.853505e+00   1.205697e+01   1.455009e+01
   2.261938e-01   2.261939e-01   2.261961e-01   2.262564e-01   2.270238e-01   2.460311e-01   3.817860e-01   1.799542e+00   1.003986e+01   1.687500e+01
   1.829599e-01   1.829604e-01   1.829698e-01   1.831974e-01   1.865398e-01   2.424526e-01   5.522203e-01   2.415877e+00   1.237506e+01   1.461923e+01
   2.197102e-01   2.197107e-01   2.197330e-01   2.201973e-01   2.261754e-01   3.236330e-01   8.964318e-01   3.152279e+00   1.235495e+01   1.449522e+01
   1.869066e-01   1.869066e-01   1.869066e-01   1.869066e-01   1.869066e-01   1.869066e-01   1.869066e-01   3.463499e+00   1.209960e+01   1.460996e+01
   2.064376e-01   2.064380e-01   2.064474e-01   2.066275e-01   2.097539e-01   2.564681e-01   8.432466e-01   3.262340e+00   9.703332e+00   1.673602e+01
   2.085487e-01   2.085492e-01   2.085584e-01   2.087320e-01   2.113528e-01   2.699366e-01   5.928661e-01   2.029782e+00   8.215047e+00   1.796706e+01
   2.231529e-01   2.231529e-01   2.231544e-01   2.231819e-01   2.235348e-01   2.290432e-01   2.816814e-01   4.222577e+00   1.205408e+01   1.444274e+01
   2.122137e-01   2.122145e-01   2.122349e-01   2.129204e-01   2.212417e-01   3.426868e-01   1.014730e+00   4.007235e+00   1.099994e+01   1.545891e+01
   1.906423e-01   1.906432e-01   1.906571e-01   1.910437e-01   1.959920e-01   2.669417e-01   6.601085e-01   2.255370e+00   1.168913e+01   1.534466e+01
   1.893694e-01   1.893694e-01   1.893697e-01   1.893773e-01   1.894972e-01   1.915085e-01   3.265108e-01   3.506711e+00   1.225680e+01   1.443666e+01
   1.910062e-01   1.910070e-01   1.910245e-01   1.913396e-01   1.958596e-01   2.729999e-01   6.917729e-01   3.310600e+00   1.233631e+01   1.440911e+01
   2.242637e-01   2.242644e-01   2.242779e-01   2.246036e-01   2.285661e-01   2.880613e-01   5.996866e-01   1.993446e+00   1.186354e+01   1.530936e+01
   2.256960e-01   2.256964e-01   2.257076e-01   2.259187e-01   2.289117e-01   2.728288e-01   5.873320e-01   4.334060e+00   1.199890e+01   1.444654e+01
   2.118144e-01   2.118149e-01   2.118250e-01   2.121597e-01   2.170476e-01   2.917121e-01   6.969244e-01   3.320061e+00   1.122937e+01   1.552672e+01
   1.865986e-01   1.865986e-01   1.865998e-01   1.866284e-01   1.870566e-01   1.932750e-01   6.715311e-01   2.411241e+00   1.239103e+01   1.460536e+01
   1.973824e-01   1.973825e-01   1.973858e-01   1.974818e-01   1.987913e-01   2.227440e-01   5.210310e-01   3.622875e+00   1.000895e+01   1.640238e+01
   2.043366e-01   2.043370e-01   2.043494e-01   2.045822e-01   2.081276e-01   2.505485e-01   7.003020e-01   3.863823e+00   1.200585e+01   1.457868e+01
   2.079693e-01   2.079693e-01   2.079700e-01   2.079907e-01   2.082971e-01   2.133845e-01   2.449174e-01   2.411762e+00   6.210871e+00   1.886061e+01
   1.892746e-01   1.892749e-01   1.892839e-01   1.894516e-01   1.918924e-01   2.170221e-01   1.114454e+00   4.178463e+00   1.202479e+01   1.434725e+01
   2.166733e-01   2.166744e-01   2.166960e-01   2.171274e-01   2.227905e-01   2.841735e-01   6.420499e-01   2.062184e+00   6.073535e+00   1.897692e+01
   2.109723e-01   2.109723e-01   2.109723e-01   2.109727e-01   2.109771e-01   2.110417e-01   2.113852e-01   2.156032e-01   2.562130e+00   2.003962e+01
   2.109247e-01   2.109251e-01   2.109418e-01   2.112582e-01   2.161928e-01   2.677196e-01   9.743189e-01   3.737959e+00   1.088051e+01   1.566476e+01
   2.038383e-01   2.038384e-01   2.038454e-01   2.040541e-01   2.072735e-01   2.424131e-01   4.887862e-01   3.512838e+00   1.228706e+01   1.443302e+01
   2.135604e-01   2.135604e-01   2.135625e-01   2.136175e-01   2.143233e-01   2.234727e-01   3.080469e-01   3.987466e+00   1.063126e+01   1.582580e+01
   1.908871e-01   1.908875e-01   1.909052e-01   1.912370e-01   1.968036e-01   2.692397e-01   7.378101e-01   4.285484e+00   1.200933e+01   1.435905e+01
   2.043094e-01   2.043094e-01   2.043094e-01   2.043097e-01   2.043137e-01   2.043451e-01   2.054120e-01   3.435768e+00   9.530376e+00   1.682678e+01
   1.945658e-01   1.945662e-01   1.945827e-01   1.948950e-01   1.993816e-01   2.320460e-01   4.250010e-01   2.912915e+00   9.066033e+00   1.725849e+01
   2.043032e-01   2.043035e-01   2.043113e-01   2.044400e-01   2.062734e-01   2.423304e-01   6.865991e-01   2.368680e+00   8.234285e+00   1.788469e+01
   2.490194e-01   2.490197e-01   2.490247e-01   2.491202e-01   2.503525e-01   2.605730e-01   9.732360e-01   3.502301e+00   1.012644e+01   1.643368e+01
   2.164989e-01   2.164991e-01   2.165022e-01   2.165964e-01   2.179902e-01   2.407600e-01   5.115412e-01   2.409194e+00   6.258885e+00   1.885071e+01
   2.227135e-01   2.227137e-01   2.227183e-01   2.228049e-01   2.238218e-01   2.383749e-01   9.616298e-01   3.777722e+00   1.122187e+01   1.538115e+01
   2.127050e-01   2.127051e-01   2.127078e-01   2.127608e-01   2.134562e-01   2.209942e-01   6.602416e-01   2.129758e+00   6.069821e+00   1.896093e+01
   2.243015e-01   2.243024e-01   2.243243e-01   2.248693e-01   2.329171e-01   3.470086e-01   9.918604e-01   3.600336e+00   1.117593e+01   1.548455e+01
   2.103502e-01   2.103503e-01   2.103523e-01   2.104028e-01   2.111542e-01   2.236403e-01   2.904037e-01   3.748469e+00   1.200939e+01   1.465172e+01
   1.910057e-01   1.910058e-01   1.910142e-01   1.912513e-01   1.938541e-01   2.270957e-01   4.386475e-01   3.902908e+00   1.092288e+01   1.555830e+01
   1.936053e-01   1.936060e-01   1.936182e-01   1.938614e-01   1.967403e-01   2.331879e-01   4.897761e-01   2.097918e+00   1.255682e+01   1.452706e+01
   2.212668e-01   2.212668e-01   2.212673e-01   2.212818e-01   2.214938e-01   2.237072e-01   2.362346e-01   7.792252e-01   8.132915e+00   1.817221e+01
   2.256725e-01   2.256726e-01   2.256748e-01   2.257302e-01   2.265480e-01   2.365514e-01   1.097522e+00   4.023599e+00   1.098944e+01   1.548592e+01
   1.915327e-01   1.915328e-01   1.915347e-01   1.915715e-01   1.921662e-01   1.982715e-01   2.329470e-01   3.147495e+00   8.786607e+00   1.737116e+01
   1.828834e-01   1.828847e-01   1.829027e-01   1.833660e-01   1.901351e-01   2.918181e-01   8.650540e-01   3.183457e+00   1.154309e+01   1.520363e+01
   2.189577e-01   2.189577e-01   2.189577e-01   2.189585e-01   2.189686e-01   2.191405e-01   2.201344e-01   2.267798e-01   1.276331e+01   1.456215e+01
   2.270641e-01   2.270642e-01   2.270656e-01   2.270926e-01   2.274093e-01   2.328353e-01   5.416941e-01   3.875836e+00   1.122098e+01   1.538550e+01
   1.974491e-01   1.974495e-01   1.974569e-01   1.976054e-01   1.995106e-01   2.390327e-01   4.472497e-01   1.794185e+00   7.803699e+00   1.821017e+01
   1.935011e-01   1.935020e-01   1.935219e-01   1.941926e-01   2.023336e-01   3.211477e-01   9.786317e-01   4.048887e+00   1.113010e+01   1.528674e+01
   2.264361e-01   2.264362e-01   2.264370e-01   2.264591e-01   2.267392e-01   2.306166e-01   2.740667e-01   1.445191e+00   6.945547e+00   1.871800e+01
   2.037546e-01   2.037546e-01   2.037546e-01   2.037546e-01   2.037546e-01   2.037546e-01   2.037546e-01   2.186843e+00   1.254204e+01   1.455342e+01
   2.177629e-01   2.177630e-01   2.177644e-01   2.178098e-01   2.183772e-01   2.266678e-01   3.064086e-01   2.057808e+00   6.282633e+00   1.890687e+01
   2.012613e-01   2.012615e-01   2.012645e-01   2.013223e-01   2.025121e-01   2.152282e-01   2.871750e-01   2.543511e+00   8.719870e+00   1.757434e+01
   2.212450e-01   2.212453e-01   2.212495e-01   2.213595e-01   2.234509e-01   2.762774e-01   5.507652e-01   2.411470e+00   1.074052e+01   1.621072e+01
   2.221454e-01   2.221459e-01   2.221537e-01   2.223485e-01   2.249302e-01   2.629600e-01   4.822837e-01   3.088190e+00   8.682303e+00   1.750391e+01
   1.915115e-01   1.915117e-01   1.915156e-01   1.915950e-01   1.927779e-01   2.042326e-01   6.814620e-01   3.259556e+00   1.001318e+01   1.649210e+01
   2.095129e-01   2.095130e-01   2.095138e-01   2.095345e-01   2.097679e-01   2.126852e-01   2.300219e-01   4.442909e-01   8.973496e+00   1.767631e+01
   2.339072e-01   2.339072e-01   2.339072e-01   2.339072e-01   2.339076e-01   2.339110e-01   2.341453e-01   2.124211e+00   9.464261e+00   1.724074e+01
   2.217833e-01   2.217846e-01   2.218059e-01   2.222134e-01   2.277238e-01   3.046239e-01   8.156933e-01   2.849321e+00   1.165782e+01   1.528873e+01
   2.095759e-01   2.095759e-01   2.095765e-01   2.095917e-01   2.099026e-01   2.141084e-01   2.546366e-01   1.364460e+00   6.576561e+00   1.886070e+01
   1.970973e-01   1.970973e-01   1.970973e-01   1.970973e-01   1.970973e-01   1.970973e-01   1.970973e-01   1.970973e-01   7.506539e+00   1.847385e+01
   1.972338e-01   1.972347e-01   1.972512e-01   1.975621e-01   2.020072e-01   2.662539e-01   6.334363e-01   3.407406e+00   9.912375e+00   1.653654e+01
   2.283391e-01   2.283392e-01   2.283404e-01   2.283699e-01   2.287612e-01   2.336531e-01   4.884749e-01   3.094895e+00   8.688497e+00   1.751010e+01
   2.193410e-01   2.193417e-01   2.193594e-01   2.196833e-01   2.235502e-01   2.945388e-01   6.613975e-01   2.215617e+00   1.055870e+01   1.638661e+01
   2.438977e-01   2.438977e-01   2.438977e-01   2.438980e-01   2.439024e-01   2.439824e-01   2.478355e-01   3.087048e-01   1.150686e+01   1.584464e+01
   2.313267e-01   2.313273e-01   2.313470e-01   2.316968e-01   2.370410e-01   2.958900e-01   6.967315e-01   2.279890e+00   1.265367e+01   1.446078e+01
   2.219941e-01   2.219941e-01   2.219948e-01   2.220068e-01   2.221878e-01   2.253233e-01   2.421382e-01   2.056118e+00   8.338504e+00   1.792545e+01
   2.325193e-01   2.325193e-01   2.325200e-01   2.325343e-01   2.327214e-01   2.374675e-01   2.661308e-01   3.792158e-01   8.668529e+00   1.789900e+01
   2.438411e-01   2.438418e-01   2.438547e-01   2.442655e-01   2.500726e-01   3.527817e-01   9.093343e-01   3.182407e+00   1.226012e+01   1.464211e+01
   2.283251e-01   2.283251e-01   2.283251e-01   2.283251e-01   2.283251e-01   2.283251e-01   2.283251e-01   3.140368e+00   1.245364e+01   1.444921e+01
   2.200459e-01   2.200460e-01   2.200477e-01   2.200785e-01   2.204526e-01   2.273181e-01   7.990262e-01   2.863164e+00   1.032240e+01   1.641891e+01
   1.891166e-01   1.891166e-01   1.891166e-01   1.891173e-01   1.891248e-01   1.892412e-01   1.898952e-01   1.929128e-01   4.356695e+00   1.964566e+01
   2.055316e-01   2.055320e-01   2.055412e-01   2.057624e-01   2.088781e-01   2.628050e-01   9.771919e-01   3.901413e+00   1.216356e+01   1.437931e+01
   2.297825e-01   2.297825e-01   2.297830e-01   2.297918e-01   2.299117e-01   2.330592e-01   2.683523e-01   6.386756e-01   3.962874e+00   1.978818e+01
   2.297090e-01   2.297091e-01   2.297107e-01   2.297515e-01   2.303308e-01   2.438223e-01   7.243945e-01   3.484616e+00   1.021123e+01   1.635253e+01
   2.208721e-01   2.208722e-01   2.208737e-01   2.209104e-01   2.213736e-01   2.321659e-01   8.155359e-01   2.765543e+00   1.259269e+01   1.436990e+01
   2.230417e-01   2.230419e-01   2.230460e-01   2.231211e-01   2.241203e-01   2.466757e-01   3.710017e-01   2.659228e+00   1.035768e+01   1.646733e+01
   2.084073e-01   2.084075e-01   2.084105e-01   2.084689e-01   2.092996e-01   2.299854e-01   4.911659e-01   1.425245e+00   1.285723e+01   1.435054e+01
   2.397198e-01   2.397199e-01   2.397214e-01   2.397621e-01   2.402578e-01   2.526181e-01   3.544567e-01   1.352987e+00   1.177354e+01   1.553033e+01
   2.016726e-01   2.016726e-01   2.016727e-01   2.016747e-01   2.017030e-01   2.019317e-01   2.282152e-01   3.990276e-01   1.020619e+01   1.682603e+01
   2.114556e-01   2.114559e-01   2.114645e-01   2.116362e-01   2.140672e-01   2.578103e-01   5.783081e-01   2.282159e+00   1.040995e+01   1.647839e+01
   2.400239e-01   2.400241e-01   2.400266e-01   2.400786e-01   2.408616e-01   2.514891e-01   6.663026e-01   2.196041e+00   1.226467e+01   1.490774e+01
   2.098422e-01   2.098423e-01   2.098448e-01   2.099307e-01   2.110087e-01   2.266586e-01   3.796939e-01   1.158830e+00   1.010876e+01   1.686996e+01
   1.817028e-01   1.817043e-01   1.817267e-01   1.821248e-01   1.866009e-01   2.678455e-01   7.036875e-01   3.694300e+00   1.216237e+01   1.442738e+01
   2.274418e-01   2.274419e-01   2.274425e-01   2.274547e-01   2.276198e-01   2.289919e-01   3.694046e-01   4.400320e+00   1.205658e+01   1.436958e+01
   1.960007e-01   1.960007e-01   1.960009e-01   1.960039e-01   1.960477e-01   1.963663e-01   1.982486e-01   2.209397e-01   1.291667e+01   1.434615e+01
   1.921211e-01   1.921211e-01   1.921213e-01   1.921262e-01   1.921914e-01   1.936814e-01   2.019538e-01   3.462317e+00   9.955908e+00   1.648926e+01
   2.386616e-01   2.386628e-01   2.386893e-01   2.394890e-01   2.507312e-01   3.608627e-01   9.847909e-01   3.545574e+00   1.008737e+01   1.642463e+01
   2.432181e-01   2.432181e-01   2.432184e-01   2.432252e-01   2.433191e-01   2.445902e-01   3.324566e-01   3.902287e+00   1.066730e+01   1.589294e+01
   2.407333e-01   2.407333e-01   2.407336e-01   2.407426e-01   2.408714e-01   2.419014e-01   2.524236e-01   1.645934e+00   6.348261e+00   1.897206e+01
   2.002904e-01   2.002908e-01   2.002994e-01   2.004667e-01   2.027105e-01   2.259573e-01   5.437343e-01   1.671726e+00   1.044491e+01   1.653442e+01
   2.281871e-01   2.281871e-01   2.281881e-01   2.282054e-01   2.284458e-01   2.339731e-01   2.675333e-01   1.395657e+00   3.690558e+00   1.980029e+01
