   1.715817e-01   1.715817e-01   1.715817e-01   1.715817e-01   1.715817e-01   1.715817e-01   1.715817e-01   1.617158e+01
   1.879777e-01   1.879777e-01   1.879777e-01   1.879777e-01   6.419538e-01   2.584264e+00   7.837249e+00   1.318186e+01
   2.235673e-01   2.235737e-01   2.236468e-01   2.244871e-01   6.818147e-01   2.469467e+00   9.663296e+00   1.163008e+01
   1.978606e-01   1.978654e-01   1.979204e-01   1.983784e-01   5.625930e-01   2.131243e+00   8.960727e+00   1.239294e+01
   2.100815e-01   2.106310e-01   2.164020e-01   2.643353e-01   8.579202e-01   3.223934e+00   9.182171e+00   1.176970e+01
   1.816106e-01   1.816113e-01   1.816190e-01   1.816899e-01   1.831439e-01   3.078685e+00   9.486240e+00   1.149532e+01
   2.103135e-01   2.103135e-01   2.103135e-01   2.103135e-01   6.980481e-01   2.600187e+00   9.475031e+00   1.174835e+01
   1.839902e-01   1.844069e-01   1.887453e-01   2.357092e-01   6.651361e-01   2.376920e+00   9.715112e+00   1.150636e+01
   2.322653e-01   2.322668e-01   2.322831e-01   2.324367e-01   2.350886e-01   2.503370e+00   7.651214e+00   1.345877e+01
   1.884764e-01   1.887983e-01   1.921491e-01   2.242235e-01   4.335727e-01   2.925895e+00   8.680349e+00   1.236765e+01
   1.760396e-01   1.760472e-01   1.761326e-01   1.774466e-01   6.296518e-01   2.207540e+00   9.742757e+00   1.151612e+01
   1.834191e-01   1.837302e-01   1.869777e-01   2.227700e-01   4.339849e-01   2.342223e+00   9.750485e+00   1.149713e+01
   1.849282e-01   1.853429e-01   1.897045e-01   2.297493e-01   4.694723e-01   1.705984e+00   9.915598e+00   1.149864e+01
   2.319638e-01   2.321190e-01   2.338648e-01   2.501069e-01   8.807723e-01   3.269630e+00   9.088247e+00   1.189696e+01
   1.841538e-01   1.842802e-01   1.855944e-01   1.998235e-01   3.300275e-01   1.806230e+00   6.997264e+00   1.399135e+01
   2.189742e-01   2.190069e-01   2.193620e-01   2.226239e-01   8.392140e-01   3.001090e+00   8.348118e+00   1.266656e+01
   2.416314e-01   2.416417e-01   2.417536e-01   2.430844e-01   2.522384e-01   1.257576e+00   9.746317e+00   1.191086e+01
   1.961421e-01   1.964321e-01   1.995092e-01   2.277872e-01   7.160374e-01   2.942060e+00   8.559044e+00   1.246609e+01
   1.827191e-01   1.832062e-01   1.883001e-01   2.350042e-01   5.222938e-01   1.763320e+00   8.993099e+00   1.242475e+01
   1.969705e-01   1.969809e-01   1.970891e-01   1.981047e-01   4.121542e-01   2.560632e+00   8.836458e+00   1.238136e+01
   1.899096e-01   1.901921e-01   1.932884e-01   2.275781e-01   4.600277e-01   1.477386e+00   7.922657e+00   1.340961e+01
   2.072056e-01   2.072160e-01   2.073240e-01   2.094062e-01   4.484067e-01   1.339673e+00   7.965702e+00   1.343407e+01
   1.822186e-01   1.827575e-01   1.886027e-01   2.570962e-01   6.818871e-01   2.528675e+00   7.817343e+00   1.319795e+01
   2.281595e-01   2.281596e-01   2.281606e-01   2.281692e-01   2.282320e-01   1.620464e+00   9.787630e+00   1.176921e+01
   1.879522e-01   1.881186e-01   1.898485e-01   2.085779e-01   3.938436e-01   2.474725e+00   6.666914e+00   1.403592e+01
   1.817644e-01   1.817644e-01   1.817648e-01   1.817710e-01   6.362816e-01   2.254775e+00   6.601741e+00   1.411008e+01
   2.179744e-01   2.185860e-01   2.252463e-01   2.993018e-01   7.450076e-01   2.770269e+00   7.871759e+00   1.314732e+01
   2.341895e-01   2.341912e-01   2.342103e-01   2.344201e-01   2.359107e-01   1.768449e+00   8.303651e+00   1.314796e+01
   2.152538e-01   2.154342e-01   2.174098e-01   2.390270e-01   5.015130e-01   3.134507e+00   8.644502e+00   1.237398e+01
   2.064192e-01   2.070024e-01   2.131310e-01   2.699381e-01   7.076231e-01   2.479594e+00   7.193252e+00   1.371177e+01
   2.158510e-01   2.162032e-01   2.199683e-01   2.574837e-01   4.873439e-01   2.872269e+00   7.848500e+00   1.314520e+01
   2.512611e-01   2.512652e-01   2.513124e-01   2.517470e-01   2.959656e-01   3.308807e+00   9.248133e+00   1.181209e+01
   1.819736e-01   1.824893e-01   1.878667e-01   2.371230e-01   8.483767e-01   3.319523e+00   9.304703e+00   1.152432e+01
   1.992733e-01   1.993118e-01   1.997361e-01   2.038551e-01   6.218866e-01   2.169657e+00   6.690108e+00   1.411374e+01
   1.786561e-01   1.786664e-01   1.787740e-01   1.799446e-01   3.119859e-01   1.541829e+00   4.571753e+00   1.525989e+01
   2.009685e-01   2.012847e-01   2.045724e-01   2.411941e-01   5.753103e-01   1.983264e+00   6.941803e+00   1.400817e+01
   2.054500e-01   2.055604e-01   2.067311e-01   2.234238e-01   4.991007e-01   1.756417e+00   8.996909e+00   1.247540e+01
   2.360188e-01   2.360188e-01   2.360188e-01   2.360188e-01   4.888005e-01   1.372775e+00   8.101668e+00   1.337875e+01
   2.047585e-01   2.050735e-01   2.083495e-01   2.445377e-01   5.747288e-01   2.044065e+00   8.016202e+00   1.324052e+01
   2.198799e-01   2.203822e-01   2.256953e-01   2.851214e-01   6.387703e-01   2.134560e+00   5.854473e+00   1.462643e+01
   1.809461e-01   1.809550e-01   1.810539e-01   1.823751e-01   1.984421e-01   1.638127e+00   8.915795e+00   1.253288e+01
   1.875218e-01   1.876601e-01   1.890995e-01   2.031847e-01   2.955080e-01   1.388975e+00   9.792391e+00   1.171612e+01
   1.873774e-01   1.882116e-01   1.973080e-01   2.787151e-01   7.778569e-01   2.897423e+00   9.502532e+00   1.153117e+01
   2.263624e-01   2.270119e-01   2.338358e-01   2.905128e-01   6.515746e-01   2.229025e+00   9.600122e+00   1.178598e+01
   2.012248e-01   2.012281e-01   2.012643e-01   2.015714e-01   3.716618e-01   1.902971e+00   7.625434e+00   1.357229e+01
   1.735633e-01   1.735664e-01   1.736009e-01   1.739238e-01   1.759074e-01   2.466358e+00   6.751648e+00   1.396258e+01
   2.229470e-01   2.238926e-01   2.338399e-01   3.158027e-01   8.898828e-01   3.255799e+00   9.082445e+00   1.188293e+01
   1.852440e-01   1.852616e-01   1.854446e-01   1.876850e-01   4.655681e-01   1.441685e+00   9.967741e+00   1.149895e+01
   1.810847e-01   1.810945e-01   1.811963e-01   1.826772e-01   1.912905e-01   2.942914e-01   7.627661e+00   1.372917e+01
   2.103859e-01   2.103997e-01   2.105497e-01   2.119031e-01   3.764455e-01   3.156799e+00   9.466983e+00   1.154976e+01
   2.137974e-01   2.138034e-01   2.138656e-01   2.144487e-01   7.206580e-01   2.611697e+00   7.347193e+00   1.358009e+01
   2.285773e-01   2.285778e-01   2.285835e-01   2.286462e-01   2.292149e-01   1.440664e+00   6.647807e+00   1.435541e+01
   2.089065e-01   2.089138e-01   2.089943e-01   2.097446e-01   2.251380e-01   2.975208e+00   9.567522e+00   1.152261e+01
   1.798596e-01   1.798813e-01   1.801092e-01   1.820245e-01   2.073725e-01   2.163980e+00   8.951449e+00   1.236614e+01
   1.824576e-01   1.824783e-01   1.826939e-01   1.850368e-01   4.913208e-01   2.747887e+00   9.608748e+00   1.149617e+01
   2.345033e-01   2.351161e-01   2.416474e-01   3.016286e-01   7.065168e-01   2.422561e+00   7.657042e+00   1.346100e+01
   1.807757e-01   1.811561e-01   1.853655e-01   2.247106e-01   5.092380e-01   1.703803e+00   5.152270e+00   1.498988e+01
   2.399025e-01   2.399298e-01   2.402332e-01   2.430648e-01   7.899066e-01   2.703140e+00   7.446078e+00   1.352949e+01
   2.079328e-01   2.080297e-01   2.090493e-01   2.205282e-01   4.143166e-01   1.251494e+00   6.530814e+00   1.441135e+01
   2.083416e-01   2.090557e-01   2.164769e-01   2.861438e-01   7.106917e-01   3.198083e+00   9.445230e+00   1.152205e+01
   2.147963e-01   2.147965e-01   2.147979e-01   2.148155e-01   2.242580e-01   2.133964e+00   8.049942e+00   1.322516e+01
   1.966502e-01   1.966561e-01   1.967193e-01   1.974080e-01   8.081433e-01   2.943217e+00   8.351657e+00   1.263728e+01
   2.060692e-01   2.060696e-01   2.060731e-01   2.061076e-01   2.068483e-01   1.677830e+00   9.952910e+00   1.152271e+01
   2.172380e-01   2.172546e-01   2.174482e-01   2.190260e-01   2.286137e-01   2.691818e-01   6.253403e+00   1.465351e+01
   1.914912e-01   1.914965e-01   1.915540e-01   1.924344e-01   5.084414e-01   1.610950e+00   6.875991e+00   1.411270e+01
   2.210297e-01   2.210297e-01   2.210299e-01   2.210314e-01   2.210633e-01   1.500699e+00   8.973974e+00   1.259122e+01
   1.874198e-01   1.879317e-01   1.933963e-01   2.438040e-01   5.494745e-01   3.306118e+00   9.379512e+00   1.150113e+01
   2.000024e-01   2.002607e-01   2.029484e-01   2.328722e-01   4.382087e-01   2.736438e+00   7.532824e+00   1.339782e+01
   2.026995e-01   2.030027e-01   2.061619e-01   2.351969e-01   8.250931e-01   2.996117e+00   9.509495e+00   1.151641e+01
   1.960874e-01   1.960925e-01   1.961593e-01   1.969529e-01   4.195873e-01   2.304469e+00   9.780010e+00   1.150980e+01
   1.960857e-01   1.968069e-01   2.044556e-01   2.747459e-01   7.049875e-01   2.939754e+00   8.550167e+00   1.247509e+01
   1.746992e-01   1.748088e-01   1.759485e-01   1.866265e-01   2.904144e-01   7.062653e-01   2.143939e+00   1.599866e+01
   1.920543e-01   1.920543e-01   1.920543e-01   1.920543e-01   2.253281e-01   5.082113e-01   1.123987e+00   1.615091e+01
   1.874787e-01   1.874805e-01   1.874993e-01   1.876627e-01   1.887347e-01   2.351223e-01   1.001234e+01   1.158566e+01
   1.819118e-01   1.821670e-01   1.848232e-01   2.148779e-01   3.953329e-01   1.175312e+00   4.040207e+00   1.550122e+01
   2.048210e-01   2.048370e-01   2.050162e-01   2.069591e-01   8.965549e-01   3.302748e+00   9.344954e+00   1.154490e+01
   1.961356e-01   1.961356e-01   1.961356e-01   1.961356e-01   1.961356e-01   1.961356e-01   7.269796e+00   1.400360e+01
   2.168337e-01   2.168337e-01   2.168337e-01   2.168337e-01   3.521046e-01   1.714244e+00   4.459121e+00   1.533175e+01
   1.997756e-01   2.005924e-01   2.092117e-01   3.025445e-01   8.604769e-01   3.228910e+00   9.029839e+00   1.189117e+01
   1.988732e-01   1.992381e-01   2.032086e-01   2.458933e-01   6.378328e-01   2.182552e+00   9.547501e+00   1.178987e+01
   2.086362e-01   2.088355e-01   2.109999e-01   2.311982e-01   3.680745e-01   1.018923e+00   9.875317e+00   1.172885e+01
   2.335191e-01   2.335240e-01   2.335763e-01   2.341564e-01   3.445565e-01   7.454428e-01   8.153023e+00   1.340866e+01
   2.187989e-01   2.191013e-01   2.224118e-01   2.586361e-01   6.984880e-01   2.447102e+00   8.888177e+00   1.240122e+01
   1.948195e-01   1.948198e-01   1.948237e-01   1.948590e-01   1.953037e-01   8.155166e-01   9.684701e+00   1.192889e+01
   1.875503e-01   1.875506e-01   1.875539e-01   1.875904e-01   1.878427e-01   1.013246e+00   8.396292e+00   1.310176e+01
   1.943063e-01   1.943063e-01   1.943063e-01   1.943063e-01   6.953753e-01   2.649970e+00   9.445064e+00   1.172094e+01
   1.804374e-01   1.804374e-01   1.804374e-01   1.804374e-01   1.804374e-01   1.804374e-01   9.145384e+00   1.246973e+01
   2.091091e-01   2.094882e-01   2.136432e-01   2.545172e-01   5.095043e-01   3.221118e+00   9.442719e+00   1.153482e+01
   2.298329e-01   2.298364e-01   2.298732e-01   2.302715e-01   2.327271e-01   2.434639e-01   9.909365e+00   1.178945e+01
   2.167373e-01   2.167379e-01   2.167440e-01   2.167941e-01   2.254865e-01   3.014641e-01   9.925304e+00   1.174396e+01
   2.062659e-01   2.062659e-01   2.062659e-01   2.062659e-01   2.062659e-01   1.407168e+00   8.190918e+00   1.325099e+01
   2.158610e-01   2.161919e-01   2.196712e-01   2.517398e-01   4.989958e-01   1.499999e+00   7.560823e+00   1.372122e+01
   1.877518e-01   1.881569e-01   1.923821e-01   2.329337e-01   4.975275e-01   3.143257e+00   9.194136e+00   1.177529e+01
   2.057496e-01   2.057523e-01   2.057832e-01   2.061155e-01   2.090998e-01   9.319764e-01   2.436423e+00   1.597164e+01
   1.742812e-01   1.742869e-01   1.743500e-01   1.749009e-01   6.645076e-01   2.905860e+00   8.572198e+00   1.242196e+01
   2.083819e-01   2.087440e-01   2.126833e-01   2.493623e-01   7.030641e-01   2.506333e+00   9.148731e+00   1.210715e+01
   2.069651e-01   2.069926e-01   2.072932e-01   2.109692e-01   6.253392e-01   3.287735e+00   9.400928e+00   1.153275e+01
   1.872607e-01   1.873071e-01   1.878174e-01   1.935646e-01   2.918209e-01   1.173392e+00   6.556318e+00   1.437389e+01
   2.107369e-01   2.108619e-01   2.122473e-01   2.278360e-01   3.196458e-01   1.213858e+00   6.185545e+00   1.461743e+01
   1.964909e-01   1.965084e-01   1.966952e-01   1.984421e-01   2.111034e-01   2.218069e+00   5.948979e+00   1.453222e+01
   2.149134e-01   2.150989e-01   2.171295e-01   2.393490e-01   5.010842e-01   3.134167e+00   8.644161e+00   1.237364e+01
   2.046691e-01   2.047524e-01   2.056565e-01   2.141110e-01   2.713895e-01   5.522636e-01   4.345991e+00   1.548121e+01
   2.067867e-01   2.069025e-01   2.081307e-01   2.225560e-01   3.090146e-01   6.868746e-01   8.328424e+00   1.322252e+01
   2.067890e-01   2.068021e-01   2.069387e-01   2.095726e-01   5.118832e-01   1.614434e+00   9.861027e+00   1.163057e+01
   2.154169e-01   2.155194e-01   2.166192e-01   2.296599e-01   4.274744e-01   2.298933e+00   9.562449e+00   1.179361e+01
   1.825032e-01   1.829743e-01   1.880861e-01   2.479975e-01   6.195540e-01   2.186982e+00   6.714854e+00   1.406113e+01
   2.265018e-01   2.265167e-01   2.266722e-01   2.281398e-01   2.373799e-01   2.506013e+00   9.540154e+00   1.177915e+01
   2.054785e-01   2.055244e-01   2.060033e-01   2.111744e-01   2.586535e-01   1.151915e+00   4.359745e+00   1.543240e+01
   1.971795e-01   1.971795e-01   1.971795e-01   1.971795e-01   1.971795e-01   1.587175e+00   9.130354e+00   1.237645e+01
   1.837526e-01   1.840451e-01   1.871444e-01   2.327261e-01   5.026931e-01   1.894740e+00   9.869236e+00   1.149746e+01
   1.777009e-01   1.777197e-01   1.779259e-01   1.796565e-01   5.172041e-01   2.104101e+00   8.910316e+00   1.240490e+01
   1.815835e-01   1.815923e-01   1.816851e-01   1.827336e-01   1.890565e-01   1.506759e+00   3.914137e+00   1.550089e+01
   2.242593e-01   2.244751e-01   2.267589e-01   2.477079e-01   3.752722e-01   1.522361e+00   9.046164e+00   1.252440e+01
   1.809378e-01   1.811109e-01   1.829232e-01   2.026204e-01   3.182275e-01   1.704682e+00   9.892107e+00   1.152316e+01
   1.852054e-01   1.852506e-01   1.857527e-01   1.918976e-01   4.172376e-01   1.225829e+00   8.287394e+00   1.315423e+01
   2.039133e-01   2.039144e-01   2.039262e-01   2.040578e-01   3.457652e-01   8.391920e-01   9.824131e+00   1.179491e+01
   1.918004e-01   1.918878e-01   1.928468e-01   2.075196e-01   5.018067e-01   1.582960e+00   6.884974e+00   1.411301e+01
   1.866192e-01   1.866842e-01   1.873840e-01   1.939388e-01   7.663677e-01   3.356310e+00   9.326879e+00   1.150735e+01
   2.072960e-01   2.074391e-01   2.089957e-01   2.256678e-01   3.742027e-01   9.619327e-01   2.412520e+00   1.597318e+01
   2.537615e-01   2.537725e-01   2.538869e-01   2.551581e-01   7.857233e-01   2.781902e+00   7.636061e+00   1.339649e+01
   2.150495e-01   2.154450e-01   2.196040e-01   2.579490e-01   4.947563e-01   1.490980e+00   7.562098e+00   1.372041e+01
   1.909555e-01   1.909647e-01   1.910610e-01   1.919553e-01   3.807785e-01   1.994631e+00   8.966838e+00   1.241927e+01
   2.372964e-01   2.373095e-01   2.374564e-01   2.391444e-01   2.512068e-01   1.366141e+00   3.844169e+00   1.562372e+01
   1.988869e-01   1.989059e-01   1.991200e-01   2.011039e-01   2.153991e-01   2.847187e+00   7.670844e+00   1.326066e+01
   1.907602e-01   1.907619e-01   1.907811e-01   1.910525e-01   4.280012e-01   1.316730e+00   3.783590e+00   1.557718e+01
   2.170416e-01   2.175687e-01   2.234008e-01   2.778300e-01   7.616813e-01   2.680279e+00   7.423217e+00   1.350663e+01
   2.298105e-01   2.298106e-01   2.298118e-01   2.298225e-01   7.147271e-01   2.411541e+00   8.616520e+00   1.268241e+01
   1.838362e-01   1.841544e-01   1.874633e-01   2.240377e-01   5.577306e-01   2.042651e+00   8.078132e+00   1.314900e+01
   1.811716e-01   1.811716e-01   1.811716e-01   1.811716e-01   1.811716e-01   2.943123e+00   7.973562e+00   1.295336e+01
   2.115815e-01   2.115891e-01   2.116689e-01   2.128247e-01   2.262486e-01   2.223775e+00   5.937366e+00   1.456361e+01
   1.893468e-01   1.896795e-01   1.931434e-01   2.272634e-01   4.415843e-01   1.357520e+00   9.987990e+00   1.150306e+01
   1.980912e-01   1.989434e-01   2.082365e-01   2.914232e-01   7.908470e-01   2.915025e+00   9.538148e+00   1.151180e+01
   2.518816e-01   2.518827e-01   2.518949e-01   2.520293e-01   2.536273e-01   1.795041e+00   8.368155e+00   1.312539e+01
   2.159490e-01   2.162663e-01   2.196540e-01   2.574578e-01   4.861969e-01   2.860185e+00   7.721541e+00   1.324656e+01
   2.192038e-01   2.193051e-01   2.204081e-01   2.322388e-01   3.408971e-01   2.380643e+00   9.706667e+00   1.162487e+01
   2.249673e-01   2.249877e-01   2.252005e-01   2.275669e-01   4.542830e-01   2.818032e+00   8.784588e+00   1.239936e+01
   2.081391e-01   2.084537e-01   2.117270e-01   2.481704e-01   4.982441e-01   3.062925e+00   9.282816e+00   1.177234e+01
   2.108694e-01   2.110722e-01   2.133008e-01   2.384029e-01   6.675570e-01   2.262011e+00   6.191878e+00   1.439749e+01
   1.834056e-01   1.835895e-01   1.855012e-01   2.061956e-01   4.109028e-01   2.854358e+00   7.746180e+00   1.316333e+01
   1.750779e-01   1.751599e-01   1.760144e-01   1.853685e-01   2.402298e-01   8.981826e-01   4.783589e+00   1.525219e+01
   1.801096e-01   1.806745e-01   1.869259e-01   2.453580e-01   6.679134e-01   2.399522e+00   6.749329e+00   1.397322e+01
   1.873565e-01   1.874970e-01   1.889847e-01   2.035172e-01   2.987748e-01   1.379666e+00   9.757433e+00   1.175528e+01
   2.195714e-01   2.195803e-01   2.196728e-01   2.207949e-01   5.920159e-01   2.086007e+00   8.054717e+00   1.322994e+01
   1.970446e-01   1.970446e-01   1.970446e-01   1.970446e-01   1.970446e-01   1.970446e-01   9.276218e+00   1.237631e+01
   1.810911e-01   1.815256e-01   1.860489e-01   2.372290e-01   5.445255e-01   2.142951e+00   9.057189e+00   1.226015e+01
   2.160403e-01   2.164276e-01   2.206340e-01   2.674466e-01   5.775730e-01   1.886751e+00   6.014516e+00   1.459580e+01
   1.860534e-01   1.863603e-01   1.895872e-01   2.188455e-01   3.974410e-01   1.315406e+00   7.410874e+00   1.380357e+01
   1.940384e-01   1.940503e-01   1.941823e-01   1.959561e-01   2.182526e-01   2.208166e+00   9.103961e+00   1.223969e+01
   2.288724e-01   2.291832e-01   2.324717e-01   2.679181e-01   5.777291e-01   1.853096e+00   7.927273e+00   1.340402e+01
   2.161106e-01   2.161106e-01   2.161112e-01   2.161165e-01   2.171314e-01   2.207261e-01   1.395828e+00   1.615920e+01
   2.222621e-01   2.222621e-01   2.222621e-01   2.222621e-01   2.222621e-01   3.222917e+00   9.470845e+00   1.154799e+01
   2.176019e-01   2.182131e-01   2.251250e-01   3.020869e-01   7.751097e-01   2.760276e+00   7.871355e+00   1.314692e+01
   1.814189e-01   1.817595e-01   1.855274e-01   2.263702e-01   5.131625e-01   1.703364e+00   5.152915e+00   1.499052e+01
   2.186902e-01   2.187277e-01   2.191218e-01   2.234846e-01   6.358511e-01   2.093149e+00   5.733454e+00   1.469576e+01
   2.079409e-01   2.080842e-01   2.096158e-01   2.248788e-01   5.015809e-01   3.102591e+00   8.421466e+00   1.256789e+01
   2.379465e-01   2.379465e-01   2.379465e-01   2.379465e-01   5.008530e-01   2.779268e+00   7.469567e+00   1.350581e+01
