   1.000000e+00   9.016190e-04   9.935999e-01   6.293036e-02   7.158840e-01   8.805021e-03   3.174254e-01   3.647666e-01   4.064238e-01   4.602975e-01   5.156554e-01   4.964853e-01   6.570079e-01   6.719001e-01   6.636159e-01   7.360081e-01
   9.923799e-01   3.015453e-02   1.000000e+00   0.000000e+00   9.997782e-01   9.070688e-02   2.958118e-01   3.641262e-01   4.118298e-01   4.425466e-01   4.458289e-01   5.669171e-01   6.512612e-01   6.352161e-01   7.141249e-01   7.518026e-01
   1.000000e+00   2.771248e-02   9.890103e-01   1.180747e-01   1.000000e+00   8.800559e-02   3.097570e-01   3.400920e-01   3.993328e-01   4.531980e-01   5.704227e-01   5.580865e-01   6.531085e-01   6.046924e-01   6.462614e-01   6.981175e-01
   9.998560e-01   4.426508e-03   9.839011e-01   4.852996e-01   9.864139e-01   1.037275e-02   3.109728e-01   3.540898e-01   3.943000e-01   4.712831e-01   4.466634e-01   5.194851e-01   6.251478e-01   6.386902e-01   6.606559e-01   7.350353e-01
   1.000000e+00   2.238987e-03   8.652442e-01   6.565811e-01   1.000000e+00   1.031132e-02   3.086443e-01   3.489661e-01   4.061404e-01   4.340913e-01   4.696379e-01   4.959759e-01   5.614904e-01   5.936263e-01   7.060855e-01   7.486961e-01
   9.990853e-01   3.123286e-04   6.419322e-01   2.145876e-02   5.616005e-01   1.761640e-01   3.113443e-01   3.448549e-01   3.611261e-01   4.647594e-01   4.292503e-01   5.292540e-01   6.393318e-01   6.368306e-01   7.290511e-01   7.429219e-01
   9.928674e-01   3.123286e-04   9.871536e-01   2.145876e-02   7.928601e-01   5.954866e-03   2.755128e-01   2.967051e-01   3.611261e-01   4.647594e-01   4.364110e-01   5.292540e-01   6.323331e-01   6.434404e-01   7.290511e-01   7.092363e-01
   1.000000e+00   4.803510e-02   9.900722e-01   1.180747e-01   1.000000e+00   8.800559e-02   3.318687e-01   3.403749e-01   3.993328e-01   4.531980e-01   5.795065e-01   5.580865e-01   6.528811e-01   6.052752e-01   6.462614e-01   6.453384e-01
   9.975532e-01   3.954440e-03   9.840290e-01   4.742508e-01   7.750941e-01   9.494176e-03   3.109728e-01   3.196085e-01   3.998653e-01   4.611112e-01   4.466634e-01   5.192307e-01   6.325946e-01   6.386902e-01   6.304689e-01   7.446440e-01
   9.998560e-01   2.482290e-02   9.839011e-01   2.100388e-01   9.864139e-01   1.037275e-02   3.109728e-01   3.540898e-01   3.943000e-01   4.712831e-01   4.466634e-01   5.194851e-01   6.589163e-01   6.386711e-01   6.408441e-01   7.350353e-01
   1.000000e+00   4.555891e-03   9.378592e-01   1.660040e-01   9.768364e-01   4.934899e-03   3.412279e-01   3.466725e-01   3.014833e-01   4.258961e-01   4.806926e-01   4.898057e-01   5.597534e-01   6.414585e-01   6.651562e-01   7.195838e-01
   1.000000e+00   0.000000e+00   9.938340e-01   1.786963e-03   1.627694e-01   1.357813e-02   3.070659e-01   3.317011e-01   3.984819e-01   4.228010e-01   4.904295e-01   5.142085e-01   5.985785e-01   6.372578e-01   6.481339e-01   7.157392e-01
   1.000000e+00   9.016190e-04   9.778582e-01   1.168583e-01   9.720428e-01   8.764011e-03   3.181295e-01   3.325102e-01   4.064238e-01   4.602975e-01   5.479350e-01   4.956327e-01   6.964018e-01   6.719001e-01   7.832011e-01   7.360081e-01
   7.694517e-01   3.509493e-01   9.977815e-01   8.808538e-03   4.120623e-01   3.837646e-07   3.098914e-01   3.374369e-01   3.920266e-01   4.649844e-01   5.200744e-01   5.474399e-01   5.730361e-01   6.380472e-01   8.685127e-01   8.105852e-01
   9.773461e-01   5.825589e-01   9.986500e-01   1.337128e-02   1.674055e-01   4.735926e-05   3.072633e-01   3.319202e-01   6.722682e-01   4.592930e-01   4.805791e-01   4.953327e-01   8.917121e-01   8.041193e-01   6.461517e-01   7.591529e-01
   9.964179e-01   4.843099e-03   7.525766e-01   2.221909e-01   9.998055e-01   7.253386e-02   3.095837e-01   3.960238e-01   4.131260e-01   4.241921e-01   4.637622e-01   5.108111e-01   4.898907e-01   4.286708e-01   6.349174e-01   7.574934e-01
   9.446515e-01   6.385060e-02   8.452008e-01   4.948110e-03   4.281281e-01   2.822026e-03   3.232421e-01   3.495384e-01   3.750302e-01   3.005643e-01   6.021404e-01   4.938685e-01   4.484565e-01   5.682684e-01   6.741174e-01   7.575917e-01
   8.526377e-01   3.638916e-01   2.770425e-02   4.724534e-02   4.880297e-01   8.125682e-04   2.171305e-01   3.605827e-01   3.998789e-01   4.252848e-01   8.708268e-01   4.101181e-01   7.179195e-01   6.048222e-01   6.389074e-01   8.889764e-01
   1.000000e+00   4.555891e-03   9.385526e-01   1.416980e-04   9.768364e-01   3.660128e-03   3.412279e-01   3.299366e-01   3.014833e-01   4.258961e-01   4.806926e-01   4.898099e-01   5.597534e-01   6.414585e-01   6.418225e-01   7.195838e-01
   8.542439e-01   4.659487e-01   3.282093e-03   8.348267e-04   1.404090e-01   1.884000e-01   3.095495e-01   3.311392e-01   3.980135e-01   4.183790e-01   5.508516e-01   4.121851e-01   4.746636e-01   6.048579e-01   6.414465e-01   8.473416e-01
   9.297524e-01   3.954440e-03   9.835765e-01   4.742508e-01   7.750941e-01   9.110460e-03   2.598714e-01   4.022743e-01   4.074806e-01   4.611587e-01   4.251550e-01   5.167992e-01   6.321535e-01   6.342243e-01   6.487702e-01   7.446440e-01
   3.939334e-01   5.312395e-01   8.883255e-01   3.539532e-03   4.700568e-01   1.084143e-02   3.425823e-01   3.460423e-01   3.949861e-01   4.240230e-01   5.336827e-01   5.089801e-01   4.507848e-01   5.136421e-01   6.816686e-01   7.981991e-01
   7.756786e-01   4.218858e-05   8.471834e-01   4.956783e-01   2.387455e-01   9.634844e-04   2.936525e-01   3.752875e-01   4.074043e-01   4.612193e-01   5.634673e-01   4.951005e-01   6.570479e-01   6.387411e-01   6.387353e-01   7.048729e-01
   1.000000e+00   1.788783e-03   9.827714e-01   3.881346e-03   4.120623e-01   8.454425e-04   3.098914e-01   3.374369e-01   4.233337e-01   4.197693e-01   5.200744e-01   5.475813e-01   5.493263e-01   6.380472e-01   8.422733e-01   8.103255e-01
   9.409084e-01   0.000000e+00   8.883255e-01   1.453555e-01   1.000000e+00   5.516840e-04   3.078903e-01   3.456403e-01   3.996687e-01   5.143203e-01   4.782415e-01   5.099815e-01   5.585023e-01   6.361663e-01   6.456403e-01   8.778397e-01
   9.999862e-01   4.412538e-03   8.883255e-01   4.747164e-01   2.000402e-01   8.512329e-03   3.079192e-01   3.467243e-01   4.203492e-01   4.618591e-01   5.522990e-01   5.192629e-01   5.589646e-01   6.389988e-01   5.987642e-01   8.876171e-01
   7.771826e-01   4.828209e-01   6.967801e-02   5.156473e-01   8.952382e-01   1.936989e-01   3.077948e-01   3.308846e-01   3.958861e-01   3.979672e-01   4.809160e-01   4.928598e-01   5.883530e-01   6.447159e-01   6.373210e-01   7.001936e-01
   6.813603e-01   4.938270e-02   6.966339e-02   6.472136e-01   9.082633e-01   1.036107e-02   3.084840e-01   3.413142e-01   3.807618e-01   4.641797e-01   4.660872e-01   4.169955e-01   6.285213e-01   6.008139e-01   6.556281e-01   7.600225e-01
   9.983427e-01   1.788783e-03   9.827714e-01   3.881346e-03   4.107578e-01   8.454425e-04   3.802038e-01   3.453426e-01   4.233337e-01   4.195664e-01   5.200744e-01   5.283820e-01   5.493263e-01   6.380579e-01   8.422733e-01   8.103759e-01
   1.000000e+00   2.100979e-02   9.839011e-01   2.026914e-01   9.864139e-01   1.037275e-02   3.109728e-01   3.540898e-01   3.942936e-01   4.645324e-01   4.471308e-01   5.194851e-01   6.589163e-01   6.386711e-01   6.407397e-01   7.353250e-01
   9.997796e-01   9.114940e-04   2.949501e-01   7.747671e-01   1.994188e-01   8.593058e-03   3.316852e-01   3.471125e-01   3.510058e-01   4.650289e-01   5.556214e-01   5.421475e-01   5.781901e-01   5.014925e-01   6.786402e-01   6.956288e-01
   7.834627e-01   2.670255e-03   0.000000e+00   0.000000e+00   4.015270e-01   6.819997e-04   3.099577e-01   3.367383e-01   3.628725e-01   4.571273e-01   4.810133e-01   4.929439e-01   5.877707e-01   6.718753e-01   6.864093e-01   7.065939e-01
   1.000000e+00   1.769687e-02   3.552730e-02   6.385186e-01   5.166090e-01   1.418120e-03   3.203480e-01   3.734666e-01   4.054139e-01   4.333415e-01   4.861781e-01   4.261659e-01   6.292961e-01   6.383767e-01   6.488502e-01   8.548454e-01
   4.080831e-01   5.101942e-02   9.971220e-01   3.926186e-03   4.639444e-01   8.805021e-03   3.106581e-01   3.457255e-01   4.064328e-01   4.495284e-01   5.154449e-01   5.202423e-01   6.643454e-01   7.667701e-01   6.629248e-01   7.119035e-01
   6.019553e-01   2.968430e-02   9.107363e-01   1.153048e-02   9.604349e-01   4.599836e-04   3.081076e-01   3.495814e-01   3.996873e-01   5.199663e-01   5.559497e-01   5.201350e-01   7.183496e-01   5.689956e-01   2.889826e-01   8.450251e-01
   6.071228e-01   0.000000e+00   8.818965e-01   1.776543e-02   9.362507e-01   8.698752e-03   3.079338e-01   3.499398e-01   5.390298e-01   4.638822e-01   4.748290e-01   5.102248e-01   5.336088e-01   5.863644e-01   6.878968e-01   8.138582e-01
   9.719274e-01   0.000000e+00   1.000000e+00   3.076502e-03   9.519494e-01   1.712387e-02   3.075649e-01   2.635065e-01   3.643017e-01   4.240263e-01   4.878246e-01   5.087350e-01   5.594189e-01   6.383878e-01   6.454522e-01   7.173871e-01
   9.390558e-01   0.000000e+00   8.881733e-01   1.474649e-01   1.598510e-01   5.516840e-04   3.100374e-01   3.456216e-01   3.996687e-01   5.143028e-01   4.782415e-01   5.099815e-01   5.581369e-01   6.389966e-01   6.455155e-01   8.141855e-01
   7.721876e-01   4.754664e-01   7.063511e-01   2.963772e-03   9.408168e-01   1.039988e-03   3.048757e-01   3.741717e-01   3.222435e-01   4.346423e-01   4.776676e-01   4.910738e-01   5.857664e-01   5.155141e-01   3.568963e-01   7.175302e-01
   1.000000e+00   4.144561e-02   9.658924e-01   6.329416e-02   4.775327e-01   5.362533e-03   3.176130e-01   3.135896e-01   4.055570e-01   3.715129e-01   5.182741e-01   4.958365e-01   6.575065e-01   6.736960e-01   6.640252e-01   7.120105e-01
   9.999999e-01   4.426508e-03   9.839011e-01   4.852996e-01   9.864139e-01   1.778697e-01   3.109728e-01   3.543393e-01   3.943000e-01   4.712831e-01   4.466634e-01   5.194851e-01   6.251478e-01   6.386902e-01   6.606835e-01   7.350353e-01
   9.465388e-01   6.538015e-02   6.538364e-01   1.239312e-01   9.845388e-01   5.962282e-03   3.773133e-01   3.423266e-01   3.947205e-01   4.641797e-01   4.641643e-01   4.934786e-01   5.464923e-01   6.011843e-01   6.853701e-01   7.578681e-01
   9.180346e-01   0.000000e+00   3.782670e-04   6.541696e-01   8.980002e-01   1.024215e-02   1.373237e-01   3.626418e-01   3.812691e-01   4.640818e-01   4.822415e-01   4.170117e-01   5.097970e-01   5.066212e-01   6.572376e-01   7.958583e-01
   1.000000e+00   4.177718e-03   9.378592e-01   1.634769e-01   9.768364e-01   4.934899e-03   3.423801e-01   3.541520e-01   3.009568e-01   4.258961e-01   4.806926e-01   4.894096e-01   5.597534e-01   6.383287e-01   6.651562e-01   7.195838e-01
   1.000000e+00   3.026435e-03   9.895985e-01   1.176790e-01   1.643651e-01   1.025441e-02   3.870570e-01   2.987357e-01   4.008687e-01   4.255853e-01   5.779135e-01   5.016748e-01   4.887274e-01   6.351011e-01   6.652707e-01   7.060316e-01
   1.000000e+00   4.653553e-01   8.818941e-01   7.351756e-01   4.606604e-01   1.818110e-02   3.429892e-01   3.303749e-01   3.944292e-01   4.618591e-01   5.356561e-01   5.378370e-01   5.673676e-01   5.151827e-01   5.650215e-01   7.961879e-01
   7.145907e-01   2.202945e-02   4.115500e-02   1.184203e-01   9.755043e-01   3.384291e-02   8.236204e-02   3.007488e-01   4.219549e-01   4.343214e-01   5.604760e-01   3.099949e-01   6.366389e-01   5.374871e-01   7.405303e-01   7.000798e-01
   7.741754e-01   4.677308e-01   8.827543e-01   0.000000e+00   1.141121e-01   4.946209e-03   3.193198e-01   3.496259e-01   3.984980e-01   4.308515e-01   4.556226e-01   5.352055e-01   6.286382e-01   5.972977e-01   6.467467e-01   6.696098e-01
   7.907136e-02   0.000000e+00   6.658621e-01   6.031649e-03   9.675642e-01   8.780214e-03   3.427271e-01   3.646216e-01   3.584760e-01   4.584160e-01   4.759578e-01   4.861341e-01   5.378294e-01   7.057926e-01   6.767902e-01   8.708939e-01
   9.998443e-01   5.769780e-01   2.673342e-01   7.998716e-01   9.046110e-01   6.068125e-02   3.096716e-01   3.633603e-01   2.934436e-01   4.656307e-01   5.317235e-01   4.991543e-01   6.239758e-01   7.017244e-01   6.461325e-01   7.583498e-01
   9.978310e-01   1.916738e-02   7.014925e-02   6.468374e-01   9.082633e-01   1.036107e-02   3.147311e-01   3.422506e-01   4.033541e-01   4.641797e-01   4.660872e-01   4.185801e-01   6.285213e-01   6.360865e-01   6.567864e-01   7.578681e-01
   9.888859e-01   0.000000e+00   8.869464e-01   1.453555e-01   1.000000e+00   5.516840e-04   3.078903e-01   3.456403e-01   4.243973e-01   3.903613e-01   4.782415e-01   5.101991e-01   5.764451e-01   6.361663e-01   7.816849e-01   8.778397e-01
   7.764132e-01   4.747994e-01   7.224340e-01   1.756559e-01   4.612908e-01   9.108340e-03   3.109263e-01   3.514017e-01   3.995694e-01   4.347694e-01   4.770721e-01   4.916553e-01   5.489187e-01   5.220229e-01   6.896738e-01   7.954138e-01
   8.503708e-01   0.000000e+00   3.811063e-01   0.000000e+00   1.817836e-01   9.178222e-03   3.079344e-01   3.518329e-01   3.959675e-01   4.625213e-01   4.860766e-01   4.988441e-01   4.501867e-01   5.136563e-01   6.657958e-01   7.439371e-01
   9.821659e-01   3.509493e-01   9.974809e-01   8.808538e-03   9.622494e-01   3.837646e-07   3.098914e-01   3.374369e-01   3.918423e-01   4.649844e-01   5.221573e-01   5.474399e-01   5.694020e-01   6.380472e-01   6.462734e-01   8.105852e-01
   8.542439e-01   4.795898e-01   1.000000e+00   0.000000e+00   9.821655e-01   1.884000e-01   3.094507e-01   3.648419e-01   4.112927e-01   4.185261e-01   5.497965e-01   4.121851e-01   4.640211e-01   6.353763e-01   6.414465e-01   8.481451e-01
   1.000000e+00   0.000000e+00   0.000000e+00   6.628816e-02   9.794270e-01   8.705952e-03   3.059676e-01   3.644212e-01   4.008939e-01   4.613939e-01   5.157460e-01   5.200944e-01   5.571930e-01   6.705055e-01   6.669944e-01   8.480729e-01
   0.000000e+00   0.000000e+00   3.261655e-01   1.202381e-01   9.984894e-01   8.324052e-04   3.080582e-01   3.462274e-01   3.970644e-01   4.238802e-01   4.700468e-01   5.100038e-01   5.620989e-01   6.383844e-01   6.481315e-01   6.933033e-01
   8.686734e-01   3.638916e-01   1.084641e-02   2.274216e-03   4.694011e-01   4.422240e-04   3.188363e-01   3.609335e-01   3.998789e-01   4.252689e-01   8.579605e-01   4.198829e-01   7.202081e-01   6.013480e-01   6.822644e-01   7.971299e-01
   1.000000e+00   4.152733e-05   0.000000e+00   6.551984e-01   1.000000e+00   1.031132e-02   3.100369e-01   3.489661e-01   4.061044e-01   4.332154e-01   4.946598e-01   4.959633e-01   5.624624e-01   6.675230e-01   7.060855e-01   7.486961e-01
   7.871016e-01   2.670255e-03   1.000000e+00   5.440980e-04   4.015270e-01   1.230430e-01   3.099577e-01   3.367299e-01   3.816214e-01   4.592417e-01   4.810133e-01   4.927790e-01   5.877707e-01   6.718753e-01   6.462904e-01   7.065939e-01
   4.011054e-01   5.574235e-01   8.960159e-01   7.382787e-01   1.468202e-01   1.842663e-01   3.111523e-01   3.308282e-01   3.755488e-01   4.226146e-01   5.357079e-01   5.378689e-01   5.420794e-01   5.278152e-01   6.782817e-01   7.491937e-01
   7.571307e-01   4.828209e-01   8.090033e-02   5.156473e-01   1.990233e-01   2.834679e-02   3.054990e-01   3.308861e-01   3.958861e-01   3.979672e-01   4.845284e-01   4.938177e-01   5.878827e-01   6.447159e-01   6.372025e-01   7.001936e-01
   9.753236e-01   3.509493e-01   2.057867e-03   1.743943e-01   9.080262e-01   0.000000e+00   3.096562e-01   4.815145e-01   4.306316e-01   4.661230e-01   4.682845e-01   5.392757e-01   5.711867e-01   6.511640e-01   6.577608e-01   8.113395e-01
   4.309191e-01   5.266600e-02   7.321580e-01   0.000000e+00   9.809425e-01   1.113688e-02   1.018767e-01   3.456618e-01   2.683790e-01   4.493326e-01   5.572208e-01   6.096667e-01   5.579396e-01   7.624528e-01   8.681547e-01   7.422894e-01
   7.840405e-01   0.000000e+00   7.007048e-01   8.707010e-03   9.024044e-01   1.032712e-03   3.099835e-01   3.619906e-01   3.622617e-01   4.659452e-01   4.999440e-01   4.832266e-01   5.874344e-01   6.756286e-01   6.571159e-01   7.067633e-01
   9.302462e-01   4.862269e-01   4.009529e-02   8.416566e-01   1.732646e-01   3.530865e-02   3.068169e-01   3.303131e-01   4.304690e-01   4.241515e-01   5.509529e-01   4.970628e-01   5.463075e-01   6.817442e-01   6.597249e-01   8.774799e-01
   8.557461e-01   1.263554e-03   9.032614e-01   8.027558e-01   9.109955e-01   9.840701e-03   3.107468e-01   3.313207e-01   3.925133e-01   4.223402e-01   5.161410e-01   4.144408e-01   5.459491e-01   5.150669e-01   6.876922e-01   8.598442e-01
   9.980759e-01   0.000000e+00   6.199657e-01   1.645868e-01   1.000000e+00   6.050568e-04   2.969541e-01   3.636074e-01   3.991839e-01   4.662053e-01   4.692736e-01   5.099535e-01   5.615845e-01   6.398390e-01   6.508288e-01   6.930369e-01
   9.302462e-01   4.752066e-01   4.009529e-02   2.545909e-01   9.936020e-01   8.947178e-03   3.068541e-01   3.414441e-01   3.986501e-01   5.112681e-01   5.509529e-01   4.917308e-01   4.942539e-01   7.241945e-01   6.617215e-01   8.774799e-01
   7.750349e-01   4.218858e-05   8.471834e-01   1.119441e-01   9.620288e-01   9.634844e-04   2.951674e-01   3.663000e-01   4.074043e-01   4.613603e-01   5.634673e-01   5.037072e-01   6.570479e-01   5.394059e-01   6.387353e-01   7.048729e-01
   9.962099e-01   3.104780e-04   6.908599e-02   5.156473e-01   5.476372e-01   1.705013e-01   3.078308e-01   3.416766e-01   3.611225e-01   4.632761e-01   4.809160e-01   4.931812e-01   6.219282e-01   6.447814e-01   7.352269e-01   7.017884e-01
   9.500330e-01   4.644602e-02   9.855571e-01   1.177083e-03   1.910717e-01   1.071928e-02   3.104521e-01   3.475434e-01   3.984513e-01   4.647950e-01   4.907178e-01   5.130419e-01   5.615839e-01   5.985450e-01   7.028714e-01   7.486338e-01
   3.778978e-01   5.312395e-01   8.883255e-01   4.851066e-02   4.886853e-01   1.121177e-02   2.134145e-01   3.456915e-01   3.949861e-01   4.572899e-01   5.465490e-01   4.219313e-01   4.479450e-01   5.171163e-01   6.383116e-01   8.900457e-01
   7.170719e-01   0.000000e+00   3.719281e-02   1.776543e-02   9.752882e-01   8.698752e-03   8.260140e-02   2.996256e-01   4.169872e-01   4.638822e-01   4.748290e-01   5.114242e-01   5.336088e-01   5.377126e-01   6.878968e-01   8.138582e-01
   9.990853e-01   3.135273e-04   6.419322e-01   2.239059e-02   7.821746e-01   6.300993e-03   3.108221e-01   3.635054e-01   3.611261e-01   4.626409e-01   4.822048e-01   5.292008e-01   6.323331e-01   6.519679e-01   7.290511e-01   7.430763e-01
   9.971747e-01   3.618699e-03   2.505130e-02   0.000000e+00   9.776572e-01   6.315827e-04   3.072558e-01   3.857590e-01   4.010374e-01   4.613939e-01   4.725846e-01   5.497033e-01   8.891851e-01   6.725687e-01   7.878262e-01   8.405881e-01
   6.068347e-01   2.160536e-04   2.097691e-01   5.231715e-01   9.362507e-01   4.177544e-02   3.079196e-01   3.478519e-01   4.002733e-01   4.638822e-01   4.781642e-01   4.940718e-01   5.588466e-01   5.879536e-01   6.878968e-01   8.826409e-01
   9.998606e-01   5.558556e-01   1.000000e+00   1.087994e-02   4.178895e-01   1.214892e-02   3.060760e-01   3.347098e-01   6.722682e-01   4.242360e-01   4.900683e-01   5.197901e-01   8.839443e-01   6.731767e-01   5.853948e-01   8.498814e-01
   8.810515e-01   4.396941e-01   9.971220e-01   7.670312e-01   4.639444e-01   8.805021e-03   3.229976e-01   3.509958e-01   4.116628e-01   4.658067e-01   4.374399e-01   5.198706e-01   6.643454e-01   6.004111e-01   6.629248e-01   7.119035e-01
   1.000000e+00   6.993326e-02   9.895985e-01   1.176790e-01   4.786503e-01   1.057591e-02   3.870570e-01   2.987357e-01   7.018253e-01   4.255853e-01   5.779135e-01   5.016748e-01   4.887274e-01   6.747386e-01   6.652707e-01   7.060316e-01
   9.471067e-01   4.782379e-01   9.561636e-01   1.036343e-05   1.588689e-01   1.833693e-02   3.193515e-01   3.422506e-01   3.808727e-01   4.179334e-01   4.842029e-01   4.928185e-01   7.044853e-01   5.987374e-01   6.433831e-01   7.526385e-01
   9.923799e-01   3.015453e-02   8.814204e-01   0.000000e+00   1.000000e+00   9.070688e-02   2.123245e-01   3.629892e-01   4.118298e-01   4.163518e-01   4.458289e-01   5.666103e-01   5.001035e-01   6.352161e-01   7.141249e-01   7.545492e-01
   1.426233e-01   4.650853e-01   9.889690e-01   2.045620e-02   1.681753e-01   1.710553e-02   3.058324e-01   3.301302e-01   4.012377e-01   4.200249e-01   5.333049e-01   5.087289e-01   5.424901e-01   6.452602e-01   6.403675e-01   7.461973e-01
   6.068347e-01   6.841254e-01   2.097691e-01   5.231715e-01   9.791072e-01   4.177544e-02   3.079196e-01   3.478519e-01   3.995835e-01   4.638822e-01   4.781642e-01   4.944097e-01   5.565145e-01   5.879536e-01   6.436699e-01   8.826409e-01
   9.995325e-01   3.509493e-01   1.672236e-03   8.564533e-04   1.359586e-01   0.000000e+00   3.098894e-01   3.383182e-01   4.306316e-01   4.211419e-01   4.672044e-01   5.363489e-01   5.717293e-01   6.511640e-01   6.420800e-01   8.119435e-01
   9.749095e-01   5.825589e-01   2.868693e-01   1.337128e-02   1.876770e-01   4.735926e-05   3.529146e-01   3.319091e-01   4.022998e-01   4.592930e-01   4.804088e-01   5.221776e-01   8.917121e-01   8.034481e-01   6.456522e-01   7.590500e-01
   4.325049e-01   5.350784e-02   8.473069e-01   0.000000e+00   9.809425e-01   1.113688e-02   2.908154e-01   3.454670e-01   2.683790e-01   4.613919e-01   5.572208e-01   6.088456e-01   5.640000e-01   7.624528e-01   8.681547e-01   7.422894e-01
   9.418320e-01   4.652771e-01   1.000000e+00   2.238166e-02   1.515841e-01   1.732551e-02   1.032158e-01   3.334983e-01   3.811472e-01   4.184035e-01   5.333049e-01   5.087289e-01   5.434860e-01   5.662923e-01   6.403675e-01   7.991822e-01
   9.381364e-01   2.661898e-03   2.941842e-01   1.621120e-02   9.023776e-01   1.266380e-03   3.082600e-01   3.566622e-01   4.296617e-01   4.626333e-01   4.612876e-01   5.195454e-01   5.385788e-01   6.388603e-01   6.865434e-01   7.863163e-01
   7.810242e-01   0.000000e+00   2.439836e-01   8.388921e-01   1.142174e-01   2.888955e-04   3.053691e-01   3.307487e-01   4.309769e-01   4.232198e-01   4.816062e-01   4.628880e-01   5.459824e-01   6.002759e-01   6.587156e-01   8.772979e-01
   6.020032e-01   0.000000e+00   1.544741e-03   1.472941e-01   1.000000e+00   4.604042e-04   3.100606e-01   2.934332e-01   4.011169e-01   4.627590e-01   4.947581e-01   5.102835e-01   4.818269e-01   6.428669e-01   7.028171e-01   8.801913e-01
   7.457019e-01   3.461952e-01   2.057867e-03   1.743943e-01   9.080262e-01   0.000000e+00   3.096562e-01   4.815145e-01   4.307238e-01   3.983059e-01   4.682845e-01   5.392757e-01   5.711867e-01   6.511640e-01   6.585578e-01   8.104048e-01
   1.000000e+00   4.426508e-03   9.900777e-01   4.744053e-01   9.864139e-01   1.778697e-01   3.118794e-01   3.578992e-01   3.943000e-01   4.712831e-01   4.466634e-01   5.012686e-01   6.251478e-01   6.746639e-01   6.652587e-01   7.350353e-01
   7.760365e-01   5.848629e-04   1.960634e-03   5.156473e-01   8.963835e-01   7.801563e-03   3.099112e-01   3.416766e-01   4.314113e-01   3.979672e-01   4.689855e-01   4.957415e-01   5.883530e-01   6.511710e-01   6.583940e-01   7.029466e-01
   9.958481e-01   8.719313e-04   2.673770e-01   2.245884e-02   9.872918e-01   8.157187e-03   3.159146e-01   3.754008e-01   4.098414e-01   4.641579e-01   5.085644e-01   4.614353e-01   6.304601e-01   7.021061e-01   6.705939e-01   7.041176e-01
   9.315022e-01   2.477347e-03   2.508699e-01   9.939663e-03   4.179817e-01   8.141624e-04   3.086600e-01   3.299516e-01   3.936652e-01   4.609867e-01   5.143146e-01   5.168186e-01   5.682313e-01   6.701404e-01   6.473146e-01   7.058206e-01
   8.576995e-01   5.752331e-01   2.397469e-01   6.545246e-01   7.777294e-01   6.877470e-02   2.591984e-01   3.619629e-01   4.297624e-01   3.812094e-01   4.255417e-01   4.153661e-01   6.227380e-01   5.158669e-01   6.496740e-01   8.726268e-01
   7.117599e-01   6.905518e-02   9.662831e-01   6.351523e-02   2.072642e-01   8.786008e-03   3.110085e-01   3.647164e-01   4.066109e-01   3.877370e-01   5.370891e-01   4.960162e-01   6.509289e-01   5.839801e-01   6.748705e-01   8.002165e-01
   9.999999e-01   3.468354e-03   7.222995e-01   7.559532e-03   9.864194e-01   1.778697e-01   3.127157e-01   3.543181e-01   3.943000e-01   4.712831e-01   4.466634e-01   5.194851e-01   6.257817e-01   6.386902e-01   6.606835e-01   7.350353e-01
   3.778978e-01   0.000000e+00   7.875936e-02   4.851066e-02   4.903602e-01   1.121177e-02   3.152487e-01   3.457667e-01   3.948521e-01   4.632072e-01   5.465490e-01   4.219313e-01   6.249184e-01   5.171163e-01   6.383116e-01   8.900457e-01
   6.873795e-01   0.000000e+00   1.000000e+00   1.776543e-02   9.412204e-01   8.698752e-03   3.079338e-01   3.510769e-01   5.395606e-01   4.578106e-01   4.748290e-01   5.105316e-01   6.325950e-01   4.015065e-01   6.878968e-01   7.075739e-01
   9.297524e-01   4.762695e-01   9.835090e-01   4.742508e-01   7.721098e-01   1.867622e-01   2.598714e-01   4.038655e-01   4.074806e-01   4.179409e-01   4.246568e-01   4.129182e-01   6.321535e-01   6.342243e-01   6.418096e-01   8.480699e-01
   9.428255e-01   2.222874e-02   2.287947e-03   6.501830e-01   8.218902e-02   8.142976e-03   3.320530e-01   3.367572e-01   4.204037e-01   5.142744e-01   5.549014e-01   5.041439e-01   5.576306e-01   6.315537e-01   6.790961e-01   8.817247e-01
   9.962961e-01   6.555818e-02   8.652442e-01   6.149409e-01   1.000000e+00   1.031132e-02   3.086443e-01   3.489661e-01   4.067645e-01   2.974605e-01   4.696379e-01   4.448349e-01   5.614904e-01   5.690523e-01   7.060855e-01   7.486988e-01
   2.233651e-01   0.000000e+00   3.261520e-01   5.002459e-01   4.123087e-01   4.732955e-03   3.107954e-01   3.726793e-01   3.325575e-01   4.335998e-01   4.810310e-01   4.556632e-01   6.392491e-01   6.718753e-01   6.883128e-01   7.079961e-01
   9.388579e-01   2.661898e-03   1.000000e+00   1.621120e-02   9.025793e-01   9.889162e-05   3.082898e-01   3.566050e-01   6.696668e-01   4.626333e-01   4.614579e-01   4.946675e-01   5.385788e-01   6.395314e-01   6.870429e-01   7.788171e-01
   7.750349e-01   0.000000e+00   7.320345e-01   1.119441e-01   9.620288e-01   9.634844e-04   1.062288e-01   3.664949e-01   4.074043e-01   4.493010e-01   5.634673e-01   5.045283e-01   6.509876e-01   5.394059e-01   6.387353e-01   7.048729e-01
   7.840405e-01   4.933689e-01   6.898972e-01   8.707010e-03   9.024044e-01   1.032712e-03   3.099835e-01   3.618084e-01   3.617110e-01   4.271690e-01   5.003063e-01   4.835473e-01   5.899736e-01   6.817099e-01   6.571159e-01   7.067633e-01
   9.737071e-01   5.825589e-01   0.000000e+00   1.282718e-02   1.674055e-01   4.735926e-05   3.297260e-01   3.319285e-01   6.535192e-01   4.908720e-01   4.805791e-01   4.954975e-01   8.917121e-01   8.041193e-01   6.862706e-01   7.591529e-01
   9.409176e-01   4.782379e-01   9.371614e-01   1.306247e-02   9.284378e-01   1.652722e-02   3.193515e-01   2.659930e-01   3.808727e-01   4.179334e-01   4.837806e-01   4.928185e-01   7.044853e-01   5.411785e-01   6.432878e-01   7.539053e-01
   8.559844e-01   5.752331e-01   2.397469e-01   6.545246e-01   9.228231e-01   6.877470e-02   3.089912e-01   3.618947e-01   3.997992e-01   3.812094e-01   4.697320e-01   4.223345e-01   8.877890e-01   5.158669e-01   6.616460e-01   8.726268e-01
   9.419811e-01   0.000000e+00   8.883255e-01   0.000000e+00   3.880095e-01   7.198235e-03   3.078903e-01   3.456403e-01   3.996687e-01   5.154618e-01   4.782225e-01   4.978167e-01   5.621474e-01   5.257070e-01   6.456403e-01   8.078302e-01
   7.783001e-01   2.475733e-03   0.000000e+00   4.870363e-01   5.504792e-01   1.705936e-01   3.099577e-01   3.367383e-01   3.611739e-01   4.571273e-01   4.809140e-01   4.929439e-01   5.879696e-01   6.718753e-01   6.864093e-01   7.065707e-01
   9.454939e-01   4.933463e-02   1.607699e-02   6.306836e-01   5.166090e-01   1.447873e-03   3.138880e-01   3.734666e-01   3.811423e-01   4.332884e-01   4.861781e-01   5.133609e-01   5.335665e-01   6.031040e-01   6.462168e-01   8.548561e-01
   9.601639e-01   3.954440e-03   9.903961e-01   6.227332e-01   8.997146e-01   9.110460e-03   3.532651e-01   4.022743e-01   4.074806e-01   4.611587e-01   4.693452e-01   5.218006e-01   8.972046e-01   6.342243e-01   6.607423e-01   7.446440e-01
   1.000000e+00   8.884904e-04   9.561037e-01   4.595038e-01   4.702993e-01   8.185166e-04   3.175773e-01   3.609778e-01   5.092848e-01   4.566432e-01   5.161297e-01   5.185393e-01   4.700024e-01   6.767979e-01   6.636159e-01   7.130510e-01
   7.078777e-01   6.079416e-01   9.863341e-01   4.795281e-01   1.889191e-01   8.228518e-03   3.103095e-01   3.626334e-01   4.000780e-01   3.150303e-01   5.383598e-01   4.157311e-01   5.084981e-01   5.929387e-01   7.026185e-01   7.959029e-01
   1.352218e-01   4.580183e-01   1.000000e+00   1.943884e-02   1.000000e+00   1.569295e-02   3.589013e-01   3.303763e-01   3.696890e-01   4.184035e-01   5.351973e-01   5.087167e-01   5.424901e-01   5.662923e-01   6.417892e-01   8.420633e-01
   8.573115e-01   1.263554e-03   7.187422e-01   8.027558e-01   4.720514e-01   9.840701e-03   3.107468e-01   3.313207e-01   3.958851e-01   4.223402e-01   5.161410e-01   4.144408e-01   5.459491e-01   5.150433e-01   6.876922e-01   8.677066e-01
