   2.370786e-01   2.370789e-01   2.372284e-01   2.414777e-01   2.658473e-01   1.775300e+00   5.761776e+00   1.479474e+01
   2.158542e-01   2.158571e-01   2.176693e-01   2.691393e-01   5.959534e-01   3.058805e+00   9.332215e+00   1.173544e+01
   1.978510e-01   1.978549e-01   1.992169e-01   2.274039e-01   7.592621e-01   2.873091e+00   8.463092e+00   1.257685e+01
   1.784530e-01   1.784554e-01   1.792356e-01   2.014211e-01   5.779640e-01   3.159417e+00   9.424575e+00   1.149792e+01
   1.850653e-01   1.850705e-01   1.869216e-01   2.334485e-01   4.895124e-01   1.611306e+00   8.882292e+00   1.256810e+01
   1.743676e-01   1.743677e-01   1.743949e-01   1.751371e-01   1.900119e-01   3.010874e-01   9.101034e+00   1.249881e+01
   1.903454e-01   1.903458e-01   1.908937e-01   2.057166e-01   3.059611e-01   1.032963e+00   8.860284e+00   1.270131e+01
   2.000997e-01   2.000997e-01   2.001002e-01   2.001097e-01   2.001734e-01   2.009487e-01   3.050079e+00   1.586507e+01
   2.128769e-01   2.128774e-01   2.159430e-01   3.000893e-01   8.421946e-01   3.109260e+00   9.371020e+00   1.163633e+01
   2.080383e-01   2.080399e-01   2.089575e-01   2.290873e-01   4.923946e-01   2.327541e+00   9.485424e+00   1.184364e+01
   1.844952e-01   1.844967e-01   1.859967e-01   2.293584e-01   4.758234e-01   2.075156e+00   9.727605e+00   1.160684e+01
   1.790026e-01   1.790046e-01   1.796888e-01   2.067503e-01   3.685140e-01   1.662403e+00   9.922178e+00   1.149287e+01
   2.008749e-01   2.008924e-01   2.025689e-01   2.449585e-01   4.804545e-01   1.626095e+00   8.900102e+00   1.258385e+01
   2.195392e-01   2.195532e-01   2.209028e-01   2.576156e-01   4.664948e-01   1.477408e+00   8.955837e+00   1.260252e+01
   2.144770e-01   2.144770e-01   2.160441e-01   2.504742e-01   7.604610e-01   3.004387e+00   8.442071e+00   1.258292e+01
   2.171238e-01   2.171245e-01   2.178356e-01   2.330503e-01   4.964050e-01   1.471059e+00   5.808508e+00   1.478318e+01
   1.786085e-01   1.786107e-01   1.802351e-01   2.264014e-01   4.920507e-01   2.618084e+00   9.578226e+00   1.156984e+01
   1.836716e-01   1.836735e-01   1.855601e-01   2.400982e-01   5.964647e-01   2.060273e+00   9.820212e+00   1.149738e+01
   2.002934e-01   2.003425e-01   2.029349e-01   2.607883e-01   6.094454e-01   3.386457e+00   9.356878e+00   1.151400e+01
   1.882194e-01   1.882194e-01   1.882194e-01   1.882194e-01   1.882194e-01   1.569312e+00   8.595971e+00   1.284835e+01
   2.114797e-01   2.114797e-01   2.114797e-01   2.114802e-01   2.114887e-01   2.160253e-01   1.011097e+01   1.152519e+01
   2.160661e-01   2.160696e-01   2.181400e-01   2.620349e-01   5.142320e-01   2.469881e+00   9.449130e+00   1.185166e+01
   2.049308e-01   2.049308e-01   2.049308e-01   2.049313e-01   2.049344e-01   2.051533e-01   1.416308e+00   1.614492e+01
   1.899303e-01   1.899303e-01   1.899333e-01   1.900105e-01   1.904564e-01   1.923847e-01   1.004130e+01   1.155838e+01
   1.865338e-01   1.865377e-01   1.893144e-01   2.682299e-01   7.205804e-01   2.621663e+00   9.567458e+00   1.157776e+01
   2.220551e-01   2.220576e-01   2.238059e-01   2.717939e-01   5.685724e-01   2.336788e+00   9.684985e+00   1.165765e+01
   2.000934e-01   2.000934e-01   2.000982e-01   2.002013e-01   2.008028e-01   2.728568e-01   9.838489e+00   1.180412e+01
   1.999737e-01   1.999737e-01   1.999738e-01   1.999742e-01   1.999770e-01   2.001772e-01   1.307448e+00   1.614983e+01
   1.834527e-01   1.834527e-01   1.851953e-01   2.315171e-01   7.754162e-01   2.848189e+00   8.112003e+00   1.284697e+01
   2.218931e-01   2.218934e-01   2.224904e-01   2.351858e-01   3.083902e-01   9.290702e-01   3.809938e+00   1.565808e+01
   2.131225e-01   2.131225e-01   2.131226e-01   2.131230e-01   2.131315e-01   2.176635e-01   1.010235e+01   1.153855e+01
   1.869958e-01   1.869958e-01   1.870185e-01   1.874387e-01   2.032953e-01   1.188382e+00   3.216704e+00   1.575066e+01
   2.015381e-01   2.015439e-01   2.022804e-01   2.192248e-01   6.038148e-01   2.738983e+00   7.477029e+00   1.343035e+01
   1.775122e-01   1.775132e-01   1.780693e-01   1.931320e-01   2.949982e-01   1.033762e+00   8.845582e+00   1.268848e+01
   1.861074e-01   1.861074e-01   1.861102e-01   1.861770e-01   1.870502e-01   2.513875e-01   5.893229e+00   1.479605e+01
   1.822174e-01   1.822177e-01   1.823845e-01   1.871243e-01   2.143985e-01   3.323571e-01   4.033912e+00   1.556338e+01
   1.856418e-01   1.856420e-01   1.856655e-01   1.863214e-01   1.901370e-01   2.373427e-01   9.164351e+00   1.246160e+01
   1.824762e-01   1.824964e-01   1.852817e-01   2.651477e-01   7.074823e-01   2.670117e+00   7.559473e+00   1.334250e+01
   1.821030e-01   1.821030e-01   1.821030e-01   1.821030e-01   1.821030e-01   2.523935e+00   9.621559e+00   1.157818e+01
   2.083362e-01   2.083364e-01   2.088508e-01   2.179924e-01   2.809404e-01   3.216718e+00   9.260586e+00   1.173521e+01
   2.095379e-01   2.095384e-01   2.105010e-01   2.335375e-01   3.879137e-01   2.137359e+00   6.567903e+00   1.422753e+01
   2.002939e-01   2.003003e-01   2.026739e-01   2.533748e-01   5.344608e-01   1.765763e+00   9.746538e+00   1.170325e+01
   1.987668e-01   1.987668e-01   1.994937e-01   2.201109e-01   5.674032e-01   1.863673e+00   6.103337e+00   1.452308e+01
   2.192187e-01   2.192298e-01   2.207610e-01   2.645243e-01   5.180079e-01   2.602811e+00   7.103296e+00   1.377521e+01
   1.867418e-01   1.867418e-01   1.867418e-01   1.867418e-01   1.867418e-01   2.105372e+00   7.483105e+00   1.360024e+01
   2.142878e-01   2.142911e-01   2.162673e-01   2.723960e-01   5.958377e-01   3.092330e+00   9.369800e+00   1.167747e+01
   1.784025e-01   1.784064e-01   1.797498e-01   2.328854e-01   5.597193e-01   3.274020e+00   9.379484e+00   1.149227e+01
   2.128101e-01   2.128101e-01   2.128110e-01   2.128307e-01   2.131676e-01   1.608613e+00   9.015089e+00   1.251476e+01
   2.013166e-01   2.013166e-01   2.016573e-01   2.149959e-01   3.879018e-01   1.592657e+00   9.212957e+00   1.230086e+01
   2.041343e-01   2.041343e-01   2.041465e-01   2.044383e-01   2.061501e-01   2.416514e-01   7.639361e+00   1.376111e+01
   2.134488e-01   2.134489e-01   2.134539e-01   2.135986e-01   2.143986e-01   1.116073e+00   2.868717e+00   1.587687e+01
   1.888722e-01   1.888722e-01   1.888723e-01   1.888728e-01   1.888760e-01   1.891067e-01   1.465075e+00   1.612226e+01
   1.834299e-01   1.834299e-01   1.834388e-01   1.836865e-01   1.870341e-01   3.531196e-01   1.247524e+00   1.613554e+01
   1.930139e-01   1.930139e-01   1.945424e-01   2.378429e-01   4.815644e-01   2.737287e+00   8.179961e+00   1.287967e+01
   1.857514e-01   1.857534e-01   1.859929e-01   1.923200e-01   2.289985e-01   2.127111e+00   5.736302e+00   1.464449e+01
   2.008683e-01   2.008683e-01   2.037802e-01   2.654144e-01   6.559561e-01   2.289656e+00   9.642130e+00   1.165828e+01
   1.995439e-01   1.995490e-01   2.001323e-01   2.126828e-01   2.847444e-01   8.435743e-01   2.824412e+00   1.589172e+01
   1.860951e-01   1.860987e-01   1.862914e-01   1.940320e-01   2.408240e-01   1.664630e+00   9.861380e+00   1.158075e+01
   2.029579e-01   2.029604e-01   2.034683e-01   2.162134e-01   4.647644e-01   2.359510e+00   8.670015e+00   1.260935e+01
   1.997802e-01   1.997802e-01   1.997858e-01   1.999045e-01   2.005974e-01   2.836007e-01   8.947844e+00   1.269105e+01
   1.822628e-01   1.822629e-01   1.829413e-01   2.021874e-01   5.127473e-01   3.016751e+00   8.731809e+00   1.226386e+01
   2.135994e-01   2.135999e-01   2.136225e-01   2.141088e-01   2.171161e-01   1.608157e+00   9.948524e+00   1.156098e+01
   2.018135e-01   2.018147e-01   2.023303e-01   2.147243e-01   2.865199e-01   8.711536e-01   9.860496e+00   1.174894e+01
   2.139334e-01   2.139476e-01   2.153475e-01   2.533664e-01   4.692325e-01   1.514383e+00   8.941252e+00   1.259691e+01
   1.792668e-01   1.794250e-01   1.835041e-01   2.798907e-01   8.681954e-01   3.315793e+00   9.325202e+00   1.149297e+01
   2.245810e-01   2.245810e-01   2.245810e-01   2.245810e-01   2.245810e-01   2.245810e-01   8.005425e+00   1.352591e+01
   1.812447e-01   1.812942e-01   1.838430e-01   2.463155e-01   5.916066e-01   3.007404e+00   9.496759e+00   1.149533e+01
   1.930416e-01   1.930424e-01   1.935656e-01   2.136222e-01   6.618924e-01   2.340431e+00   9.545998e+00   1.172478e+01
   1.981035e-01   1.981036e-01   1.981163e-01   1.984838e-01   2.047694e-01   2.209602e+00   6.045086e+00   1.448635e+01
   2.159383e-01   2.159383e-01   2.159383e-01   2.159383e-01   2.159383e-01   2.159383e-01   6.078756e+00   1.474540e+01
   1.957067e-01   1.957249e-01   1.985002e-01   2.744439e-01   7.461057e-01   2.699837e+00   7.843910e+00   1.314368e+01
   1.860294e-01   1.860294e-01   1.860294e-01   1.860294e-01   1.860294e-01   3.747992e-01   9.039027e-01   1.616300e+01
   1.873495e-01   1.873511e-01   1.879202e-01   2.042967e-01   5.043676e-01   1.659340e+00   9.852748e+00   1.158348e+01
   2.187330e-01   2.187332e-01   2.201039e-01   2.528289e-01   4.721492e-01   2.957563e+00   9.251976e+00   1.187706e+01
   2.125086e-01   2.125086e-01   2.125202e-01   2.128509e-01   2.146871e-01   3.322728e+00   9.399052e+00   1.155163e+01
   2.193528e-01   2.193529e-01   2.204069e-01   2.428122e-01   3.720052e-01   9.253884e-01   3.883826e+00   1.563080e+01
   2.146829e-01   2.146831e-01   2.147007e-01   2.151774e-01   2.242684e-01   1.624994e+00   9.731100e+00   1.179823e+01
   1.962784e-01   1.962784e-01   1.962804e-01   1.963379e-01   1.973101e-01   1.645384e+00   9.851602e+00   1.162008e+01
   1.910430e-01   1.910449e-01   1.914112e-01   2.007584e-01   3.778752e-01   2.376176e+00   8.661328e+00   1.258915e+01
   1.990830e-01   1.990837e-01   1.998060e-01   2.321687e-01   7.701592e-01   2.856759e+00   9.566237e+00   1.151279e+01
   1.981949e-01   1.981959e-01   1.989610e-01   2.205634e-01   5.089072e-01   2.582806e+00   9.386450e+00   1.183321e+01
   1.841522e-01   1.841522e-01   1.854516e-01   2.198626e-01   6.056128e-01   2.082229e+00   8.765407e+00   1.255166e+01
   2.184322e-01   2.184349e-01   2.195914e-01   2.452332e-01   3.945714e-01   1.023554e+00   9.277342e+00   1.236668e+01
   2.051222e-01   2.051222e-01   2.052690e-01   2.110529e-01   2.460169e-01   1.309914e+00   7.434692e+00   1.382713e+01
   1.996769e-01   1.996769e-01   1.997214e-01   2.006699e-01   2.065902e-01   2.129882e+00   8.731880e+00   1.262114e+01
   1.883509e-01   1.883578e-01   1.887147e-01   1.986092e-01   3.658045e-01   1.502327e+00   7.369317e+00   1.380810e+01
   2.145138e-01   2.145154e-01   2.155090e-01   2.437191e-01   4.092298e-01   2.675470e+00   7.978498e+00   1.311414e+01
   2.136894e-01   2.136897e-01   2.139282e-01   2.189374e-01   2.495111e-01   2.312049e+00   8.653276e+00   1.266914e+01
   2.106082e-01   2.106083e-01   2.107158e-01   2.133109e-01   2.306949e-01   2.150458e+00   6.568973e+00   1.422860e+01
   1.923114e-01   1.923361e-01   1.957704e-01   2.942430e-01   8.396300e-01   3.214150e+00   9.161913e+00   1.174953e+01
   2.084724e-01   2.084724e-01   2.084733e-01   2.084994e-01   2.089358e-01   6.417054e-01   3.019863e+00   1.587190e+01
   2.055173e-01   2.055177e-01   2.058818e-01   2.162324e-01   3.913520e-01   1.648491e+00   9.934708e+00   1.154464e+01
   2.171841e-01   2.171842e-01   2.171948e-01   2.174819e-01   2.226315e-01   1.018860e+00   5.703308e+00   1.489868e+01
   2.018232e-01   2.018629e-01   2.039627e-01   2.507346e-01   5.367488e-01   2.808913e+00   7.694230e+00   1.325169e+01
   1.874586e-01   1.875069e-01   1.900595e-01   2.481648e-01   5.994649e-01   3.395476e+00   9.333397e+00   1.150116e+01
   2.020470e-01   2.020551e-01   2.030736e-01   2.265050e-01   7.583326e-01   2.697122e+00   7.477538e+00   1.343085e+01
   2.216332e-01   2.216332e-01   2.216377e-01   2.217658e-01   2.224771e-01   1.729784e+00   9.940861e+00   1.156075e+01
   2.332563e-01   2.332570e-01   2.350156e-01   2.832996e-01   5.943644e-01   1.975750e+00   5.929807e+00   1.465108e+01
   1.892373e-01   1.892373e-01   1.892373e-01   1.892373e-01   1.892373e-01   2.126883e+00   8.754246e+00   1.257911e+01
   1.941070e-01   1.941086e-01   1.943660e-01   2.002400e-01   2.369990e-01   3.226415e+00   9.141241e+00   1.181701e+01
   2.176940e-01   2.176956e-01   2.179679e-01   2.259506e-01   3.342229e-01   1.460040e+00   4.175757e+00   1.547414e+01
   2.187187e-01   2.187208e-01   2.195735e-01   2.384798e-01   3.491193e-01   8.151330e-01   7.491319e+00   1.386573e+01
   2.170757e-01   2.170757e-01   2.170757e-01   2.170757e-01   2.170757e-01   9.153385e-01   8.443324e+00   1.313011e+01
   1.756647e-01   1.756679e-01   1.760923e-01   1.856319e-01   3.781691e-01   1.146622e+00   9.836538e+00   1.167849e+01
   1.782028e-01   1.782031e-01   1.794350e-01   2.143847e-01   7.286327e-01   2.677869e+00   9.582783e+00   1.151794e+01
   1.900223e-01   1.900233e-01   1.905217e-01   2.040218e-01   2.953203e-01   9.574437e-01   7.958858e+00   1.346003e+01
   1.880377e-01   1.880377e-01   1.880377e-01   1.880377e-01   1.880377e-01   2.801426e+00   8.505099e+00   1.257791e+01
   1.944027e-01   1.944039e-01   1.955831e-01   2.240643e-01   3.820509e-01   1.685020e+00   6.710189e+00   1.421240e+01
   1.822250e-01   1.822251e-01   1.822379e-01   1.825967e-01   1.887781e-01   1.482554e+00   7.622843e+00   1.362407e+01
   2.002384e-01   2.002428e-01   2.007588e-01   2.124447e-01   2.803149e-01   8.052841e-01   2.666217e+00   1.592886e+01
   2.150792e-01   2.150828e-01   2.173246e-01   2.809704e-01   6.543855e-01   2.288003e+00   8.111875e+00   1.311471e+01
   1.792801e-01   1.792833e-01   1.793649e-01   1.812942e-01   2.258158e-01   3.392346e+00   9.341371e+00   1.149299e+01
   2.360115e-01   2.360115e-01   2.360173e-01   2.361482e-01   2.389191e-01   7.371870e-01   6.451978e+00   1.455688e+01
   2.223541e-01   2.223541e-01   2.223541e-01   2.223541e-01   2.223541e-01   2.504930e+00   7.257818e+00   1.371633e+01
   1.858413e-01   1.858423e-01   1.861670e-01   1.951605e-01   3.470393e-01   1.574766e+00   9.019596e+00   1.245695e+01
   1.793740e-01   1.793928e-01   1.803091e-01   2.074194e-01   6.395995e-01   3.127182e+00   8.627409e+00   1.229504e+01
   2.287289e-01   2.287392e-01   2.292689e-01   2.411104e-01   4.036041e-01   1.562522e+00   4.073864e+00   1.550771e+01
   2.024919e-01   2.025134e-01   2.052220e-01   2.669758e-01   6.121281e-01   2.736529e+00   7.477982e+00   1.343130e+01
   1.806377e-01   1.806396e-01   1.823965e-01   2.322525e-01   5.148516e-01   2.627797e+00   8.416481e+00   1.268919e+01
   1.826870e-01   1.826870e-01   1.826895e-01   1.827609e-01   1.844112e-01   2.636603e-01   6.975255e-01   1.617150e+01
   2.008897e-01   2.008897e-01   2.009028e-01   2.012746e-01   2.075379e-01   2.307416e-01   6.289202e+00   1.460865e+01
   2.214621e-01   2.214668e-01   2.220701e-01   2.384099e-01   3.320568e-01   1.070622e+00   6.023281e+00   1.473766e+01
   2.083631e-01   2.083632e-01   2.083740e-01   2.086828e-01   2.103902e-01   2.134760e+00   9.796378e+00   1.158073e+01
   2.289593e-01   2.289735e-01   2.308145e-01   2.731754e-01   5.276689e-01   2.142322e+00   5.974348e+00   1.458657e+01
   1.977036e-01   1.977056e-01   1.997598e-01   2.580592e-01   5.851422e-01   2.068652e+00   5.643780e+00   1.471111e+01
   1.791482e-01   1.791517e-01   1.792437e-01   1.813645e-01   1.943531e-01   1.008203e+00   1.003125e+01   1.149286e+01
   1.828258e-01   1.828275e-01   1.831139e-01   1.914102e-01   3.822998e-01   2.529748e+00   9.692017e+00   1.149653e+01
   2.212194e-01   2.212197e-01   2.221089e-01   2.416019e-01   4.965702e-01   2.321477e+00   9.434265e+00   1.193012e+01
   2.162733e-01   2.162737e-01   2.169134e-01   2.305184e-01   3.089673e-01   9.593863e-01   3.794104e+00   1.565246e+01
   1.922861e-01   1.922863e-01   1.923392e-01   1.937831e-01   2.017042e-01   1.523445e+00   7.373252e+00   1.381204e+01
   2.252025e-01   2.252025e-01   2.252025e-01   2.252025e-01   2.252025e-01   2.252025e-01   9.294295e+00   1.241427e+01
   1.826466e-01   1.826470e-01   1.827553e-01   1.852964e-01   2.184721e-01   1.040465e+00   5.744898e+00   1.482091e+01
   1.781699e-01   1.781701e-01   1.792606e-01   2.070985e-01   6.183593e-01   2.176828e+00   7.795530e+00   1.331637e+01
   1.896876e-01   1.896893e-01   1.908088e-01   2.188736e-01   3.733382e-01   1.168235e+00   5.991606e+00   1.468937e+01
   1.751465e-01   1.751465e-01   1.751465e-01   1.751465e-01   1.751465e-01   1.751465e-01   1.751465e-01   1.617515e+01
   1.859495e-01   1.859672e-01   1.872465e-01   2.242773e-01   4.272648e-01   1.310939e+00   8.024942e+00   1.335159e+01
   1.786891e-01   1.786891e-01   1.788079e-01   1.820528e-01   2.379763e-01   9.178262e-01   7.644420e+00   1.367758e+01
   1.867081e-01   1.867085e-01   1.885360e-01   2.387358e-01   5.311415e-01   1.829835e+00   7.591936e+00   1.357556e+01
   1.805159e-01   1.805675e-01   1.831088e-01   2.485953e-01   6.244821e-01   3.057572e+00   8.458868e+00   1.247894e+01
   1.820131e-01   1.820156e-01   1.831648e-01   2.077066e-01   3.579527e-01   9.830189e-01   1.003412e+01   1.149572e+01
   1.938892e-01   1.938892e-01   1.939031e-01   1.942505e-01   2.007122e-01   1.197870e+00   5.995808e+00   1.469357e+01
   2.191494e-01   2.191521e-01   2.203106e-01   2.459954e-01   3.955838e-01   1.023723e+00   9.275277e+00   1.237016e+01
   2.286813e-01   2.286813e-01   2.287788e-01   2.315438e-01   2.498181e-01   1.945834e+00   5.862007e+00   1.469616e+01
   1.814727e-01   1.814730e-01   1.818345e-01   1.922527e-01   4.033823e-01   3.323089e+00   9.372190e+00   1.149518e+01
   1.790541e-01   1.790542e-01   1.794332e-01   1.910472e-01   3.614777e-01   2.354441e+00   7.038266e+00   1.381906e+01
   1.936439e-01   1.936500e-01   1.944250e-01   2.165691e-01   5.924096e-01   3.169048e+00   9.422518e+00   1.153414e+01
   1.872047e-01   1.872047e-01   1.872056e-01   1.872264e-01   1.873535e-01   1.878821e-01   8.136302e+00   1.335795e+01
   1.791436e-01   1.792918e-01   1.831132e-01   2.734106e-01   8.245491e-01   3.120701e+00   8.755940e+00   1.215557e+01
   2.209684e-01   2.209751e-01   2.217991e-01   2.393171e-01   6.024003e-01   2.722406e+00   7.904807e+00   1.315878e+01
   1.978509e-01   1.978525e-01   1.984484e-01   2.111888e-01   4.812205e-01   2.590150e+00   7.248853e+00   1.363970e+01
   2.126964e-01   2.126964e-01   2.127061e-01   2.129815e-01   2.145057e-01   2.796202e+00   9.618786e+00   1.155182e+01
   2.122430e-01   2.122450e-01   2.124981e-01   2.197465e-01   2.599990e-01   3.321915e+00   9.398787e+00   1.155136e+01
   1.829907e-01   1.829909e-01   1.842904e-01   2.211565e-01   4.328966e-01   2.350430e+00   6.733793e+00   1.401892e+01
   1.993196e-01   1.993215e-01   2.000170e-01   2.150024e-01   5.450107e-01   1.763039e+00   9.745564e+00   1.170228e+01
   2.289846e-01   2.289849e-01   2.295858e-01   2.505025e-01   3.665552e-01   8.630262e-01   3.520683e+00   1.575583e+01
   1.899309e-01   1.899316e-01   1.906216e-01   2.105687e-01   3.239467e-01   1.059667e+00   2.787693e+00   1.586773e+01
