   1.819598e+00   2.596138e+00
   1.386354e+00   3.396103e+00
   1.828504e+00   2.596123e+00
   1.365647e+00   3.396416e+00
   1.806723e+00   2.596308e+00
   1.794048e+00   2.596895e+00
   1.565333e+00   3.056304e+00
   1.419085e+00   3.389578e+00
   1.469356e+00   3.334662e+00
   1.593428e+00   2.955077e+00
   1.768508e+00   2.601945e+00
   1.549843e+00   3.111013e+00
   1.716894e+00   2.640442e+00
   1.570721e+00   3.036970e+00
   1.404790e+00   3.394279e+00
   1.848519e+00   2.595290e+00
   1.312215e+00   3.427742e+00
   1.724954e+00   2.631030e+00
   1.461878e+00   3.347334e+00
   1.233846e+00   3.689969e+00
   1.426162e+00   3.385789e+00
   1.589263e+00   2.970115e+00
   1.261728e+00   3.561873e+00
   1.230856e+00   3.705478e+00
   1.874947e+00   2.590057e+00
   1.555958e+00   3.089700e+00
   1.511769e+00   3.234411e+00
   1.451357e+00   3.362256e+00
   1.206906e+00   3.836881e+00
   1.856886e+00   2.594328e+00
   1.292003e+00   3.466052e+00
   1.536856e+00   3.155695e+00
   1.276006e+00   3.510804e+00
   1.865488e+00   2.592680e+00
   1.541024e+00   3.141422e+00
   1.732347e+00   2.623661e+00
   1.192919e+00   3.916406e+00
   1.214460e+00   3.794276e+00
   1.619289e+00   2.866225e+00
   1.202681e+00   3.861015e+00
   1.270785e+00   3.528153e+00
   1.224834e+00   3.736958e+00
   1.185577e+00   3.956152e+00
   1.434220e+00   3.380074e+00
   1.888368e+00   2.584690e+00
   1.506393e+00   3.249523e+00
   1.265332e+00   3.547910e+00
   1.624573e+00   2.849373e+00
   1.561411e+00   3.070117e+00
   1.531961e+00   3.171705e+00
   1.498855e+00   3.269900e+00
   1.218477e+00   3.772237e+00
   1.901509e+00   2.576950e+00
   2.106529e+00   2.144161e+00
   1.441279e+00   3.373722e+00
   1.248535e+00   3.618283e+00
   1.633081e+00   2.822581e+00
   1.300322e+00   3.448027e+00
   1.775603e+00   2.599840e+00
   1.320978e+00   3.416777e+00
   1.677596e+00   2.706373e+00
   1.189078e+00   3.936999e+00
   1.256134e+00   3.584474e+00
   1.704196e+00   2.657742e+00
   1.684901e+00   2.691208e+00
   1.757645e+00   2.606375e+00
   1.647701e+00   2.780014e+00
   2.166347e+00   1.988475e+00
   1.519689e+00   3.210607e+00
   1.605975e+00   2.911134e+00
   1.372798e+00   3.396164e+00
   1.585121e+00   2.984704e+00
   1.614141e+00   2.883563e+00
   2.140983e+00   2.050894e+00
   1.576473e+00   3.016162e+00
   1.357385e+00   3.397151e+00
   1.639428e+00   2.803587e+00
   1.524328e+00   3.196226e+00
   1.486650e+00   3.299635e+00
   2.120673e+00   2.104763e+00
   1.331668e+00   3.407199e+00
   1.600902e+00   2.928978e+00
   1.545458e+00   3.126515e+00
   2.131162e+00   2.076448e+00
   1.581209e+00   2.998714e+00
   2.156806e+00   2.011354e+00
   1.740410e+00   2.616980e+00
   1.664506e+00   2.736164e+00
   1.395573e+00   3.395708e+00
   1.479313e+00   3.315428e+00
   1.671307e+00   2.720185e+00
   1.657232e+00   2.754431e+00
   2.074925e+00   2.234093e+00
   1.245164e+00   3.633556e+00
   1.695320e+00   2.672100e+00
   1.252966e+00   3.598558e+00
   1.283836e+00   3.487388e+00
   1.835488e+00   2.596072e+00
   1.237751e+00   3.669688e+00
   2.234098e+00   1.864581e+00
