   9.322652e-01   7.574707e-01   8.696840e-01   0.000000e+00   1.379066e-03   6.007187e-03   0.000000e+00   7.731391e-14   5.075747e-01   2.809593e-01   9.149887e-01   9.920322e-01   6.922029e-01   9.622366e-01   8.898683e-01   9.983579e-01   8.794632e-01   9.925828e-01   9.342718e-01   7.848809e-01
   9.858631e-01   1.000000e+00   1.488528e-01   9.981322e-01   4.126602e-02   1.010063e-02   1.059325e-13   0.000000e+00   6.248745e-01   3.768929e-01   9.056428e-01   9.913775e-01   8.441265e-01   9.979467e-01   8.359384e-01   9.565613e-01   9.502513e-01   8.124626e-01   9.365347e-01   9.817981e-01
   9.543195e-01   9.899612e-01   2.631114e-01   6.947350e-02   5.613055e-03   9.951210e-02   2.626155e-13   4.150859e-13   4.763590e-01   1.537973e-01   9.432618e-01   9.815765e-01   9.357266e-01   9.344007e-01   8.681630e-01   9.184984e-01   8.892238e-01   9.394246e-01   9.354931e-01   4.195723e-01
   9.853391e-01   1.000000e+00   1.000000e+00   9.981723e-01   4.126602e-02   9.790220e-03   2.331483e-15   1.866346e-12   6.248745e-01   3.764659e-01   9.043772e-01   9.917117e-01   9.591746e-01   9.979730e-01   7.951646e-01   9.339816e-01   9.502513e-01   8.124626e-01   9.365347e-01   9.617916e-01
   9.707867e-01   9.994460e-01   0.000000e+00   9.683723e-01   2.726230e-02   3.979667e-02   1.612659e-02   1.965152e-13   5.009248e-01   1.878347e-01   9.715692e-01   9.944187e-01   7.293481e-01   9.619616e-01   8.954503e-01   9.361295e-01   8.917827e-01   9.371370e-01   9.253501e-01   3.362417e-01
   9.960801e-01   5.878582e-01   9.124001e-01   6.948533e-02   5.194979e-01   3.684595e-02   2.386442e-13   1.974232e-12   4.747860e-01   1.849760e-01   9.091083e-01   9.814016e-01   9.051050e-01   9.833945e-01   8.637305e-01   9.383488e-01   8.958321e-01   9.934755e-01   9.725820e-01   9.990129e-01
   3.428490e-02   9.904865e-01   8.197797e-01   6.608614e-02   1.896773e-02   9.463581e-02   3.609413e-18   7.700043e-14   4.813024e-01   4.537252e-01   9.102483e-01   9.966608e-01   8.506454e-01   9.630596e-01   8.994112e-01   9.578189e-01   8.894871e-01   8.762853e-01   9.352736e-01   3.819968e-01
   6.920513e-01   4.208370e-01   1.645708e-02   1.758578e-02   1.114671e-02   1.047702e-03   1.164885e-12   0.000000e+00   5.296690e-01   1.520094e-01   8.854150e-01   9.402333e-01   6.612055e-01   9.865907e-01   8.827905e-01   9.663707e-01   8.474910e-01   9.607039e-01   9.339460e-01   9.750704e-01
   5.143669e-02   9.100680e-01   7.183925e-03   1.226570e-01   5.073796e-01   8.703421e-02   0.000000e+00   1.604728e-13   5.271075e-01   3.216434e-02   8.927372e-01   9.798580e-01   7.230429e-01   9.621252e-01   8.349180e-01   9.383693e-01   9.226129e-01   9.774918e-01   9.237084e-01   3.858421e-01
   1.000000e+00   3.807074e-02   1.000000e+00   9.878529e-01   0.000000e+00   9.729691e-02   9.343109e-15   7.482504e-13   4.802307e-01   4.534727e-01   9.441073e-01   9.940784e-01   9.273702e-01   9.966334e-01   8.692115e-01   9.233569e-01   9.875188e-01   9.690711e-01   9.719833e-01   8.957108e-01
   6.980517e-01   2.171985e-01   5.511835e-02   7.161575e-02   6.723736e-02   9.147902e-02   1.263346e-12   1.727678e-12   4.767605e-01   2.788184e-01   9.215268e-01   9.986352e-01   9.306081e-01   9.989711e-01   9.352849e-01   9.801692e-01   8.911381e-01   9.425256e-01   9.243249e-01   9.959740e-01
   9.873871e-01   6.096846e-01   1.000000e+00   9.981723e-01   4.126602e-02   9.629953e-03   9.009738e-14   1.780707e-12   6.254330e-01   3.756662e-01   9.040468e-01   9.914147e-01   9.591746e-01   9.979730e-01   7.951646e-01   9.381953e-01   9.502513e-01   8.114259e-01   9.849035e-01   9.588201e-01
   8.904716e-01   7.778191e-01   7.583018e-01   9.461046e-02   0.000000e+00   9.731006e-02   9.340465e-15   0.000000e+00   4.682981e-01   4.577519e-01   9.110450e-01   9.797707e-01   7.018842e-01   9.974217e-01   9.462531e-01   9.602426e-01   8.659287e-01   9.618442e-01   9.699141e-01   9.139614e-01
   3.962937e-01   5.841751e-01   1.759046e-02   9.500047e-01   5.738984e-02   3.816486e-02   6.998568e-14   1.956617e-12   4.551877e-01   5.040816e-01   8.927389e-01   9.810579e-01   9.260935e-01   9.658541e-01   8.715143e-01   9.827134e-01   9.252012e-01   9.985958e-01   7.444203e-01   9.976033e-01
   6.524430e-01   8.399467e-02   0.000000e+00   3.099638e-02   2.726230e-02   9.909453e-02   9.514193e-14   2.051097e-13   5.021438e-01   1.245246e-01   9.723809e-01   9.953731e-01   7.293481e-01   9.630067e-01   8.995950e-01   9.361295e-01   8.913268e-01   9.371421e-01   9.155632e-01   4.101936e-01
   8.712002e-01   9.730157e-01   2.376330e-02   9.978256e-01   1.117677e-01   6.954277e-02   1.580946e-13   4.135210e-13   5.320668e-01   2.209240e-01   9.390670e-01   9.846551e-01   9.259553e-01   9.986521e-01   8.619808e-01   9.188739e-01   9.199735e-01   9.393667e-01   9.681911e-01   9.816524e-01
   9.558644e-01   7.679084e-01   9.998699e-01   9.920126e-01   0.000000e+00   1.029651e-02   1.029659e-13   0.000000e+00   4.996620e-01   4.446633e-01   9.171729e-01   9.999803e-01   9.299703e-01   9.970283e-01   8.782102e-01   9.189732e-01   9.558016e-01   9.666575e-01   9.351723e-01   9.859711e-01
   9.444251e-01   7.882384e-01   8.271536e-01   9.984378e-01   6.857687e-02   6.080797e-02   9.371625e-15   0.000000e+00   4.682981e-01   4.577519e-01   9.383752e-01   9.796657e-01   6.939307e-01   9.564523e-01   9.462531e-01   9.606975e-01   8.810948e-01   9.413843e-01   9.699141e-01   7.925253e-01
   1.167815e-01   2.493824e-01   4.909614e-04   8.109378e-01   6.145319e-02   9.888123e-02   1.678880e-11   1.645961e-11   4.598110e-01   4.633715e-01   9.758206e-01   9.999186e-01   8.227952e-01   9.238700e-01   8.585030e-01   9.377701e-01   8.635680e-01   9.920119e-01   8.311128e-01   9.611688e-01
   8.891960e-01   1.621662e-01   6.861474e-03   6.602812e-02   8.199772e-03   1.388259e-01   0.000000e+00   0.000000e+00   4.771164e-01   2.694448e-01   8.016189e-01   9.393112e-01   9.060378e-01   9.670661e-01   8.353832e-01   9.566445e-01   8.654075e-01   9.618720e-01   9.064210e-01   9.997288e-01
   8.199970e-01   0.000000e+00   9.472816e-01   9.386570e-01   2.595383e-02   7.019642e-02   1.175417e-12   5.990260e-14   5.306532e-01   2.693447e-01   9.071230e-01   9.944087e-01   8.947299e-01   9.570059e-01   8.950983e-01   9.404314e-01   9.990921e-01   9.938305e-01   8.401186e-01   9.662776e-01
   6.560890e-01   9.836231e-01   1.208829e-01   1.000000e+00   1.948390e-02   9.953270e-02   7.253584e-16   7.554685e-13   5.991302e-01   1.081645e-01   8.020725e-01   9.962850e-01   9.344968e-01   9.979915e-01   9.665782e-01   9.184118e-01   9.158621e-01   9.376513e-01   8.519521e-01   4.072170e-01
   9.398206e-01   4.066212e-01   3.678350e-02   8.109378e-01   4.141136e-02   9.923744e-02   1.678880e-11   4.335315e-12   6.250991e-01   3.773401e-01   9.056830e-01   9.998046e-01   6.938403e-01   9.223490e-01   7.559096e-01   9.377556e-01   8.771471e-01   8.240683e-01   9.417691e-01   3.887983e-01
   9.181555e-01   1.000000e+00   1.000000e+00   9.988417e-01   4.126602e-02   3.979927e-02   2.723928e-14   2.989020e-13   6.332209e-01   2.766347e-01   9.419837e-01   9.603267e-01   9.591746e-01   9.999785e-01   8.615361e-01   9.339816e-01   9.504546e-01   8.118356e-01   9.748298e-01   9.617916e-01
   1.158897e-01   9.789915e-01   8.197797e-01   4.206106e-02   4.368125e-02   9.451382e-02   0.000000e+00   6.285346e-14   4.813024e-01   4.537252e-01   9.370054e-01   9.966608e-01   9.635820e-01   1.000000e+00   7.935692e-01   9.174310e-01   8.895548e-01   8.122087e-01   9.244760e-01   3.818081e-01
   5.493924e-02   1.066425e-01   8.044081e-01   6.608614e-02   1.645028e-03   6.035640e-03   8.943484e-14   7.700043e-14   4.820963e-01   4.537252e-01   9.386239e-01   9.963395e-01   6.836512e-01   9.628374e-01   8.995580e-01   9.576335e-01   9.020695e-01   9.925753e-01   9.352881e-01   9.959360e-01
   9.871811e-01   2.553916e-01   1.000000e+00   9.999858e-01   2.213004e-02   5.130887e-02   1.170553e-12   4.077517e-13   4.758829e-01   3.731341e-01   9.040324e-01   9.835988e-01   6.819451e-01   9.556586e-01   8.639063e-01   9.339109e-01   9.787250e-01   8.112468e-01   9.289125e-01   9.588629e-01
   7.322036e-01   9.730157e-01   2.345135e-02   1.942226e-02   7.415800e-02   4.827268e-02   2.216208e-13   2.458310e-16   4.212637e-01   4.423953e-01   9.431435e-01   9.999404e-01   9.259553e-01   9.680334e-01   8.636940e-01   9.195404e-01   8.662120e-01   9.701504e-01   9.353794e-01   9.802990e-01
   1.000000e+00   9.974341e-01   8.161997e-01   1.000000e+00   0.000000e+00   9.729691e-02   9.343109e-15   7.482504e-13   4.802307e-01   4.534709e-01   9.441073e-01   9.939764e-01   8.522685e-01   9.966334e-01   8.697426e-01   9.569363e-01   9.875188e-01   9.690711e-01   9.708212e-01   3.860493e-01
   6.524430e-01   7.685747e-01   1.591289e-03   3.099638e-02   1.848971e-03   9.910443e-02   9.514193e-14   2.073742e-13   4.702798e-01   1.245246e-01   9.723809e-01   9.961329e-01   7.296252e-01   9.630067e-01   8.993163e-01   9.366780e-01   8.913268e-01   9.684639e-01   9.155632e-01   4.101936e-01
   9.268025e-01   6.070286e-01   4.289862e-02   4.926823e-02   6.823308e-02   6.537102e-02   1.025475e-13   1.836826e-12   5.274718e-01   2.254444e-01   9.386706e-01   9.815284e-01   9.591592e-01   9.546256e-01   7.919998e-01   9.372881e-01   9.500671e-01   9.775364e-01   9.852127e-01   9.477534e-01
   9.750317e-01   9.748225e-01   0.000000e+00   1.781042e-02   2.007875e-02   4.827268e-02   2.216208e-13   2.015067e-14   4.325228e-01   1.647568e-01   9.135418e-01   7.862705e-01   9.653863e-01   9.486610e-01   8.935597e-01   9.574480e-01   9.194633e-01   9.939560e-01   9.695492e-01   9.722395e-01
   2.558048e-01   1.451758e-02   0.000000e+00   6.608614e-02   2.976949e-02   9.643918e-04   8.943484e-14   7.700043e-14   4.636070e-01   4.633976e-01   9.714659e-01   1.000000e+00   8.409037e-01   9.960152e-01   6.332580e-01   9.583415e-01   8.934647e-01   9.920735e-01   8.341785e-01   9.997626e-01
   9.437699e-01   9.901086e-01   1.208829e-01   8.512948e-02   5.766876e-03   3.679805e-02   2.297459e-04   5.369070e-15   5.925728e-01   1.424313e-01   9.797613e-01   9.980627e-01   8.123095e-01   9.654044e-01   8.688299e-01   9.184118e-01   8.649726e-01   9.376513e-01   9.055284e-01   9.771978e-01
   4.359309e-02   8.811008e-01   0.000000e+00   9.587362e-01   5.394079e-02   1.774971e-03   1.975506e-16   4.183929e-14   4.140647e-01   5.359253e-01   9.650423e-01   9.393350e-01   9.355818e-01   9.003201e-01   8.573418e-01   9.383755e-01   8.808147e-01   9.806308e-01   8.703712e-01   9.966529e-01
   9.976364e-01   4.066212e-01   3.705793e-02   8.109378e-01   5.199717e-02   9.923744e-02   8.937652e-14   1.641678e-11   5.039567e-01   1.938718e-01   9.702335e-01   9.997844e-01   6.938403e-01   1.000000e+00   8.585211e-01   9.377556e-01   8.801043e-01   9.686089e-01   8.311128e-01   4.003323e-01
   3.962431e-01   8.949041e-01   0.000000e+00   9.998786e-01   5.191948e-03   1.401183e-01   2.569706e-15   0.000000e+00   3.954265e-01   2.996183e-01   9.237279e-01   9.378034e-01   9.262322e-01   9.638790e-01   8.713164e-01   9.809687e-01   9.246906e-01   9.926031e-01   7.442400e-01   9.977217e-01
   9.543195e-01   1.072415e-01   2.674008e-01   8.775563e-02   5.699269e-03   9.951210e-02   2.274417e-15   4.150859e-13   5.013872e-01   1.537973e-01   9.432618e-01   9.815765e-01   9.357266e-01   9.344007e-01   9.273751e-01   9.184984e-01   8.892238e-01   9.394246e-01   9.354931e-01   4.191823e-01
   9.413240e-01   2.669018e-01   7.752096e-01   9.969543e-01   8.310835e-03   9.571646e-02   1.612046e-16   1.823174e-11   4.800713e-01   4.581045e-01   9.119635e-01   9.985278e-01   8.528867e-01   8.770427e-01   8.994112e-01   9.382009e-01   8.733028e-01   9.397363e-01   9.344307e-01   8.165616e-01
   9.978807e-01   5.870316e-01   8.140491e-02   1.442097e-01   5.182469e-01   9.443128e-02   2.394040e-13   1.871592e-12   4.747860e-01   1.849760e-01   9.851064e-01   9.814016e-01   9.349240e-01   1.000000e+00   9.604204e-01   9.904031e-01   9.253442e-01   9.934604e-01   9.725820e-01   9.812236e-01
   8.702372e-01   5.974882e-01   1.244296e-02   5.505920e-02   3.328399e-02   4.911763e-02   0.000000e+00   2.635962e-13   4.648669e-01   1.431409e-01   9.163608e-01   9.979776e-01   8.827188e-01   9.508416e-01   9.398279e-01   9.349902e-01   9.867877e-01   9.839053e-01   9.355629e-01   9.723591e-01
   0.000000e+00   0.000000e+00   1.208445e-01   8.512948e-02   5.642630e-03   3.679805e-02   0.000000e+00   5.369070e-15   4.734697e-01   4.400348e-01   9.791841e-01   9.999627e-01   8.123095e-01   9.654044e-01   8.668846e-01   9.893342e-01   8.643953e-01   9.375349e-01   9.617056e-01   9.771978e-01
   9.710692e-01   2.976449e-01   1.000000e+00   9.681302e-01   8.929485e-04   3.198049e-02   1.635554e-02   1.941911e-13   6.267972e-01   3.829149e-01   9.032278e-01   9.842315e-01   9.579786e-01   1.000000e+00   7.962759e-01   9.360053e-01   9.500244e-01   9.990203e-01   9.342286e-01   3.362417e-01
   6.457972e-01   1.000000e+00   0.000000e+00   3.514615e-02   2.726230e-02   1.358174e-01   3.858849e-16   2.051097e-13   5.021438e-01   1.245246e-01   9.691392e-01   9.945098e-01   7.293481e-01   9.974939e-01   8.995950e-01   9.361328e-01   8.912752e-01   9.371421e-01   9.233476e-01   4.555531e-01
   5.143669e-02   9.340637e-01   7.279009e-03   1.226570e-01   5.075670e-01   8.703421e-02   7.213301e-14   8.191022e-17   5.271075e-01   2.819802e-01   9.095524e-01   9.797721e-01   7.333125e-01   9.838627e-01   8.349180e-01   9.527983e-01   9.226129e-01   9.771497e-01   9.237084e-01   9.967410e-01
   8.595504e-01   8.255878e-01   4.175618e-02   3.626973e-02   3.969785e-02   9.269498e-03   1.077852e-02   4.985279e-07   4.730977e-01   1.535387e-01   9.141767e-01   9.814871e-01   5.023342e-01   9.957470e-01   7.953890e-01   9.177040e-01   9.157899e-01   1.000000e+00   9.331808e-01   9.617872e-01
   9.967887e-01   2.036516e-01   6.861474e-03   6.430220e-02   8.287726e-03   1.408322e-01   7.199598e-16   0.000000e+00   4.758821e-01   2.741358e-01   9.472187e-01   9.917400e-01   8.913725e-01   9.542984e-01   8.642418e-01   9.527212e-01   8.656989e-01   9.520566e-01   8.465565e-01   9.841467e-01
   7.750544e-01   8.870682e-01   8.560147e-01   1.000000e+00   6.053441e-02   7.215646e-04   2.189048e-13   2.953312e-16   4.232380e-01   4.262244e-01   9.400066e-01   9.727038e-01   8.952388e-01   9.982037e-01   8.637226e-01   9.374151e-01   9.026996e-01   9.838763e-01   9.688319e-01   9.797919e-01
   9.529449e-01   9.007307e-01   5.704519e-02   9.988417e-01   4.979770e-02   8.742915e-02   0.000000e+00   2.989020e-13   5.265657e-01   2.766347e-01   9.419837e-01   9.603267e-01   7.302012e-01   9.660799e-01   8.615361e-01   9.340025e-01   9.504546e-01   8.118356e-01   9.753172e-01   9.617916e-01
   2.665210e-01   1.000000e+00   0.000000e+00   7.721206e-01   2.740631e-02   3.978347e-02   1.516237e-05   1.965152e-13   5.009919e-01   1.809281e-01   9.709856e-01   9.944239e-01   9.240861e-01   9.627849e-01   8.954503e-01   9.361465e-01   8.918928e-01   9.531269e-01   9.259136e-01   9.552635e-01
   9.543195e-01   9.308663e-01   2.631114e-01   6.612851e-02   3.049717e-03   9.824649e-02   2.626155e-13   5.838906e-02   4.763590e-01   1.537973e-01   9.713255e-01   8.240998e-01   9.351107e-01   9.344007e-01   8.681630e-01   9.209588e-01   8.893251e-01   9.363340e-01   8.349563e-01   4.341096e-01
   7.517369e-01   0.000000e+00   7.183925e-03   6.960494e-02   5.281799e-01   5.070346e-02   1.531930e-13   1.846902e-13   5.271085e-01   1.423376e-01   8.065547e-01   9.749814e-01   8.912071e-01   9.635607e-01   9.336713e-01   9.383693e-01   8.468699e-01   9.992415e-01   9.393647e-01   9.464378e-01
   9.382056e-01   7.818131e-01   1.591289e-03   3.099638e-02   1.731792e-03   9.910443e-02   0.000000e+00   2.073742e-13   6.243648e-01   1.226862e-01   9.723809e-01   9.961329e-01   6.945493e-01   9.218430e-01   7.656315e-01   9.367045e-01   8.913268e-01   9.684639e-01   9.155632e-01   3.868777e-01
   6.889723e-01   0.000000e+00   1.084042e-02   1.392863e-02   1.114671e-02   1.047702e-03   1.164885e-12   5.972112e-14   5.296852e-01   1.520094e-01   8.854150e-01   9.402333e-01   6.612055e-01   9.856671e-01   8.947695e-01   9.663047e-01   8.474910e-01   9.607039e-01   7.903802e-01   9.750704e-01
   9.710692e-01   9.075322e-01   1.000000e+00   9.675870e-01   0.000000e+00   3.684132e-02   1.867371e-04   5.527615e-14   6.353731e-01   3.207493e-02   9.438356e-01   9.941067e-01   9.271721e-01   9.966395e-01   8.454467e-01   9.376849e-01   9.499356e-01   9.365750e-01   9.344316e-01   3.316347e-01
   8.204265e-01   4.214314e-01   1.645708e-02   7.151099e-03   1.114671e-02   1.047702e-03   1.170576e-12   4.104475e-13   5.296690e-01   4.638826e-01   8.854150e-01   9.842230e-01   6.612055e-01   9.865907e-01   8.827905e-01   9.351021e-01   9.810025e-01   9.607039e-01   9.339460e-01   9.750704e-01
   8.321324e-01   1.595986e-01   0.000000e+00   9.486228e-02   1.887061e-02   9.335555e-02   8.716292e-14   1.890398e-12   5.974017e-01   1.872295e-01   9.036009e-01   9.989473e-01   7.279445e-01   9.546997e-01   8.961739e-01   9.200978e-01   8.920640e-01   9.931992e-01   9.340198e-01   9.733085e-01
   9.812754e-01   7.259797e-01   6.339823e-02   3.281064e-02   5.243415e-01   3.637955e-02   2.419693e-13   6.846266e-14   3.562148e-01   1.498632e-01   9.090250e-01   1.000000e+00   8.478802e-01   8.291567e-01   8.743828e-01   9.575029e-01   8.896046e-01   9.372807e-01   9.709751e-01   9.850384e-01
   2.438109e-01   9.882936e-01   9.800180e-01   1.692241e-01   1.011633e-02   3.750629e-02   3.800086e-05   0.000000e+00   5.928191e-01   2.637545e-01   9.073749e-01   8.027122e-01   8.890753e-01   9.660318e-01   8.035065e-01   9.527212e-01   9.038789e-01   9.352277e-01   9.464569e-01   9.730182e-01
   9.889095e-01   1.865059e-01   1.000000e+00   9.994150e-01   3.772901e-02   5.321787e-02   2.479781e-04   1.796421e-11   6.047625e-01   1.411360e-01   9.414021e-01   9.989473e-01   9.996902e-01   9.984245e-01   8.638949e-01   9.186452e-01   8.751081e-01   9.988147e-01   9.288764e-01   9.723596e-01
   1.744453e-01   9.109273e-01   0.000000e+00   1.507925e-03   0.000000e+00   2.767547e-02   3.129600e-02   1.603909e-13   4.740952e-01   3.413544e-02   9.390876e-01   9.976461e-01   9.648762e-01   9.999803e-01   7.374086e-01   9.385142e-01   9.013844e-01   9.603934e-01   9.205578e-01   3.750273e-01
   9.733716e-01   4.096552e-01   8.109211e-01   9.969543e-01   1.987106e-02   9.922693e-02   1.741775e-11   1.868446e-11   4.816011e-01   8.372944e-03   9.706164e-01   9.998031e-01   6.941147e-01   1.000000e+00   8.644764e-01   9.382009e-01   9.034584e-01   8.762628e-01   9.315912e-01   3.949755e-01
   8.595504e-01   8.255878e-01   4.837840e-02   7.559429e-02   5.634440e-02   9.305028e-03   1.077852e-02   5.106583e-07   3.522492e-01   1.815339e-01   9.141767e-01   9.912175e-01   6.754516e-01   9.957470e-01   7.953224e-01   9.691783e-01   9.162558e-01   9.453325e-01   9.331808e-01   9.624282e-01
   6.577009e-01   2.553916e-01   1.000000e+00   9.908067e-01   2.238242e-02   5.130887e-02   1.170553e-12   4.077517e-13   4.757058e-01   3.743218e-01   9.043319e-01   9.835988e-01   6.819451e-01   9.990513e-01   8.341304e-01   9.339109e-01   9.577482e-01   8.223996e-01   9.348714e-01   9.588629e-01
   1.744453e-01   9.500945e-01   0.000000e+00   0.000000e+00   0.000000e+00   2.767547e-02   2.989944e-13   0.000000e+00   5.984993e-01   2.839513e-01   9.389946e-01   9.975603e-01   9.751458e-01   9.984497e-01   8.610580e-01   9.529432e-01   9.013844e-01   9.600513e-01   8.120300e-01   9.859262e-01
   2.733721e-01   9.007080e-01   9.800263e-01   1.000000e+00   3.122008e-03   1.380787e-01   0.000000e+00   0.000000e+00   4.231072e-01   2.936195e-01   9.222080e-01   9.378034e-01   9.344924e-01   9.645869e-01   8.442474e-01   9.525664e-01   9.356826e-01   9.927640e-01   9.465238e-01   9.962575e-01
   1.664728e-02   1.000000e+00   9.501387e-01   1.226570e-01   4.988479e-01   3.940433e-02   2.813520e-14   1.604728e-13   6.337627e-01   3.216434e-02   8.927372e-01   9.798580e-01   9.520163e-01   9.960238e-01   8.349180e-01   9.383483e-01   9.226129e-01   9.774918e-01   9.232210e-01   3.858421e-01
   2.614921e-02   8.481356e-02   8.051107e-01   1.067777e-02   2.580151e-02   9.787838e-02   9.371625e-15   0.000000e+00   5.001622e-01   4.576883e-01   9.149722e-01   9.790109e-01   7.041737e-01   9.974217e-01   9.012917e-01   9.601650e-01   8.799215e-01   9.356833e-01   9.699141e-01   7.925253e-01
   2.588235e-01   8.464911e-02   8.284862e-01   9.984378e-01   2.626978e-02   9.730016e-02   9.371625e-15   0.000000e+00   4.798577e-01   4.562296e-01   9.149670e-01   9.790109e-01   7.041737e-01   9.974217e-01   9.903379e-01   9.601490e-01   8.813435e-01   9.356833e-01   9.692842e-01   7.925253e-01
   4.763356e-02   1.000000e+00   8.197797e-01   9.470215e-01   1.896773e-02   1.568240e-01   3.609413e-18   7.700043e-14   4.813024e-01   4.537252e-01   9.102050e-01   9.966608e-01   8.506454e-01   9.630596e-01   8.994112e-01   9.580019e-01   8.894871e-01   8.765495e-01   9.894119e-01   3.472221e-01
   4.359309e-02   9.075043e-01   8.058888e-04   9.587362e-01   4.649524e-01   1.285187e-04   1.975506e-16   4.183929e-14   4.777415e-01   2.683159e-01   9.650423e-01   9.393350e-01   7.376542e-01   8.988654e-01   8.584724e-01   9.394516e-01   6.555637e-01   9.935246e-01   8.701643e-01   9.966529e-01
   1.582902e-03   9.193810e-01   1.263605e-01   3.530821e-02   7.374632e-02   1.521970e-01   2.223794e-13   1.764481e-12   4.491187e-01   4.476447e-01   9.398639e-01   9.999867e-01   9.286873e-01   9.499457e-01   8.619866e-01   9.194769e-01   8.958041e-01   9.470342e-01   9.365435e-01   3.665150e-01
   6.540580e-01   3.933828e-01   3.678350e-02   8.109378e-01   4.152854e-02   9.923744e-02   1.691102e-11   4.335315e-12   4.710141e-01   3.791785e-01   9.056830e-01   9.998046e-01   7.289161e-01   9.635127e-01   8.895944e-01   9.669343e-01   8.771471e-01   8.240683e-01   9.417691e-01   3.810554e-01
   8.837383e-01   9.079644e-01   1.275603e-02   9.700085e-01   3.342447e-02   1.388259e-01   1.975506e-16   4.272198e-14   4.149921e-01   1.187959e-01   9.185787e-01   9.389983e-01   9.355818e-01   9.236562e-01   8.573418e-01   9.383755e-01   8.811832e-01   9.670329e-01   9.372340e-01   9.966869e-01
   2.857226e-01   6.284934e-01   4.317950e-02   8.095106e-01   4.210335e-02   9.913896e-02   1.674774e-11   1.949946e-12   6.226172e-01   3.763347e-01   9.056830e-01   9.998046e-01   8.887047e-01   1.000000e+00   7.604775e-01   9.377556e-01   8.771471e-01   8.240683e-01   9.719233e-01   3.887983e-01
   5.213989e-02   1.032486e-01   7.965154e-01   6.608614e-02   1.856730e-02   9.587881e-02   1.354335e-13   7.731106e-14   4.803264e-01   2.737661e-01   9.105201e-01   9.979566e-01   9.277562e-01   9.848019e-01   8.899967e-01   9.573701e-01   9.035755e-01   9.488673e-01   8.853898e-01   9.997353e-01
   9.445928e-01   4.560651e-02   8.284862e-01   9.554777e-01   2.541333e-02   1.374726e-01   9.371625e-15   7.667306e-14   6.750776e-01   4.574290e-01   9.398769e-01   9.999437e-01   7.041737e-01   9.974217e-01   9.903379e-01   9.601490e-01   8.810948e-01   9.356833e-01   9.373993e-01   7.928575e-01
   6.939360e-01   8.881310e-01   1.645708e-02   1.873576e-02   4.154303e-01   1.032470e-03   2.176185e-13   1.312551e-18   4.236986e-01   4.267146e-01   9.874440e-01   9.578342e-01   6.717881e-01   9.862963e-01   8.827905e-01   9.824348e-01   9.256841e-01   9.603997e-01   9.339460e-01   9.816003e-01
   2.570664e-01   6.523240e-02   8.696840e-01   0.000000e+00   1.163427e-03   9.704261e-02   0.000000e+00   7.731391e-14   4.771416e-01   2.731299e-01   9.149670e-01   9.920322e-01   6.909742e-01   9.622366e-01   9.924213e-01   9.977730e-01   8.794632e-01   9.375191e-01   9.342718e-01   7.844270e-01
   9.322652e-01   1.966932e-01   8.696840e-01   0.000000e+00   1.278719e-03   6.007187e-03   0.000000e+00   7.731391e-14   4.783523e-01   2.811710e-01   9.149887e-01   9.920322e-01   7.003879e-01   9.610235e-01   8.898523e-01   9.802795e-01   8.794632e-01   9.925828e-01   9.342718e-01   7.882170e-01
   2.748664e-01   9.059848e-01   3.278439e-02   6.574380e-02   3.340612e-02   9.643918e-04   0.000000e+00   2.665945e-13   4.636070e-01   1.418125e-01   9.638182e-01   1.000000e+00   8.429854e-01   9.498886e-01   6.332580e-01   9.583415e-01   9.862747e-01   9.838101e-01   8.341785e-01   1.000000e+00
   2.748664e-01   8.956066e-01   3.278439e-02   8.215970e-01   2.976949e-02   9.571974e-03   0.000000e+00   1.804124e-13   4.704450e-01   2.760586e-01   9.630425e-01   1.000000e+00   8.427707e-01   9.976212e-01   6.332580e-01   9.581049e-01   8.974258e-01   9.912845e-01   8.341785e-01   9.587243e-01
   9.879007e-01   2.859144e-01   1.033237e-01   5.398372e-01   4.126602e-02   3.007994e-03   2.194757e-13   6.537288e-14   4.158247e-01   3.756662e-01   9.060060e-01   9.998930e-01   9.591746e-01   9.977859e-01   8.932702e-01   9.348993e-01   9.210584e-01   8.114259e-01   9.679351e-01   9.588490e-01
   9.755060e-01   7.555942e-01   4.283553e-06   1.742528e-02   4.443314e-02   6.003572e-03   1.932282e-14   7.615013e-14   4.129148e-01   5.350411e-01   9.821237e-01   9.921550e-01   9.326698e-01   9.624621e-01   9.079466e-01   8.614266e-01   8.794956e-01   9.807816e-01   9.231761e-01   7.824293e-01
   9.415354e-01   2.465582e-01   2.376330e-02   9.982911e-01   1.117677e-01   6.954277e-02   1.580946e-13   4.094196e-13   5.000106e-01   2.209240e-01   9.390670e-01   9.841702e-01   9.250860e-01   9.973050e-01   8.619808e-01   9.185561e-01   8.944012e-01   9.392991e-01   9.681911e-01   9.816524e-01
   9.721567e-02   9.730157e-01   8.956455e-01   1.942226e-02   7.415800e-02   4.827268e-02   9.395530e-14   2.458310e-16   4.212637e-01   4.423953e-01   9.712606e-01   1.000000e+00   9.253492e-01   9.680334e-01   7.227847e-01   9.195404e-01   8.662120e-01   9.903764e-01   9.353794e-01   9.802990e-01
   2.736309e-01   6.387290e-01   1.000000e+00   9.614406e-01   3.119964e-02   3.972285e-02   2.175129e-13   1.941781e-12   4.747921e-01   1.865769e-01   9.440517e-01   9.917403e-01   8.910767e-01   1.000000e+00   8.710665e-01   9.365832e-01   9.482824e-01   9.991735e-01   9.731774e-01   9.978523e-01
   2.588235e-01   9.916817e-03   8.284862e-01   9.386301e-01   2.627011e-02   7.002809e-02   1.224871e-12   0.000000e+00   4.798577e-01   4.485309e-01   9.073255e-01   9.790109e-01   7.041737e-01   9.974217e-01   9.903379e-01   9.599217e-01   8.813435e-01   9.349181e-01   9.692842e-01   7.896104e-01
   9.710692e-01   9.074788e-01   2.612784e-01   9.675870e-01   3.202902e-03   7.292748e-02   1.867371e-04   5.527523e-14   6.313734e-01   1.538970e-01   9.713459e-01   9.941067e-01   9.271721e-01   9.966395e-01   8.461381e-01   9.202337e-01   9.499356e-01   9.365838e-01   9.344316e-01   3.316347e-01
   9.541666e-01   9.861421e-01   9.736210e-01   6.032909e-02   2.925345e-02   3.274907e-02   1.705273e-14   3.762264e-13   4.995470e-01   1.646702e-01   9.062490e-01   9.840543e-01   6.756589e-01   9.716785e-01   8.637506e-01   9.578501e-01   9.787250e-01   9.394285e-01   9.252283e-01   7.934937e-01
   2.438109e-01   0.000000e+00   9.706489e-01   2.204296e-01   2.738667e-03   3.231405e-02   2.916775e-18   1.827601e-13   5.951471e-01   2.694448e-01   8.053259e-01   7.890463e-01   8.911841e-01   9.660318e-01   8.033465e-01   9.527212e-01   8.764106e-01   9.992227e-01   9.465738e-01   9.477845e-01
   9.788614e-01   9.180289e-01   9.474908e-01   4.828899e-03   2.352625e-03   9.791483e-02   1.893628e-16   2.721522e-13   5.008266e-01   3.384576e-01   9.133989e-01   9.976852e-01   9.659099e-01   9.842820e-01   8.039567e-01   9.403788e-01   9.028759e-01   9.931868e-01   9.692843e-01   9.661027e-01
   2.428981e-01   9.731406e-01   9.972696e-01   6.702878e-02   7.180675e-02   0.000000e+00   8.730125e-14   7.581461e-14   4.596002e-01   4.633976e-01   9.714659e-01   8.036486e-01   8.409310e-01   9.605728e-01   8.578809e-01   9.576381e-01   9.038650e-01   8.706952e-01   8.349016e-01   9.997353e-01
   9.994591e-01   1.000000e+00   6.339823e-02   4.982114e-02   5.243415e-01   9.472565e-02   2.419693e-13   6.846266e-14   3.562148e-01   1.498632e-01   9.154089e-01   9.938660e-01   8.521931e-01   8.275211e-01   8.743828e-01   9.575029e-01   8.520034e-01   9.689541e-01   9.709730e-01   9.850384e-01
   9.554481e-01   5.870277e-01   9.616910e-01   8.626598e-02   0.000000e+00   1.027366e-01   2.492258e-13   3.703947e-13   5.033363e-01   1.538632e-01   9.829954e-01   9.964578e-01   9.633014e-01   9.491700e-01   9.619566e-01   9.171281e-01   9.220645e-01   9.891262e-01   9.354900e-01   9.717781e-01
   9.385943e-01   9.885554e-01   8.197797e-01   4.206106e-02   4.368125e-02   9.451382e-02   0.000000e+00   6.285346e-14   4.813024e-01   4.537252e-01   9.370054e-01   9.966963e-01   9.300135e-01   9.999069e-01   7.926664e-01   9.173731e-01   9.583748e-01   8.122087e-01   9.336558e-01   3.962678e-01
   2.438109e-01   2.887230e-01   9.800180e-01   1.692241e-01   2.379926e-04   3.231405e-02   0.000000e+00   0.000000e+00   5.945600e-01   2.625194e-01   9.073749e-01   9.896248e-01   9.589966e-01   9.974335e-01   8.035065e-01   9.525014e-01   9.025531e-01   8.141364e-01   9.464569e-01   9.732635e-01
   2.497007e-01   4.066212e-01   3.684390e-02   8.109378e-01   5.196607e-02   9.923744e-02   1.329037e-14   1.641678e-11   5.029380e-01   1.213380e-02   9.701975e-01   9.945817e-01   6.938403e-01   9.102700e-01   8.986044e-01   9.377556e-01   8.912317e-01   9.931469e-01   9.223136e-01   4.544964e-01
   8.702372e-01   5.870277e-01   8.277138e-01   6.312945e-02   5.038224e-01   4.620195e-02   2.417779e-13   1.916009e-12   5.534962e-01   1.803400e-01   9.833447e-01   9.964328e-01   9.641684e-01   9.491700e-01   9.603550e-01   9.898675e-01   9.257085e-01   9.924093e-01   9.349102e-01   9.717781e-01
   6.506431e-01   6.005458e-01   3.678350e-02   7.991139e-01   4.152854e-02   3.266445e-02   2.299379e-13   1.977534e-12   4.263128e-01   3.791598e-01   9.056830e-01   9.998046e-01   7.376418e-01   9.635127e-01   8.725663e-01   9.669343e-01   7.612116e-01   8.261195e-01   9.354226e-01   9.955307e-01
   9.207384e-01   5.683151e-01   7.752096e-01   9.496760e-01   1.900710e-02   9.772153e-02   0.000000e+00   1.891854e-12   4.809661e-01   5.028538e-01   9.119635e-01   1.000000e+00   8.528867e-01   1.000000e+00   7.528035e-01   9.835143e-01   9.031533e-01   8.770606e-01   9.344307e-01   6.992575e-01
   7.733492e-02   2.748977e-02   0.000000e+00   7.721206e-01   5.445292e-03   3.679133e-02   1.516237e-05   1.976432e-13   5.012386e-01   1.809281e-01   9.709856e-01   9.944239e-01   8.153561e-01   9.627849e-01   8.028733e-01   9.886735e-01   8.918928e-01   9.531269e-01   9.241075e-01   9.552635e-01
   9.665390e-01   0.000000e+00   9.474908e-01   6.473819e-02   2.742846e-03   0.000000e+00   0.000000e+00   5.257113e-15   4.919963e-01   3.504828e-01   9.133989e-01   9.968824e-01   9.659099e-01   9.958499e-01   8.040266e-01   9.404323e-01   9.517416e-01   9.937369e-01   9.692843e-01   9.661027e-01
   7.300617e-01   9.100680e-01   7.183925e-03   1.224965e-01   7.622454e-02   8.703421e-02   1.055311e-15   7.443791e-14   4.213889e-01   3.216434e-02   8.927372e-01   9.797535e-01   7.230429e-01   9.621351e-01   8.349180e-01   9.803878e-01   9.226129e-01   9.774918e-01   9.237084e-01   4.159600e-01
   9.277289e-01   4.168568e-01   9.936040e-01   9.628679e-01   3.050764e-02   8.968231e-02   2.797642e-13   4.327150e-12   4.772740e-01   1.875823e-01   9.440517e-01   9.917403e-01   6.962122e-01   9.212068e-01   9.607772e-01   9.357568e-01   9.483634e-01   9.991735e-01   9.430233e-01   9.978523e-01
   4.382250e-03   5.826839e-01   1.212090e-01   9.524381e-01   4.721337e-03   1.482167e-01   2.980660e-16   1.763184e-12   4.765129e-01   2.833438e-01   9.398796e-01   9.988814e-01   9.735770e-01   9.499614e-01   8.619866e-01   9.392402e-01   8.956494e-01   8.726713e-01   9.326513e-01   3.618659e-01
   2.035285e-01   9.446022e-01   9.500009e-01   8.803577e-02   5.322348e-01   5.035731e-03   0.000000e+00   8.338273e-16   4.213077e-01   4.265474e-01   9.151019e-01   9.790641e-01   9.329911e-01   9.983113e-01   8.631092e-01   9.578229e-01   9.026996e-01   9.826150e-01   9.681787e-01   9.794636e-01
   1.465075e-01   9.587455e-01   8.369947e-01   6.960494e-02   5.281799e-01   5.070346e-02   1.471362e-13   1.846902e-13   5.271085e-01   1.423376e-01   8.065547e-01   9.749814e-01   8.912071e-01   9.814945e-01   9.336713e-01   9.373108e-01   8.914297e-01   8.105500e-01   9.246477e-01   9.326033e-01
   7.750544e-01   4.197742e-01   8.560147e-01   1.000000e+00   6.053441e-02   7.367961e-04   4.439711e-13   2.940187e-16   4.761670e-01   1.841594e-01   9.393344e-01   9.727676e-01   9.349474e-01   9.984981e-01   8.637226e-01   9.885165e-01   9.026996e-01   9.838506e-01   9.688319e-01   9.797919e-01
   6.980517e-01   7.779760e-01   5.511835e-02   7.161575e-02   6.723736e-02   9.147902e-02   1.263346e-12   1.727678e-12   5.059828e-01   2.786068e-01   9.215268e-01   9.986352e-01   9.224231e-01   1.000000e+00   9.353009e-01   9.982476e-01   8.911381e-01   9.425256e-01   9.243249e-01   9.926379e-01
   1.757708e-01   5.788482e-01   8.227546e-01   3.074454e-02   2.316316e-02   3.714802e-03   2.780948e-13   1.803416e-11   4.798529e-01   1.613416e-01   9.069949e-01   9.963599e-01   9.917254e-01   9.630596e-01   8.701740e-01   9.348734e-01   9.026673e-01   8.749204e-01   9.354958e-01   1.000000e+00
   7.475873e-02   4.106387e-01   7.434801e-01   8.550787e-01   2.697307e-03   1.026265e-02   0.000000e+00   1.632311e-11   4.589446e-01   1.515469e-02   9.715156e-01   9.998046e-01   6.938403e-01   9.225030e-01   8.984887e-01   9.377556e-01   9.031319e-01   9.925833e-01   8.311128e-01   4.003323e-01
   9.327225e-01   1.638496e-01   8.696840e-01   0.000000e+00   1.379066e-03   5.907719e-03   0.000000e+00   4.133170e-15   5.075747e-01   2.809593e-01   9.178127e-01   9.978187e-01   6.931172e-01   9.917537e-01   8.898683e-01   9.983579e-01   8.773564e-01   9.925629e-01   9.342718e-01   9.990574e-01
   6.560890e-01   9.836231e-01   9.475907e-02   1.000000e+00   6.257738e-03   4.034134e-02   7.253584e-16   7.554685e-13   5.991302e-01   2.927416e-02   8.020725e-01   9.962850e-01   9.344968e-01   9.979915e-01   9.622346e-01   9.365798e-01   9.237416e-01   9.753786e-01   8.507301e-01   4.068889e-01
   2.803747e-01   1.395574e-01   2.916019e-02   9.817038e-02   1.876634e-02   5.009138e-02   8.716436e-14   3.887386e-13   4.086550e-01   4.651456e-01   9.036009e-01   9.965568e-01   9.519926e-01   9.603819e-01   8.956294e-01   9.590411e-01   8.964829e-01   8.748177e-01   8.961256e-01   9.746650e-01
   9.345260e-01   1.886986e-01   4.289862e-02   4.926823e-02   7.415324e-02   4.080790e-02   1.025475e-13   1.836826e-12   5.274718e-01   2.254444e-01   9.387735e-01   9.815284e-01   9.591592e-01   9.546256e-01   8.712213e-01   9.372881e-01   9.212112e-01   9.774303e-01   9.844815e-01   9.964336e-01
   3.011630e-02   2.379544e-01   1.724888e-01   8.830469e-01   7.416658e-02   4.103922e-02   2.390244e-13   4.081861e-13   6.080278e-01   4.575243e-01   9.422099e-01   9.798185e-01   9.389411e-01   9.984146e-01   9.643043e-01   9.163255e-01   9.215315e-01   9.926645e-01   9.692997e-01   9.414266e-01
   8.986230e-01   7.729334e-01   1.591289e-03   3.099638e-02   4.096453e-02   9.888045e-02   9.514194e-14   2.969344e-13   4.606004e-01   1.320187e-01   8.039575e-01   9.962620e-01   7.296252e-01   9.627960e-01   8.567212e-01   9.377745e-01   8.910952e-01   9.694418e-01   9.155632e-01   4.070043e-01
   7.308767e-01   2.823739e-01   8.008739e-01   6.600599e-02   1.856730e-02   9.456421e-02   1.531217e-14   7.731106e-14   4.242254e-01   1.817874e-01   9.105201e-01   9.988387e-01   9.128713e-01   9.848242e-01   8.886150e-01   9.569593e-01   9.035755e-01   8.734291e-01   9.352736e-01   9.801952e-01
   7.517369e-01   2.906792e-01   1.655301e-02   6.960494e-02   5.355575e-01   5.070346e-02   1.531930e-13   1.930133e-15   5.271085e-01   1.423376e-01   9.236001e-01   9.749814e-01   8.890983e-01   9.635607e-01   9.338313e-01   9.383693e-01   9.017902e-01   9.976918e-01   9.392478e-01   9.575451e-01
   3.127065e-02   0.000000e+00   0.000000e+00   9.587362e-01   5.394079e-02   1.774971e-03   8.187879e-18   4.183929e-14   4.140647e-01   5.479504e-01   9.650423e-01   9.385322e-01   9.355818e-01   9.003201e-01   8.574117e-01   9.384290e-01   8.802728e-01   9.811809e-01   8.703712e-01   9.250408e-01
   8.953263e-01   3.600614e-03   0.000000e+00   9.982343e-01   4.109340e-02   1.805069e-03   8.943483e-14   7.700043e-14   6.006146e-01   3.764867e-01   9.708138e-01   1.000000e+00   9.466136e-01   9.960152e-01   6.346861e-01   9.348327e-01   8.931531e-01   9.999476e-01   9.452177e-01   9.997626e-01
   7.750544e-01   7.756082e-01   7.591348e-01   9.942819e-01   8.099398e-02   7.215646e-04   2.189048e-13   2.989878e-16   4.240730e-01   4.262244e-01   9.100366e-01   9.727038e-01   8.952388e-01   9.982037e-01   9.458716e-01   9.613636e-01   9.017416e-01   9.839534e-01   9.688418e-01   9.797919e-01
   1.331598e-01   7.583445e-01   9.998699e-01   9.920126e-01   0.000000e+00   1.029651e-02   1.029659e-13   0.000000e+00   4.996620e-01   4.446633e-01   9.171729e-01   9.999448e-01   9.635388e-01   9.971213e-01   8.791130e-01   9.190311e-01   8.869815e-01   9.666575e-01   9.259924e-01   9.715114e-01
   9.212904e-01   7.818131e-01   2.361364e-02   8.807224e-02   6.605860e-02   9.910443e-02   0.000000e+00   7.516770e-14   4.208778e-01   1.226862e-01   9.420363e-01   9.961465e-01   6.945493e-01   9.222275e-01   8.621698e-01   9.367045e-01   9.202589e-01   8.843359e-01   9.155632e-01   3.868777e-01
   6.457972e-01   1.000000e+00   0.000000e+00   4.511360e-03   2.729341e-02   1.358174e-01   1.677590e-11   2.051097e-13   4.132034e-01   1.275455e-01   9.691752e-01   9.997327e-01   7.293481e-01   1.000000e+00   8.609394e-01   9.361328e-01   8.800988e-01   9.365785e-01   8.321468e-01   4.013890e-01
   1.582902e-03   6.038633e-01   1.212090e-01   9.500104e-01   4.721337e-03   1.482167e-01   0.000000e+00   1.756737e-12   4.776369e-01   2.833438e-01   9.398796e-01   9.979994e-01   9.288703e-01   9.528145e-01   8.339189e-01   9.392402e-01   8.956494e-01   9.481095e-01   9.735246e-01   9.566110e-01
   9.382056e-01   9.695727e-01   1.591289e-03   3.099638e-02   3.934567e-02   9.910443e-02   0.000000e+00   1.999296e-13   6.243648e-01   1.226862e-01   9.723809e-01   9.953272e-01   6.917341e-01   9.966027e-01   7.656315e-01   9.367045e-01   8.913268e-01   9.728651e-01   9.145275e-01   3.868777e-01
   1.814117e-01   9.748225e-01   0.000000e+00   1.781042e-02   1.516460e-04   2.721564e-02   2.986063e-13   0.000000e+00   4.325228e-01   1.401028e-01   9.396677e-01   7.862705e-01   9.744205e-01   9.502428e-01   8.935597e-01   9.574480e-01   9.014274e-01   9.623938e-01   9.850658e-01   9.722395e-01
   1.273797e-01   1.066425e-01   1.000000e+00   6.702878e-02   7.180675e-02   1.993350e-02   8.730125e-14   7.556461e-13   4.596002e-01   4.633976e-01   9.714659e-01   1.000000e+00   8.409037e-01   9.980563e-01   8.578809e-01   9.578189e-01   9.020816e-01   8.706952e-01   8.324245e-01   9.894924e-01
   8.112740e-01   2.492130e-01   1.000000e+00   1.000000e+00   3.772901e-02   9.877347e-02   2.308400e-04   1.796421e-11   5.456744e-01   1.411360e-01   9.756113e-01   9.989004e-01   1.000000e+00   9.984245e-01   8.586276e-01   9.186452e-01   8.751081e-01   9.926372e-01   9.300026e-01   8.864118e-01
   9.712345e-01   9.075322e-01   2.712948e-02   9.639099e-01   0.000000e+00   3.965041e-02   1.867371e-04   5.527615e-14   6.249006e-01   3.207493e-02   9.434034e-01   9.941067e-01   9.271721e-01   9.966395e-01   8.454467e-01   9.376849e-01   9.507722e-01   9.365750e-01   9.343571e-01   3.316347e-01
