   6.013341e-01   6.013341e-01   6.013341e-01   6.013341e-01   6.013341e-01   6.013346e-01   6.041541e-01   7.668447e-01   2.489707e+00   1.415023e+01
   6.009905e-01   6.009905e-01   6.009905e-01   6.009905e-01   6.009905e-01   6.009907e-01   6.018255e-01   6.222604e-01   2.937346e+00   1.625039e+01
   6.009658e-01   6.009658e-01   6.009658e-01   6.009658e-01   6.009658e-01   6.009658e-01   6.010494e-01   7.370779e-01   3.016027e+00   1.258692e+01
   6.008026e-01   6.008026e-01   6.008026e-01   6.008026e-01   6.008026e-01   6.008026e-01   6.037006e-01   8.091689e-01   3.069811e+00   1.363219e+01
   6.009977e-01   6.009977e-01   6.009977e-01   6.009977e-01   6.009977e-01   6.009977e-01   6.010434e-01   6.022527e-01   1.536025e+00   1.651467e+01
   6.010908e-01   6.010908e-01   6.010908e-01   6.010908e-01   6.010908e-01   6.010908e-01   6.011318e-01   7.383403e-01   2.807407e+00   1.328109e+01
   6.028081e-01   6.028081e-01   6.028081e-01   6.028081e-01   6.028081e-01   6.028081e-01   6.051706e-01   7.418653e-01   2.584313e+00   1.415772e+01
   6.010570e-01   6.010570e-01   6.010570e-01   6.010570e-01   6.010570e-01   6.010570e-01   6.012046e-01   6.819072e-01   2.764678e+00   1.506585e+01
   6.008648e-01   6.008648e-01   6.008648e-01   6.008648e-01   6.008648e-01   6.008648e-01   6.009866e-01   7.642268e-01   3.317407e+00   1.364911e+01
   6.056858e-01   6.056858e-01   6.056858e-01   6.056858e-01   6.056858e-01   6.056858e-01   6.083408e-01   7.909644e-01   2.630023e+00   1.297582e+01
   6.008573e-01   6.008573e-01   6.008573e-01   6.008573e-01   6.008573e-01   6.008573e-01   6.010502e-01   8.530113e-01   3.028957e+00   1.361980e+01
   6.008187e-01   6.008187e-01   6.008187e-01   6.008187e-01   6.008187e-01   6.008187e-01   6.018411e-01   6.743265e-01   3.650692e+00   1.363221e+01
   6.029097e-01   6.029097e-01   6.029097e-01   6.029097e-01   6.029097e-01   6.029097e-01   6.030949e-01   6.995053e-01   3.034283e+00   1.290771e+01
   6.011643e-01   6.011643e-01   6.011643e-01   6.011643e-01   6.011643e-01   6.011643e-01   6.035802e-01   7.703150e-01   2.595347e+00   1.340148e+01
   6.082595e-01   6.082595e-01   6.082595e-01   6.082595e-01   6.082595e-01   6.082599e-01   6.103507e-01   6.613351e-01   3.233560e+00   1.275405e+01
   6.009874e-01   6.009874e-01   6.009874e-01   6.009874e-01   6.009874e-01   6.009874e-01   6.010225e-01   6.338628e-01   3.526625e+00   1.259672e+01
   6.011953e-01   6.011953e-01   6.011953e-01   6.011953e-01   6.011953e-01   6.011953e-01   6.012167e-01   7.148685e-01   2.494533e+00   1.649380e+01
   6.056700e-01   6.056700e-01   6.056700e-01   6.056700e-01   6.056700e-01   6.056700e-01   6.078455e-01   6.618829e-01   3.225714e+00   1.271580e+01
   6.051335e-01   6.051335e-01   6.051335e-01   6.051335e-01   6.051335e-01   6.051335e-01   6.093913e-01   7.113089e-01   3.075426e+00   1.255504e+01
   6.046683e-01   6.046683e-01   6.046683e-01   6.046683e-01   6.046683e-01   6.046683e-01   6.084272e-01   6.983636e-01   2.639689e+00   1.485466e+01
   6.093762e-01   6.093762e-01   6.093762e-01   6.093762e-01   6.093762e-01   6.093772e-01   6.146863e-01   7.442299e-01   2.620544e+00   1.367678e+01
   6.008591e-01   6.008591e-01   6.008591e-01   6.008591e-01   6.008591e-01   6.008591e-01   6.009099e-01   6.022068e-01   4.025537e+00   1.255464e+01
   6.009170e-01   6.009170e-01   6.009170e-01   6.009170e-01   6.009170e-01   6.009170e-01   6.011064e-01   6.976886e-01   2.818476e+00   1.408031e+01
   6.010342e-01   6.010342e-01   6.010342e-01   6.010342e-01   6.010342e-01   6.010342e-01   6.073491e-01   7.595999e-01   2.600381e+00   1.319919e+01
   6.039131e-01   6.039131e-01   6.039131e-01   6.039131e-01   6.039131e-01   6.039131e-01   6.088979e-01   7.349575e-01   2.831032e+00   1.273621e+01
   6.011030e-01   6.011030e-01   6.011030e-01   6.011030e-01   6.011030e-01   6.011031e-01   6.013183e-01   7.760803e-01   2.285031e+00   1.648760e+01
   6.033824e-01   6.033824e-01   6.033824e-01   6.033824e-01   6.033824e-01   6.033824e-01   6.059696e-01   7.746863e-01   2.483712e+00   1.412309e+01
   6.009274e-01   6.009274e-01   6.009274e-01   6.009274e-01   6.009274e-01   6.009274e-01   6.009844e-01   7.455255e-01   2.410830e+00   1.625449e+01
   6.009245e-01   6.009245e-01   6.009245e-01   6.009245e-01   6.009245e-01   6.009245e-01   6.042474e-01   7.101877e-01   2.772612e+00   1.345652e+01
   6.047465e-01   6.047465e-01   6.047465e-01   6.047465e-01   6.047465e-01   6.047466e-01   6.088562e-01   7.110448e-01   2.782053e+00   1.341113e+01
   6.025075e-01   6.025075e-01   6.025075e-01   6.025075e-01   6.025075e-01   6.025080e-01   6.051087e-01   7.876172e-01   2.625001e+00   1.298300e+01
   6.025283e-01   6.025283e-01   6.025283e-01   6.025283e-01   6.025283e-01   6.025305e-01   6.087211e-01   7.610378e-01   2.641869e+00   1.300321e+01
   6.010912e-01   6.010912e-01   6.010912e-01   6.010912e-01   6.010912e-01   6.010912e-01   6.067196e-01   7.410850e-01   2.324323e+00   1.597331e+01
   6.052917e-01   6.052917e-01   6.052917e-01   6.052917e-01   6.052917e-01   6.052917e-01   6.054643e-01   7.535425e-01   2.987004e+00   1.257250e+01
   6.026108e-01   6.026108e-01   6.026108e-01   6.026108e-01   6.026108e-01   6.026108e-01   6.027108e-01   6.685907e-01   3.235964e+00   1.274840e+01
   6.024603e-01   6.024603e-01   6.024603e-01   6.024603e-01   6.024603e-01   6.024603e-01   6.046579e-01   7.561958e-01   2.414626e+00   1.524104e+01
   6.014481e-01   6.014481e-01   6.014481e-01   6.014481e-01   6.014481e-01   6.014485e-01   6.053109e-01   7.104994e-01   2.986632e+00   1.261178e+01
   6.023209e-01   6.023209e-01   6.023209e-01   6.023209e-01   6.023209e-01   6.023209e-01   6.071507e-01   7.457202e-01   2.324103e+00   1.599334e+01
   6.009216e-01   6.009216e-01   6.009216e-01   6.009216e-01   6.009216e-01   6.009218e-01   6.054629e-01   7.485443e-01   2.837413e+00   1.260278e+01
   6.040607e-01   6.040607e-01   6.040607e-01   6.040607e-01   6.040607e-01   6.040607e-01   6.040747e-01   6.044233e-01   1.508732e+00   1.651847e+01
   6.008956e-01   6.008956e-01   6.008956e-01   6.008956e-01   6.008956e-01   6.008956e-01   6.012360e-01   7.528459e-01   2.512168e+00   1.488911e+01
   6.008507e-01   6.008507e-01   6.008507e-01   6.008507e-01   6.008507e-01   6.008507e-01   6.042076e-01   7.002831e-01   2.500897e+00   1.594076e+01
   6.009811e-01   6.009811e-01   6.009811e-01   6.009811e-01   6.009811e-01   6.009811e-01   6.011016e-01   7.972549e-01   2.814622e+00   1.258694e+01
   6.079941e-01   6.079941e-01   6.079941e-01   6.079941e-01   6.079941e-01   6.079941e-01   6.125262e-01   7.209773e-01   2.413065e+00   1.620604e+01
   6.060629e-01   6.060629e-01   6.060629e-01   6.060629e-01   6.060629e-01   6.060629e-01   6.109459e-01   7.315553e-01   2.927972e+00   1.259262e+01
   6.008062e-01   6.008062e-01   6.008062e-01   6.008062e-01   6.008062e-01   6.008062e-01   6.021762e-01   6.349005e-01   3.835225e+00   1.334763e+01
   6.039277e-01   6.039277e-01   6.039277e-01   6.039277e-01   6.039277e-01   6.039278e-01   6.072789e-01   6.878189e-01   2.995196e+00   1.290873e+01
   6.097388e-01   6.097388e-01   6.097388e-01   6.097388e-01   6.097388e-01   6.097388e-01   6.145272e-01   7.291128e-01   2.388971e+00   1.620778e+01
   6.026122e-01   6.026122e-01   6.026122e-01   6.026122e-01   6.026122e-01   6.026122e-01   6.026336e-01   7.162972e-01   2.496557e+00   1.648896e+01
   6.025798e-01   6.025798e-01   6.025798e-01   6.025798e-01   6.025798e-01   6.025798e-01   6.027320e-01   6.851208e-01   2.666460e+00   1.588634e+01
   6.009932e-01   6.009932e-01   6.009932e-01   6.009932e-01   6.009932e-01   6.009932e-01   6.024738e-01   7.102799e-01   2.849603e+00   1.325574e+01
   6.033760e-01   6.033760e-01   6.033760e-01   6.033760e-01   6.033760e-01   6.033760e-01   6.062376e-01   6.749525e-01   2.633191e+00   1.588714e+01
   6.050238e-01   6.050238e-01   6.050238e-01   6.050238e-01   6.050238e-01   6.050250e-01   6.071804e-01   6.606843e-01   3.199827e+00   1.278754e+01
   6.066014e-01   6.066014e-01   6.066014e-01   6.066014e-01   6.066014e-01   6.066014e-01   6.105696e-01   7.569371e-01   2.357770e+00   1.562108e+01
   6.008262e-01   6.008262e-01   6.008262e-01   6.008262e-01   6.008262e-01   6.008262e-01   6.008525e-01   6.027166e-01   4.384527e+00   1.363221e+01
   6.094070e-01   6.094070e-01   6.094070e-01   6.094070e-01   6.094070e-01   6.094073e-01   6.132532e-01   7.075538e-01   2.912883e+00   1.297779e+01
   6.013951e-01   6.013951e-01   6.013951e-01   6.013951e-01   6.013951e-01   6.013952e-01   6.044908e-01   6.838870e-01   3.216329e+00   1.255518e+01
   6.023478e-01   6.023478e-01   6.023478e-01   6.023478e-01   6.023478e-01   6.023478e-01   6.024690e-01   7.868132e-01   2.352861e+00   1.562737e+01
   6.034823e-01   6.034823e-01   6.034823e-01   6.034823e-01   6.034823e-01   6.034823e-01   6.054329e-01   6.520198e-01   2.882728e+00   1.489383e+01
   6.022727e-01   6.022727e-01   6.022727e-01   6.022727e-01   6.022727e-01   6.022748e-01   6.070021e-01   7.819053e-01   2.701678e+00   1.265700e+01
   6.009291e-01   6.009291e-01   6.009291e-01   6.009291e-01   6.009291e-01   6.009291e-01   6.010171e-01   7.604881e-01   2.609112e+00   1.404285e+01
   6.008521e-01   6.008521e-01   6.008521e-01   6.008521e-01   6.008521e-01   6.008521e-01   6.030433e-01   6.590350e-01   3.362632e+00   1.255463e+01
   6.013727e-01   6.013727e-01   6.013727e-01   6.013727e-01   6.013727e-01   6.013727e-01   6.013869e-01   8.045714e-01   2.553942e+00   1.360570e+01
   6.031817e-01   6.031817e-01   6.031817e-01   6.031817e-01   6.031817e-01   6.031821e-01   6.047331e-01   7.123781e-01   2.531164e+00   1.567806e+01
   6.018423e-01   6.018423e-01   6.018423e-01   6.018423e-01   6.018423e-01   6.018423e-01   6.018446e-01   6.037957e-01   3.258324e+00   1.614932e+01
   6.043017e-01   6.043017e-01   6.043017e-01   6.043017e-01   6.043017e-01   6.043017e-01   6.045288e-01   7.910007e-01   2.400448e+00   1.506212e+01
   6.027494e-01   6.027494e-01   6.027494e-01   6.027494e-01   6.027494e-01   6.027494e-01   6.029126e-01   7.366605e-01   2.555559e+00   1.513800e+01
   6.010282e-01   6.010282e-01   6.010282e-01   6.010282e-01   6.010282e-01   6.010282e-01   6.010333e-01   6.513578e-01   3.011696e+00   1.445522e+01
   6.068585e-01   6.068585e-01   6.068585e-01   6.068585e-01   6.068585e-01   6.068585e-01   6.071826e-01   7.873295e-01   2.362562e+00   1.556344e+01
   6.043316e-01   6.043316e-01   6.043316e-01   6.043316e-01   6.043316e-01   6.043322e-01   6.079268e-01   6.985134e-01   2.490478e+00   1.622167e+01
   6.062533e-01   6.062533e-01   6.062533e-01   6.062533e-01   6.062533e-01   6.062533e-01   6.063905e-01   8.136937e-01   2.574408e+00   1.334541e+01
   6.052787e-01   6.052787e-01   6.052787e-01   6.052787e-01   6.052787e-01   6.052787e-01   6.053735e-01   6.077715e-01   8.379346e-01   2.052541e+01
   6.012124e-01   6.012124e-01   6.012124e-01   6.012124e-01   6.012124e-01   6.012128e-01   6.030964e-01   7.140959e-01   2.686935e+00   1.413901e+01
   6.009570e-01   6.009570e-01   6.009570e-01   6.009570e-01   6.009570e-01   6.009570e-01   6.071470e-01   7.555305e-01   2.505739e+00   1.388505e+01
   6.011271e-01   6.011271e-01   6.011271e-01   6.011271e-01   6.011271e-01   6.011271e-01   6.012673e-01   8.251954e-01   2.724289e+00   1.259917e+01
   6.068412e-01   6.068412e-01   6.068412e-01   6.068412e-01   6.068412e-01   6.068412e-01   6.090055e-01   6.627960e-01   3.234382e+00   1.270326e+01
   6.058488e-01   6.058488e-01   6.058488e-01   6.058488e-01   6.058488e-01   6.058492e-01   6.111650e-01   7.432916e-01   2.291510e+00   1.646951e+01
   6.010983e-01   6.010983e-01   6.010983e-01   6.010983e-01   6.010983e-01   6.010983e-01   6.011057e-01   6.055727e-01   3.620993e+00   1.326378e+01
   6.010871e-01   6.010871e-01   6.010871e-01   6.010871e-01   6.010871e-01   6.010871e-01   6.011433e-01   6.832805e-01   3.339714e+00   1.256221e+01
   6.047839e-01   6.047839e-01   6.047839e-01   6.047839e-01   6.047839e-01   6.047839e-01   6.048438e-01   7.277832e-01   2.679313e+00   1.450265e+01
   6.081468e-01   6.081468e-01   6.081468e-01   6.081468e-01   6.081468e-01   6.081468e-01   6.103703e-01   7.421637e-01   2.522312e+00   1.488494e+01
   6.051306e-01   6.051306e-01   6.051306e-01   6.051306e-01   6.051306e-01   6.051306e-01   6.100668e-01   7.574620e-01   2.425203e+00   1.478084e+01
   6.082750e-01   6.082750e-01   6.082750e-01   6.082750e-01   6.082750e-01   6.082750e-01   6.084999e-01   8.166467e-01   2.606213e+00   1.313821e+01
   6.092868e-01   6.092868e-01   6.092868e-01   6.092868e-01   6.092868e-01   6.092868e-01   6.122598e-01   6.834153e-01   2.941138e+00   1.344133e+01
   6.008587e-01   6.008587e-01   6.008587e-01   6.008587e-01   6.008587e-01   6.008587e-01   6.010124e-01   8.623841e-01   3.106213e+00   1.431298e+01
   6.054329e-01   6.054329e-01   6.054329e-01   6.054329e-01   6.054329e-01   6.054329e-01   6.055487e-01   7.906283e-01   2.360314e+00   1.557239e+01
   6.088228e-01   6.088228e-01   6.088228e-01   6.088228e-01   6.088228e-01   6.088228e-01   6.131245e-01   7.160679e-01   2.686229e+00   1.402586e+01
   6.012443e-01   6.012443e-01   6.012443e-01   6.012443e-01   6.012443e-01   6.012450e-01   6.053187e-01   7.306129e-01   2.582749e+00   1.415616e+01
   6.120867e-01   6.120867e-01   6.120867e-01   6.120867e-01   6.120867e-01   6.120867e-01   6.164474e-01   7.208032e-01   2.677298e+00   1.407066e+01
   6.052819e-01   6.052819e-01   6.052819e-01   6.052819e-01   6.052819e-01   6.052819e-01   6.059148e-01   6.507910e-01   2.853817e+00   1.563927e+01
   6.136857e-01   6.136857e-01   6.136857e-01   6.136857e-01   6.136857e-01   6.136857e-01   6.186180e-01   7.400474e-01   2.964521e+00   1.257068e+01
   6.010051e-01   6.010051e-01   6.010051e-01   6.010051e-01   6.010051e-01   6.010051e-01   6.010887e-01   7.921599e-01   2.401109e+00   1.501143e+01
   6.047284e-01   6.047284e-01   6.047284e-01   6.047284e-01   6.047284e-01   6.047284e-01   6.048667e-01   8.130487e-01   2.580885e+00   1.328473e+01
   6.057210e-01   6.057210e-01   6.057210e-01   6.057210e-01   6.057210e-01   6.057210e-01   6.067053e-01   6.309242e-01   9.800086e-01   1.837565e+01
   6.051152e-01   6.051152e-01   6.051152e-01   6.051152e-01   6.051152e-01   6.051152e-01   6.053086e-01   7.865446e-01   2.850637e+00   1.260084e+01
   6.082277e-01   6.082277e-01   6.082277e-01   6.082277e-01   6.082277e-01   6.082277e-01   6.082487e-01   6.421965e-01   9.321970e-01   1.887580e+01
   6.078013e-01   6.078013e-01   6.078013e-01   6.078013e-01   6.078013e-01   6.078013e-01   6.098861e-01   6.602482e-01   2.971046e+00   1.406742e+01
   6.008985e-01   6.008985e-01   6.008985e-01   6.008985e-01   6.008985e-01   6.008985e-01   6.010815e-01   6.055764e-01   3.337867e+00   1.483093e+01
   6.025650e-01   6.025650e-01   6.025650e-01   6.025650e-01   6.025650e-01   6.025650e-01   6.025848e-01   6.097558e-01   1.083716e+00   1.836861e+01
   6.063280e-01   6.063280e-01   6.063280e-01   6.063280e-01   6.063280e-01   6.063287e-01   6.124198e-01   7.622738e-01   2.538224e+00   1.367164e+01
   6.008574e-01   6.008574e-01   6.008574e-01   6.008574e-01   6.008574e-01   6.008574e-01   6.029598e-01   7.421820e-01   3.316053e+00   1.363209e+01
   6.063980e-01   6.063980e-01   6.063980e-01   6.063980e-01   6.063980e-01   6.063987e-01   6.127337e-01   7.734017e-01   2.649425e+00   1.287844e+01
   6.030289e-01   6.030289e-01   6.030289e-01   6.030289e-01   6.030289e-01   6.030289e-01   6.031354e-01   7.017789e-01   2.781778e+00   1.436183e+01
   6.064542e-01   6.064542e-01   6.064542e-01   6.064542e-01   6.064542e-01   6.064550e-01   6.099967e-01   6.999156e-01   2.906049e+00   1.309753e+01
   6.086187e-01   6.086187e-01   6.086187e-01   6.086187e-01   6.086187e-01   6.086192e-01   6.126192e-01   7.604282e-01   2.379012e+00   1.538124e+01
   6.073489e-01   6.073489e-01   6.073489e-01   6.073489e-01   6.073489e-01   6.073489e-01   6.086437e-01   6.397661e-01   1.006383e+00   1.784185e+01
   6.071746e-01   6.071746e-01   6.071746e-01   6.071746e-01   6.071746e-01   6.071746e-01   6.075111e-01   6.155478e-01   9.848516e-01   1.918461e+01
   6.095177e-01   6.095177e-01   6.095177e-01   6.095177e-01   6.095177e-01   6.095183e-01   6.152591e-01   7.604941e-01   2.466859e+00   1.439349e+01
   6.052063e-01   6.052063e-01   6.052063e-01   6.052063e-01   6.052063e-01   6.052063e-01   6.053176e-01   7.726809e-01   2.703756e+00   1.328521e+01
   6.038791e-01   6.038791e-01   6.038791e-01   6.038791e-01   6.038791e-01   6.038791e-01   6.100945e-01   7.635706e-01   2.568204e+00   1.338474e+01
   6.064677e-01   6.064677e-01   6.064677e-01   6.064677e-01   6.064677e-01   6.064684e-01   6.109394e-01   7.628108e-01   2.448659e+00   1.453163e+01
   6.037162e-01   6.037162e-01   6.037162e-01   6.037162e-01   6.037162e-01   6.037163e-01   6.083245e-01   7.512303e-01   2.358597e+00   1.557068e+01
   6.018048e-01   6.018048e-01   6.018048e-01   6.018048e-01   6.018048e-01   6.018048e-01   6.018180e-01   6.021696e-01   1.188073e+00   1.811179e+01
   6.022020e-01   6.022020e-01   6.022020e-01   6.022020e-01   6.022020e-01   6.022020e-01   6.022372e-01   6.349157e-01   9.240872e-01   1.891905e+01
   6.043993e-01   6.043993e-01   6.043993e-01   6.043993e-01   6.043993e-01   6.043997e-01   6.069927e-01   6.723658e-01   3.109785e+00   1.283023e+01
   6.012275e-01   6.012275e-01   6.012275e-01   6.012275e-01   6.012275e-01   6.012275e-01   6.013004e-01   6.571250e-01   2.872964e+00   1.522335e+01
   6.014604e-01   6.014604e-01   6.014604e-01   6.014604e-01   6.014604e-01   6.014604e-01   6.014699e-01   7.099907e-01   3.217243e+00   1.255524e+01
   6.008716e-01   6.008716e-01   6.008716e-01   6.008716e-01   6.008716e-01   6.008716e-01   6.008764e-01   6.326445e-01   8.962034e-01   1.926344e+01
   6.012068e-01   6.012068e-01   6.012068e-01   6.012068e-01   6.012068e-01   6.012068e-01   6.048480e-01   6.920354e-01   2.720357e+00   1.427779e+01
   6.086287e-01   6.086287e-01   6.086287e-01   6.086287e-01   6.086287e-01   6.086287e-01   6.095927e-01   6.332713e-01   1.081755e+00   1.746287e+01
   6.052203e-01   6.052203e-01   6.052203e-01   6.052203e-01   6.052203e-01   6.052203e-01   6.065295e-01   7.008008e-01   2.931096e+00   1.317503e+01
   6.010027e-01   6.010027e-01   6.010027e-01   6.010027e-01   6.010027e-01   6.010029e-01   6.017188e-01   6.228115e-01   2.937219e+00   1.625173e+01
   6.018214e-01   6.018214e-01   6.018214e-01   6.018214e-01   6.018214e-01   6.018214e-01   6.019605e-01   7.076337e-01   2.657036e+00   1.513198e+01
   6.014150e-01   6.014150e-01   6.014150e-01   6.014150e-01   6.014150e-01   6.014152e-01   6.069291e-01   7.540243e-01   2.487621e+00   1.414030e+01
   6.059819e-01   6.059819e-01   6.059819e-01   6.059819e-01   6.059819e-01   6.059821e-01   6.081224e-01   7.609753e-01   2.295705e+00   1.641618e+01
   6.028370e-01   6.028370e-01   6.028370e-01   6.028370e-01   6.028370e-01   6.028370e-01   6.028479e-01   6.697275e-01   2.956440e+00   1.421529e+01
   6.051486e-01   6.051486e-01   6.051486e-01   6.051486e-01   6.051486e-01   6.051500e-01   6.105257e-01   7.421267e-01   2.602800e+00   1.370643e+01
   6.065327e-01   6.065327e-01   6.065327e-01   6.065327e-01   6.065327e-01   6.065327e-01   6.099298e-01   6.949828e-01   2.762002e+00   1.411930e+01
   6.096417e-01   6.096417e-01   6.096417e-01   6.096417e-01   6.096417e-01   6.096418e-01   6.119913e-01   6.709528e-01   2.711220e+00   1.577460e+01
   6.051836e-01   6.051836e-01   6.051836e-01   6.051836e-01   6.051836e-01   6.051839e-01   6.063268e-01   6.353956e-01   3.423311e+00   1.271797e+01
   6.010446e-01   6.010446e-01   6.010446e-01   6.010446e-01   6.010446e-01   6.010447e-01   6.036771e-01   6.729310e-01   3.003264e+00   1.315973e+01
   6.040913e-01   6.040913e-01   6.040913e-01   6.040913e-01   6.040913e-01   6.040913e-01   6.070113e-01   6.767175e-01   2.601795e+00   1.613603e+01
   6.052786e-01   6.052786e-01   6.052786e-01   6.052786e-01   6.052786e-01   6.052786e-01   6.054128e-01   6.675968e-01   2.731622e+00   1.617370e+01
   6.093857e-01   6.093857e-01   6.093857e-01   6.093857e-01   6.093857e-01   6.093857e-01   6.096827e-01   6.176835e-01   1.313897e+00   1.669631e+01
   6.024356e-01   6.024356e-01   6.024356e-01   6.024356e-01   6.024356e-01   6.024356e-01   6.076022e-01   7.308743e-01   2.674698e+00   1.344757e+01
   6.013509e-01   6.013509e-01   6.013509e-01   6.013509e-01   6.013509e-01   6.013509e-01   6.014026e-01   6.539869e-01   2.749671e+00   1.649396e+01
   6.113577e-01   6.113577e-01   6.113577e-01   6.113577e-01   6.113577e-01   6.113583e-01   6.171079e-01   7.625640e-01   2.471526e+00   1.436496e+01
   6.017688e-01   6.017688e-01   6.017688e-01   6.017688e-01   6.017688e-01   6.017690e-01   6.039146e-01   6.662812e-01   3.320634e+00   1.255304e+01
   6.053191e-01   6.053191e-01   6.053191e-01   6.053191e-01   6.053191e-01   6.053191e-01   6.062526e-01   6.315500e-01   1.287692e+00   1.651054e+01
   6.019846e-01   6.019846e-01   6.019846e-01   6.019846e-01   6.019846e-01   6.019849e-01   6.049542e-01   7.277739e-01   2.359198e+00   1.648935e+01
   6.012137e-01   6.012137e-01   6.012137e-01   6.012137e-01   6.012137e-01   6.012137e-01   6.019775e-01   6.561304e-01   2.879737e+00   1.489297e+01
   6.052399e-01   6.052399e-01   6.052399e-01   6.052399e-01   6.052399e-01   6.052402e-01   6.070279e-01   6.555241e-01   2.731583e+00   1.617366e+01
   6.029545e-01   6.029545e-01   6.029545e-01   6.029545e-01   6.029545e-01   6.029545e-01   6.029572e-01   7.980253e-01   2.392799e+00   1.513682e+01
   6.037401e-01   6.037401e-01   6.037401e-01   6.037401e-01   6.037401e-01   6.037401e-01   6.076453e-01   7.055311e-01   2.491027e+00   1.589259e+01
   6.014360e-01   6.014360e-01   6.014360e-01   6.014360e-01   6.014360e-01   6.014361e-01   6.016047e-01   6.058167e-01   3.457366e+00   1.404995e+01
   6.046467e-01   6.046467e-01   6.046467e-01   6.046467e-01   6.046467e-01   6.046472e-01   6.071215e-01   6.695167e-01   2.996145e+00   1.341052e+01
   6.008115e-01   6.008115e-01   6.008115e-01   6.008115e-01   6.008115e-01   6.008116e-01   6.084961e-01   7.924215e-01   2.994710e+00   1.334763e+01
   6.009014e-01   6.009014e-01   6.009014e-01   6.009014e-01   6.009014e-01   6.009014e-01   6.009076e-01   8.043781e-01   3.128624e+00   1.323661e+01
   6.030845e-01   6.030845e-01   6.030845e-01   6.030845e-01   6.030845e-01   6.030845e-01   6.040478e-01   6.270769e-01   8.984162e-01   1.926566e+01
   6.021911e-01   6.021911e-01   6.021911e-01   6.021911e-01   6.021911e-01   6.021912e-01   6.077098e-01   7.495286e-01   2.412892e+00   1.492531e+01
   6.008271e-01   6.008271e-01   6.008271e-01   6.008271e-01   6.008271e-01   6.008271e-01   6.031566e-01   7.679397e-01   3.217134e+00   1.363222e+01
   6.020591e-01   6.020591e-01   6.020591e-01   6.020591e-01   6.020591e-01   6.020591e-01   6.020671e-01   6.140951e-01   7.875308e-01   2.053916e+01
   6.052171e-01   6.052171e-01   6.052171e-01   6.052171e-01   6.052171e-01   6.052171e-01   6.052762e-01   7.331025e-01   2.819257e+00   1.341135e+01
   6.040634e-01   6.040634e-01   6.040634e-01   6.040634e-01   6.040634e-01   6.040634e-01   6.092725e-01   7.336807e-01   2.667921e+00   1.347064e+01
   6.029512e-01   6.029512e-01   6.029512e-01   6.029512e-01   6.029512e-01   6.029512e-01   6.029929e-01   7.415789e-01   2.658660e+00   1.424221e+01
   6.029403e-01   6.029403e-01   6.029403e-01   6.029403e-01   6.029403e-01   6.029403e-01   6.029472e-01   6.060000e-01   3.402217e+00   1.478929e+01
   6.030381e-01   6.030381e-01   6.030381e-01   6.030381e-01   6.030381e-01   6.030381e-01   6.069333e-01   7.000912e-01   2.531020e+00   1.567792e+01
   6.077472e-01   6.077472e-01   6.077472e-01   6.077472e-01   6.077472e-01   6.077472e-01   6.083925e-01   6.554217e-01   2.762247e+00   1.636983e+01
   6.064648e-01   6.064648e-01   6.064648e-01   6.064648e-01   6.064648e-01   6.064648e-01   6.086311e-01   6.624851e-01   3.237083e+00   1.269486e+01
   6.076626e-01   6.076626e-01   6.076626e-01   6.076626e-01   6.076626e-01   6.076626e-01   6.119452e-01   7.179663e-01   3.060616e+00   1.255757e+01
   6.076562e-01   6.076562e-01   6.076562e-01   6.076562e-01   6.076562e-01   6.076574e-01   6.140379e-01   7.696771e-01   2.601959e+00   1.316150e+01
   6.050743e-01   6.050743e-01   6.050743e-01   6.050743e-01   6.050743e-01   6.050743e-01   6.058821e-01   6.494430e-01   2.956066e+00   1.478078e+01
   6.039672e-01   6.039672e-01   6.039672e-01   6.039672e-01   6.039672e-01   6.039672e-01   6.048348e-01   6.609229e-01   3.165560e+00   1.301492e+01
   6.038137e-01   6.038137e-01   6.038137e-01   6.038137e-01   6.038137e-01   6.038137e-01   6.089363e-01   7.505692e-01   2.524301e+00   1.406686e+01
   6.038158e-01   6.038158e-01   6.038158e-01   6.038158e-01   6.038158e-01   6.038158e-01   6.048125e-01   6.289812e-01   2.913089e+00   1.617336e+01
   6.009588e-01   6.009588e-01   6.009588e-01   6.009588e-01   6.009588e-01   6.009589e-01   6.053990e-01   7.237462e-01   2.512231e+00   1.488917e+01
   6.038653e-01   6.038653e-01   6.038653e-01   6.038653e-01   6.038653e-01   6.038653e-01   6.056308e-01   6.484776e-01   2.763084e+00   1.617341e+01
   6.064279e-01   6.064279e-01   6.064279e-01   6.064279e-01   6.064279e-01   6.064279e-01   6.073302e-01   6.289652e-01   3.262944e+00   1.370771e+01
   6.029485e-01   6.029485e-01   6.029485e-01   6.029485e-01   6.029485e-01   6.029485e-01   6.031599e-01   7.403410e-01   2.922766e+00   1.274874e+01
   6.041731e-01   6.041731e-01   6.041731e-01   6.041731e-01   6.041731e-01   6.041735e-01   6.067844e-01   7.573299e-01   2.351597e+00   1.579459e+01
   6.013009e-01   6.013009e-01   6.013009e-01   6.013009e-01   6.013009e-01   6.013009e-01   6.018106e-01   7.615940e-01   2.693277e+00   1.331058e+01
   6.010064e-01   6.010064e-01   6.010064e-01   6.010064e-01   6.010064e-01   6.010073e-01   6.068883e-01   7.501249e-01   2.452712e+00   1.446221e+01
   6.033305e-01   6.033305e-01   6.033305e-01   6.033305e-01   6.033305e-01   6.033305e-01   6.069870e-01   7.123813e-01   2.967270e+00   1.266076e+01
   6.011645e-01   6.011645e-01   6.011645e-01   6.011645e-01   6.011645e-01   6.011646e-01   6.037220e-01   6.651043e-01   2.765059e+00   1.506323e+01
   6.008741e-01   6.008741e-01   6.008741e-01   6.008741e-01   6.008741e-01   6.008741e-01   6.008979e-01   6.014682e-01   9.717340e-01   1.990392e+01
   6.035873e-01   6.035873e-01   6.035873e-01   6.035873e-01   6.035873e-01   6.035873e-01   6.048923e-01   6.988339e-01   2.993348e+00   1.290750e+01
   6.083561e-01   6.083561e-01   6.083561e-01   6.083561e-01   6.083561e-01   6.083561e-01   6.086910e-01   6.285417e-01   8.966667e-01   1.957347e+01
   6.048843e-01   6.048843e-01   6.048843e-01   6.048843e-01   6.048843e-01   6.048849e-01   6.059156e-01   6.618410e-01   2.960253e+00   1.414268e+01
   6.048607e-01   6.048607e-01   6.048607e-01   6.048607e-01   6.048607e-01   6.048607e-01   6.051354e-01   6.237816e-01   8.923388e-01   1.963235e+01
   6.039073e-01   6.039073e-01   6.039073e-01   6.039073e-01   6.039073e-01   6.039073e-01   6.039136e-01   6.041213e-01   1.224867e+00   1.788111e+01
   6.070490e-01   6.070490e-01   6.070490e-01   6.070490e-01   6.070490e-01   6.070490e-01   6.074269e-01   6.164708e-01   1.066871e+00   1.831258e+01
   6.111707e-01   6.111707e-01   6.111707e-01   6.111707e-01   6.111707e-01   6.111716e-01   6.164069e-01   7.931585e-01   2.757256e+00   1.257537e+01
   6.023852e-01   6.023852e-01   6.023852e-01   6.023852e-01   6.023852e-01   6.023858e-01   6.053048e-01   6.772905e-01   2.697069e+00   1.514806e+01
   6.008328e-01   6.008328e-01   6.008328e-01   6.008328e-01   6.008328e-01   6.008328e-01   6.028629e-01   7.469395e-01   2.331958e+00   1.629180e+01
   6.070461e-01   6.070461e-01   6.070461e-01   6.070461e-01   6.070461e-01   6.070461e-01   6.070884e-01   6.081311e-01   3.857912e+00   1.275394e+01
   6.063947e-01   6.063947e-01   6.063947e-01   6.063947e-01   6.063947e-01   6.063948e-01   6.065086e-01   6.093977e-01   3.683892e+00   1.308671e+01
   6.066948e-01   6.066948e-01   6.066948e-01   6.066948e-01   6.066948e-01   6.066948e-01   6.084412e-01   6.502392e-01   2.846886e+00   1.551374e+01
   6.045338e-01   6.045338e-01   6.045338e-01   6.045338e-01   6.045338e-01   6.045338e-01   6.056963e-01   6.345913e-01   3.408254e+00   1.275675e+01
   6.026569e-01   6.026569e-01   6.026569e-01   6.026569e-01   6.026569e-01   6.026569e-01   6.026768e-01   8.219188e-01   2.691763e+00   1.273502e+01
   6.049844e-01   6.049844e-01   6.049844e-01   6.049844e-01   6.049844e-01   6.049844e-01   6.050351e-01   6.349476e-01   2.994880e+00   1.559402e+01
   6.015651e-01   6.015651e-01   6.015651e-01   6.015651e-01   6.015651e-01   6.015652e-01   6.047086e-01   6.925837e-01   2.583225e+00   1.551753e+01
   6.030630e-01   6.030630e-01   6.030630e-01   6.030630e-01   6.030630e-01   6.030633e-01   6.067759e-01   6.967647e-01   2.637248e+00   1.485974e+01
   6.014707e-01   6.014707e-01   6.014707e-01   6.014707e-01   6.014707e-01   6.014707e-01   6.051273e-01   7.399017e-01   2.682185e+00   1.333743e+01
   6.010661e-01   6.010661e-01   6.010661e-01   6.010661e-01   6.010661e-01   6.010661e-01   6.013479e-01   7.838689e-01   2.410434e+00   1.500881e+01
   6.027885e-01   6.027885e-01   6.027885e-01   6.027885e-01   6.027885e-01   6.027885e-01   6.049560e-01   6.810168e-01   2.719115e+00   1.497818e+01
   6.043756e-01   6.043756e-01   6.043756e-01   6.043756e-01   6.043756e-01   6.043756e-01   6.043756e-01   7.956143e-01   2.350746e+00   1.567926e+01
   6.018930e-01   6.018930e-01   6.018930e-01   6.018930e-01   6.018930e-01   6.018930e-01   6.059962e-01   7.042232e-01   2.874928e+00   1.300933e+01
   6.026077e-01   6.026077e-01   6.026077e-01   6.026077e-01   6.026077e-01   6.026077e-01   6.026248e-01   6.030563e-01   1.054959e+00   1.927074e+01
   6.053577e-01   6.053577e-01   6.053577e-01   6.053577e-01   6.053577e-01   6.053577e-01   6.056198e-01   6.126990e-01   3.660959e+00   1.283119e+01
   6.050858e-01   6.050858e-01   6.050858e-01   6.050858e-01   6.050858e-01   6.050858e-01   6.073434e-01   7.556190e-01   2.686282e+00   1.326599e+01
   6.013552e-01   6.013552e-01   6.013552e-01   6.013552e-01   6.013552e-01   6.013552e-01   6.013566e-01   6.565729e-01   1.114433e+00   1.675651e+01
   6.065271e-01   6.065271e-01   6.065271e-01   6.065271e-01   6.065271e-01   6.065271e-01   6.074026e-01   6.293211e-01   1.172039e+00   1.689353e+01
   6.042484e-01   6.042484e-01   6.042484e-01   6.042484e-01   6.042484e-01   6.042485e-01   6.043610e-01   7.530827e-01   2.493689e+00   1.531331e+01
   6.033766e-01   6.033766e-01   6.033766e-01   6.033766e-01   6.033766e-01   6.033770e-01   6.055599e-01   7.587444e-01   2.300912e+00   1.631090e+01
   6.028007e-01   6.028007e-01   6.028007e-01   6.028007e-01   6.028007e-01   6.028008e-01   6.033921e-01   6.191662e-01   1.372974e+00   1.651178e+01
   6.063426e-01   6.063426e-01   6.063426e-01   6.063426e-01   6.063426e-01   6.063426e-01   6.073958e-01   6.357632e-01   3.104233e+00   1.435553e+01
   6.049714e-01   6.049714e-01   6.049714e-01   6.049714e-01   6.049714e-01   6.049714e-01   6.050103e-01   6.059418e-01   1.199622e+00   1.790565e+01
   6.123529e-01   6.123529e-01   6.123529e-01   6.123529e-01   6.123529e-01   6.123529e-01   6.126577e-01   6.324075e-01   8.660827e-01   1.991051e+01
   6.032472e-01   6.032472e-01   6.032472e-01   6.032472e-01   6.032472e-01   6.032472e-01   6.044179e-01   6.858934e-01   2.623948e+00   1.588701e+01
   6.066539e-01   6.066539e-01   6.066539e-01   6.066539e-01   6.066539e-01   6.066539e-01   6.067887e-01   6.909590e-01   2.994285e+00   1.337494e+01
   6.079913e-01   6.079913e-01   6.079913e-01   6.079913e-01   6.079913e-01   6.079921e-01   6.136307e-01   7.506916e-01   2.364537e+00   1.555394e+01
   6.025526e-01   6.025526e-01   6.025526e-01   6.025526e-01   6.025526e-01   6.025526e-01   6.045131e-01   6.518062e-01   2.705012e+00   1.641069e+01
   6.025378e-01   6.025378e-01   6.025378e-01   6.025378e-01   6.025378e-01   6.025378e-01   6.026354e-01   7.797996e-01   2.705286e+00   1.311218e+01
   6.019897e-01   6.019897e-01   6.019897e-01   6.019897e-01   6.019897e-01   6.019897e-01   6.019904e-01   6.028163e-01   3.277529e+00   1.631911e+01
   6.071361e-01   6.071361e-01   6.071361e-01   6.071361e-01   6.071361e-01   6.071375e-01   6.127836e-01   7.509613e-01   2.377529e+00   1.537975e+01
   6.016965e-01   6.016965e-01   6.016965e-01   6.016965e-01   6.016965e-01   6.016965e-01   6.016965e-01   6.722715e-01   2.962070e+00   1.408388e+01
   6.045679e-01   6.045679e-01   6.045679e-01   6.045679e-01   6.045679e-01   6.045684e-01   6.072102e-01   6.723114e-01   3.109954e+00   1.283040e+01
   6.010747e-01   6.010747e-01   6.010747e-01   6.010747e-01   6.010747e-01   6.010747e-01   6.012141e-01   7.317445e-01   2.686797e+00   1.413887e+01
   6.065642e-01   6.065642e-01   6.065642e-01   6.065642e-01   6.065642e-01   6.065643e-01   6.092626e-01   6.762906e-01   3.142369e+00   1.271670e+01
   6.009820e-01   6.009820e-01   6.009820e-01   6.009820e-01   6.009820e-01   6.009822e-01   6.019119e-01   6.245552e-01   2.915287e+00   1.625038e+01
   6.009547e-01   6.009547e-01   6.009547e-01   6.009547e-01   6.009547e-01   6.009547e-01   6.011287e-01   7.670078e-01   2.896691e+00   1.259671e+01
   6.081375e-01   6.081375e-01   6.081375e-01   6.081375e-01   6.081375e-01   6.081375e-01   6.090731e-01   6.314380e-01   3.256899e+00   1.370942e+01
   6.044963e-01   6.044963e-01   6.044963e-01   6.044963e-01   6.044963e-01   6.044963e-01   6.045603e-01   6.410432e-01   1.052210e+00   1.751856e+01
   6.031223e-01   6.031223e-01   6.031223e-01   6.031223e-01   6.031223e-01   6.031223e-01   6.032819e-01   7.813425e-01   2.562065e+00   1.394301e+01
   6.009755e-01   6.009755e-01   6.009755e-01   6.009755e-01   6.009755e-01   6.009760e-01   6.018507e-01   6.236020e-01   3.086347e+00   1.488800e+01
   6.031396e-01   6.031396e-01   6.031396e-01   6.031396e-01   6.031396e-01   6.031397e-01   6.034647e-01   6.116545e-01   3.372132e+00   1.410549e+01
   6.063294e-01   6.063294e-01   6.063294e-01   6.063294e-01   6.063294e-01   6.063294e-01   6.068705e-01   6.204971e-01   9.728160e-01   1.897042e+01
   6.022306e-01   6.022306e-01   6.022306e-01   6.022306e-01   6.022306e-01   6.022306e-01   6.031309e-01   6.246732e-01   1.034790e+00   1.790042e+01
   6.010656e-01   6.010656e-01   6.010656e-01   6.010656e-01   6.010656e-01   6.010656e-01   6.012983e-01   7.400904e-01   2.525607e+00   1.519650e+01
   6.043263e-01   6.043263e-01   6.043263e-01   6.043263e-01   6.043263e-01   6.043263e-01   6.080972e-01   6.982681e-01   2.498384e+00   1.613627e+01
   6.038340e-01   6.038340e-01   6.038340e-01   6.038340e-01   6.038340e-01   6.038341e-01   6.100508e-01   7.635772e-01   2.568795e+00   1.337980e+01
   6.054583e-01   6.054583e-01   6.054583e-01   6.054583e-01   6.054583e-01   6.054583e-01   6.108621e-01   7.726555e-01   2.602460e+00   1.314151e+01
   6.010770e-01   6.010770e-01   6.010770e-01   6.010770e-01   6.010770e-01   6.010770e-01   6.012487e-01   6.053561e-01   3.272384e+00   1.540289e+01
   6.056191e-01   6.056191e-01   6.056191e-01   6.056191e-01   6.056191e-01   6.056196e-01   6.125271e-01   7.802212e-01   2.759508e+00   1.256389e+01
   6.092177e-01   6.092177e-01   6.092177e-01   6.092177e-01   6.092177e-01   6.092180e-01   6.104375e-01   6.402909e-01   3.283642e+00   1.319101e+01
   6.050203e-01   6.050203e-01   6.050203e-01   6.050203e-01   6.050203e-01   6.050216e-01   6.115217e-01   7.701759e-01   2.676629e+00   1.278754e+01
   6.015057e-01   6.015057e-01   6.015057e-01   6.015057e-01   6.015057e-01   6.015057e-01   6.028255e-01   6.345519e-01   1.008275e+00   1.773963e+01
   6.030521e-01   6.030521e-01   6.030521e-01   6.030521e-01   6.030521e-01   6.030521e-01   6.032734e-01   6.085707e-01   3.360464e+00   1.455206e+01
   6.107186e-01   6.107186e-01   6.107186e-01   6.107186e-01   6.107186e-01   6.107186e-01   6.134873e-01   6.826099e-01   2.858137e+00   1.408032e+01
   6.023228e-01   6.023228e-01   6.023228e-01   6.023228e-01   6.023228e-01   6.023228e-01   6.026064e-01   6.098530e-01   3.867032e+00   1.255734e+01
   6.038272e-01   6.038272e-01   6.038272e-01   6.038272e-01   6.038272e-01   6.038272e-01   6.038318e-01   7.537278e-01   2.465992e+00   1.568602e+01
   6.011842e-01   6.011842e-01   6.011842e-01   6.011842e-01   6.011842e-01   6.011842e-01   6.011882e-01   6.558800e-01   3.121341e+00   1.356294e+01
   6.092473e-01   6.092473e-01   6.092473e-01   6.092473e-01   6.092473e-01   6.092473e-01   6.112370e-01   6.588654e-01   2.955397e+00   1.432167e+01
   6.049149e-01   6.049149e-01   6.049149e-01   6.049149e-01   6.049149e-01   6.049149e-01   6.049690e-01   6.089760e-01   3.491136e+00   1.398411e+01
   6.070905e-01   6.070905e-01   6.070905e-01   6.070905e-01   6.070905e-01   6.070907e-01   6.103423e-01   6.897970e-01   2.945183e+00   1.316737e+01
   6.076576e-01   6.076576e-01   6.076576e-01   6.076576e-01   6.076576e-01   6.076576e-01   6.107903e-01   6.856557e-01   2.554236e+00   1.636376e+01
   6.037496e-01   6.037496e-01   6.037496e-01   6.037496e-01   6.037496e-01   6.037496e-01   6.037499e-01   6.050811e-01   3.772364e+00   1.301154e+01
   6.010702e-01   6.010702e-01   6.010702e-01   6.010702e-01   6.010702e-01   6.010702e-01   6.011120e-01   6.224402e-01   1.077070e+00   1.774531e+01
   6.027347e-01   6.027347e-01   6.027347e-01   6.027347e-01   6.027347e-01   6.027349e-01   6.036465e-01   6.259638e-01   3.243378e+00   1.375710e+01
   6.008882e-01   6.008882e-01   6.008882e-01   6.008882e-01   6.008882e-01   6.008882e-01   6.036447e-01   6.701046e-01   2.624765e+00   1.606031e+01
   6.028979e-01   6.028979e-01   6.028979e-01   6.028979e-01   6.028979e-01   6.028979e-01   6.029263e-01   6.036146e-01   3.583769e+00   1.402085e+01
   6.096481e-01   6.096481e-01   6.096481e-01   6.096481e-01   6.096481e-01   6.096482e-01   6.101196e-01   6.216139e-01   1.053338e+00   1.831518e+01
   6.064378e-01   6.064378e-01   6.064378e-01   6.064378e-01   6.064378e-01   6.064378e-01   6.064490e-01   6.121528e-01   3.565203e+00   1.344526e+01
   6.009157e-01   6.009157e-01   6.009157e-01   6.009157e-01   6.009157e-01   6.009157e-01   6.036707e-01   6.848035e-01   3.216699e+00   1.255470e+01
   6.028838e-01   6.028838e-01   6.028838e-01   6.028838e-01   6.028838e-01   6.028838e-01   6.045557e-01   6.583862e-01   2.852550e+00   1.487861e+01
   6.010140e-01   6.010140e-01   6.010140e-01   6.010140e-01   6.010140e-01   6.010140e-01   6.010347e-01   8.252124e-01   2.676431e+00   1.273338e+01
   6.050045e-01   6.050045e-01   6.050045e-01   6.050045e-01   6.050045e-01   6.050045e-01   6.052380e-01   7.948219e-01   2.431750e+00   1.470402e+01
   6.031806e-01   6.031806e-01   6.031806e-01   6.031806e-01   6.031806e-01   6.031806e-01   6.033400e-01   7.431696e-01   2.429588e+00   1.614606e+01
   6.016279e-01   6.016279e-01   6.016279e-01   6.016279e-01   6.016279e-01   6.016279e-01   6.022190e-01   6.211961e-01   1.156293e+00   1.706704e+01
   6.098574e-01   6.098574e-01   6.098574e-01   6.098574e-01   6.098574e-01   6.098579e-01   6.143869e-01   7.244439e-01   2.490571e+00   1.541671e+01
   6.065737e-01   6.065737e-01   6.065737e-01   6.065737e-01   6.065737e-01   6.065737e-01   6.093425e-01   7.540432e-01   2.687162e+00   1.326747e+01
   6.008262e-01   6.008262e-01   6.008262e-01   6.008262e-01   6.008262e-01   6.008262e-01   6.008490e-01   6.027417e-01   4.384527e+00   1.363221e+01
   6.014766e-01   6.014766e-01   6.014766e-01   6.014766e-01   6.014766e-01   6.014766e-01   6.019958e-01   6.322034e-01   3.766540e+00   1.283544e+01
   6.017513e-01   6.017513e-01   6.017513e-01   6.017513e-01   6.017513e-01   6.017516e-01   6.027852e-01   6.281318e-01   3.051303e+00   1.489210e+01
   6.027090e-01   6.027090e-01   6.027090e-01   6.027090e-01   6.027090e-01   6.027090e-01   6.037295e-01   6.289852e-01   3.530657e+00   1.258924e+01
   6.008585e-01   6.008585e-01   6.008585e-01   6.008585e-01   6.008585e-01   6.008585e-01   6.008585e-01   7.229260e-01   3.496614e+00   1.363225e+01
   6.047385e-01   6.047385e-01   6.047385e-01   6.047385e-01   6.047385e-01   6.047385e-01   6.065451e-01   7.291782e-01   2.488092e+00   1.554312e+01
   6.045867e-01   6.045867e-01   6.045867e-01   6.045867e-01   6.045867e-01   6.045873e-01   6.080846e-01   7.363276e-01   2.332978e+00   1.649108e+01
   6.054537e-01   6.054537e-01   6.054537e-01   6.054537e-01   6.054537e-01   6.054537e-01   6.055578e-01   6.702601e-01   3.176267e+00   1.297494e+01
   6.071973e-01   6.071973e-01   6.071973e-01   6.071973e-01   6.071973e-01   6.071973e-01   6.081427e-01   6.307190e-01   9.122675e-01   1.918463e+01
   6.048963e-01   6.048963e-01   6.048963e-01   6.048963e-01   6.048963e-01   6.048963e-01   6.050125e-01   7.333798e-01   2.461976e+00   1.624711e+01
   6.065682e-01   6.065682e-01   6.065682e-01   6.065682e-01   6.065682e-01   6.065690e-01   6.100014e-01   7.023872e-01   2.950122e+00   1.288555e+01
   6.081726e-01   6.081726e-01   6.081726e-01   6.081726e-01   6.081726e-01   6.081726e-01   6.126386e-01   7.225309e-01   2.513245e+00   1.521504e+01
   6.014348e-01   6.014348e-01   6.014348e-01   6.014348e-01   6.014348e-01   6.014354e-01   6.045305e-01   7.690301e-01   2.481124e+00   1.412765e+01
   6.011512e-01   6.011512e-01   6.011512e-01   6.011512e-01   6.011512e-01   6.011512e-01   6.027645e-01   6.413950e-01   2.807396e+00   1.601335e+01
