   1.350403e-01   1.608217e-01   2.687565e-01   6.267618e-01   1.748958e+00   4.046622e+00   7.502706e+00   1.031281e+01   7.775425e+00   3.159802e-01
   6.030041e-02   6.932299e-02   1.025043e-01   4.177879e-01   1.337700e+00   2.995682e+00   5.628240e+00   1.235149e+01   7.552019e+00   2.786892e-01
   7.305471e-02   7.672005e-02   8.915498e-02   1.334907e-01   8.557165e-01   1.793440e+00   7.305830e+00   8.643878e+00   6.799198e+00   1.065076e+01
   1.202376e-01   1.369864e-01   1.948570e-01   3.867756e-01   9.317428e-01   3.594920e+00   6.148676e+00   8.447154e+00   1.221545e+01   4.675169e-01
   1.018654e-01   1.303593e-01   2.296289e-01   5.532983e-01   1.413688e+00   3.286461e+00   6.197048e+00   8.485771e+00   1.209207e+01   5.302635e-01
   8.702846e-02   8.957782e-02   1.001908e-01   1.373511e-01   8.238510e-01   3.462572e+00   5.973323e+00   8.801846e+00   1.205090e+01   2.312453e-01
   1.271419e-01   1.301940e-01   1.409187e-01   1.769855e-01   2.835681e-01   2.551590e+00   8.325992e+00   1.044831e+01   8.172260e+00   1.856313e-01
   1.276022e-01   1.323480e-01   1.517673e-01   4.206888e-01   1.151496e+00   4.379406e+00   7.506969e+00   1.031999e+01   7.735865e+00   3.125876e-01
   1.301950e-01   1.432363e-01   1.902360e-01   3.513520e-01   7.688040e-01   1.655396e+00   3.071112e+00   4.428642e+00   1.684659e+01   2.037896e-01
   8.445948e-02   1.005841e-01   1.560003e-01   3.401682e-01   8.262843e-01   3.476865e+00   5.942581e+00   8.575172e+00   1.224530e+01   2.573014e-01
   5.464661e-02   7.632580e-02   1.491925e-01   4.038974e-01   1.148027e+00   2.747641e+00   5.111853e+00   1.235716e+01   8.370037e+00   1.967361e-01
   8.121420e-02   8.626189e-02   1.037587e-01   1.621048e-01   1.243935e+00   4.135760e+00   7.196599e+00   9.909388e+00   7.608325e+00   5.046478e+00
   1.274686e-01   1.401377e-01   1.823472e-01   6.682185e-01   1.655278e+00   3.767311e+00   7.250201e+00   9.863146e+00   7.787429e+00   5.405220e+00
   1.078200e-01   1.270647e-01   1.923873e-01   4.090750e-01   1.026455e+00   2.314868e+00   4.285007e+00   9.731112e+00   1.289758e+01   3.952496e-01
   7.680976e-02   8.021919e-02   9.187686e-02   1.323203e-01   2.573582e-01   3.007205e+00   5.080335e+00   1.086623e+01   6.577154e+00   9.606974e+00
   9.470316e-02   9.532629e-02   9.758445e-02   1.048259e-01   1.242228e-01   5.495516e-01   6.862630e+00   1.244776e+01   7.488520e+00   2.065139e-01
   1.073500e-01   1.118747e-01   1.287288e-01   1.858887e-01   1.177731e+00   2.436265e+00   7.615320e+00   1.079934e+01   7.285247e+00   4.903786e+00
   1.085964e-01   1.236830e-01   1.751171e-01   3.431777e-01   8.095608e-01   1.874592e+00   3.421255e+00   1.367861e+01   8.096182e+00   2.545138e-01
   9.934544e-02   1.118463e-01   1.548353e-01   6.073340e-01   1.545319e+00   3.916957e+00   7.400725e+00   1.008094e+01   7.295785e+00   4.684918e+00
   7.348613e-02   7.963399e-02   1.025082e-01   1.784757e-01   3.772577e-01   4.376296e+00   7.241282e+00   1.004769e+01   7.237828e+00   5.016130e+00
   6.404149e-02   7.190957e-02   1.037097e-01   4.043914e-01   1.133320e+00   2.686820e+00   4.982861e+00   1.246362e+01   7.249718e+00   4.773251e+00
   9.981871e-02   1.038317e-01   1.186540e-01   1.661702e-01   2.936829e-01   3.134970e+00   8.410556e+00   1.039450e+01   7.501223e+00   2.373452e-01
   5.863734e-02   7.079700e-02   1.121499e-01   2.574328e-01   6.429573e-01   1.454158e+00   2.746408e+00   3.909914e+00   1.641223e+01   5.037423e+00
   6.212166e-02   6.721850e-02   8.632985e-02   2.876393e-01   8.800610e-01   4.249827e+00   7.281269e+00   1.002997e+01   7.239632e+00   4.863295e+00
   9.448335e-02   9.933840e-02   1.191100e-01   3.762715e-01   1.079716e+00   4.290216e+00   7.408464e+00   1.040161e+01   7.701771e+00   1.527175e-01
   6.904094e-02   1.001585e-01   2.090281e-01   5.659093e-01   1.588820e+00   3.747319e+00   7.054811e+00   1.062167e+01   7.987523e+00   3.539483e-01
   1.253419e-01   1.361291e-01   1.728432e-01   3.142377e-01   7.272905e-01   1.600191e+00   3.068563e+00   4.857127e+00   1.603351e+01   5.333181e+00
   1.273673e-01   1.514126e-01   2.322222e-01   4.975980e-01   1.203813e+00   2.775570e+00   5.750675e+00   1.227700e+01   8.154395e+00   3.408485e-01
   9.467400e-02   9.744251e-02   1.074772e-01   1.396544e-01   2.258441e-01   2.115787e+00   6.457587e+00   1.244780e+01   7.488488e+00   1.199516e-01
   6.079387e-02   6.268450e-02   6.926803e-02   1.459241e-01   2.985430e-01   6.349870e-01   5.980572e+00   8.446699e+00   1.254130e+01   5.071395e+00
   6.793561e-02   7.373506e-02   9.384600e-02   1.616186e-01   4.326789e-01   9.076655e-01   7.755857e+00   9.134023e+00   6.529216e+00   9.908209e+00
   1.158190e-01   1.364281e-01   2.090208e-01   4.631076e-01   1.243586e+00   2.760472e+00   5.165076e+00   1.218388e+01   7.539553e+00   5.292260e+00
   1.018433e-01   1.254211e-01   2.048481e-01   4.651681e-01   1.216636e+00   3.035370e+00   5.604730e+00   7.697225e+00   1.261373e+01   5.085671e+00
   6.406438e-02   6.867521e-02   8.438178e-02   1.407336e-01   1.368567e+00   3.125023e+00   5.770180e+00   7.960528e+00   1.288700e+01   5.436298e-01
   1.020144e-01   1.049478e-01   1.151944e-01   1.514303e-01   2.710007e-01   5.309626e-01   7.088036e+00   8.722145e+00   1.229770e+01   2.063713e-01
   8.476869e-02   1.031999e-01   1.702897e-01   3.940213e-01   1.141828e+00   4.210551e+00   7.351969e+00   1.054257e+01   7.540594e+00   5.049873e-01
   1.036356e-01   1.186887e-01   1.720351e-01   3.856805e-01   1.019616e+00   4.053718e+00   6.976104e+00   1.011595e+01   7.799395e+00   5.250621e+00
   9.558310e-02   1.094937e-01   1.560009e-01   5.166185e-01   1.261066e+00   2.934088e+00   5.459779e+00   7.737170e+00   1.264455e+01   5.251472e+00
   7.793611e-02   1.003487e-01   1.750076e-01   4.470979e-01   1.140756e+00   2.827622e+00   5.479622e+00   1.261628e+01   7.510361e+00   2.083190e-01
   1.004251e-01   1.192439e-01   1.833680e-01   3.928125e-01   1.059871e+00   2.347742e+00   8.226254e+00   1.009239e+01   7.322910e+00   5.240694e+00
   1.185940e-01   1.208721e-01   1.285722e-01   1.537888e-01   2.412319e-01   4.034888e-01   3.729521e+00   1.370545e+01   8.382989e+00   6.883065e-01
   5.903962e-02   6.125740e-02   6.934414e-02   9.570797e-02   1.737468e-01   1.964884e+00   7.383401e+00   1.167741e+01   7.553003e+00   3.867047e-01
   5.679294e-02   6.986951e-02   1.187007e-01   2.733359e-01   7.034413e-01   1.598656e+00   3.119710e+00   1.351168e+01   7.216356e+00   5.158767e+00
   7.207035e-02   8.398345e-02   1.265317e-01   5.735798e-01   1.494791e+00   3.831274e+00   7.424072e+00   1.005331e+01   7.268156e+00   4.657289e+00
   6.295868e-02   8.326581e-02   1.545203e-01   3.894049e-01   1.140082e+00   2.583190e+00   4.933274e+00   1.205021e+01   8.007401e+00   5.161515e+00
   8.604035e-02   9.703349e-02   1.352818e-01   2.602256e-01   7.085236e-01   1.534604e+00   2.854960e+00   3.899682e+00   1.625220e+01   5.682496e+00
   7.815786e-02   8.132760e-02   9.387057e-02   1.388583e-01   9.612907e-01   2.159931e+00   8.587034e+00   1.017313e+01   8.010438e+00   3.730156e-01
   9.823041e-02   1.023924e-01   1.170481e-01   1.657224e-01   8.675283e-01   3.015021e+00   8.141855e+00   1.053887e+01   7.711012e+00   2.866480e-01
   1.175129e-01   1.178151e-01   1.191586e-01   1.234255e-01   2.054555e-01   4.587996e-01   7.423691e-01   1.054222e+01   6.239526e+00   1.363674e+01
   1.319010e-01   1.404425e-01   1.701195e-01   6.040453e-01   1.777139e+00   3.919691e+00   7.316168e+00   1.069280e+01   7.567461e+00   1.421006e-01
   5.352062e-02   5.819837e-02   7.461499e-02   1.356335e-01   1.221032e+00   4.127226e+00   7.265082e+00   9.989489e+00   7.215855e+00   5.018814e+00
   9.553908e-02   1.027058e-01   1.329278e-01   4.514671e-01   1.751614e+00   3.836001e+00   7.179829e+00   1.065093e+01   7.429956e+00   2.597847e+00
   6.376019e-02   8.132488e-02   1.415178e-01   3.560653e-01   1.056351e+00   4.006694e+00   7.335123e+00   1.006510e+01   7.225405e+00   5.028446e+00
   1.008143e-01   1.040219e-01   1.174334e-01   1.605344e-01   7.958534e-01   2.964309e+00   5.050760e+00   1.294244e+01   7.493636e+00   3.521911e-01
   1.222606e-01   1.258758e-01   1.385107e-01   1.831911e-01   3.306266e-01   6.511712e-01   8.736332e+00   1.075126e+01   7.707477e+00   2.265699e-01
   9.183275e-02   9.675289e-02   1.144871e-01   1.811827e-01   3.478937e-01   2.795619e+00   7.179537e+00   9.011690e+00   6.486058e+00   1.019309e+01
   7.071502e-02   7.316102e-02   8.172657e-02   1.095598e-01   6.899797e-01   1.416370e+00   2.622600e+00   3.900099e+00   1.708078e+01   8.554240e-02
   8.835033e-02   8.894198e-02   9.102408e-02   1.255712e-01   1.895442e-01   1.574904e+00   4.774552e+00   9.185092e+00   1.342815e+01   1.349395e-01
   5.433021e-02   5.875131e-02   7.361069e-02   1.255520e-01   8.211899e-01   2.917671e+00   5.046545e+00   1.242015e+01   8.352047e+00   1.973665e-01
   5.634987e-02   5.852874e-02   6.576365e-02   8.965679e-02   1.696579e-01   3.324180e-01   5.814686e-01   8.226119e-01   1.519268e+01   1.079845e+01
   9.366852e-02   9.788119e-02   1.131503e-01   1.651907e-01   8.927992e-01   1.862220e+00   6.447680e+00   1.245651e+01   7.487407e+00   1.188703e-01
   1.008707e-01   1.162012e-01   1.742397e-01   3.621849e-01   9.016007e-01   1.996214e+00   6.884835e+00   8.281444e+00   1.244238e+01   6.781527e-01
   1.173959e-01   1.177922e-01   1.192190e-01   1.244709e-01   1.410704e-01   4.894768e-01   7.464780e-01   1.121312e+01   1.224517e+01   5.102550e+00
   8.650176e-02   9.078622e-02   1.055548e-01   1.543005e-01   2.838749e-01   3.402131e+00   5.602984e+00   7.706143e+00   1.332660e+01   1.155654e-01
   8.175077e-02   9.668026e-02   1.462735e-01   3.268183e-01   8.009836e-01   1.868908e+00   3.438443e+00   4.718360e+00   1.647754e+01   4.109923e-01
   7.377972e-02   9.296201e-02   1.607024e-01   3.794264e-01   1.111110e+00   2.503878e+00   4.731897e+00   6.873742e+00   1.097133e+01   1.081517e+01
   1.159130e-01   1.168259e-01   1.199060e-01   1.650564e-01   2.667876e-01   4.740160e-01   8.058019e-01   1.133291e+01   1.290576e+01   2.465320e-01
   9.602727e-02   1.019266e-01   1.218510e-01   1.871184e-01   4.100770e-01   8.266108e-01   8.883982e+00   1.041410e+01   7.829018e+00   6.013425e-01
   1.018171e-01   1.092177e-01   1.389507e-01   2.327726e-01   1.847724e+00   3.990263e+00   7.436758e+00   1.030528e+01   7.794752e+00   4.043812e-01
   1.229566e-01   1.235124e-01   1.257869e-01   1.328497e-01   2.332512e-01   3.803798e-01   9.096496e-01   1.095269e+00   1.575874e+01   9.880006e+00
   7.253249e-02   8.264617e-02   1.178706e-01   4.574641e-01   1.254453e+00   2.988511e+00   8.199804e+00   1.041363e+01   7.487837e+00   2.010391e-01
   9.090336e-02   9.302277e-02   1.003093e-01   1.251006e-01   2.079241e-01   3.677304e-01   3.388419e+00   1.221423e+01   6.529261e+00   9.924356e+00
   8.945476e-02   9.369790e-02   1.079780e-01   1.619894e-01   3.312764e-01   3.991056e+00   6.581431e+00   9.056440e+00   6.554459e+00   9.793723e+00
   7.257437e-02   9.058768e-02   1.501706e-01   3.470534e-01   9.336751e-01   2.120590e+00   3.949188e+00   1.024250e+01   1.254496e+01   7.321134e-01
   1.187990e-01   1.191221e-01   1.205431e-01   1.410506e-01   3.870795e-01   3.509927e+00   5.768841e+00   8.117249e+00   1.292926e+01   3.340294e-01
   8.836616e-02   9.632059e-02   1.226895e-01   4.968174e-01   1.399215e+00   3.137579e+00   5.938945e+00   8.173039e+00   1.263073e+01   1.839967e-01
   9.866970e-02   1.194071e-01   1.924689e-01   4.350768e-01   1.202312e+00   2.829477e+00   8.202173e+00   1.045404e+01   7.729759e+00   2.863814e-01
   1.241430e-01   1.242805e-01   1.247601e-01   1.263237e-01   1.309990e-01   2.380660e-01   1.335569e+00   5.130078e+00   1.465478e+01   9.980451e+00
   7.918453e-02   8.218948e-02   9.264542e-02   1.328564e-01   2.623522e-01   5.460821e-01   6.733204e+00   7.777653e+00   1.253959e+01   5.036871e+00
   8.119987e-02   8.305216e-02   9.042857e-02   1.143985e-01   6.552678e-01   1.428391e+00   2.645298e+00   1.051020e+01   1.312977e+01   2.754819e-01
   5.569327e-02   5.926314e-02   7.146934e-02   1.133597e-01   2.434505e-01   3.103109e+00   5.126341e+00   1.100742e+01   6.667010e+00   9.009869e+00
   8.629422e-02   8.682831e-02   8.868529e-02   1.151874e-01   1.646231e-01   4.132682e-01   6.661502e-01   6.185230e+00   1.670216e+01   2.169292e-01
   1.103705e-01   1.199628e-01   1.533502e-01   7.023039e-01   1.712483e+00   3.990477e+00   7.574052e+00   1.036058e+01   7.518844e+00   2.934867e-01
   1.020093e-01   1.081275e-01   1.297927e-01   2.030345e-01   3.947707e-01   2.490271e+00   7.300548e+00   1.108833e+01   7.267363e+00   5.199107e+00
   8.389624e-02   8.765662e-02   1.013838e-01   1.459712e-01   2.670501e-01   3.159227e+00   5.307075e+00   7.250005e+00   1.094674e+01   9.672526e+00
   1.125061e-01   1.135597e-01   1.177472e-01   1.337089e-01   4.335762e-01   2.654529e+00   4.658359e+00   1.099100e+01   6.512211e+00   1.030908e+01
   9.477826e-02   9.733369e-02   1.078757e-01   1.405993e-01   2.438206e-01   4.582498e-01   1.239275e+00   1.504275e+00   1.795343e+01   1.033715e-01
   1.190021e-01   1.355976e-01   1.921492e-01   3.819040e-01   9.793680e-01   2.134228e+00   7.405610e+00   9.079013e+00   6.595563e+00   1.009878e+01
   9.816730e-02   9.886950e-02   1.014797e-01   1.099277e-01   1.329186e-01   1.809465e-01   2.683161e-01   7.784880e-01   1.037281e+01   1.649510e+01
   1.207717e-01   1.389076e-01   2.001151e-01   4.136266e-01   1.022379e+00   2.300000e+00   4.773100e+00   6.482581e+00   5.699780e+00   1.551609e+01
   1.052562e-01   1.113005e-01   1.353528e-01   2.124824e-01   1.331904e+00   2.847686e+00   8.178880e+00   1.039965e+01   7.861174e+00   4.079528e-01
   9.204623e-02   1.213740e-01   2.317853e-01   5.853396e-01   1.549360e+00   4.008914e+00   7.432482e+00   1.018633e+01   8.022315e+00   2.456902e-01
   1.212057e-01   1.242948e-01   1.348084e-01   1.713522e-01   6.693212e-01   1.369512e+00   2.559510e+00   5.473474e+00   1.597812e+01   5.329360e+00
   7.553440e-02   7.863634e-02   8.949228e-02   1.247755e-01   2.399596e-01   4.597464e-01   3.225384e+00   3.827328e+00   1.708556e+01   9.032877e-02
   9.945941e-02   1.053204e-01   1.259592e-01   1.945039e-01   1.182810e+00   4.206981e+00   7.265153e+00   1.048534e+01   7.892575e+00   2.878047e-01
   6.365366e-02   6.471735e-02   6.842133e-02   1.117772e-01   1.981012e-01   3.883348e-01   3.410835e+00   4.805245e+00   1.400151e+01   1.015279e+01
   1.242964e-01   1.469762e-01   2.245479e-01   5.233111e-01   1.454805e+00   3.227767e+00   6.010646e+00   8.305817e+00   1.151629e+01   5.542244e+00
   1.105794e-01   1.215714e-01   1.592026e-01   2.830532e-01   7.018635e-01   1.543533e+00   6.065813e+00   1.271936e+01   7.726064e+00   6.019943e-01
   5.886090e-02   6.146926e-02   7.279310e-02   1.093211e-01   2.174410e-01   1.796392e+00   6.745983e+00   8.297553e+00   1.259862e+01   1.152338e-01
   8.805035e-02   8.828598e-02   8.922909e-02   9.237435e-02   1.006457e-01   2.671013e-01   2.754418e+00   1.001483e+01   1.051023e+01   9.953446e+00
   1.143467e-01   1.299094e-01   1.822895e-01   3.542932e-01   8.122638e-01   3.248363e+00   5.534105e+00   1.225965e+01   8.154163e+00   3.281787e-01
   9.012561e-02   9.132181e-02   9.554686e-02   1.356922e-01   2.147010e-01   4.248619e-01   5.622144e+00   1.109878e+01   6.641733e+00   9.826670e+00
   1.160518e-01   1.178017e-01   1.239506e-01   1.446293e-01   2.057379e-01   1.513524e+00   2.877997e+00   3.934829e+00   1.402911e+01   1.094182e+01
   6.220775e-02   6.606085e-02   8.156039e-02   1.374829e-01   2.802239e-01   5.968944e-01   9.083464e+00   1.034864e+01   7.455341e+00   1.635555e-01
   8.484018e-02   8.532659e-02   8.706268e-02   9.280515e-02   2.116866e-01   1.615881e+00   2.636816e+00   3.914315e+00   1.709499e+01   9.975842e-02
   7.886248e-02   8.382100e-02   1.019229e-01   1.705108e-01   3.638601e-01   2.533334e+00   8.434940e+00   1.058834e+01   7.487276e+00   1.763662e-01
   7.513990e-02   7.675685e-02   8.242187e-02   1.007469e-01   1.591069e-01   2.718331e-01   5.045712e-01   7.384303e+00   8.162148e+00   1.541342e+01
   6.583877e-02   6.712552e-02   7.144590e-02   1.535546e-01   3.225195e-01   6.711301e-01   5.255438e+00   1.051452e+01   6.174636e+00   1.133720e+01
   6.645329e-02   6.962228e-02   8.130129e-02   1.251445e-01   7.776908e-01   1.657667e+00   3.182359e+00   1.268659e+01   8.956921e+00   5.031845e+00
   7.870759e-02   8.086419e-02   8.823809e-02   1.140925e-01   1.902418e-01   1.812938e+00   5.667514e+00   1.095515e+01   6.579116e+00   9.608936e+00
   9.657559e-02   1.043587e-01   1.336102e-01   2.328189e-01   1.667359e+00   3.648411e+00   7.036625e+00   1.048505e+01   7.258574e+00   5.061644e+00
   1.239552e-01   1.243666e-01   1.261764e-01   1.522940e-01   4.656266e-01   4.442762e+00   7.362292e+00   1.035091e+01   8.037466e+00   3.391683e-01
   6.637156e-02   6.697977e-02   6.913080e-02   7.634120e-02   9.537444e-02   5.138793e-01   6.724928e+00   1.188935e+01   7.419820e+00   4.943565e+00
   1.240082e-01   1.269511e-01   1.369218e-01   1.752613e-01   2.891615e-01   5.110790e-01   4.735128e+00   5.461496e+00   4.719669e+00   1.701965e+01
   7.471006e-02   7.486865e-02   7.543223e-02   7.733155e-02   1.078408e-01   5.414243e-01   7.018690e+00   1.220329e+01   7.655268e+00   5.132229e-01
   9.316478e-02   9.809760e-02   1.159622e-01   1.765530e-01   3.731386e-01   4.501171e+00   7.561240e+00   1.034827e+01   7.486868e+00   1.183315e-01
   5.971408e-02   6.226048e-02   7.146728e-02   1.014476e-01   2.242978e-01   4.384120e-01   3.942096e+00   4.628464e+00   1.593115e+01   5.069491e+00
   9.086277e-02   9.323796e-02   1.016265e-01   1.286686e-01   2.189562e-01   4.073197e-01   3.461028e+00   4.288671e+00   1.631497e+01   4.985712e+00
   8.272673e-02   8.497459e-02   9.307792e-02   1.196865e-01   7.157599e-01   1.461604e+00   2.745545e+00   3.908197e+00   1.642752e+01   5.176180e+00
   8.714278e-02   8.765732e-02   8.981834e-02   9.679839e-02   1.202121e-01   1.722224e-01   3.950077e-01   5.037450e-01   4.803936e+00   1.937552e+01
   9.928568e-02   1.082070e-01   1.385833e-01   2.378024e-01   5.538049e-01   4.285232e+00   7.209148e+00   1.011037e+01   7.306669e+00   5.239976e+00
   9.317096e-02   9.317138e-02   9.317310e-02   9.317871e-02   9.321182e-02   9.379678e-02   1.017930e-01   1.097328e-01   3.689088e-01   2.009081e+01
   7.352924e-02   7.634405e-02   8.653936e-02   1.192324e-01   2.229125e-01   4.253978e-01   7.707367e-01   1.227684e+01   6.338054e+00   1.090912e+01
   7.874800e-02   1.083234e-01   2.071202e-01   5.349527e-01   1.605319e+00   3.766245e+00   7.018652e+00   9.795426e+00   8.078432e+00   5.219164e+00
   9.028089e-02   9.244620e-02   1.011132e-01   1.292717e-01   2.183456e-01   3.923074e-01   6.808807e-01   1.047666e+01   1.048102e+01   9.942943e+00
   1.093198e-01   1.125781e-01   1.235596e-01   1.595450e-01   2.634260e-01   2.382766e+00   3.895871e+00   9.511012e+00   1.262207e+01   5.094013e+00
   7.546793e-02   7.664416e-02   8.072874e-02   9.432526e-02   1.459621e-01   3.841795e-01   6.366598e-01   8.653161e-01   1.586008e+01   9.588223e+00
   8.685378e-02   9.996422e-02   1.440836e-01   3.018538e-01   8.073197e-01   1.767583e+00   7.206345e+00   8.628051e+00   6.205348e+00   1.131305e+01
   6.791615e-02   6.948321e-02   7.497246e-02   9.305114e-02   1.512460e-01   1.440555e+00   5.060021e+00   5.992467e+00   5.326222e+00   1.603315e+01
   8.110819e-02   1.098569e-01   2.051155e-01   5.232587e-01   1.367496e+00   3.171130e+00   5.957776e+00   8.197338e+00   1.254781e+01   2.365170e-01
   1.082131e-01   1.125998e-01   1.271526e-01   1.751665e-01   3.028836e-01   3.163802e+00   5.795063e+00   1.242205e+01   7.685993e+00   3.225538e-01
   1.077664e-01   1.206622e-01   1.669178e-01   3.157308e-01   1.187489e+00   2.660883e+00   4.890097e+00   1.215796e+01   7.800753e+00   5.604926e+00
   9.351527e-02   9.364135e-02   9.409837e-02   9.565596e-02   1.290678e-01   3.701979e-01   9.029509e-01   1.202190e+01   1.203749e+01   1.189316e-01
   5.417732e-02   7.101489e-02   1.301785e-01   3.256463e-01   9.336106e-01   2.149131e+00   6.255875e+00   8.098539e+00   1.292312e+01   2.748216e-01
   8.095324e-02   8.507948e-02   9.899014e-02   2.995205e-01   6.734796e-01   1.511450e+00   2.838732e+00   3.977388e+00   1.699842e+01   2.114370e-01
   6.626541e-02   6.648646e-02   6.729834e-02   6.997912e-02   1.223951e-01   2.805272e-01   4.389237e-01   5.998230e-01   1.064419e+01   1.622151e+01
   1.251329e-01   1.421849e-01   2.015147e-01   4.115389e-01   1.027901e+00   2.278523e+00   8.301490e+00   1.005103e+01   7.286916e+00   5.549679e+00
   8.101305e-02   8.225401e-02   8.650366e-02   1.367996e-01   8.416092e-01   1.735128e+00   3.217658e+00   4.413465e+00   1.401912e+01   1.012150e+01
   1.228171e-01   1.473543e-01   2.310731e-01   5.257333e-01   1.433773e+00   3.194490e+00   5.948770e+00   8.170268e+00   1.269479e+01   2.763494e-01
   8.153875e-02   8.331372e-02   8.919410e-02   1.132427e-01   1.719213e-01   1.421540e+00   3.198113e+00   4.198526e+00   1.629667e+01   4.986075e+00
   5.567325e-02   5.900425e-02   7.070881e-02   1.085208e-01   2.228743e-01   4.551467e-01   5.780427e+00   6.863152e+00   1.092759e+01   1.074188e+01
   6.255554e-02   6.363471e-02   6.799635e-02   1.103885e-01   2.120704e-01   4.295204e-01   3.662927e+00   1.361784e+01   7.248435e+00   4.775402e+00
   1.123357e-01   1.154354e-01   1.262922e-01   1.621602e-01   9.662067e-01   2.022145e+00   4.171147e+00   1.024361e+01   1.261193e+01   2.922317e-01
   8.907232e-02   8.965278e-02   9.181316e-02   9.918671e-02   2.316855e-01   2.273743e+00   6.866939e+00   8.293346e+00   1.241994e+01   2.117973e-01
   7.320048e-02   7.711558e-02   9.024152e-02   1.335018e-01   2.710395e-01   5.532355e-01   9.763940e-01   1.417227e+01   7.256181e+00   4.889688e+00
   1.199866e-01   1.227669e-01   1.346881e-01   2.813070e-01   6.374873e-01   2.118979e+00   5.083654e+00   6.462891e+00   5.280461e+00   1.566311e+01
   1.135497e-01   1.204096e-01   1.494349e-01   4.468562e-01   1.665443e+00   3.801009e+00   7.018649e+00   1.009472e+01   8.768955e+00   2.615900e+00
   8.873785e-02   9.193028e-02   1.037195e-01   1.422509e-01   6.986402e-01   1.482122e+00   2.798719e+00   1.158912e+01   6.439518e+00   1.111823e+01
   7.013200e-02   7.417174e-02   8.816533e-02   1.335931e-01   3.626395e-01   4.307028e+00   7.123596e+00   1.070020e+01   7.687733e+00   1.852577e-01
   1.099580e-01   1.137410e-01   1.296610e-01   1.815775e-01   1.092574e+00   3.994989e+00   7.115668e+00   9.665622e+00   8.492141e+00   5.061372e+00
   6.548329e-02   6.662896e-02   7.075903e-02   8.400088e-02   1.259925e-01   2.080023e-01   3.355247e-01   4.860313e+00   1.467052e+01   1.009093e+01
   1.045664e-01   1.078229e-01   1.189237e-01   1.619495e-01   3.046060e-01   5.729717e-01   6.654221e+00   7.681446e+00   1.270400e+01   5.199437e+00
   5.459971e-02   5.707165e-02   6.541155e-02   9.416930e-02   1.834377e-01   2.145737e+00   7.793177e+00   9.225161e+00   6.665972e+00   9.008831e+00
   1.023321e-01   1.049641e-01   1.163727e-01   1.528053e-01   8.783494e-01   3.123748e+00   6.177049e+00   8.132358e+00   5.891727e+00   1.254093e+01
   1.311809e-01   1.363460e-01   1.536922e-01   2.206017e-01   4.191093e-01   8.059714e-01   8.429018e+00   9.701901e+00   8.587377e+00   5.269429e+00
   7.941943e-02   8.873223e-02   1.198057e-01   2.269052e-01   8.824027e-01   1.962757e+00   8.483326e+00   1.005350e+01   7.243632e+00   5.021933e+00
   8.194883e-02   9.486780e-02   1.431105e-01   2.958821e-01   7.240577e-01   1.611671e+00   3.117448e+00   1.342088e+01   7.386101e+00   5.446612e+00
   6.198763e-02   6.360773e-02   6.991026e-02   9.164158e-02   1.628121e-01   2.978330e-01   5.163958e-01   5.734180e+00   1.687733e+01   1.477882e-01
   1.241012e-01   1.273473e-01   1.386415e-01   1.776326e-01   2.932441e-01   2.568913e+00   8.297626e+00   1.004634e+01   7.283529e+00   5.581750e+00
   5.909142e-02   6.260056e-02   7.509977e-02   1.173922e-01   2.493866e-01   3.146474e+00   8.155754e+00   1.054962e+01   7.456056e+00   2.648102e-01
   7.117287e-02   7.671853e-02   9.602862e-02   3.220578e-01   7.720947e-01   1.763849e+00   3.354666e+00   4.570306e+00   1.384541e+01   1.016013e+01
   1.010293e-01   1.034465e-01   1.123623e-01   1.458316e-01   6.440088e-01   1.315174e+00   2.478844e+00   1.088403e+01   1.201366e+01   5.228187e+00
   6.024292e-02   6.530860e-02   8.361614e-02   1.428258e-01   1.411520e+00   2.995924e+00   5.628482e+00   1.235173e+01   7.552261e+00   2.789313e-01
   8.026321e-02   8.890404e-02   1.191365e-01   2.172902e-01   5.599567e-01   2.046509e+00   3.743324e+00   5.281974e+00   3.739986e+00   1.745744e+01
   9.191532e-02   1.022005e-01   1.380381e-01   2.556721e-01   6.435088e-01   1.404644e+00   2.570675e+00   1.121501e+01   1.242346e+01   4.787868e-01
   8.124856e-02   8.645903e-02   1.045201e-01   1.647478e-01   1.281466e+00   4.266549e+00   7.426098e+00   1.022637e+01   7.851101e+00   3.195368e-01
   1.255046e-01   1.323474e-01   1.561146e-01   2.332590e-01   1.729052e+00   3.611820e+00   6.737926e+00   9.259886e+00   7.488970e+00   8.449391e+00
   7.167872e-02   9.171291e-02   1.703882e-01   4.210777e-01   1.203419e+00   2.789026e+00   8.101179e+00   1.048690e+01   7.722613e+00   2.921920e-01
   9.663379e-02   9.752006e-02   1.004950e-01   1.130086e-01   2.437865e-01   4.223316e-01   3.974721e+00   4.691269e+00   3.518495e+00   1.802649e+01
   1.143715e-01   1.166945e-01   1.246195e-01   1.515454e-01   2.312673e-01   1.935296e+00   3.199006e+00   4.448671e+00   1.612809e+01   5.149528e+00
   6.175127e-02   6.205519e-02   6.311314e-02   6.653890e-02   7.759816e-02   9.893094e-02   4.246365e-01   5.360713e+00   1.639060e+01   5.226796e+00
   1.309315e-01   1.350023e-01   1.487046e-01   1.936264e-01   3.172476e-01   3.010130e+00   5.058106e+00   1.243844e+01   7.426822e+00   5.115590e+00
   5.930503e-02   5.969812e-02   6.135322e-02   7.880853e-02   2.502051e-01   2.856143e+00   5.132053e+00   1.271332e+01   7.542728e+00   2.562921e+00
   6.170496e-02   6.238668e-02   6.471770e-02   7.235315e-02   2.280673e-01   1.781316e+00   2.965755e+00   1.309146e+01   9.461504e+00   3.879119e-01
   1.084026e-01   1.249773e-01   1.813857e-01   3.676547e-01   9.032002e-01   2.066769e+00   3.804671e+00   9.271280e+00   1.292139e+01   5.057421e+00
   1.222403e-01   1.226472e-01   1.244674e-01   1.302474e-01   2.409692e-01   3.804575e-01   6.252162e-01   7.184215e+00   8.322083e+00   1.555928e+01
   6.811817e-02   9.017577e-02   1.659466e-01   4.495398e-01   1.346110e+00   3.334407e+00   6.281158e+00   8.603975e+00   6.215445e+00   1.117629e+01
   5.558811e-02   5.724379e-02   6.299846e-02   8.257871e-02   1.430855e-01   3.956349e-01   6.504241e-01   8.071792e+00   4.776077e+00   1.651756e+01
   9.508456e-02   9.631951e-02   1.014606e-01   1.186637e-01   5.003791e-01   1.032432e+00   1.847991e+00   7.238350e+00   3.961684e+00   1.719551e+01
   1.117178e-01   1.127342e-01   1.162844e-01   1.284064e-01   1.631221e-01   8.680033e-01   1.423734e+00   6.174840e+00   1.664063e+01   4.991494e-01
   1.074772e-01   1.116122e-01   1.271703e-01   1.788184e-01   3.139645e-01   6.329174e-01   8.842895e+00   1.008214e+01   7.271662e+00   5.052285e+00
   7.623851e-02   8.087658e-02   9.729235e-02   1.501986e-01   3.181298e-01   2.634144e+00   7.423720e+00   1.063003e+01   7.758681e+00   5.021578e+00
   1.071585e-01   1.179857e-01   1.570064e-01   2.821911e-01   6.158713e-01   1.322151e+00   2.449943e+00   3.707782e+00   1.421056e+01   1.095060e+01
   9.414581e-02   1.155003e-01   1.884197e-01   4.264398e-01   1.119773e+00   2.531088e+00   4.765450e+00   6.913406e+00   1.102268e+01   1.075954e+01
   6.653106e-02   7.088183e-02   8.552375e-02   1.366812e-01   8.218497e-01   2.886778e+00   4.983613e+00   1.224625e+01   7.591857e+00   5.017931e+00
   1.053873e-01   1.054666e-01   1.057426e-01   1.066433e-01   1.098977e-01   1.789313e-01   9.239536e-01   1.035304e+00   1.751327e+01   4.916758e+00
   1.295434e-01   1.321657e-01   1.425856e-01   1.768943e-01   2.731038e-01   7.849785e-01   1.394369e+00   1.388142e+01   7.795440e+00   5.360640e+00
   9.471316e-02   9.495945e-02   9.585718e-02   1.046142e-01   1.301545e-01   1.763614e-01   9.277735e-01   1.229493e+01   6.297629e+00   1.097986e+01
   8.691952e-02   8.861278e-02   9.487143e-02   1.151256e-01   1.767750e-01   1.533351e+00   2.543907e+00   1.103673e+01   1.263310e+01   4.743139e-01
   1.034005e-01   1.049888e-01   1.105473e-01   1.294563e-01   1.789874e-01   2.853450e-01   3.059974e+00   3.580781e+00   1.483228e+01   9.866057e+00
   1.013239e-01   1.042421e-01   1.143885e-01   2.591950e-01   5.327644e-01   1.861832e+00   3.229615e+00   4.457102e+00   1.671709e+01   2.318585e-01
   7.438599e-02   7.493620e-02   7.680493e-02   8.346507e-02   1.919621e-01   1.673937e+00   5.992187e+00   7.086945e+00   1.043946e+01   1.065225e+01
   8.062208e-02   9.143404e-02   1.284382e-01   2.491157e-01   6.331395e-01   1.455251e+00   4.268420e+00   5.234525e+00   8.167244e+00   1.541852e+01
   7.042933e-02   7.053124e-02   7.089064e-02   7.205657e-02   7.697804e-02   1.758123e-01   8.229176e-01   9.739957e-01   1.801494e+01   7.760247e-02
   8.158530e-02   8.191605e-02   8.323994e-02   8.765507e-02   9.926588e-02   2.933661e-01   3.070915e+00   1.121478e+01   1.177039e+01   4.473233e+00
   9.778176e-02   1.096495e-01   1.515889e-01   2.869975e-01   7.186901e-01   1.559295e+00   5.325908e+00   6.784990e+00   1.116345e+01   1.083947e+01
   7.915574e-02   8.855490e-02   1.217088e-01   4.305702e-01   1.190579e+00   2.844400e+00   5.302151e+00   1.272327e+01   7.472524e+00   2.191601e-01
   8.255485e-02   8.500987e-02   9.527863e-02   1.271341e-01   2.276170e-01   4.363575e-01   1.196663e+00   1.454632e+00   1.746740e+01   4.658651e+00
   7.187981e-02   8.417080e-02   1.268676e-01   2.752457e-01   8.247364e-01   3.359248e+00   6.034998e+00   9.936921e+00   6.575078e+00   9.583890e+00
   1.254765e-01   1.282074e-01   1.390576e-01   1.745879e-01   8.344344e-01   2.969644e+00   5.073441e+00   1.231266e+01   7.487648e+00   5.272906e+00
   7.274620e-02   7.431693e-02   7.983158e-02   9.852149e-02   1.473635e-01   2.657786e-01   4.486901e-01   3.813204e+00   1.055744e+01   1.562911e+01
   1.116154e-01   1.145941e-01   1.264392e-01   1.654302e-01   2.894318e-01   5.737644e-01   1.478969e+00   1.386344e+01   7.777451e+00   5.342651e+00
   1.354374e-01   1.364236e-01   1.400277e-01   1.516643e-01   1.856173e-01   9.074291e-01   1.474247e+00   6.322362e+00   1.659955e+01   5.925643e-01
   1.129934e-01   1.136581e-01   1.159297e-01   1.234384e-01   1.457661e-01   6.288133e-01   5.599919e+00   1.112887e+01   6.547286e+00   9.966489e+00
   7.115688e-02   9.310312e-02   1.664565e-01   4.090155e-01   1.112904e+00   2.606562e+00   5.282499e+00   7.351003e+00   1.318298e+01   5.208352e+00
   1.027753e-01   1.101697e-01   1.348712e-01   4.000686e-01   1.035407e+00   2.356201e+00   8.235575e+00   1.065952e+01   7.438273e+00   2.606164e+00
   1.205009e-01   1.246861e-01   1.397690e-01   1.930909e-01   3.537919e-01   3.786932e+00   6.286347e+00   8.623781e+00   6.245400e+00   1.132338e+01
   1.024840e-01   1.216327e-01   1.868866e-01   4.058382e-01   1.095235e+00   2.427796e+00   8.510296e+00   1.044119e+01   7.575604e+00   3.353331e-01
   1.078078e-01   1.078412e-01   1.079883e-01   1.084503e-01   1.176996e-01   2.418514e-01   3.310635e-01   3.397340e+00   3.940348e+00   1.920770e+01
   8.409060e-02   8.521498e-02   8.961147e-02   1.033375e-01   1.514584e-01   2.484966e-01   2.633787e+00   3.019195e+00   8.707238e+00   1.685823e+01
   7.420956e-02   7.446150e-02   7.534300e-02   7.870259e-02   8.980089e-02   3.163869e-01   5.056615e-01   7.090191e+00   4.155225e+00   1.745182e+01
   1.131218e-01   1.251171e-01   1.654021e-01   3.207935e-01   7.899817e-01   1.696628e+00   6.852095e+00   8.099667e+00   1.191981e+01   5.251067e+00
   1.200852e-01   1.259344e-01   1.457516e-01   2.149998e-01   4.286213e-01   8.433891e-01   8.736448e+00   1.009374e+01   8.707560e+00   4.160170e-01
   1.314902e-01   1.383820e-01   1.623198e-01   2.400175e-01   1.307139e+00   2.716560e+00   5.025104e+00   1.120123e+01   7.505816e+00   8.396517e+00
   5.582717e-02   5.701973e-02   6.119150e-02   1.068775e-01   2.019572e-01   4.092905e-01   3.199365e+00   1.101912e+01   1.250752e+01   4.557310e-01
   1.070886e-01   1.166941e-01   1.487076e-01   2.541484e-01   5.403046e-01   1.147961e+00   3.755609e+00   1.312374e+01   7.761084e+00   5.747358e+00
   6.750912e-02   7.916709e-02   1.200958e-01   2.649968e-01   7.235407e-01   3.316435e+00   5.734780e+00   8.302647e+00   1.194484e+01   4.856580e+00
   6.129713e-02   7.616376e-02   1.263213e-01   2.992751e-01   8.361497e-01   1.901031e+00   7.799247e+00   9.231226e+00   6.672040e+00   9.014899e+00
   1.250644e-01   1.363375e-01   1.738959e-01   6.062282e-01   1.484522e+00   3.444906e+00   6.584890e+00   8.954648e+00   7.072119e+00   9.815165e+00
   6.785946e-02   6.799287e-02   6.851539e-02   7.034496e-02   1.035837e-01   5.906003e-01   9.518586e-01   1.126074e+01   1.285550e+01   1.539050e-01
   5.785420e-02   5.797443e-02   5.849105e-02   6.424788e-02   7.543760e-02   1.020490e-01   1.446667e-01   1.772875e-01   1.595620e-01   2.005640e+01
   1.059720e-01   1.138114e-01   1.411093e-01   2.301135e-01   1.439083e+00   3.058938e+00   5.903405e+00   8.846196e+00   1.219350e+01   5.352919e-01
   1.025367e-01   1.057732e-01   1.175229e-01   1.618324e-01   7.370814e-01   1.507543e+00   5.150405e+00   9.924047e+00   1.149733e+01   5.565251e+00
   7.302116e-02   7.785860e-02   9.740006e-02   2.821747e-01   6.971282e-01   2.924868e+00   4.992044e+00   1.247290e+01   7.258928e+00   4.781401e+00
   1.268618e-01   1.342366e-01   1.588319e-01   4.529097e-01   1.013350e+00   4.192591e+00   7.357639e+00   1.001833e+01   7.258375e+00   5.404824e+00
   8.625645e-02   9.182197e-02   1.120863e-01   1.769066e-01   3.498784e-01   1.431050e+00   2.429208e+00   3.687046e+00   1.418982e+01   1.092986e+01
   1.190347e-01   1.253144e-01   1.463394e-01   2.175024e-01   1.304139e+00   2.882025e+00   5.280179e+00   7.282914e+00   1.078575e+01   1.002135e+01
   1.008998e-01   1.093200e-01   1.388151e-01   2.345357e-01   5.687209e-01   2.039087e+00   3.647946e+00   5.163811e+00   4.208014e+00   1.747809e+01
   8.675666e-02   1.100753e-01   1.971995e-01   5.152739e-01   1.515182e+00   3.498007e+00   6.621318e+00   9.067551e+00   6.561459e+00   9.738141e+00
   9.029239e-02   9.106281e-02   9.384533e-02   1.027608e-01   1.327974e-01   1.898092e-01   3.981519e-01   4.958470e+00   1.491871e+01   9.644308e+00
   1.306266e-01   1.312816e-01   1.334822e-01   1.406970e-01   1.605517e-01   5.850913e-01   6.100598e+00   1.248626e+01   7.291221e+00   5.115432e+00
   8.102465e-02   8.334013e-02   9.103711e-02   1.181931e-01   1.970806e-01   5.843327e-01   3.823468e+00   1.400336e+01   7.490586e+00   8.810485e-02
   1.174201e-01   1.435056e-01   2.313032e-01   5.196093e-01   1.350614e+00   3.036439e+00   5.653828e+00   1.248190e+01   7.509786e+00   3.307784e-01
   1.049113e-01   1.057353e-01   1.086655e-01   1.192878e-01   1.571672e-01   2.276936e-01   3.810582e-01   1.124850e+00   1.559818e+01   1.019523e+01
   8.363070e-02   8.397358e-02   8.522354e-02   8.924959e-02   1.012846e-01   3.770147e-01   4.327384e+00   4.893598e+00   1.387765e+01   9.672495e+00
   8.420532e-02   9.644309e-02   1.401563e-01   5.994420e-01   1.545871e+00   3.946313e+00   7.637461e+00   1.033868e+01   7.477276e+00   1.021418e-01
   9.927323e-02   9.949256e-02   1.002699e-01   1.101861e-01   1.315816e-01   2.293098e-01   3.312781e-01   4.094627e+00   1.063366e+01   1.552300e+01
   1.264436e-01   1.298357e-01   1.414117e-01   1.847328e-01   3.317656e-01   3.476068e+00   5.699307e+00   7.823900e+00   1.238224e+01   5.344352e+00
   9.433272e-02   9.889321e-02   1.150341e-01   1.676814e-01   3.278473e-01   6.660913e-01   1.172956e+00   1.454590e+01   7.629645e+00   2.311027e-01
   6.464378e-02   6.660562e-02   7.364911e-02   1.384643e-01   2.670641e-01   3.467111e+00   5.733326e+00   8.444526e+00   1.254542e+01   2.203500e-01
   7.106356e-02   7.294807e-02   7.956811e-02   1.021318e-01   1.668582e-01   1.640263e+00   2.684374e+00   1.259365e+01   6.682409e+00   9.025268e+00
   1.055287e-01   1.196442e-01   1.704883e-01   3.413330e-01   8.228785e-01   1.878592e+00   3.435693e+00   4.902147e+00   1.645904e+01   1.842351e-01
   8.927956e-02   9.767179e-02   1.268135e-01   2.248452e-01   4.989111e-01   1.875813e+00   3.549243e+00   1.381157e+01   7.707069e+00   1.416024e-01
   1.071432e-01   1.112697e-01   1.251592e-01   1.725590e-01   3.007687e-01   2.968684e+00   5.005755e+00   1.234331e+01   7.530177e+00   5.217233e+00
   1.126220e-01   1.178089e-01   1.353265e-01   1.927105e-01   3.887378e-01   7.549583e-01   7.839078e+00   9.184373e+00   6.911544e+00   9.651453e+00
   7.661309e-02   7.887773e-02   8.660804e-02   1.119008e-01   1.795875e-01   3.353402e-01   4.413170e+00   5.406033e+00   3.906432e+00   1.736496e+01
   6.774758e-02   7.074406e-02   8.122517e-02   1.183379e-01   7.612657e-01   3.266357e+00   5.648874e+00   8.176577e+00   1.289995e+01   2.203842e-01
   1.193561e-01   1.324210e-01   1.766230e-01   3.231669e-01   7.391255e-01   2.740616e+00   4.918738e+00   1.218521e+01   8.166998e+00   5.075745e+00
   1.207427e-01   1.212768e-01   1.232838e-01   1.306830e-01   2.658529e-01   6.635567e-01   1.185113e+00   4.750109e+00   1.661208e+01   5.368416e+00
   1.173758e-01   1.228359e-01   1.416710e-01   2.070262e-01   4.054557e-01   1.332545e+00   2.229449e+00   3.169169e+00   1.073032e+01   1.537433e+01
   7.618665e-02   8.150495e-02   9.970851e-02   1.593652e-01   9.721025e-01   2.150234e+00   6.395372e+00   8.011733e+00   1.202959e+01   5.412498e+00
   7.749581e-02   7.890231e-02   8.405693e-02   1.015534e-01   3.557827e-01   3.412034e+00   6.012173e+00   8.106468e+00   1.188919e+01   4.971053e+00
   7.494820e-02   7.931600e-02   9.496264e-02   1.491216e-01   3.097854e-01   6.452007e-01   1.160225e+00   1.458319e+01   7.468796e+00   2.525142e-01
   1.113274e-01   1.116608e-01   1.127951e-01   1.166493e-01   1.280608e-01   3.719780e-01   3.973819e+00   4.589910e+00   1.665788e+01   2.201227e-01
   9.229946e-02   9.378330e-02   9.900818e-02   1.543911e-01   2.616233e-01   5.502912e-01   7.651466e+00   9.375321e+00   6.626024e+00   9.854792e+00
   7.315540e-02   8.429837e-02   1.215143e-01   2.441066e-01   5.936724e-01   1.332627e+00   5.815505e+00   1.249869e+01   8.279470e+00   1.677983e+00
   8.560081e-02   9.531766e-02   1.290909e-01   2.414204e-01   6.696061e-01   2.715190e+00   4.855558e+00   7.970823e+00   1.074881e+01   9.843623e+00
   8.252709e-02   9.658549e-02   1.488209e-01   3.241127e-01   8.972042e-01   2.003796e+00   6.859828e+00   8.286235e+00   1.241283e+01   2.046860e-01
   9.389886e-02   9.422607e-02   9.537760e-02   9.920692e-02   1.119555e-01   3.543600e-01   5.598072e-01   6.602110e+00   4.152385e+00   1.778141e+01
   1.253388e-01   1.282699e-01   1.388168e-01   1.729112e-01   8.505783e-01   2.933021e+00   5.042413e+00   8.206967e+00   1.232841e+01   6.507336e+00
   1.163164e-01   1.214173e-01   1.383093e-01   1.952064e-01   9.351968e-01   3.105838e+00   6.175050e+00   8.128433e+00   1.274177e+01   7.592776e-01
   1.127788e-01   1.171379e-01   1.326593e-01   3.344280e-01   8.034616e-01   2.927300e+00   5.412104e+00   7.253810e+00   1.302647e+01   5.847031e+00
   1.160899e-01   1.442740e-01   2.405159e-01   5.756040e-01   1.681133e+00   3.760788e+00   7.029044e+00   9.724528e+00   7.021527e+00   7.251871e+00
   8.826265e-02   9.048977e-02   9.867799e-02   1.259639e-01   2.017960e-01   3.674267e-01   3.395833e+00   1.346309e+01   7.801506e+00   5.030745e+00
   9.965256e-02   1.083953e-01   1.382740e-01   2.384507e-01   1.301737e+00   2.841855e+00   5.355358e+00   1.261987e+01   7.715270e+00   5.912002e-01
   1.067233e-01   1.079477e-01   1.125106e-01   1.296774e-01   3.836059e-01   3.452951e+00   5.907606e+00   8.018354e+00   1.204202e+01   5.228877e+00
   5.657828e-02   5.707538e-02   5.875648e-02   6.441627e-02   8.125337e-02   1.148412e-01   8.938873e-01   1.016840e+01   1.174347e+01   8.433326e+00
   8.340118e-02   8.430998e-02   8.733818e-02   9.778063e-02   1.251627e-01   7.856407e-01   8.801825e+00   1.005023e+01   7.242501e+00   5.083770e+00
   5.544121e-02   5.816572e-02   6.775684e-02   1.671117e-01   3.769787e-01   8.325955e-01   7.167812e+00   8.174649e+00   1.250700e+01   4.562724e-01
   1.096121e-01   1.388301e-01   2.377426e-01   5.618108e-01   1.619675e+00   3.638232e+00   7.551938e+00   1.022716e+01   8.196867e+00   1.064843e+00
   9.718558e-02   9.731009e-02   9.777813e-02   1.058632e-01   2.357533e-01   2.216616e+00   6.672609e+00   8.056407e+00   1.205974e+01   4.950435e+00
   8.086933e-02   8.367386e-02   9.489766e-02   1.322995e-01   2.306927e-01   1.875480e+00   3.075912e+00   1.367202e+01   7.289520e+00   4.532076e+00
   1.025810e-01   1.184998e-01   1.727911e-01   3.660192e-01   9.958830e-01   2.370312e+00   4.433061e+00   1.050787e+01   6.368590e+00   1.132864e+01
   8.225971e-02   8.313425e-02   8.620477e-02   9.644454e-02   1.234031e-01   5.860132e-01   7.390910e+00   8.588146e+00   1.206349e+01   1.067610e-01
   9.049629e-02   9.686067e-02   1.184376e-01   1.956775e-01   1.452068e+00   3.083390e+00   6.524979e+00   8.640043e+00   6.799914e+00   1.073497e+01
