   6.351332e-01   9.281534e-01   9.037863e-01   9.051691e-01   5.170584e-01   5.754915e-01   6.468507e-01   6.906484e-01   7.469810e-01   7.777768e-01   8.438762e-01   8.695891e-01   9.148774e-01   9.660169e-01
   8.252880e-01   8.206587e-01   9.874612e-01   1.000000e+00   5.169313e-01   5.827828e-01   6.467424e-01   6.944464e-01   7.464814e-01   7.764428e-01   8.024760e-01   8.624251e-01   9.077701e-01   9.704387e-01
   6.151222e-01   2.155451e-05   1.113131e-04   1.915415e-04   5.221539e-01   5.844366e-01   6.255485e-01   6.844922e-01   7.242792e-01   7.764191e-01   7.384900e-01   8.690949e-01   9.168345e-01   9.762690e-01
   8.848452e-01   0.000000e+00   8.691486e-01   1.000000e+00   5.627284e-01   5.840479e-01   6.287094e-01   6.942531e-01   7.249069e-01   7.751943e-01   8.319123e-01   8.694603e-01   9.092636e-01   9.706549e-01
   6.322600e-01   0.000000e+00   2.810281e-01   0.000000e+00   5.165906e-01   5.816614e-01   6.481334e-01   6.831585e-01   7.245123e-01   7.852337e-01   8.138165e-01   8.694121e-01   9.149006e-01   9.722230e-01
   9.999546e-01   0.000000e+00   2.696060e-01   0.000000e+00   5.165532e-01   5.758245e-01   6.287252e-01   6.939625e-01   7.246168e-01   7.776721e-01   8.138397e-01   8.694103e-01   9.149006e-01   9.723731e-01
   6.156396e-01   9.001986e-01   0.000000e+00   9.774645e-01   5.219382e-01   5.859793e-01   6.280197e-01   6.954522e-01   7.242838e-01   7.941505e-01   8.196511e-01   8.621357e-01   9.153466e-01   9.762963e-01
   7.291346e-01   1.054290e-06   9.497643e-01   0.000000e+00   5.170940e-01   5.842370e-01   6.300338e-01   6.961550e-01   7.258788e-01   7.754130e-01   8.226145e-01   8.693170e-01   9.151501e-01   9.710229e-01
   6.226858e-01   1.000000e+00   9.613094e-01   1.001363e-01   5.082359e-01   5.842084e-01   6.265888e-01   6.847800e-01   7.471374e-01   7.764878e-01   8.318182e-01   8.544308e-01   9.092694e-01   9.706506e-01
   9.996949e-01   0.000000e+00   0.000000e+00   0.000000e+00   5.171684e-01   5.809084e-01   6.464421e-01   6.959486e-01   7.244271e-01   7.755273e-01   8.225607e-01   8.692836e-01   9.154374e-01   9.721530e-01
   7.728217e-01   8.367614e-01   9.874612e-01   1.000000e+00   5.061089e-01   5.827828e-01   6.467424e-01   6.944119e-01   7.464814e-01   7.762786e-01   8.018503e-01   8.624251e-01   9.092643e-01   9.704415e-01
   6.428808e-01   1.294075e-06   9.731452e-01   8.820285e-01   5.214179e-01   5.753331e-01   6.247825e-01   6.953215e-01   7.246503e-01   7.764123e-01   8.128147e-01   8.680918e-01   9.153294e-01   9.705627e-01
   9.407154e-01   9.263688e-01   8.243161e-01   8.912646e-01   5.174050e-01   5.833620e-01   6.279420e-01   6.886326e-01   7.527006e-01   7.777279e-01   8.205597e-01   8.712970e-01   9.092182e-01   9.657054e-01
   6.460759e-01   7.945061e-07   1.000000e+00   9.323461e-01   5.157801e-01   5.842018e-01   6.468106e-01   6.962713e-01   7.292056e-01   7.772228e-01   8.282554e-01   8.692870e-01   9.441436e-01   9.708268e-01
   9.513040e-01   3.015978e-05   2.052202e-04   0.000000e+00   5.171701e-01   5.871987e-01   6.284628e-01   6.951944e-01   7.356278e-01   7.751425e-01   8.317465e-01   8.680893e-01   9.091118e-01   9.709487e-01
   9.115753e-01   4.293672e-09   0.000000e+00   0.000000e+00   5.193953e-01   5.848806e-01   6.558846e-01   6.959905e-01   7.231739e-01   7.777099e-01   8.226476e-01   8.936313e-01   9.153984e-01   9.721859e-01
   9.187936e-01   0.000000e+00   0.000000e+00   0.000000e+00   5.193953e-01   5.859802e-01   6.558846e-01   6.820948e-01   7.242588e-01   7.947755e-01   8.241377e-01   8.625456e-01   9.153468e-01   9.722146e-01
   6.226858e-01   9.466111e-01   9.613094e-01   4.389310e-02   5.082359e-01   5.842084e-01   6.296085e-01   6.847800e-01   7.471374e-01   7.764878e-01   8.320704e-01   8.543198e-01   9.093647e-01   9.706498e-01
   8.009179e-01   4.293672e-09   0.000000e+00   0.000000e+00   5.172746e-01   5.848806e-01   6.305594e-01   6.959905e-01   7.231250e-01   7.751775e-01   8.226476e-01   8.936313e-01   9.153984e-01   9.721859e-01
   9.775354e-01   1.059711e-08   9.587804e-01   0.000000e+00   5.172367e-01   5.842363e-01   6.301850e-01   6.949206e-01   7.256146e-01   7.754127e-01   8.223030e-01   8.693166e-01   9.157870e-01   9.710334e-01
   7.330341e-01   9.218204e-01   8.174145e-01   1.218726e-01   5.173590e-01   5.834528e-01   6.247417e-01   6.959366e-01   7.249143e-01   7.821898e-01   8.206102e-01   8.594693e-01   9.091388e-01   9.709154e-01
   5.148714e-01   8.279815e-01   9.632606e-01   9.867954e-01   5.178270e-01   5.861784e-01   6.466984e-01   7.766023e-01   7.230495e-01   7.764436e-01   8.130905e-01   8.616580e-01   9.153466e-01   9.696916e-01
   8.435560e-01   0.000000e+00   0.000000e+00   0.000000e+00   5.171947e-01   5.841705e-01   6.295510e-01   6.952144e-01   7.246745e-01   7.752087e-01   8.225607e-01   8.692833e-01   9.151367e-01   9.707704e-01
   7.063350e-01   1.000000e+00   0.000000e+00   0.000000e+00   5.423371e-01   5.841826e-01   6.269593e-01   6.861540e-01   7.472705e-01   7.917384e-01   8.318237e-01   8.679567e-01   9.155083e-01   9.706456e-01
   8.526631e-01   3.389467e-05   5.361730e-04   0.000000e+00   5.141256e-01   5.750726e-01   6.245883e-01   6.937699e-01   7.434473e-01   7.777046e-01   8.137419e-01   8.690178e-01   9.089743e-01   9.823764e-01
   6.410343e-01   1.000000e+00   0.000000e+00   0.000000e+00   5.169142e-01   5.848589e-01   6.264941e-01   7.141513e-01   7.230865e-01   7.778928e-01   8.243319e-01   8.682485e-01   9.064985e-01   9.710975e-01
   5.148714e-01   9.060231e-01   9.632606e-01   9.867954e-01   5.172294e-01   5.841490e-01   6.466984e-01   7.766023e-01   7.231099e-01   7.764436e-01   8.130905e-01   8.616154e-01   9.153466e-01   9.697024e-01
   6.353592e-01   8.279815e-01   9.632606e-01   9.867954e-01   5.178270e-01   5.865092e-01   6.466984e-01   7.766023e-01   7.230937e-01   7.764749e-01   8.333155e-01   8.616580e-01   9.153466e-01   9.708255e-01
   7.377551e-01   0.000000e+00   0.000000e+00   0.000000e+00   5.213699e-01   5.842834e-01   6.302152e-01   6.962699e-01   7.369209e-01   7.777271e-01   8.205432e-01   8.692394e-01   9.156248e-01   9.710323e-01
   7.229117e-01   3.446529e-08   3.829667e-05   1.285264e-05   5.176173e-01   5.749365e-01   6.261777e-01   6.937638e-01   7.164166e-01   7.643608e-01   8.151954e-01   8.672738e-01   9.160620e-01   9.710328e-01
   6.069577e-01   0.000000e+00   0.000000e+00   0.000000e+00   5.173303e-01   5.833195e-01   6.465173e-01   6.939369e-01   7.514700e-01   7.777170e-01   8.424360e-01   8.705596e-01   9.091354e-01   9.657843e-01
   7.168553e-01   7.925470e-01   2.223125e-01   0.000000e+00   5.249231e-01   5.947744e-01   6.302984e-01   7.181892e-01   7.234875e-01   7.777804e-01   8.285278e-01   8.695639e-01   9.068396e-01   9.653674e-01
   8.977850e-01   2.951277e-05   9.064524e-05   0.000000e+00   5.152002e-01   5.838712e-01   6.284867e-01   6.962620e-01   7.958080e-01   7.847250e-01   8.318047e-01   8.636735e-01   9.164486e-01   9.712240e-01
   9.996949e-01   0.000000e+00   3.848073e-05   1.506622e-03   5.171873e-01   5.843288e-01   6.464421e-01   6.959486e-01   7.171824e-01   7.755273e-01   8.225607e-01   8.692836e-01   9.154317e-01   9.721530e-01
   8.932007e-01   2.253060e-05   4.895540e-06   2.189096e-04   5.056029e-01   5.760269e-01   6.279241e-01   6.964001e-01   7.207287e-01   7.763938e-01   8.205470e-01   8.689250e-01   9.154389e-01   9.707544e-01
   6.233345e-01   3.009372e-05   9.731452e-01   8.759346e-01   5.146158e-01   5.753331e-01   6.247825e-01   6.953215e-01   7.214894e-01   7.764240e-01   8.320294e-01   8.680918e-01   9.153126e-01   9.705627e-01
   8.681552e-01   0.000000e+00   6.904091e-03   5.049090e-04   5.172765e-01   5.863100e-01   6.270896e-01   6.829399e-01   7.744254e-01   7.775142e-01   8.190588e-01   8.694157e-01   9.163437e-01   9.708248e-01
   9.723445e-01   4.534106e-05   0.000000e+00   1.411190e-01   5.213428e-01   5.842378e-01   6.246443e-01   6.845544e-01   7.354355e-01   7.783880e-01   8.243735e-01   8.681412e-01   9.145048e-01   9.709595e-01
   8.590010e-01   0.000000e+00   9.158561e-02   0.000000e+00   5.083396e-01   5.754227e-01   6.461147e-01   6.937715e-01   7.238375e-01   7.753216e-01   8.221717e-01   8.690242e-01   9.146159e-01   9.710301e-01
   9.181976e-01   1.294075e-06   9.731452e-01   0.000000e+00   5.214315e-01   5.845822e-01   6.247825e-01   6.959602e-01   7.264243e-01   7.755421e-01   8.225906e-01   8.692553e-01   9.095745e-01   9.705627e-01
   8.634443e-01   3.391479e-05   8.666861e-04   0.000000e+00   5.192554e-01   5.854835e-01   6.266089e-01   7.081369e-01   7.434473e-01   7.777046e-01   8.216836e-01   8.673240e-01   9.151249e-01   9.709489e-01
   6.991180e-01   0.000000e+00   0.000000e+00   0.000000e+00   5.175387e-01   5.871987e-01   6.284628e-01   7.737924e-01   7.468630e-01   7.751425e-01   8.407940e-01   8.680886e-01   9.158105e-01   9.709487e-01
   6.428808e-01   4.977732e-02   9.737390e-01   9.313931e-01   5.214179e-01   5.751332e-01   6.247822e-01   6.953215e-01   7.249074e-01   7.761312e-01   8.128147e-01   8.680918e-01   9.091342e-01   9.705627e-01
   6.901826e-01   2.121576e-03   2.105785e-04   7.355477e-02   5.098017e-01   5.948852e-01   6.401232e-01   6.955572e-01   7.357305e-01   7.777421e-01   8.228987e-01   8.690139e-01   9.089750e-01   9.707876e-01
   5.897641e-01   2.055768e-03   5.508746e-03   5.049090e-04   5.172765e-01   5.861704e-01   6.270896e-01   6.829399e-01   7.199202e-01   7.855015e-01   8.342568e-01   8.694139e-01   9.155113e-01   9.708221e-01
   7.017707e-01   0.000000e+00   1.146907e-01   1.312063e-03   5.173824e-01   6.013839e-01   6.461939e-01   6.861540e-01   7.246051e-01   7.777794e-01   8.244553e-01   8.693195e-01   9.155083e-01   9.706314e-01
   8.088597e-01   2.703494e-04   9.239199e-02   1.488291e-01   5.198962e-01   5.836437e-01   6.463459e-01   6.846220e-01   7.315569e-01   7.855871e-01   8.226692e-01   8.694199e-01   9.158339e-01   9.767140e-01
   7.291346e-01   2.387744e-03   2.070125e-01   1.153190e-01   5.200295e-01   5.765793e-01   6.299692e-01   6.949020e-01   7.232883e-01   7.753751e-01   8.243748e-01   8.692485e-01   9.145191e-01   9.735225e-01
   9.704055e-01   1.075109e-10   0.000000e+00   0.000000e+00   5.173316e-01   5.833195e-01   6.102409e-01   6.938320e-01   7.514700e-01   7.777170e-01   8.422479e-01   8.705596e-01   9.091354e-01   9.704962e-01
   5.103223e-01   2.262706e-05   4.902283e-06   5.807300e-03   5.056029e-01   5.759551e-01   6.462199e-01   6.844637e-01   7.210606e-01   7.765804e-01   8.227431e-01   8.690177e-01   9.158357e-01   9.707200e-01
   6.405871e-01   0.000000e+00   9.512150e-01   0.000000e+00   5.179692e-01   5.842472e-01   6.250377e-01   6.941902e-01   7.281357e-01   7.752840e-01   8.316707e-01   8.271014e-01   9.173292e-01   9.707890e-01
   9.723445e-01   3.086699e-05   0.000000e+00   1.067662e-01   5.204604e-01   5.842406e-01   6.140517e-01   6.844987e-01   7.234149e-01   7.780885e-01   8.195135e-01   8.681412e-01   9.145048e-01   9.709487e-01
   8.932007e-01   2.262706e-05   7.296024e-05   0.000000e+00   5.056029e-01   5.852707e-01   6.270560e-01   6.949169e-01   7.207263e-01   7.763938e-01   8.205755e-01   8.689250e-01   9.154387e-01   9.707102e-01
   6.156396e-01   0.000000e+00   0.000000e+00   9.774645e-01   5.219382e-01   5.859793e-01   6.280498e-01   6.956564e-01   7.411552e-01   7.941505e-01   8.197205e-01   8.621087e-01   9.153466e-01   9.762963e-01
   9.530239e-01   3.015978e-05   7.597519e-03   2.846415e-02   5.144634e-01   5.871987e-01   6.284628e-01   6.951941e-01   7.356278e-01   7.751425e-01   8.317368e-01   8.613868e-01   9.154291e-01   9.709487e-01
   9.446479e-01   2.807860e-09   7.859878e-01   3.279699e-02   5.193953e-01   5.809941e-01   6.324627e-01   6.936235e-01   7.261687e-01   7.776235e-01   8.228973e-01   8.682013e-01   9.160610e-01   9.705646e-01
   8.711347e-01   9.113833e-01   8.145401e-01   0.000000e+00   5.173742e-01   5.835982e-01   6.249220e-01   6.939375e-01   7.250348e-01   7.777334e-01   8.267668e-01   8.695891e-01   9.155142e-01   9.706489e-01
   8.675647e-01   7.673890e-07   9.132285e-02   2.301031e-04   5.090432e-01   5.680523e-01   6.060592e-01   6.858525e-01   7.238603e-01   7.773348e-01   8.201065e-01   8.695740e-01   9.089692e-01   9.710304e-01
   5.842115e-01   7.925470e-01   0.000000e+00   0.000000e+00   5.174586e-01   6.157697e-01   6.302984e-01   7.101748e-01   7.520200e-01   7.777804e-01   8.342231e-01   8.695559e-01   9.065072e-01   9.653674e-01
   9.513040e-01   3.015978e-05   0.000000e+00   0.000000e+00   5.201293e-01   5.871987e-01   6.284628e-01   6.964252e-01   7.356278e-01   7.751425e-01   8.317465e-01   8.680893e-01   9.091118e-01   9.707931e-01
   8.509432e-01   0.000000e+00   8.138120e-04   3.905092e-02   5.171263e-01   5.841546e-01   6.301866e-01   6.939325e-01   7.243303e-01   7.773309e-01   8.205559e-01   8.677724e-01   9.155422e-01   9.710240e-01
   8.882271e-01   2.620521e-04   9.953043e-01   4.572746e-04   5.142303e-01   5.755314e-01   6.313824e-01   6.949529e-01   7.274466e-01   7.772298e-01   8.334042e-01   8.694929e-01   9.154388e-01   9.708252e-01
   8.590670e-01   3.064829e-05   1.780712e-03   0.000000e+00   5.217109e-01   5.753279e-01   6.461147e-01   6.939417e-01   7.259676e-01   7.753504e-01   8.221717e-01   8.690260e-01   9.145459e-01   9.710239e-01
   8.526631e-01   0.000000e+00   3.396866e-02   3.839161e-02   5.144195e-01   5.810188e-01   6.302350e-01   6.939322e-01   7.370953e-01   7.777263e-01   8.205324e-01   8.678530e-01   9.151271e-01   9.710319e-01
   9.457271e-01   9.218204e-01   9.049543e-01   1.218726e-01   5.173590e-01   5.835137e-01   6.247417e-01   6.906290e-01   7.249274e-01   7.630173e-01   8.221314e-01   8.691369e-01   9.091517e-01   9.656937e-01
   6.405871e-01   2.482916e-03   9.512150e-01   0.000000e+00   5.179692e-01   5.842472e-01   6.250377e-01   6.964834e-01   7.281357e-01   7.752982e-01   8.240876e-01   8.688964e-01   9.153337e-01   9.707881e-01
   6.151222e-01   2.132910e-05   8.041811e-02   1.915415e-04   5.221456e-01   5.844366e-01   6.255485e-01   6.844922e-01   7.265157e-01   7.764191e-01   7.823605e-01   8.690949e-01   9.168345e-01   9.761133e-01
   9.723445e-01   1.707449e-05   0.000000e+00   1.887558e-01   5.154853e-01   5.842860e-01   6.299603e-01   6.845544e-01   7.234200e-01   7.782595e-01   8.243735e-01   8.682257e-01   9.145048e-01   9.735522e-01
   8.086272e-01   2.316332e-05   0.000000e+00   5.872875e-03   5.056029e-01   5.760225e-01   6.461256e-01   6.964004e-01   7.208446e-01   7.775384e-01   8.226282e-01   8.689250e-01   9.158210e-01   9.707544e-01
   6.246346e-01   1.557011e-06   0.000000e+00   1.600360e-03   5.180053e-01   5.813195e-01   6.296562e-01   6.958882e-01   7.351632e-01   7.786052e-01   8.206104e-01   8.668530e-01   9.154672e-01   9.707505e-01
   9.994950e-01   0.000000e+00   3.900192e-05   1.105139e-03   5.204533e-01   5.841494e-01   6.295691e-01   6.958918e-01   7.482334e-01   7.751269e-01   8.196344e-01   8.680386e-01   9.160659e-01   9.721657e-01
   9.714154e-01   4.089776e-05   0.000000e+00   1.240914e-04   5.213252e-01   5.836336e-01   6.465838e-01   6.958745e-01   7.351565e-01   7.785681e-01   8.243819e-01   8.915309e-01   9.154222e-01   9.716496e-01
   6.233740e-01   0.000000e+00   9.731452e-01   8.759346e-01   5.146158e-01   5.834304e-01   6.247825e-01   6.939080e-01   7.575130e-01   7.777029e-01   8.320294e-01   8.682298e-01   9.091015e-01   9.705627e-01
   5.707736e-01   3.015978e-05   2.052202e-04   0.000000e+00   5.171587e-01   5.871987e-01   6.284628e-01   6.951944e-01   7.350518e-01   7.776372e-01   8.317465e-01   8.669931e-01   9.085293e-01   9.706701e-01
   1.000000e+00   0.000000e+00   6.904091e-03   5.049090e-04   5.172740e-01   6.393246e-01   6.270896e-01   6.957086e-01   7.744254e-01   7.775142e-01   8.190588e-01   8.694163e-01   9.153487e-01   9.708248e-01
   9.520429e-01   6.960970e-04   6.020743e-02   0.000000e+00   5.201144e-01   5.842540e-01   6.468379e-01   6.952010e-01   7.240225e-01   7.777053e-01   8.244089e-01   8.695666e-01   9.154387e-01   9.709980e-01
   6.460759e-01   7.684212e-07   1.000000e+00   0.000000e+00   5.094489e-01   5.842018e-01   6.468106e-01   6.962713e-01   7.292056e-01   7.772222e-01   8.284158e-01   8.695838e-01   9.436484e-01   9.708268e-01
   9.775354e-01   0.000000e+00   8.944856e-01   2.960442e-04   5.172367e-01   5.758637e-01   6.300449e-01   6.948961e-01   7.256242e-01   7.754726e-01   8.220852e-01   8.693166e-01   9.090524e-01   9.723382e-01
   6.201676e-01   2.155451e-05   0.000000e+00   1.915415e-04   5.221539e-01   5.844366e-01   6.255485e-01   6.844922e-01   7.267139e-01   7.857311e-01   8.212504e-01   8.690950e-01   9.168345e-01   9.762690e-01
   9.610309e-01   1.026609e-04   8.745905e-04   0.000000e+00   5.192554e-01   5.854835e-01   6.304716e-01   7.081369e-01   7.435255e-01   7.778537e-01   8.229108e-01   8.673240e-01   9.151528e-01   9.772486e-01
   9.589208e-01   0.000000e+00   0.000000e+00   1.506622e-03   5.171873e-01   5.843288e-01   6.464421e-01   6.936153e-01   7.171824e-01   7.755273e-01   8.226121e-01   8.692836e-01   9.154317e-01   9.709376e-01
   8.634443e-01   3.391479e-05   2.800249e-02   0.000000e+00   5.192554e-01   5.759635e-01   6.266089e-01   6.834946e-01   7.434473e-01   7.777046e-01   8.200563e-01   8.681134e-01   9.090498e-01   9.709557e-01
   8.090000e-01   2.262706e-05   1.641910e-03   5.806262e-03   5.194614e-01   5.854939e-01   6.460631e-01   7.087509e-01   7.426333e-01   7.765775e-01   8.226344e-01   8.689250e-01   9.158357e-01   9.609314e-01
   8.078600e-01   1.023727e-03   9.127248e-02   1.504150e-01   5.200296e-01   6.009411e-01   6.466805e-01   6.850930e-01   7.268226e-01   7.857392e-01   8.226728e-01   8.690436e-01   9.161112e-01   9.764956e-01
   7.313567e-01   2.807860e-09   7.836941e-01   3.279699e-02   5.193953e-01   5.809941e-01   6.324627e-01   6.935608e-01   7.493771e-01   7.724607e-01   8.228452e-01   8.682013e-01   9.166434e-01   9.710160e-01
   8.590670e-01   3.064829e-05   1.780712e-03   1.319760e-03   5.138550e-01   5.866068e-01   6.461147e-01   6.939863e-01   7.259666e-01   7.753504e-01   8.228858e-01   8.693534e-01   9.145459e-01   9.710240e-01
   9.863720e-01   3.446529e-08   3.829667e-05   1.049676e-01   5.204822e-01   5.749365e-01   6.149956e-01   6.937638e-01   7.163513e-01   8.010586e-01   8.151954e-01   8.672738e-01   9.160620e-01   9.710328e-01
   9.556234e-01   2.577875e-04   6.102321e-03   0.000000e+00   5.213330e-01   5.836603e-01   6.246428e-01   6.845507e-01   7.320409e-01   7.774362e-01   8.226692e-01   8.681182e-01   9.085743e-01   9.709624e-01
   5.100633e-01   2.083541e-07   6.642016e-03   0.000000e+00   5.084296e-01   5.754227e-01   6.079752e-01   6.937715e-01   7.230493e-01   7.753216e-01   8.127403e-01   8.680733e-01   9.146566e-01   9.710301e-01
   8.813620e-01   0.000000e+00   9.512150e-01   0.000000e+00   5.179692e-01   5.841155e-01   6.284619e-01   6.942054e-01   7.355172e-01   7.752840e-01   8.316673e-01   8.683868e-01   9.173292e-01   9.707890e-01
   6.108137e-01   1.026609e-04   8.745905e-04   0.000000e+00   5.192554e-01   5.854835e-01   6.255866e-01   6.830821e-01   7.431091e-01   7.778537e-01   8.212530e-01   8.673240e-01   9.151695e-01   9.772338e-01
   6.222465e-01   0.000000e+00   9.347293e-04   0.000000e+00   5.174286e-01   5.810188e-01   6.299996e-01   6.944727e-01   7.280310e-01   7.777045e-01   8.152579e-01   8.677499e-01   9.153280e-01   9.709489e-01
   8.605672e-01   0.000000e+00   0.000000e+00   1.506622e-03   5.172656e-01   5.854509e-01   6.441638e-01   7.088228e-01   7.423545e-01   7.962539e-01   8.334016e-01   8.671897e-01   9.154317e-01   9.709376e-01
   9.723445e-01   2.555404e-03   0.000000e+00   1.014362e-01   5.204758e-01   5.842406e-01   6.249272e-01   6.847606e-01   7.281449e-01   7.826839e-01   8.195135e-01   8.688867e-01   9.145048e-01   9.709487e-01
   8.645793e-01   8.279815e-01   9.632606e-01   9.996135e-01   5.178270e-01   5.861784e-01   6.466984e-01   7.766023e-01   7.238377e-01   7.764436e-01   8.226583e-01   8.616580e-01   9.153059e-01   9.696916e-01
   6.430377e-01   3.438055e-08   9.313327e-01   0.000000e+00   5.179692e-01   5.841482e-01   6.477058e-01   6.941902e-01   7.281357e-01   7.644607e-01   8.154978e-01   8.674524e-01   9.021156e-01   9.707982e-01
   7.291257e-01   2.372241e-03   2.852768e-01   1.154270e-01   5.193953e-01   5.809941e-01   6.325352e-01   6.935608e-01   7.236359e-01   7.724607e-01   8.228452e-01   8.682380e-01   9.166504e-01   9.734898e-01
   8.634443e-01   3.391479e-05   4.987733e-02   0.000000e+00   5.192554e-01   5.842068e-01   6.267396e-01   6.834946e-01   7.428063e-01   7.942983e-01   8.200563e-01   8.680883e-01   9.090498e-01   9.709553e-01
   9.723126e-01   2.394350e-04   9.239199e-02   1.488746e-01   5.174504e-01   5.836437e-01   6.463459e-01   6.831722e-01   7.315569e-01   7.855601e-01   8.200501e-01   8.693798e-01   9.158133e-01   9.709402e-01
   8.088597e-01   1.038215e-01   9.127248e-02   1.479868e-01   5.055350e-01   5.759387e-01   6.461279e-01   6.851731e-01   7.475952e-01   7.855871e-01   8.226661e-01   8.690436e-01   9.158339e-01   9.708619e-01
