   6.524653e-01   6.820034e-01   7.999658e-01   1.098747e+00   1.918477e+00   9.646800e+00
   6.411441e-01   6.733560e-01   8.015272e-01   1.125939e+00   2.156253e+00   9.207744e+00
   6.395182e-01   6.658397e-01   7.711054e-01   1.036194e+00   1.677244e+00   1.007025e+01
   6.567472e-01   6.970585e-01   8.581251e-01   1.263463e+00   2.549166e+00   8.360255e+00
   6.591107e-01   6.944926e-01   8.360129e-01   1.196074e+00   2.135402e+00   9.102083e+00
   6.608604e-01   7.060117e-01   8.863465e-01   1.338356e+00   2.437926e+00   8.263123e+00
   6.656545e-01   7.106449e-01   8.904560e-01   1.341429e+00   2.540616e+00   8.156738e+00
   6.633737e-01   7.096575e-01   8.943664e-01   1.357861e+00   2.491562e+00   8.148400e+00
   6.643329e-01   7.073571e-01   8.793834e-01   1.313742e+00   2.537396e+00   8.251211e+00
   6.516496e-01   6.862055e-01   8.238279e-01   1.175035e+00   2.212056e+00   9.040612e+00
   6.463057e-01   6.744171e-01   7.867082e-01   1.068262e+00   1.961700e+00   9.657170e+00
   6.415084e-01   6.725400e-01   7.966595e-01   1.110399e+00   2.046226e+00   9.392979e+00
   6.623708e-01   7.048315e-01   8.745742e-01   1.299707e+00   2.379748e+00   8.469973e+00
   6.376422e-01   6.616444e-01   7.576007e-01   9.988864e-01   1.585047e+00   1.029435e+01
   6.461061e-01   6.773833e-01   8.002820e-01   1.109852e+00   1.905810e+00   9.586167e+00
   6.271012e-01   6.421862e-01   7.023981e-01   8.536202e-01   1.311547e+00   1.104893e+01
   6.481117e-01   6.863914e-01   8.394588e-01   1.227049e+00   2.164993e+00   8.899418e+00
   6.441978e-01   6.736383e-01   7.913557e-01   1.089442e+00   1.810274e+00   9.761814e+00
   6.589136e-01   7.008969e-01   8.685571e-01   1.294536e+00   2.325872e+00   8.543885e+00
   6.473760e-01   6.848029e-01   8.344744e-01   1.215616e+00   2.433153e+00   8.615583e+00
   6.500985e-01   6.904158e-01   8.516351e-01   1.262102e+00   2.263987e+00   8.678948e+00
   6.618005e-01   7.047398e-01   8.764257e-01   1.308614e+00   2.494822e+00   8.302977e+00
   6.567564e-01   7.014771e-01   8.789209e-01   1.325876e+00   2.561378e+00   8.137690e+00
   6.312522e-01   6.476957e-01   7.133629e-01   8.795383e-01   1.327142e+00   1.096893e+01
   6.417139e-01   6.684802e-01   7.755040e-01   1.046512e+00   1.701863e+00   1.002117e+01
   6.587651e-01   6.984573e-01   8.571865e-01   1.256347e+00   2.352501e+00   8.630680e+00
   6.544745e-01   6.963851e-01   8.637052e-01   1.284395e+00   2.315917e+00   8.556937e+00
   6.351118e-01   6.607911e-01   7.632877e-01   1.022892e+00   1.651119e+00   1.012428e+01
   6.118678e-01   6.131313e-01   6.181845e-01   6.308891e-01   6.665805e-01   1.248269e+01
   6.309916e-01   6.501014e-01   7.265027e-01   9.187721e-01   1.382942e+00   1.076787e+01
   6.521355e-01   6.837899e-01   8.103560e-01   1.129308e+00   1.931894e+00   9.524158e+00
   6.563755e-01   6.886083e-01   8.175243e-01   1.145596e+00   1.997742e+00   9.420151e+00
   6.637226e-01   7.011255e-01   8.507289e-01   1.225909e+00   2.415473e+00   8.682333e+00
   6.598602e-01   7.044829e-01   8.828809e-01   1.331752e+00   2.577597e+00   8.115264e+00
   6.156647e-01   6.163883e-01   6.192234e-01   6.263943e-01   6.478704e-01   1.254125e+01
   6.372388e-01   6.634250e-01   7.681427e-01   1.031843e+00   1.692025e+00   1.005440e+01
   6.535541e-01   6.954560e-01   8.627421e-01   1.282193e+00   2.313185e+00   8.560350e+00
   6.407454e-01   6.651370e-01   7.619935e-01   1.005961e+00   1.613747e+00   1.025407e+01
   6.248727e-01   6.400585e-01   7.007678e-01   8.534106e-01   1.339809e+00   1.100371e+01
   6.485109e-01   6.827123e-01   8.193264e-01   1.163263e+00   2.002343e+00   9.305592e+00
   6.615826e-01   7.010770e-01   8.589990e-01   1.261953e+00   2.447626e+00   8.524125e+00
   6.485432e-01   6.847167e-01   8.286461e-01   1.190260e+00   2.185972e+00   8.993788e+00
   6.517254e-01   6.860678e-01   8.229881e-01   1.167583e+00   2.098646e+00   9.193135e+00
   6.591477e-01   6.946524e-01   8.366305e-01   1.193566e+00   2.049332e+00   9.206072e+00
   6.376363e-01   6.653490e-01   7.756036e-01   1.052689e+00   1.932438e+00   9.697350e+00
   6.462333e-01   6.758678e-01   7.943614e-01   1.094214e+00   1.812644e+00   9.753969e+00
   6.546648e-01   6.899059e-01   8.305787e-01   1.184112e+00   2.222344e+00   9.004908e+00
   6.152905e-01   6.176132e-01   6.268918e-01   6.503400e-01   7.256788e-01   1.236599e+01
   6.534258e-01   6.912476e-01   8.423204e-01   1.223223e+00   2.151260e+00   8.954995e+00
   6.336693e-01   6.559033e-01   7.448035e-01   9.703960e-01   1.641146e+00   1.030395e+01
   6.343927e-01   6.510878e-01   7.177503e-01   8.852191e-01   1.426675e+00   1.084569e+01
   6.497409e-01   6.816757e-01   8.091212e-01   1.128923e+00   1.908978e+00   9.537111e+00
   6.545581e-01   6.925683e-01   8.445757e-01   1.226972e+00   2.267173e+00   8.808124e+00
   6.240402e-01   6.375007e-01   6.913421e-01   8.264925e-01   1.257075e+00   1.118787e+01
   6.532318e-01   6.937081e-01   8.555987e-01   1.262881e+00   2.252801e+00   8.698172e+00
   6.609541e-01   7.068568e-01   8.892655e-01   1.366452e+00   2.478163e+00   8.158005e+00
   6.510017e-01   6.878281e-01   8.351270e-01   1.206068e+00   2.316147e+00   8.800178e+00
   6.329979e-01   6.532700e-01   7.342244e-01   9.390861e-01   1.591531e+00   1.046292e+01
   6.399387e-01   6.688858e-01   7.846426e-01   1.087559e+00   1.942348e+00   9.603979e+00
   6.333695e-01   6.521126e-01   7.269548e-01   9.146586e-01   1.521893e+00   1.062683e+01
   6.398252e-01   6.670255e-01   7.757949e-01   1.049439e+00   1.929909e+00   9.724053e+00
   6.270651e-01   6.424550e-01   7.039839e-01   8.588317e-01   1.233024e+00   1.112615e+01
   6.562436e-01   6.939923e-01   8.449613e-01   1.226091e+00   2.452183e+00   8.600866e+00
   6.443640e-01   6.694213e-01   7.696502e-01   1.021690e+00   1.713953e+00   1.010078e+01
   6.514613e-01   6.925178e-01   8.567156e-01   1.271413e+00   2.605028e+00   8.240164e+00
   6.404540e-01   6.577051e-01   7.266921e-01   9.000429e-01   1.416414e+00   1.084217e+01
   6.516842e-01   6.933949e-01   8.601873e-01   1.279974e+00   2.365879e+00   8.497143e+00
   6.538192e-01   6.955828e-01   8.626287e-01   1.284259e+00   2.552566e+00   8.272864e+00
   6.243424e-01   6.334616e-01   6.698835e-01   7.616418e-01   1.032666e+00   1.167614e+01
   6.440424e-01   6.745709e-01   7.966175e-01   1.103706e+00   1.983667e+00   9.501777e+00
   6.444601e-01   6.782316e-01   8.132994e-01   1.151389e+00   1.968521e+00   9.359837e+00
   6.496149e-01   6.854865e-01   8.287396e-01   1.189664e+00   2.069986e+00   9.142899e+00
   6.509163e-01   6.896090e-01   8.443266e-01   1.233779e+00   2.176208e+00   8.874816e+00
   6.524402e-01   6.892783e-01   8.350116e-01   1.201773e+00   2.397807e+00   8.723624e+00
   6.377564e-01   6.558486e-01   7.281988e-01   9.169232e-01   1.364126e+00   1.084632e+01
   6.554201e-01   7.008495e-01   8.824725e-01   1.362920e+00   2.463603e+00   8.166542e+00
   6.351549e-01   6.528731e-01   7.237070e-01   9.019590e-01   1.334693e+00   1.090495e+01
   6.384599e-01   6.595786e-01   7.438963e-01   9.556807e-01   1.474317e+00   1.057559e+01
   6.286201e-01   6.473950e-01   7.224095e-01   9.123301e-01   1.370847e+00   1.079285e+01
   6.347591e-01   6.589405e-01   7.556414e-01   9.991806e-01   1.766772e+00   1.006004e+01
   6.528259e-01   6.814793e-01   7.960335e-01   1.086207e+00   1.997205e+00   9.596168e+00
   6.384282e-01   6.676477e-01   7.838440e-01   1.076687e+00   2.027033e+00   9.509560e+00
   6.186344e-01   6.255731e-01   6.533138e-01   7.232537e-01   8.931928e-01   1.194012e+01
   6.161677e-01   6.222823e-01   6.467049e-01   7.081734e-01   9.026435e-01   1.196524e+01
   6.543798e-01   6.894838e-01   8.291968e-01   1.180203e+00   2.040651e+00   9.234098e+00
   6.223872e-01   6.343142e-01   6.819999e-01   8.029630e-01   1.091640e+00   1.145818e+01
   6.416337e-01   6.723565e-01   7.950727e-01   1.104139e+00   1.877918e+00   9.614396e+00
   6.558102e-01   6.956216e-01   8.547874e-01   1.254522e+00   2.453151e+00   8.498652e+00
   6.597686e-01   7.043881e-01   8.827746e-01   1.331579e+00   2.577673e+00   8.115175e+00
   6.196125e-01   6.290688e-01   6.668916e-01   7.620165e-01   1.046893e+00   1.163135e+01
   6.483795e-01   6.834713e-01   8.238385e-01   1.176753e+00   2.318934e+00   8.879111e+00
   6.277803e-01   6.385594e-01   6.816554e-01   7.910313e-01   1.053238e+00   1.157390e+01
   6.375187e-01   6.660324e-01   7.793064e-01   1.069149e+00   1.771816e+00   9.843928e+00
   6.543133e-01   6.950510e-01   8.577786e-01   1.265795e+00   2.560527e+00   8.322585e+00
   6.489958e-01   6.768507e-01   7.881764e-01   1.067246e+00   1.879231e+00   9.774340e+00
   6.526385e-01   6.935619e-01   8.568988e-01   1.268399e+00   2.573891e+00   8.292128e+00
   6.207044e-01   6.271970e-01   6.531543e-01   7.185217e-01   9.142782e-01   1.194193e+01
   6.463425e-01   6.817478e-01   8.233599e-01   1.179981e+00   2.246379e+00   8.945171e+00
   6.458664e-01   6.824006e-01   8.277700e-01   1.192426e+00   2.352032e+00   8.771389e+00
   6.401515e-01   6.605668e-01   7.422079e-01   9.471120e-01   1.611240e+00   1.044903e+01
   6.438888e-01   6.704322e-01   7.765945e-01   1.043201e+00   1.852212e+00   9.859751e+00
   6.628437e-01   7.039095e-01   8.681244e-01   1.281339e+00   2.284949e+00   8.651350e+00
   6.563998e-01   6.993067e-01   8.708420e-01   1.301312e+00   2.466219e+00   8.329300e+00
   6.498794e-01   6.894091e-01   8.472020e-01   1.247681e+00   2.530759e+00   8.403170e+00
   6.513152e-01   6.793981e-01   7.917236e-01   1.079009e+00   1.824843e+00   9.823683e+00
   6.276716e-01   6.411573e-01   6.950982e-01   8.305485e-01   1.187554e+00   1.127796e+01
   6.161460e-01   6.205362e-01   6.380964e-01   6.823199e-01   7.904929e-01   1.218606e+01
   6.431515e-01   6.778846e-01   8.156898e-01   1.164980e+00   2.285953e+00   8.933929e+00
   6.208416e-01   6.293253e-01   6.632458e-01   7.487303e-01   9.571774e-01   1.179050e+01
   6.442592e-01   6.781673e-01   8.137815e-01   1.153125e+00   1.972188e+00   9.348304e+00
   6.312527e-01   6.459074e-01   7.040057e-01   8.508164e-01   1.289425e+00   1.110939e+01
   6.513625e-01   6.900556e-01   8.448151e-01   1.234352e+00   2.175102e+00   8.876672e+00
   6.609764e-01   7.035747e-01   8.735828e-01   1.300056e+00   2.636187e+00   8.154519e+00
   6.290837e-01   6.453547e-01   7.103572e-01   8.732717e-01   1.281776e+00   1.102937e+01
   6.483476e-01   6.860493e-01   8.368493e-01   1.218638e+00   2.355999e+00   8.699435e+00
   6.382459e-01   6.630146e-01   7.615578e-01   1.008838e+00   1.775100e+00   1.003534e+01
   6.594180e-01   7.019474e-01   8.718754e-01   1.299895e+00   2.460336e+00   8.360711e+00
   6.459028e-01   6.789664e-01   8.105236e-01   1.140374e+00   2.137168e+00   9.203137e+00
   6.498690e-01   6.831129e-01   8.153423e-01   1.147670e+00   2.228742e+00   9.092292e+00
   6.196937e-01   6.213382e-01   6.279067e-01   6.444182e-01   6.939231e-01   1.244804e+01
   6.536414e-01   6.919399e-01   8.450889e-01   1.232672e+00   2.385559e+00   8.646204e+00
   6.184266e-01   6.270370e-01   6.614301e-01   7.481512e-01   9.585247e-01   1.177752e+01
   6.335671e-01   6.487169e-01   7.089835e-01   8.604366e-01   1.281015e+00   1.109874e+01
   6.305602e-01   6.523126e-01   7.380580e-01   9.545295e-01   1.638406e+00   1.034049e+01
   6.464032e-01   6.733659e-01   7.811822e-01   1.052223e+00   1.795199e+00   9.912467e+00
   6.475267e-01   6.809920e-01   8.141507e-01   1.150061e+00   2.218289e+00   9.086177e+00
   6.124372e-01   6.160354e-01   6.300684e-01   6.661736e-01   7.616512e-01   1.225534e+01
   6.295422e-01   6.468554e-01   7.160603e-01   8.899325e-01   1.451523e+00   1.077330e+01
   6.526202e-01   6.951669e-01   8.650915e-01   1.307950e+00   2.455250e+00   8.329553e+00
   6.309654e-01   6.501830e-01   7.270074e-01   9.200820e-01   1.496301e+00   1.062685e+01
   6.529732e-01   6.914862e-01   8.454537e-01   1.237552e+00   2.490091e+00   8.505278e+00
   6.404590e-01   6.662350e-01   7.692857e-01   1.028810e+00   1.806314e+00   9.945242e+00
