   5.447741e-01   7.999905e-01   8.726650e-02   9.628502e-01   2.889738e-01   2.675112e-02   9.519240e-01   3.834346e-01   1.625942e-01   5.339550e-01   8.618673e-01   6.994694e-01   1.831286e-02   6.908810e-01   5.584604e-01   6.534711e-01   1.459862e-01
   9.766147e-01   8.993328e-01   6.167709e-01   8.843857e-01   2.889738e-01   1.929770e-02   9.981522e-01   4.391008e-01   1.647413e-01   5.365269e-01   6.302432e-01   6.974414e-01   6.264129e-01   7.116483e-01   5.009969e-01   6.534711e-01   1.459862e-01
   8.736409e-01   9.457281e-01   9.442726e-01   3.352727e-01   3.919116e-01   3.473758e-02   9.482048e-01   3.836082e-01   4.479309e-01   4.634737e-01   7.099162e-01   7.499070e-01   6.035109e-01   8.837439e-01   5.801677e-01   5.303302e-01   9.379473e-01
   9.993521e-01   9.269557e-01   6.106374e-01   3.657428e-01   2.890208e-01   3.497920e-02   1.306511e-01   3.882216e-01   4.569282e-01   5.344983e-01   6.230887e-01   6.675673e-01   7.007134e-01   7.006664e-01   7.484939e-01   9.735029e-01   9.528405e-01
   8.731329e-01   4.971195e-01   9.758063e-01   1.000000e+00   3.254271e-01   3.355891e-02   8.966892e-01   3.754293e-01   4.581492e-01   5.789798e-01   5.011608e-01   6.619424e-01   6.157566e-01   6.393794e-01   5.386503e-01   8.132685e-01   8.499857e-01
   8.804700e-01   4.263177e-02   5.628412e-01   3.130913e-01   3.003382e-01   4.472240e-02   1.445033e-01   4.202388e-01   4.623656e-01   5.470635e-01   6.271114e-01   6.033254e-01   7.050340e-01   7.649269e-01   7.557227e-01   8.831918e-01   8.735572e-01
   8.569310e-01   2.914517e-01   6.317462e-01   8.396596e-01   3.025766e-01   8.222224e-03   7.412813e-01   5.093907e-01   6.257195e-01   4.637221e-01   6.333451e-01   6.681729e-01   7.382215e-01   7.913114e-01   7.692877e-01   6.106270e-01   9.426085e-01
   2.610178e-01   8.899306e-04   4.021633e-01   8.539977e-01   3.635920e-01   9.688503e-02   7.627918e-01   3.951052e-01   4.884543e-01   4.789278e-01   6.250403e-01   7.012239e-01   9.321656e-02   7.932365e-01   7.773152e-01   8.804334e-01   7.971306e-01
   9.875889e-01   9.284689e-01   9.881401e-01   8.745152e-01   2.981986e-01   1.926211e-03   7.724345e-01   6.600990e-01   4.489867e-01   5.793280e-01   6.216555e-01   6.530901e-01   7.676783e-01   8.879640e-01   7.550815e-01   6.467923e-01   2.132719e-01
   9.632390e-01   6.715294e-01   6.122896e-01   4.707020e-01   3.702616e-01   2.090855e-02   8.778386e-01   3.613604e-01   5.390670e-01   4.149576e-01   6.113988e-01   6.604913e-01   1.491467e-01   6.858662e-01   4.923990e-01   6.755543e-01   1.000000e+00
   9.877144e-01   5.882402e-01   7.109538e-01   9.694583e-01   2.838977e-01   1.122969e-02   5.147965e-02   3.157023e-01   4.412669e-01   4.811829e-01   6.284059e-01   6.908388e-01   6.846442e-01   6.745975e-01   7.722532e-01   9.168156e-01   9.999106e-01
   9.999825e-01   4.529415e-01   5.905708e-01   9.224073e-01   2.098224e-01   3.339075e-02   1.311269e-01   3.797065e-01   4.478782e-01   5.222063e-01   5.454778e-01   6.851767e-01   6.823008e-01   6.699895e-01   6.707423e-01   7.864483e-01   9.396020e-01
   8.731406e-01   4.942441e-01   8.995005e-01   9.923929e-01   3.261105e-01   1.257379e-01   9.076285e-01   3.754293e-01   4.459500e-01   5.052114e-01   6.245570e-01   7.747208e-01   2.671682e-01   6.332304e-01   5.326752e-01   8.121702e-01   9.284430e-01
   8.731406e-01   4.355969e-01   8.995005e-01   9.707683e-01   3.039583e-01   1.247063e-01   9.076285e-01   3.753599e-01   1.678479e-01   5.435071e-01   6.245570e-01   7.480459e-01   9.249787e-01   8.402148e-01   6.650867e-01   6.407095e-01   2.458303e-01
   8.749652e-01   9.830617e-01   8.839466e-01   4.194838e-01   3.691023e-01   0.000000e+00   2.453820e-01   3.193208e-01   1.990623e-01   5.281039e-01   7.561728e-01   6.666166e-01   5.325592e-01   6.134578e-01   7.792962e-01   8.747776e-01   2.258734e-01
   5.431623e-01   6.735980e-01   1.000000e+00   3.630720e-01   3.789426e-01   1.295650e-02   9.441918e-01   4.562795e-01   1.910126e-01   5.762613e-01   4.967267e-01   6.838415e-01   5.270628e-01   6.868792e-01   4.978009e-01   7.305053e-01   5.637190e-02
   9.912457e-01   7.573268e-01   5.947149e-01   9.601645e-01   2.887251e-01   1.663415e-02   9.646186e-01   3.882990e-01   4.617480e-01   5.824925e-01   6.230887e-01   6.596675e-01   6.654720e-01   8.588797e-01   7.656075e-01   9.104093e-01   9.501748e-01
   1.000000e+00   5.882402e-01   9.994516e-01   8.627434e-01   2.838977e-01   1.122969e-02   5.147965e-02   3.178143e-01   4.413894e-01   5.134299e-01   6.284059e-01   6.908388e-01   6.846442e-01   6.745975e-01   7.729795e-01   9.168156e-01   1.000000e+00
   1.000000e+00   9.928188e-01   5.937884e-01   9.323474e-01   3.707462e-01   2.257191e-01   9.459141e-01   3.814340e-01   4.617756e-01   4.978753e-01   9.466707e-01   7.181089e-01   6.152803e-01   8.575074e-01   7.468547e-01   5.764476e-01   7.987117e-01
   8.377059e-01   4.821653e-01   0.000000e+00   9.517626e-01   2.963109e-01   7.841061e-06   7.359019e-01   3.815688e-01   4.458067e-01   5.796041e-01   8.328142e-01   6.600093e-01   8.161086e-01   8.380409e-01   7.706436e-01   9.851966e-01   9.564795e-01
   1.000000e+00   1.364173e-03   9.082870e-03   3.275540e-01   2.981986e-01   2.308352e-03   9.494302e-01   3.823336e-01   4.497480e-01   4.993237e-01   9.376262e-01   6.531571e-01   7.676783e-01   7.138132e-01   7.550815e-01   6.467923e-01   2.132954e-01
   9.632390e-01   7.152020e-01   6.122896e-01   9.713151e-01   3.825149e-01   1.965659e-02   6.860018e-01   3.570246e-01   5.006055e-01   4.033957e-01   9.735242e-01   6.604969e-01   1.491467e-01   5.899026e-01   7.196447e-01   6.750851e-01   8.954374e-01
   1.103075e-01   5.458798e-04   7.433854e-02   9.156315e-01   3.716562e-01   2.555060e-02   6.946286e-01   3.851543e-01   1.157877e-01   5.454611e-01   5.409257e-01   7.182688e-01   6.917979e-01   9.171856e-01   7.624302e-01   5.787311e-01   8.444476e-01
   9.938247e-01   7.651120e-04   9.782255e-01   9.602489e-01   3.090069e-01   2.062569e-02   8.446859e-01   3.680555e-01   4.778938e-01   7.172890e-01   6.231171e-01   6.634107e-01   6.654720e-01   5.375628e-01   7.480329e-01   8.097310e-01   9.501748e-01
   9.912457e-01   7.736795e-01   1.000000e+00   9.632252e-01   2.887251e-01   1.663415e-02   7.615878e-01   3.882990e-01   4.617480e-01   5.771242e-01   6.230887e-01   6.596957e-01   6.654720e-01   8.588797e-01   7.656075e-01   6.350656e-01   7.352085e-01
   9.862077e-01   6.617321e-01   7.531772e-01   9.051527e-01   2.985612e-01   1.613825e-02   6.155478e-02   3.009497e-01   3.400950e-01   5.305725e-01   6.158187e-01   6.831350e-01   1.791030e-01   9.506600e-01   7.597944e-01   6.571398e-01   1.403928e-01
   9.668930e-01   2.242927e-02   4.549108e-02   9.586139e-01   3.813861e-01   7.728219e-02   8.689328e-01   4.151875e-01   1.395092e-01   5.786113e-01   5.578143e-01   7.450479e-01   5.243813e-01   7.880953e-01   7.844466e-01   8.471705e-01   7.997904e-01
   1.008254e-01   5.458798e-04   7.433854e-02   9.156315e-01   3.709765e-01   2.555060e-02   8.668361e-01   3.851543e-01   2.053830e-01   5.454611e-01   5.409257e-01   7.182688e-01   6.917979e-01   9.171856e-01   7.805467e-01   5.818343e-01   8.444476e-01
   8.372650e-01   9.819680e-01   1.000000e+00   5.157354e-01   3.075008e-01   2.001596e-04   7.884696e-01   3.560904e-01   4.459834e-01   5.676736e-01   5.604666e-01   6.995908e-01   5.554919e-01   7.126383e-01   7.615204e-01   6.757445e-01   8.504498e-01
   3.390121e-01   5.817111e-01   5.667339e-01   9.682668e-01   3.809607e-01   6.071573e-03   8.856568e-01   5.111879e-01   1.367681e-01   5.785208e-01   6.125554e-01   6.205559e-01   5.282305e-01   7.298613e-01   4.978009e-01   4.729164e-01   1.805083e-01
   9.986803e-01   1.364173e-03   9.082870e-03   3.304471e-01   2.981986e-01   2.308352e-03   7.828010e-01   3.823336e-01   4.497480e-01   4.991935e-01   9.325590e-01   7.220902e-01   7.676783e-01   7.539562e-01   7.620450e-01   6.467923e-01   2.132954e-01
   2.980363e-01   9.373679e-01   7.464207e-02   1.733301e-01   4.357271e-01   2.227123e-02   7.398854e-01   3.753018e-01   5.544477e-01   5.157725e-01   6.205225e-01   7.615373e-01   6.912891e-01   7.112408e-01   7.640202e-01   6.477096e-01   8.102261e-01
   7.606342e-01   1.000000e+00   7.191566e-01   2.800563e-01   3.559377e-01   9.062907e-02   7.445645e-03   4.094691e-01   1.718133e-01   6.407663e-01   7.198586e-01   6.671186e-01   6.594696e-01   6.747937e-01   7.569435e-01   6.430465e-01   8.954965e-01
   8.569310e-01   2.961879e-01   6.317462e-01   8.396596e-01   3.025766e-01   2.302493e-02   7.411298e-01   5.139654e-01   4.512305e-01   5.444233e-01   6.333451e-01   6.695217e-01   7.383679e-01   7.913114e-01   7.693875e-01   9.220478e-01   9.201070e-01
   5.346594e-01   3.398526e-02   6.647727e-02   4.694810e-01   3.479578e-01   3.507143e-03   7.847674e-01   4.151506e-01   5.682852e-01   3.795334e-01   6.264831e-01   6.614497e-01   7.022436e-01   6.837927e-01   7.623453e-01   9.180244e-01   8.234416e-01
   3.552742e-01   1.196220e-01   9.782255e-01   9.601645e-01   2.887251e-01   2.118049e-02   1.365377e-01   3.882216e-01   4.658934e-01   5.882271e-01   6.230887e-01   6.622551e-01   6.835078e-01   7.496963e-01   9.312427e-01   6.931794e-01   9.501748e-01
   8.865030e-01   1.720281e-02   4.040932e-01   9.522567e-01   2.964444e-01   9.700248e-02   0.000000e+00   3.338637e-01   4.584067e-01   5.954079e-01   6.347036e-01   6.591853e-01   8.161419e-01   6.415611e-01   7.867100e-01   8.794949e-01   8.484051e-01
   7.703117e-01   9.827814e-01   9.649016e-01   9.908135e-01   2.879607e-01   8.621871e-02   7.286083e-01   3.880737e-01   4.991151e-01   5.444341e-01   6.238787e-01   6.874016e-01   6.576877e-01   7.966944e-01   7.592635e-01   6.471874e-01   8.186669e-01
   9.906966e-01   7.174423e-01   0.000000e+00   2.748518e-01   3.793844e-01   6.894784e-02   6.845376e-01   3.754333e-01   4.235292e-01   5.049962e-01   5.596043e-01   5.258240e-01   6.870590e-01   5.929349e-01   7.814369e-01   8.447742e-01   9.964772e-01
   9.757791e-01   9.422601e-01   1.121156e-01   8.410901e-01   4.515598e-01   3.014082e-03   7.384376e-01   3.741882e-01   5.544477e-01   5.137396e-01   6.414363e-01   7.649374e-01   6.909711e-01   6.817149e-01   7.640202e-01   7.274301e-01   1.377205e-02
   6.404810e-01   8.708358e-01   4.282827e-01   8.497947e-01   3.403314e-01   7.191517e-03   7.448212e-01   3.677986e-01   1.752100e-01   5.483771e-01   6.125227e-01   7.146884e-01   6.512921e-01   7.494011e-01   7.482658e-01   7.537158e-01   1.818981e-01
   9.785196e-01   4.971195e-01   9.758063e-01   1.000000e+00   3.801855e-01   3.267548e-02   8.966892e-01   3.754293e-01   1.563095e-01   5.811830e-01   6.082067e-01   6.137513e-01   6.660829e-01   8.191367e-01   4.939128e-01   8.132685e-01   8.530453e-01
   5.879322e-01   8.355755e-01   9.944601e-01   3.683396e-01   2.888731e-01   0.000000e+00   0.000000e+00   3.833922e-01   1.876614e-01   5.866036e-01   6.175054e-01   6.597111e-01   8.151975e-01   7.578592e-01   7.470438e-01   6.207818e-01   9.521399e-01
   7.130275e-01   9.879105e-01   5.803187e-01   9.549629e-01   2.888672e-01   8.640435e-02   7.869739e-01   6.832057e-01   5.024842e-01   4.624686e-01   6.305622e-01   6.579547e-01   5.783343e-01   6.240786e-01   7.281924e-01   6.849718e-01   0.000000e+00
   7.340979e-01   7.580059e-01   0.000000e+00   9.507837e-01   2.196756e-01   3.088964e-03   7.653398e-01   3.822377e-01   4.736445e-01   5.879959e-01   6.240713e-01   7.354498e-01   7.317437e-01   7.104883e-01   6.844722e-01   6.315264e-01   9.754807e-01
   9.830650e-01   9.058257e-01   6.132794e-01   9.590418e-01   2.889738e-01   1.929770e-02   1.754310e-01   3.879584e-01   1.647413e-01   5.353553e-01   6.302432e-01   6.819762e-01   6.264129e-01   7.116483e-01   5.009326e-01   6.911877e-01   1.416770e-01
   9.999825e-01   9.621709e-01   5.693042e-01   9.005964e-01   2.098224e-01   3.339075e-02   7.716888e-02   3.797065e-01   4.476730e-01   5.226477e-01   5.454778e-01   6.857148e-01   6.823008e-01   7.149560e-01   6.707423e-01   8.052328e-01   9.396020e-01
   8.832738e-01   4.658360e-01   1.177150e-03   3.675419e-01   3.682053e-01   2.417130e-02   9.773341e-02   3.343035e-01   1.927799e-01   5.268719e-01   6.337873e-01   6.292897e-01   8.167117e-01   7.699857e-01   6.628886e-01   6.557514e-01   2.124870e-01
   9.081733e-01   4.595819e-01   6.119783e-01   4.656876e-01   2.113598e-01   2.473448e-04   8.180560e-01   3.808619e-01   1.390107e-01   5.195602e-01   6.723758e-01   8.672970e-01   6.528851e-01   7.064930e-01   7.429330e-01   8.255779e-01   8.402911e-01
   7.128799e-01   1.502274e-02   2.502672e-01   9.503184e-01   3.391203e-01   2.629196e-02   9.647349e-01   3.676323e-01   4.513166e-01   5.382654e-01   6.123736e-01   6.930276e-01   6.530574e-01   8.025108e-01   6.810519e-01   8.252935e-01   1.142497e-03
   2.616201e-01   9.614647e-01   4.916145e-03   9.922649e-01   2.872490e-01   3.409029e-02   7.627918e-01   6.694162e-01   4.884181e-01   5.772933e-01   7.698743e-01   7.012239e-01   9.321656e-02   7.932365e-01   7.934079e-01   8.809038e-01   8.190406e-01
   1.162265e-01   5.458798e-04   7.433854e-02   9.157995e-01   3.676803e-01   2.182550e-02   9.446346e-01   3.815717e-01   4.613809e-01   4.981915e-01   5.341245e-01   7.190602e-01   6.917979e-01   9.189823e-01   7.624302e-01   5.787311e-01   8.025557e-01
   9.853475e-02   4.685589e-01   9.772121e-02   4.526220e-01   2.931865e-01   2.555060e-02   9.051638e-01   3.851543e-01   4.291496e-01   5.697429e-01   6.352719e-01   7.182688e-01   7.050659e-01   8.905407e-01   7.180988e-01   9.832459e-01   9.595022e-01
   8.342469e-01   9.140507e-01   5.262184e-01   9.778731e-01   2.892251e-01   0.000000e+00   7.415918e-01   4.303483e-01   1.561170e-01   5.366986e-01   6.320376e-01   6.412097e-01   7.935697e-01   7.073941e-01   7.777437e-01   8.812230e-01   9.634394e-01
   5.634475e-01   9.869105e-01   1.039121e-01   9.566987e-01   3.120868e-01   1.037786e-01   7.687415e-01   3.564405e-01   4.987902e-01   4.097383e-01   5.604666e-01   6.995662e-01   5.554919e-01   5.896516e-01   6.894161e-01   6.704500e-01   8.108848e-01
   9.837237e-01   6.645501e-01   9.914010e-01   8.952279e-01   3.824721e-01   0.000000e+00   7.227894e-01   3.761633e-01   1.965302e-01   5.753832e-01   6.781221e-01   7.519303e-01   7.669733e-01   7.144751e-01   7.520713e-01   6.421814e-01   7.826633e-01
   2.501602e-01   7.186866e-01   6.122896e-01   9.715402e-01   3.798232e-01   1.026125e-01   6.250385e-01   3.570794e-01   4.887531e-01   5.765218e-01   9.641281e-01   6.460588e-01   8.269850e-01   8.409734e-01   7.778074e-01   6.750851e-01   8.068507e-01
   9.908576e-01   4.497265e-01   1.723191e-01   9.138236e-01   2.101086e-01   2.208604e-01   8.613299e-01   3.299133e-01   4.756286e-01   5.773059e-01   6.362686e-01   7.737798e-01   6.545929e-01   6.698479e-01   7.554047e-01   8.254716e-01   7.995506e-01
   8.701939e-01   7.428852e-01   5.536650e-01   3.223246e-01   3.266489e-01   5.967160e-02   8.010687e-01   3.842292e-01   4.369224e-01   5.789984e-01   5.054770e-01   6.622363e-01   6.441241e-01   6.167740e-01   7.485797e-01   9.216606e-01   5.983806e-02
   8.594423e-01   2.846675e-02   4.549108e-02   9.586139e-01   3.813861e-01   7.880804e-02   8.772193e-01   4.151875e-01   1.395092e-01   5.786113e-01   5.578143e-01   7.459881e-01   5.243813e-01   7.880953e-01   7.843208e-01   8.471705e-01   8.204689e-01
   9.103540e-01   9.482090e-01   5.324704e-01   3.834810e-01   2.888731e-01   2.170720e-03   7.292691e-02   3.833922e-01   4.541346e-01   5.358779e-01   6.136906e-01   6.597469e-01   7.470027e-01   7.578592e-01   7.470438e-01   6.275519e-01   9.611778e-01
   9.962053e-01   4.216938e-01   1.174714e-02   9.138236e-01   3.841485e-01   2.208604e-01   8.613299e-01   8.107650e-01   2.219573e-01   5.773059e-01   6.448709e-01   7.737798e-01   6.545929e-01   6.717573e-01   7.554047e-01   8.254716e-01   7.995506e-01
   9.734525e-01   2.078638e-01   5.858973e-01   9.601645e-01   3.394640e-01   2.762921e-02   9.646183e-01   3.881776e-01   4.554133e-01   4.940902e-01   6.124798e-01   6.699722e-01   6.654720e-01   8.043462e-01   7.656075e-01   9.104093e-01   0.000000e+00
   8.731406e-01   4.504957e-01   8.995005e-01   9.724571e-01   3.043674e-01   1.215622e-01   9.076285e-01   3.753599e-01   4.958669e-01   5.387416e-01   6.461742e-01   6.548404e-01   1.117206e-01   7.910383e-01   6.650867e-01   9.279295e-01   2.421572e-01
   1.000000e+00   1.000000e+00   1.000000e+00   9.211777e-01   3.581326e-01   4.433654e-01   6.265816e-01   3.808419e-01   4.652291e-01   5.230766e-01   5.008079e-01   5.804534e-01   6.326644e-01   6.421605e-01   7.683792e-01   9.072537e-01   9.395181e-01
   7.503129e-01   0.000000e+00   4.252567e-01   8.448511e-01   3.635920e-01   7.937179e-02   7.479137e-01   3.996591e-01   1.752100e-01   4.962554e-01   6.453082e-01   7.064268e-01   4.740669e-02   7.479257e-01   7.489227e-01   6.982641e-01   1.810658e-01
   9.999570e-01   8.787938e-01   6.715379e-01   9.979818e-01   3.391203e-01   2.318259e-01   9.647349e-01   3.303572e-01   4.513166e-01   5.664056e-01   6.362229e-01   6.704086e-01   6.530574e-01   8.027275e-01   7.732174e-01   8.252935e-01   8.488849e-01
   9.752202e-01   6.879520e-01   9.801851e-01   2.793309e-01   2.160344e-01   1.715896e-02   1.666953e-01   3.708043e-01   2.060169e-01   5.775418e-01   6.238179e-01   6.581056e-01   5.987595e-01   7.657525e-01   7.665233e-01   9.081217e-01   8.206404e-01
   5.943406e-01   9.719440e-01   1.522824e-02   3.629331e-01   2.846048e-01   9.380430e-02   6.857763e-01   4.759692e-01   1.951798e-01   5.239176e-01   6.192791e-01   6.231677e-01   7.654835e-01   7.193778e-01   6.550920e-01   6.317615e-01   8.053835e-01
   5.501583e-01   0.000000e+00   5.875647e-01   9.321794e-01   2.859939e-01   3.649313e-01   6.959082e-01   3.851499e-01   1.161823e-01   5.886469e-01   9.534719e-01   6.560693e-01   6.380509e-01   8.586442e-01   7.554716e-01   5.798144e-01   8.429089e-01
   7.994983e-01   9.589657e-01   1.000000e+00   9.021853e-01   3.010350e-01   7.839446e-02   7.862375e-01   3.332609e-01   4.344969e-01   5.175634e-01   8.384198e-01   7.572011e-01   5.244252e-01   7.878254e-01   7.969672e-01   8.459948e-01   9.962742e-01
   6.832349e-02   7.580059e-01   0.000000e+00   9.507837e-01   2.196756e-01   3.088964e-03   8.931712e-01   3.807673e-01   4.736445e-01   5.879959e-01   6.240713e-01   7.354498e-01   6.304151e-01   7.104883e-01   7.599566e-01   6.253620e-01   9.754807e-01
   9.906906e-01   4.622381e-01   9.680997e-01   3.401614e-01   2.856783e-01   3.303252e-02   6.970985e-01   3.761633e-01   4.571247e-01   5.073571e-01   5.655583e-01   7.561617e-01   6.872150e-01   5.972150e-01   9.929553e-01   9.122912e-01   8.301019e-01
   9.606011e-01   8.708358e-01   4.282827e-01   8.497947e-01   3.409488e-01   1.674463e-03   7.448212e-01   6.570076e-01   1.752100e-01   5.484286e-01   6.124613e-01   7.146884e-01   6.512921e-01   7.510842e-01   7.481617e-01   7.993533e-01   2.124553e-01
   9.971369e-01   9.579339e-01   3.272057e-03   9.886901e-01   2.885488e-01   9.169147e-02   7.780362e-01   6.563741e-01   4.477991e-01   5.263304e-01   5.872316e-01   6.745766e-01   7.835578e-01   4.781572e-01   6.676380e-01   7.140273e-01   3.209391e-01
   3.464148e-01   5.817111e-01   9.866741e-01   9.682668e-01   3.809607e-01   1.907070e-03   8.856568e-01   5.111879e-01   1.292654e-01   5.785298e-01   6.125554e-01   6.395395e-01   5.282305e-01   7.298613e-01   7.549457e-01   4.729164e-01   2.121225e-01
   9.692588e-01   4.359835e-01   3.121804e-02   3.283089e-01   3.043077e-01   9.129257e-02   5.511623e-04   3.811240e-01   1.708231e-01   4.805134e-01   5.837804e-01   7.683764e-01   7.676367e-01   9.259472e-01   6.702213e-01   7.214574e-01   2.698220e-01
   9.875492e-01   4.414076e-01   3.272057e-03   3.668110e-01   2.885488e-01   0.000000e+00   0.000000e+00   3.332488e-01   4.435571e-01   5.465125e-01   5.944178e-01   6.744909e-01   7.399772e-01   7.854049e-01   6.688448e-01   8.257465e-01   3.209391e-01
   8.712379e-01   7.481629e-01   3.913642e-01   3.310068e-01   3.215115e-01   6.112121e-02   8.010183e-01   5.010634e-01   4.386125e-01   5.583222e-01   5.054770e-01   6.622363e-01   7.444407e-01   9.304157e-01   5.396278e-01   9.188968e-01   1.000000e+00
   1.000000e+00   8.388980e-01   9.663512e-01   3.683424e-01   1.854279e-01   1.155640e-02   8.958163e-01   4.434573e-01   1.466163e-01   5.861667e-01   6.125229e-01   5.817093e-01   8.319354e-01   6.731619e-01   7.467881e-01   7.320664e-01   8.480311e-01
   9.633063e-01   7.573268e-01   5.948099e-01   4.575531e-01   2.905205e-01   1.653159e-02   9.646186e-01   3.882990e-01   4.617480e-01   5.824925e-01   6.230120e-01   6.604874e-01   1.416889e-01   8.588797e-01   7.656075e-01   9.104093e-01   9.501748e-01
   8.750829e-01   6.647832e-01   1.000000e+00   5.380327e-01   3.086427e-01   2.001596e-04   7.339639e-01   3.209335e-01   4.459834e-01   5.676736e-01   5.604666e-01   6.964708e-01   5.554919e-01   7.027695e-01   7.615204e-01   8.711168e-01   9.330902e-01
   9.022339e-01   2.722661e-01   9.975085e-01   9.587942e-01   3.667806e-01   2.782434e-02   7.208171e-01   4.192601e-01   1.398809e-01   5.464495e-01   6.266869e-01   5.409306e-01   7.091255e-01   7.947119e-01   7.358235e-01   5.259385e-01   5.042426e-02
   7.030763e-01   4.497265e-01   1.723191e-01   9.138236e-01   2.101086e-01   0.000000e+00   8.613299e-01   3.671884e-01   4.756286e-01   4.857413e-01   6.124165e-01   7.737798e-01   6.545929e-01   6.711811e-01   7.541850e-01   8.254716e-01   0.000000e+00
   8.682934e-01   6.571144e-01   1.668042e-02   9.063854e-01   3.797632e-01   2.416211e-04   6.256257e-01   3.208837e-01   4.446054e-01   5.507847e-01   9.610492e-01   5.453742e-01   7.477716e-01   8.379703e-01   7.222298e-01   9.907668e-01   9.434316e-01
   7.034175e-01   5.423905e-01   6.152696e-01   3.678023e-01   3.012644e-01   2.296366e-01   9.408256e-01   3.365918e-01   3.900889e-01   5.818674e-01   6.245374e-01   7.171220e-01   8.139541e-01   6.731769e-01   7.551689e-01   9.072553e-01   7.988097e-01
   8.060244e-01   9.058257e-01   3.678595e-01   9.448554e-01   2.890647e-01   1.878774e-02   6.268791e-01   3.897344e-01   1.647413e-01   5.207203e-01   6.438610e-01   6.819762e-01   6.264129e-01   7.116483e-01   5.009326e-01   6.898030e-01   1.416770e-01
   8.639937e-01   7.190791e-01   7.954360e-02   9.241112e-01   3.858222e-01   1.609046e-02   9.379788e-01   3.666614e-01   1.823108e-01   5.631072e-01   7.313100e-01   6.644470e-01   6.549888e-01   7.094084e-01   7.562352e-01   6.550071e-01   1.889379e-01
   6.404810e-01   8.708358e-01   4.812858e-02   8.497947e-01   3.374969e-01   7.191517e-03   7.459675e-01   3.686185e-01   1.729459e-01   5.777782e-01   5.597068e-01   7.146884e-01   6.522136e-01   7.871576e-01   7.497004e-01   7.557365e-01   1.701022e-01
   9.722915e-01   9.827814e-01   9.787631e-01   9.908135e-01   2.879607e-01   8.621871e-02   8.030297e-01   5.037275e-01   5.011779e-01   5.444341e-01   6.238787e-01   6.874016e-01   6.578782e-01   8.108934e-01   4.922560e-01   6.436779e-01   8.186669e-01
   2.616201e-01   4.529735e-01   4.916145e-03   3.703858e-01   2.872490e-01   3.660129e-02   0.000000e+00   3.473456e-01   4.873722e-01   5.772933e-01   7.770605e-01   7.011382e-01   5.448463e-02   7.932365e-01   7.946147e-01   8.809038e-01   8.160439e-01
   9.971369e-01   4.414076e-01   5.871765e-01   3.668110e-01   2.885690e-01   1.417929e-02   0.000000e+00   3.853319e-01   4.435571e-01   5.350900e-01   5.952478e-01   6.747688e-01   7.503488e-01   4.781572e-01   4.981548e-01   7.130489e-01   2.445772e-01
   5.205166e-01   4.300105e-01   3.121804e-02   3.478458e-01   3.042990e-01   9.420246e-02   5.560699e-04   3.811240e-01   1.708231e-01   5.436604e-01   6.291689e-01   6.554389e-01   9.448796e-01   8.242870e-01   6.688283e-01   6.387611e-01   2.709058e-01
   7.855913e-01   9.928188e-01   5.937884e-01   9.211397e-01   3.713974e-01   2.249404e-01   9.310577e-01   3.814340e-01   4.617756e-01   4.371895e-01   9.466707e-01   7.181089e-01   6.152803e-01   8.575074e-01   7.468547e-01   5.786581e-01   7.987117e-01
   1.000000e+00   1.000000e+00   5.937884e-01   9.291373e-01   3.638037e-01   2.257191e-01   9.459141e-01   3.668389e-01   4.628755e-01   4.977793e-01   6.289886e-01   7.181089e-01   6.114588e-01   7.927893e-01   6.976826e-01   5.816910e-01   7.987117e-01
   7.606342e-01   1.000000e+00   1.000000e+00   2.800563e-01   3.559377e-01   9.103530e-02   7.445645e-03   4.092122e-01   1.718133e-01   6.402208e-01   7.198586e-01   6.992855e-01   6.594696e-01   6.747937e-01   7.569435e-01   6.418996e-01   8.520791e-01
   9.971369e-01   4.560598e-01   2.614152e-03   9.886901e-01   2.885488e-01   3.868983e-03   7.780362e-01   6.471988e-01   1.281348e-01   5.263304e-01   5.872316e-01   6.737045e-01   7.835578e-01   4.781572e-01   7.452369e-01   8.269212e-01   3.420255e-01
   5.710020e-01   8.980686e-01   9.443562e-01   8.745152e-01   2.981898e-01   4.755890e-03   7.716058e-01   6.576956e-01   1.238249e-01   5.793280e-01   6.216555e-01   6.539385e-01   9.693420e-01   7.421100e-01   7.537051e-01   6.612265e-01   6.560013e-02
   8.722732e-01   6.571144e-01   0.000000e+00   8.951683e-01   2.841511e-01   7.841061e-06   7.359019e-01   3.208837e-01   5.068356e-01   5.510556e-01   6.251950e-01   5.453742e-01   7.477716e-01   9.301150e-01   7.707815e-01   9.851966e-01   8.246745e-01
   9.647093e-01   9.589657e-01   6.586027e-02   9.021853e-01   3.582958e-01   7.832761e-02   8.684780e-01   4.098602e-01   4.344969e-01   4.610851e-01   8.384198e-01   7.572011e-01   5.243819e-01   7.878218e-01   7.844670e-01   8.459948e-01   9.962742e-01
   3.896896e-01   8.991060e-01   4.297993e-01   4.503432e-01   2.814974e-01   7.035413e-02   9.137868e-01   3.083936e-01   1.651505e-01   5.560129e-01   6.009876e-01   7.082831e-01   7.039124e-01   8.726590e-01   7.567580e-01   9.846254e-01   1.140056e-01
   6.992741e-01   2.513566e-01   9.967953e-01   9.549918e-01   3.667806e-01   2.782434e-02   9.761079e-02   4.192601e-01   1.398809e-01   4.716019e-01   6.446669e-01   5.326690e-01   7.091255e-01   7.935447e-01   7.364804e-01   5.423550e-01   5.042426e-02
   8.042198e-01   2.513566e-01   0.000000e+00   2.993480e-01   3.828650e-01   2.782434e-02   6.245670e-01   3.922368e-01   2.125536e-01   4.730401e-01   6.446669e-01   3.690755e-01   8.827955e-01   8.051190e-01   7.359788e-01   7.922405e-01   1.810166e-01
   9.785351e-01   3.063441e-01   9.384414e-01   3.134639e-01   3.639196e-01   8.887257e-02   9.040498e-01   3.807865e-01   4.595241e-01   5.074510e-01   4.949812e-01   6.315929e-01   6.316558e-01   6.825822e-01   7.602705e-01   8.046585e-01   7.830312e-01
   9.970679e-01   7.905115e-01   9.899599e-01   4.179648e-01   2.888764e-01   2.371403e-03   7.700881e-02   3.834389e-01   4.541346e-01   4.854886e-01   5.418035e-01   6.605184e-01   7.470027e-01   6.655916e-01   7.492460e-01   7.826446e-01   9.582565e-01
   7.547861e-01   2.961879e-01   6.317462e-01   8.396596e-01   3.025766e-01   2.302493e-02   7.411298e-01   5.106169e-01   4.495333e-01   6.984342e-01   6.336824e-01   6.493454e-01   7.381630e-01   8.362594e-01   7.693875e-01   6.094981e-01   9.499825e-01
   8.722732e-01   8.947751e-01   0.000000e+00   8.959822e-01   3.781773e-01   7.841061e-06   7.359019e-01   3.208837e-01   5.083213e-01   5.510556e-01   6.255501e-01   5.453742e-01   7.435137e-01   9.301150e-01   7.706436e-01   9.315025e-01   8.246745e-01
   6.404810e-01   6.716425e-01   5.836226e-01   9.948724e-01   3.374969e-01   1.180031e-02   8.915214e-01   3.755582e-01   1.729459e-01   5.777757e-01   5.597068e-01   7.146884e-01   6.416381e-01   7.871576e-01   7.573462e-01   8.300628e-01   9.561398e-01
   7.299482e-01   5.121847e-01   2.315743e-02   3.608120e-01   2.934561e-01   1.794428e-02   7.832342e-01   3.841454e-01   4.819486e-01   5.940753e-01   5.626426e-01   6.611520e-01   7.728460e-01   9.164716e-01   7.636059e-01   8.906130e-01   8.467169e-01
   2.348375e-01   7.186866e-01   6.122896e-01   9.604467e-01   3.616361e-01   1.026125e-01   6.237277e-01   3.570794e-01   4.555596e-01   5.773360e-01   9.641281e-01   6.460588e-01   8.269850e-01   8.608780e-01   7.778074e-01   6.750851e-01   8.077865e-01
   8.060244e-01   7.801846e-01   9.671455e-01   9.448554e-01   2.890647e-01   1.879751e-02   6.268791e-01   3.835357e-01   1.682285e-01   5.199447e-01   6.150051e-01   6.825363e-01   7.485187e-01   7.116483e-01   5.009326e-01   6.898030e-01   1.416770e-01
   1.000000e+00   9.890874e-01   6.647727e-02   2.757112e-01   3.581248e-01   4.487254e-01   7.847674e-01   3.809681e-01   4.623640e-01   5.240094e-01   5.038012e-01   6.671871e-01   6.740939e-01   6.837927e-01   7.567694e-01   9.383026e-01   9.401988e-01
   5.885473e-01   2.388375e-01   2.663810e-02   2.993480e-01   3.549424e-01   2.782434e-02   6.089480e-01   8.155117e-01   2.125536e-01   4.733796e-01   6.924889e-01   6.656626e-01   8.827955e-01   8.047736e-01   7.371568e-01   7.935887e-01   6.353417e-02
   7.222647e-01   9.214327e-01   0.000000e+00   3.606301e-01   2.942751e-01   1.422777e-03   6.013366e-01   7.977550e-01   4.615778e-01   4.807320e-01   6.261236e-01   5.355084e-01   7.887391e-01   7.158462e-01   7.550554e-01   9.210588e-01   6.564934e-02
   8.871053e-01   4.663583e-01   5.299417e-01   3.678023e-01   2.964444e-01   3.420774e-02   0.000000e+00   3.350303e-01   4.584067e-01   5.820172e-01   6.245876e-01   6.749017e-01   7.846874e-01   6.415611e-01   7.567487e-01   7.185001e-01   8.410296e-01
   9.062102e-01   1.000000e+00   7.094297e-01   3.875904e-01   2.832209e-01   2.412907e-01   7.650104e-01   3.833759e-01   4.454273e-01   4.835060e-01   5.497575e-01   6.309461e-01   7.329678e-01   7.595262e-01   6.849922e-01   7.048951e-01   8.671244e-01
   3.836918e-01   9.901921e-01   5.983846e-01   4.503432e-01   3.703415e-01   2.307970e-01   9.137868e-01   3.095358e-01   1.618404e-01   5.358304e-01   9.557425e-01   7.177016e-01   7.039124e-01   8.741497e-01   7.471014e-01   9.877573e-01   1.671250e-01
   7.606342e-01   1.000000e+00   7.456026e-01   9.910448e-01   3.590233e-01   9.022535e-02   7.445645e-03   4.091257e-01   1.567654e-01   6.407663e-01   7.198586e-01   6.671186e-01   6.666414e-01   6.747937e-01   8.197079e-01   6.430382e-01   8.954965e-01
   8.572388e-01   8.606320e-01   6.317583e-01   9.722061e-01   2.890598e-01   1.333661e-02   7.411363e-01   3.814270e-01   4.814340e-01   4.875446e-01   6.128681e-01   6.579308e-01   6.416497e-01   8.736187e-01   7.553715e-01   9.219589e-01   8.601339e-01
   4.761567e-02   4.622666e-01   9.772121e-02   2.728279e-01   2.888490e-01   2.555060e-02   9.245666e-02   3.833335e-01   4.297340e-01   4.528147e-01   6.305993e-01   6.600779e-01   7.050659e-01   7.552531e-01   7.623256e-01   6.534626e-01   8.444476e-01
   5.728469e-01   1.508040e-02   1.000000e+00   3.683396e-01   2.888731e-01   1.624287e-03   9.135281e-01   4.128291e-01   1.876614e-01   5.866036e-01   6.175054e-01   7.482950e-01   5.275776e-01   7.580240e-01   7.470762e-01   6.207818e-01   9.527538e-01
   5.526719e-01   4.359835e-01   6.028005e-01   9.649703e-01   3.042990e-01   8.942188e-02   0.000000e+00   4.568131e-01   1.634134e-01   5.460766e-01   5.825028e-01   7.683764e-01   9.449145e-01   9.258955e-01   6.696123e-01   6.386074e-01   2.709058e-01
   9.933811e-01   5.863183e-01   4.916145e-03   9.922649e-01   2.872490e-01   3.409029e-02   7.464008e-01   3.174535e-01   4.884181e-01   5.772933e-01   7.724383e-01   7.012239e-01   9.321656e-02   7.932365e-01   7.934079e-01   9.178410e-01   8.190406e-01
   5.819564e-01   9.591008e-01   7.191566e-01   9.332476e-01   3.559377e-01   9.216430e-02   7.987478e-01   4.431650e-01   1.497695e-01   6.344269e-01   8.362268e-01   6.671186e-01   5.112267e-01   6.770152e-01   7.563902e-01   6.313655e-01   2.366861e-02
   5.532014e-01   9.983247e-01   9.471543e-01   9.804630e-01   2.889890e-01   1.190334e-02   9.085377e-01   6.876069e-01   4.707679e-01   5.817264e-01   5.840290e-01   8.378429e-01   5.787714e-01   9.242941e-01   7.556401e-01   9.811825e-01   9.500134e-01
   1.000000e+00   2.492640e-01   8.544016e-02   9.194670e-01   3.668953e-01   4.466123e-01   9.071420e-01   4.324434e-01   4.652291e-01   5.232261e-01   5.012669e-01   5.808078e-01   6.335264e-01   6.038553e-01   6.908832e-01   7.168261e-01   8.160655e-01
   1.000000e+00   7.174423e-01   3.887993e-01   2.739814e-01   2.847171e-01   7.047328e-02   1.803130e-02   3.866082e-01   4.473417e-01   5.045124e-01   5.596043e-01   5.208694e-01   7.429910e-01   5.929349e-01   7.812644e-01   8.438863e-01   9.964772e-01
   9.547102e-01   6.697777e-01   5.985613e-01   4.707020e-01   3.700035e-01   4.194296e-03   8.778386e-01   3.045474e-01   5.390670e-01   4.149576e-01   6.023850e-01   6.604913e-01   2.103236e-01   6.858662e-01   4.923990e-01   9.750914e-01   1.084156e-01
   3.390121e-01   6.121114e-01   5.777975e-01   9.682668e-01   3.809607e-01   6.151787e-03   8.859344e-01   5.135912e-01   4.619300e-01   5.785208e-01   6.125554e-01   6.046142e-01   5.038446e-01   8.756636e-01   4.978009e-01   4.729164e-01   1.767426e-01
   7.034175e-01   5.423905e-01   3.306456e-02   1.000000e+00   3.010292e-01   3.286343e-02   7.603109e-01   6.689291e-01   4.886692e-01   5.820720e-01   6.245374e-01   7.171220e-01   8.139541e-01   6.731769e-01   7.552261e-01   9.072553e-01   7.988097e-01
   8.972302e-01   0.000000e+00   5.945552e-01   8.486535e-01   3.635920e-01   4.094396e-03   7.479137e-01   3.966641e-01   1.752100e-01   5.483916e-01   6.290448e-01   7.146884e-01   4.740669e-02   7.508918e-01   7.482180e-01   6.977328e-01   1.810658e-01
   5.291034e-01   4.538869e-01   1.920868e-01   4.702383e-01   3.479578e-01   4.239009e-02   7.848628e-01   4.151506e-01   4.741064e-01   3.829498e-01   6.264831e-01   6.614497e-01   6.565768e-01   7.207777e-01   7.554662e-01   9.180244e-01   7.997518e-01
   7.733592e-01   7.810051e-01   9.901366e-01   4.179648e-01   3.197700e-01   2.371403e-03   6.961332e-01   3.833922e-01   4.541346e-01   4.854886e-01   6.137450e-01   6.597723e-01   7.470027e-01   7.573289e-01   7.460997e-01   9.142804e-01   9.582565e-01
   5.557888e-01   5.072902e-01   8.621543e-01   1.000000e+00   3.258124e-01   1.729973e-02   2.386107e-02   3.874906e-01   4.490442e-01   5.053648e-01   5.842880e-01   7.772373e-01   6.195269e-01   7.986644e-01   7.595178e-01   5.304450e-01   9.816138e-01
   0.000000e+00   1.000000e+00   7.156081e-01   9.657664e-01   2.832209e-01   2.412907e-01   6.826231e-01   3.800955e-01   4.454085e-01   4.803934e-01   5.497575e-01   6.170447e-01   6.302231e-01   7.189284e-01   7.463681e-01   6.987307e-01   8.697312e-01
   7.695251e-01   4.364721e-01   9.803408e-01   9.991661e-01   2.873087e-01   1.651333e-01   9.059969e-01   3.894244e-01   4.495066e-01   5.412575e-01   6.238217e-01   6.491706e-01   6.917983e-01   8.365473e-01   7.549965e-01   5.304942e-01   9.496394e-01
   7.215358e-01   2.941807e-01   3.674502e-01   3.609928e-01   2.996256e-01   4.118225e-03   9.062515e-01   5.139614e-01   4.512039e-01   5.886048e-01   6.270361e-01   6.693468e-01   6.922078e-01   7.915994e-01   7.549965e-01   9.243218e-01   9.197639e-01
   7.376874e-01   6.649257e-01   9.572866e-01   9.514631e-01   2.980117e-01   3.088964e-03   7.836328e-01   3.301127e-01   3.969614e-01   5.877638e-01   6.186673e-01   6.881326e-01   6.908351e-01   7.128311e-01   7.563669e-01   6.925425e-01   9.974818e-01
   8.837122e-01   9.965084e-01   7.118735e-01   9.657664e-01   3.234948e-01   2.412907e-01   9.012037e-01   5.044919e-01   4.454273e-01   4.822616e-01   5.497575e-01   6.310421e-01   6.316392e-01   6.957515e-01   7.921353e-01   7.021949e-01   8.676115e-01
   1.000000e+00   2.492640e-01   1.000000e+00   9.211777e-01   3.800734e-01   2.680593e-02   9.269166e-01   4.334937e-01   4.652291e-01   5.801455e-01   5.012669e-01   5.808078e-01   6.326753e-01   8.345061e-01   7.670978e-01   7.192311e-01   8.306708e-01
   5.557888e-01   5.072902e-01   3.121804e-02   3.370463e-01   3.257922e-01   1.707075e-02   2.386107e-02   3.882563e-01   4.571234e-01   5.053648e-01   5.842880e-01   7.773887e-01   2.871039e-01   6.899473e-01   7.714932e-01   9.184389e-01   8.145926e-01
   9.018961e-01   2.722076e-01   9.997546e-01   9.587942e-01   3.667806e-01   2.782434e-02   7.208171e-01   4.192601e-01   1.398809e-01   5.464495e-01   6.445531e-01   5.409306e-01   7.091255e-01   7.947119e-01   7.358100e-01   5.259385e-01   5.042426e-02
   5.618206e-01   8.701615e-01   5.722153e-02   8.549223e-01   2.889890e-01   7.294550e-03   7.523465e-01   6.729379e-01   4.707679e-01   5.817214e-01   6.305022e-01   6.579547e-01   4.016805e-02   8.226856e-01   7.939195e-01   7.614881e-01   1.671558e-01
   1.000000e+00   9.694588e-01   3.235904e-01   3.091886e-01   2.847195e-01   1.122969e-02   2.034670e-02   3.866074e-01   4.464466e-01   5.437153e-01   6.295438e-01   6.946039e-01   7.436211e-01   9.346593e-01   7.722129e-01   9.368402e-01   9.326086e-01
   7.003406e-01   9.066463e-01   3.843720e-01   4.179648e-01   2.681603e-01   2.361626e-03   7.292691e-02   3.895909e-01   4.506475e-01   4.862641e-01   6.426008e-01   6.592121e-01   6.248969e-01   7.576372e-01   7.497201e-01   9.142804e-01   9.582565e-01
   9.969816e-01   9.269557e-01   6.106374e-01   3.657428e-01   2.890208e-01   8.920438e-02   1.410746e-01   3.906462e-01   4.477675e-01   5.261884e-01   6.230887e-01   6.744816e-01   7.007203e-01   7.006664e-01   7.484939e-01   9.735029e-01   3.259074e-01
   7.688099e-01   2.621016e-04   1.000000e+00   9.211777e-01   3.479656e-01   0.000000e+00   6.265816e-01   4.150245e-01   5.711504e-01   3.786005e-01   6.234898e-01   5.804534e-01   6.329487e-01   6.421605e-01   7.683792e-01   8.984437e-01   8.227608e-01
   9.230461e-01   1.000000e+00   9.989671e-01   9.211777e-01   3.581326e-01   4.433654e-01   6.306512e-01   3.808419e-01   4.662039e-01   5.127201e-01   5.008079e-01   5.804534e-01   6.302896e-01   6.408656e-01   7.683792e-01   9.072537e-01   9.395181e-01
   8.008739e-01   9.383620e-01   6.925185e-01   3.064317e-01   3.838603e-01   9.216430e-02   2.310122e-02   4.264034e-01   1.497695e-01   6.376288e-01   6.448311e-01   5.341250e-01   5.112267e-01   6.747937e-01   7.552122e-01   6.313655e-01   2.366861e-02
   7.299482e-01   9.685672e-01   5.402491e-01   2.998379e-01   3.798218e-01   3.292480e-02   6.235121e-01   4.051457e-01   2.076298e-01   5.806949e-01   4.418751e-01   6.611520e-01   7.684448e-01   6.374716e-01   7.622684e-01   6.341050e-01   8.484051e-01
   9.971369e-01   7.896692e-01   3.272057e-03   9.916050e-01   2.885465e-01   9.169147e-02   7.688141e-01   6.563741e-01   4.477991e-01   5.263304e-01   5.872316e-01   6.745766e-01   7.835578e-01   4.781572e-01   6.664636e-01   7.036242e-01   3.209391e-01
   9.971369e-01   9.579339e-01   7.173160e-02   9.886901e-01   2.885488e-01   9.169147e-02   7.780362e-01   6.563741e-01   4.477991e-01   5.261805e-01   5.871815e-01   6.608269e-01   8.150123e-01   4.781572e-01   6.676380e-01   9.027825e-01   3.283146e-01
   6.699182e-01   9.465292e-01   5.345429e-01   9.616570e-01   2.888731e-01   2.170720e-03   6.870175e-02   3.822764e-01   4.541346e-01   5.346335e-01   6.136906e-01   6.597469e-01   7.470027e-01   6.816507e-01   7.470438e-01   6.275519e-01   9.616649e-01
   9.785196e-01   4.971195e-01   9.920209e-01   2.890115e-01   3.770999e-01   3.307920e-02   8.966892e-01   3.757727e-01   1.713575e-01   5.811830e-01   6.021909e-01   6.137513e-01   6.589111e-01   8.191367e-01   4.939128e-01   8.132767e-01   8.530453e-01
   3.104162e-01   5.817111e-01   9.905723e-01   9.840193e-01   2.370576e-01   6.071573e-03   8.856568e-01   4.644850e-01   1.367681e-01   5.785208e-01   6.125554e-01   6.990710e-01   1.008965e-01   7.286887e-01   4.979249e-01   4.729164e-01   1.805083e-01
   2.559535e-01   9.633867e-01   7.109538e-01   9.694583e-01   2.838977e-01   1.122969e-02   5.147965e-02   6.676650e-01   4.412669e-01   4.811829e-01   6.258420e-01   6.908388e-01   6.846442e-01   6.745975e-01   7.722532e-01   8.798785e-01   8.987055e-01
